,Mutation date,ID,Gender,Age,Birthdate,Life expectancy,Marital status,Couple nr,Marriage duration,Marriage end date,Marriage intention,Marriage age,Wedding date,Employment status,Income,Capital,Children,NrChildren,Birth age,Birthing date,Alive,Event
0,2011-01-01,0,Female,14,1997-11-24,9e-05,Single,0,,,No,,,Child,0.0,0,No,0,35.0,2032-11-15,1,Created
1,2011-01-01,1,Male,40,1971-07-28,0.0009400000000000001,Single,0,,,Yes,32.0,,Flexible contract,27703.0,-48714,No,0,,NA,1,Created
16672,2011-01-03,1,Male,40,1971-07-28,0.0009400000000000001,Married,3417,27,2038-01-03,Yes,32,,Flexible contract,27703.0,-48714,No,0,,NA,1,Created
2,2011-01-01,2,Female,77,1934-06-27,0.0259,Married,1,,2034-04-14,Yes,,,Retired,4344.0,13914,Yes,2,,NA,1,Created
3,2011-01-01,3,Male,57,1954-05-13,0.00572,Married,1,,2034-04-14,Yes,,,Permanent contract,611.0,700630,Yes,2,,NA,1,Created
4,2011-01-01,4,Female,49,1962-11-11,0.00193,Married,2,,2068-02-24,Yes,,,Entrepreneur with personel,6563.0,34763,Yes,2,,NA,1,Created
5,2011-01-01,5,Male,40,1971-09-07,0.0009400000000000001,Married,2,,2068-02-24,No,,,Permanent contract,28735.0,203629,Yes,2,,NA,1,Created
6,2011-01-01,6,Male,41,1970-11-22,0.0008900000000000001,Married,3,,2037-12-29,No,,,Permanent contract,19773.0,304026,Yes,3,,NA,1,Created
7,2011-01-01,7,Male,64,1947-07-20,0.01097,Married,4,,2058-07-28,Yes,,,Flexible contract,35340.0,-30347,Yes,1,,NA,1,Created
17681,2011-07-20,7,Male,65,1947-07-20,0.01097,Married,4,,2058-07-28,Yes,,,Retired,24738.0,-30347,Yes,1,,NA,1,Life event: Retired
8,2011-01-01,8,Female,71,1940-06-07,0.013009999999999999,Married,3,,2037-12-29,Yes,,,Retired,35040.0,485944,Yes,3,,NA,1,Created
9,2011-01-01,9,Female,11,2000-09-19,7e-05,Single,0,,,Yes,33.0,2033-09-30,Child,0.0,0,Yes,0,22.0,2022-04-23,1,Created
10,2011-01-01,10,Female,69,1942-07-28,0.0108,Divorced,0,,,Yes,,,Retired,13967.0,77943,No,0,,NA,1,Created
11,2011-01-01,11,Male,90,1921-05-09,0.16977,Widowed,0,,,Yes,,,Retired,18562.0,-5047,Yes,0,,NA,1,Created
12,2011-01-01,12,Male,57,1954-12-17,0.00572,Married,5,,2067-05-03,No,,,Permanent contract,26599.0,49023,Yes,1,,NA,1,Created
13,2011-01-01,13,Male,60,1951-10-20,0.006840000000000001,Married,6,,2058-05-22,No,,,Flexible contract,25939.0,9691,Yes,3,,NA,1,Created
14,2011-01-01,14,Female,17,1994-09-27,0.0001,Single,0,,,No,,,Child,0.0,0,No,0,43.0,2037-02-25,1,Created
17979,2011-09-27,14,Female,18,1994-09-27,0.0001,Single,0,,,Yes,28,2021-04-30,Permanent contract,28388.0,18944,No,0,43,2037-02-25,1,Life event: Adulthood
17983,2011-09-28,14,Female,18,1994-09-27,0.0001,Married,3457,15,2026-01-11,Yes,28,2021-04-30,Permanent contract,28388.0,18944,No,0,43,2037-02-25,1,Life event: Married
15,2011-01-01,15,Male,18,1993-01-10,0.00032,Single,0,,,No,,,Permanent contract,254979.0,-4093,Yes,0,,NA,1,Created
16688,2011-01-07,15,Male,18,1993-01-10,0.00032,Married,3418,1,2012-04-02,No,,,Permanent contract,254979.0,-4093,Yes,0,,NA,1,Created
18636,2012-04-02,15,Male,20,1993-01-10,0.00032,Divorced,3418,1,2012-04-02,No,,,Permanent contract,254979.0,-4093,Yes,0,,NA,1,Life event: Divorced
16,2011-01-01,16,Male,0,2011-10-12,0.0036200000000000004,Single,0,,,No,,,Child,0.0,0,Yes,0,,NA,1,Created
17,2011-01-01,17,Female,54,1957-10-18,0.00313,Married,4,,2058-07-28,No,,,Permanent contract,7407.0,17150,Yes,1,,NA,1,Created
18,2011-01-01,18,Male,62,1949-03-04,0.008409999999999999,Married,7,,2046-08-10,Yes,,,Permanent contract,42639.0,35428,No,1,,NA,1,Created
19,2011-01-01,19,Female,52,1959-03-15,0.00268,Married,5,,2067-05-03,No,,,Permanent contract,21117.0,-3527,Yes,1,,NA,1,Created
20,2011-01-01,20,Male,54,1957-08-10,0.00404,Divorced,0,,,No,,,Permanent contract,93629.0,448529,No,0,,NA,1,Created
21,2011-01-01,21,Female,77,1934-08-24,0.0259,Married,6,,2058-05-22,No,,,Retired,35239.0,176723,Yes,3,,NA,1,Created
22,2011-01-01,22,Female,105,1906-06-02,1.0,Widowed,0,,,Yes,,,Retired,8095.0,34409,Yes,0,,NA,1,Created
17247,2011-04-23,22,Female,105,1906-06-02,1.0,Widowed,0,,,Yes,,,Retired,8095.0,34409,Yes,0,,NA,0,Life event: Deceased
23,2011-01-01,23,Male,64,1947-02-13,0.01097,Married,8,,2028-04-10,Yes,,,Permanent contract,39468.0,9366,Yes,2,,NA,1,Created
16901,2011-02-13,23,Male,65,1947-02-13,0.01097,Married,8,,2028-04-10,Yes,,,Retired,27627.6,9366,Yes,2,,NA,1,Life event: Retired
24,2011-01-01,24,Male,3,2008-09-09,0.0002,Single,0,,,No,,,Child,0.0,0,Yes,0,,NA,1,Created
25,2011-01-01,25,Male,37,1974-04-11,0.00082,Single,0,,,No,,,Entrepreneur without personnel,4640.0,15489,Yes,0,,NA,1,Created
16785,2011-01-23,25,Male,37,1974-04-11,0.00082,Married,3421,42,2053-11-18,No,,,Entrepreneur without personnel,4640.0,15489,Yes,0,,NA,1,Created
26,2011-01-01,26,Female,6,2005-08-15,8e-05,Single,0,,,No,,,Child,0.0,0,No,0,30.0,2035-01-12,1,Created
27,2011-01-01,27,Female,65,1946-12-18,0.007559999999999999,Married,7,,2046-08-10,Yes,,,Permanent contract,12338.0,2383,No,1,,NA,1,Created
18311,2011-12-18,27,Female,66,1946-12-18,0.007559999999999999,Married,7,,2046-08-10,Yes,,,Retired,8636.599999999999,2383,No,1,,NA,1,Life event: Retired
28,2011-01-01,28,Male,40,1971-05-20,0.0009400000000000001,Married,9,,2016-11-06,No,,,Flexible contract,21200.0,15796,No,3,,NA,1,Created
29,2011-01-01,29,Male,66,1945-10-26,0.01401,Married,10,,2016-03-19,Yes,,,Permanent contract,19733.0,13001,Yes,3,,NA,1,Created
18101,2011-10-26,29,Male,67,1945-10-26,0.01401,Married,10,,2016-03-19,Yes,,,Retired,13813.099999999999,13001,Yes,3,,NA,1,Life event: Retired
30,2011-01-01,30,Female,52,1959-03-23,0.00268,Married,8,,2028-04-10,Yes,,,Permanent contract,12209.0,13715,Yes,2,,NA,1,Created
31,2011-01-01,31,Male,58,1953-12-02,0.00603,Married,11,,2013-10-12,Yes,,,Entrepreneur with personel,88957.0,124928,Yes,3,,NA,1,Created
32,2011-01-01,32,Female,9,2002-05-24,2.9999999999999997e-05,Single,0,,,Yes,35.0,2037-05-02,Child,0.0,0,No,0,30.0,2032-03-30,1,Created
33,2011-01-01,33,Male,31,1980-05-12,0.00041,Married,12,,2033-11-01,No,,,Entrepreneur without personnel,71512.0,-41530,No,2,,NA,1,Created
34,2011-01-01,34,Male,35,1976-04-22,0.00055,Married,13,,2019-04-28,Yes,,,Flexible contract,12751.0,576,Yes,1,,NA,1,Created
35,2011-01-01,35,Female,94,1917-12-17,0.20800000000000002,Widowed,0,,,No,,,Retired,25214.0,361231,Yes,0,,NA,1,Created
36,2011-01-01,36,Female,89,1922-10-27,0.11775999999999999,Widowed,0,,,Yes,,,Retired,61116.0,111912,No,0,,NA,1,Created
37,2011-01-01,37,Female,5,2006-01-18,4e-05,Single,0,,,No,,,Child,0.0,0,No,0,31.0,2037-05-06,1,Created
38,2011-01-01,38,Male,52,1959-02-01,0.00314,Divorced,0,,,Yes,,,Permanent contract,95918.0,615,Yes,0,,NA,1,Created
39,2011-01-01,39,Female,38,1973-12-30,0.00063,Divorced,0,,,No,,,Entrepreneur without personnel,2225.0,161280,Yes,0,,NA,1,Created
40,2011-01-01,40,Male,29,1982-04-10,0.0005200000000000001,Single,0,,,No,,,Entrepreneur without personnel,10105.0,373562,No,0,,NA,1,Created
16913,2011-02-14,40,Male,29,1982-04-10,0.0005200000000000001,Married,3423,55,2066-02-17,No,,,Entrepreneur without personnel,10105.0,373562,No,0,,NA,1,Created
41,2011-01-01,41,Male,7,2004-02-04,9e-05,Single,0,,,No,,,Child,0.0,0,No,0,,NA,1,Created
42,2011-01-01,42,Male,48,1963-06-28,0.0021100000000000003,Divorced,0,,,Yes,,,Permanent contract,12306.0,110012,No,0,,NA,1,Created
43,2011-01-01,43,Female,47,1964-02-26,0.00168,Divorced,0,,,No,,,Permanent contract,7054.0,442665,Yes,0,,NA,1,Created
44,2011-01-01,44,Male,51,1960-06-01,0.00301,Divorced,0,,,Yes,,,Flexible contract,49654.0,2028,No,0,,NA,1,Created
45,2011-01-01,45,Female,2,2009-12-29,0.00015,Single,0,,,No,,,Child,0.0,0,Yes,0,34.0,2043-10-03,1,Created
46,2011-01-01,46,Female,74,1937-01-19,0.0185,Married,9,,2016-11-06,Yes,,,Retired,20339.0,4442,No,3,,NA,1,Created
47,2011-01-01,47,Male,24,1987-07-14,0.00047999999999999996,Single,0,,,Yes,30.0,2017-10-03,Flexible contract,13634.0,-760,No,0,,NA,1,Created
16962,2011-02-24,47,Male,24,1987-07-14,0.00047999999999999996,Married,3425,45,2056-06-28,Yes,30,2017-10-03,Flexible contract,13634.0,-760,No,0,,NA,1,Created
48,2011-01-01,48,Male,78,1933-02-24,0.04668,Widowed,0,,,No,,,Retired,16643.0,18308,No,0,,NA,1,Created
49,2011-01-01,49,Male,14,1997-10-19,0.00014,Single,0,,,No,,,Child,0.0,0,No,0,,NA,1,Created
50,2011-01-01,50,Female,65,1946-12-16,0.007559999999999999,Married,10,,2016-03-19,No,,,Permanent contract,47072.0,142490,Yes,3,,NA,1,Created
18303,2011-12-16,50,Female,66,1946-12-16,0.007559999999999999,Married,10,,2016-03-19,No,,,Retired,32950.4,142490,Yes,3,,NA,1,Life event: Retired
51,2011-01-01,51,Female,20,1991-11-21,0.00018,Single,0,,,No,,,Flexible contract,49627.0,1782,Yes,0,25.0,2016-11-03,1,Created
16726,2011-01-12,51,Female,20,1991-11-21,0.00018,Married,3419,1,2012-07-15,No,,,Flexible contract,49627.0,1782,Yes,0,25,2016-11-03,1,Life event: Married
18931,2012-07-15,51,Female,21,1991-11-21,0.00018,Divorced,3419,1,2012-07-15,No,,,Flexible contract,49627.0,1782,Yes,0,25,2016-11-03,1,Life event: Divorced
52,2011-01-01,52,Male,40,1971-11-20,0.0009400000000000001,Divorced,0,,,Yes,,,Permanent contract,28422.0,-20441,Yes,0,,NA,1,Created
53,2011-01-01,53,Male,76,1935-09-16,0.0375,Divorced,0,,,Yes,,,Retired,7681.0,329975,No,0,,NA,1,Created
54,2011-01-01,54,Male,14,1997-02-09,0.00014,Single,0,,,Yes,34.0,2031-08-30,Child,0.0,0,Yes,0,,NA,1,Created
55,2011-01-01,55,Male,74,1937-02-10,0.0295,Divorced,0,,,No,,,Retired,42804.0,108165,Yes,0,,NA,1,Created
56,2011-01-01,56,Female,9,2002-12-24,2.9999999999999997e-05,Single,0,,,No,,,Child,0.0,0,No,0,35.0,2037-10-03,1,Created
57,2011-01-01,57,Female,66,1945-02-16,0.009040000000000001,Married,11,,2013-10-12,No,,,Permanent contract,17130.0,2498230,Yes,3,,NA,1,Created
16918,2011-02-16,57,Female,67,1945-02-16,0.009040000000000001,Married,11,,2013-10-12,No,,,Retired,11991.0,2498230,Yes,3,,NA,1,Life event: Retired
58,2011-01-01,58,Male,59,1952-06-07,0.00717,Divorced,0,,,Yes,,,Permanent contract,20884.0,325351,Yes,0,,NA,1,Created
59,2011-01-01,59,Female,75,1936-02-27,0.01986,Widowed,0,,,No,,,Retired,2065.0,175321,No,0,,NA,1,Created
60,2011-01-01,60,Male,65,1946-06-28,0.01141,Married,14,,2026-05-26,Yes,,,Entrepreneur without personnel,469343.0,-1011,Yes,3,,NA,1,Created
17579,2011-06-28,60,Male,66,1946-06-28,0.01141,Married,14,,2026-05-26,Yes,,,Retired,328540.1,-1011,Yes,3,,NA,1,Life event: Retired
18264,2011-12-05,60,Male,66,1946-06-28,0.01141,Married,14,,2026-05-26,Yes,,,Retired,328540.1,-1011,Yes,3,,NA,0,Life event: Deceased
61,2011-01-01,61,Female,18,1993-08-12,0.00023999999999999998,Single,0,,,Yes,20.0,2013-12-28,Flexible contract,17755.0,137704,No,0,28.0,2021-10-09,1,Created
16768,2011-01-19,61,Female,18,1993-08-12,0.00023999999999999998,Married,3420,6,2017-10-25,Yes,20,2013-12-28,Flexible contract,17755.0,137704,No,0,28,2021-10-09,1,Life event: Married
62,2011-01-01,62,Male,4,2007-03-12,0.00011,Single,0,,,Yes,62.0,2069-01-30,Child,0.0,0,Yes,0,,NA,1,Created
63,2011-01-01,63,Male,32,1979-05-06,0.00059,Single,0,,,Yes,44.0,2023-09-24,Permanent contract,31164.0,-41974,Yes,0,,NA,1,Created
16966,2011-02-24,63,Male,32,1979-05-06,0.00059,Married,3426,4,2015-09-13,Yes,44,2023-09-24,Permanent contract,31164.0,-41974,Yes,0,,NA,1,Created
64,2011-01-01,64,Male,1,2010-12-31,0.00056,Single,0,,,No,,,Child,0.0,0,Yes,0,,NA,1,Created
65,2011-01-01,65,Male,76,1935-08-15,0.0375,Widowed,0,,,No,,,Retired,2138.0,22004,Yes,0,,NA,1,Created
66,2011-01-01,66,Female,98,1913-03-28,0.27366999999999997,Widowed,0,,,No,,,Retired,30143.0,532337,Yes,0,,NA,1,Created
19220,2012-11-06,66,Female,100,1913-03-28,0.27366999999999997,Widowed,0,,,No,,,Retired,30143.0,532337,Yes,0,,NA,0,Life event: Deceased
67,2011-01-01,67,Female,74,1937-12-02,0.0185,Married,12,,2033-11-01,Yes,,,Retired,40278.0,252134,No,2,,NA,1,Created
68,2011-01-01,68,Male,47,1964-11-30,0.00186,Married,15,,2038-04-20,Yes,,,Permanent contract,25584.0,-45401,Yes,1,,NA,1,Created
69,2011-01-01,69,Female,6,2005-01-02,8e-05,Single,0,,,Yes,25.0,2030-04-26,Child,0.0,0,No,0,22.0,2027-01-01,1,Created
70,2011-01-01,70,Female,5,2006-11-04,4e-05,Single,0,,,No,,,Child,0.0,0,Yes,0,27.0,2033-11-07,1,Created
71,2011-01-01,71,Male,64,1947-02-13,0.01097,Married,16,,2059-03-12,No,,,Entrepreneur with personel,3858.0,216157,Yes,1,,NA,1,Created
16902,2011-02-13,71,Male,65,1947-02-13,0.01097,Married,16,,2059-03-12,No,,,Retired,2700.6,216157,Yes,1,,NA,1,Life event: Retired
72,2011-01-01,72,Female,2,2009-11-07,0.00015,Single,0,,,No,,,Child,0.0,0,No,0,27.0,2036-01-15,1,Created
73,2011-01-01,73,Male,3,2008-11-28,0.0002,Single,0,,,No,,,Child,0.0,0,Yes,0,,NA,1,Created
74,2011-01-01,74,Female,11,2000-05-10,7e-05,Single,0,,,No,,,Child,0.0,0,Yes,0,41.0,2041-08-24,1,Created
75,2011-01-01,75,Female,63,1948-07-07,0.00672,Married,13,,2019-04-28,Yes,,,Permanent contract,1653.0,197356,Yes,1,,NA,1,Created
18903,2012-07-07,75,Female,65,1948-07-07,0.00672,Married,13,,2019-04-28,Yes,,,Retired,1157.1,197356,Yes,1,,NA,1,Life event: Retired
76,2011-01-01,76,Female,51,1960-12-17,0.0023899999999999998,Married,14,,2026-05-26,No,,,Flexible contract,5020.0,-41452,Yes,3,,NA,1,Created
18265,2011-12-05,76,Female,51,1960-12-17,0.0023899999999999998,Widowed,14,,2026-05-26,No,,,Flexible contract,5020.0,-41452,Yes,3,,NA,1,Life event: Widowed
77,2011-01-01,77,Female,49,1962-02-03,0.00193,Married,15,,2038-04-20,Yes,,,Permanent contract,43476.0,868,Yes,1,,NA,1,Created
78,2011-01-01,78,Female,33,1978-12-19,0.00035,Single,0,,,No,,,Permanent contract,22447.0,-35149,No,0,35.0,2013-02-02,1,Created
16802,2011-01-25,78,Female,33,1978-12-19,0.00035,Married,3422,12,2023-11-17,No,,,Permanent contract,22447.0,-35149,No,0,35,2013-02-02,1,Life event: Married
79,2011-01-01,79,Female,58,1953-05-28,0.00448,Married,16,,2059-03-12,Yes,,,Entrepreneur without personnel,23267.0,144550,Yes,1,,NA,1,Created
80,2011-01-01,80,Female,58,1953-07-13,0.00448,Married,17,,2052-08-05,No,,,Permanent contract,53338.0,115145,Yes,3,,NA,1,Created
81,2011-01-01,81,Female,57,1954-06-05,0.00387,Married,18,,2064-11-10,No,,,Flexible contract,15038.0,146008,No,2,,NA,1,Created
82,2011-01-01,82,Female,36,1975-01-03,0.00049,Single,0,,,No,,,Permanent contract,19654.0,18844,Yes,0,,NA,1,Created
16945,2011-02-21,82,Female,37,1975-01-03,0.00049,Married,3424,12,2023-02-24,No,,,Permanent contract,19654.0,18844,Yes,0,,NA,1,Life event: Married
83,2011-01-01,83,Male,3,2008-09-22,0.0002,Single,0,,,No,,,Child,0.0,0,Yes,0,,NA,1,Created
84,2011-01-01,84,Male,3,2008-06-16,0.0002,Single,0,,,No,,,Child,0.0,0,Yes,0,,NA,1,Created
85,2011-01-01,85,Female,57,1954-04-07,0.00387,Divorced,0,,,No,,,Permanent contract,14257.0,433169,No,0,,NA,1,Created
86,2011-01-01,86,Male,38,1973-02-07,0.0009599999999999999,Married,17,,2052-08-05,Yes,,,Unemployed,26371.0,57524,Yes,3,,NA,1,Created
87,2011-01-01,87,Male,9,2002-03-08,0.00014,Single,0,,,No,,,Child,0.0,0,Yes,0,,NA,1,Created
88,2011-01-01,88,Male,18,1993-03-27,0.00032,Single,0,,,No,,,Permanent contract,45647.0,9296,No,0,,NA,1,Created
17039,2011-03-10,88,Male,18,1993-03-27,0.00032,Married,3429,38,2049-04-10,No,,,Permanent contract,45647.0,9296,No,0,,NA,1,Created
89,2011-01-01,89,Male,30,1981-04-04,0.00055,Single,0,,,No,,,Permanent contract,4071.0,37020,No,0,,NA,1,Created
17056,2011-03-13,89,Male,30,1981-04-04,0.00055,Married,3430,3,2014-10-24,No,,,Permanent contract,4071.0,37020,No,0,,NA,1,Created
90,2011-01-01,90,Male,19,1992-05-03,0.00033,Single,0,,,Yes,30.0,2022-03-20,Entrepreneur without personnel,12256.0,29425,Yes,0,,NA,1,Created
17068,2011-03-15,90,Male,19,1992-05-03,0.00033,Married,3431,0,2011-04-17,Yes,30,2022-03-20,Entrepreneur without personnel,12256.0,29425,Yes,0,,NA,1,Created
17222,2011-04-17,90,Male,19,1992-05-03,0.00033,Divorced,3431,0,2011-04-17,Yes,30,2022-03-20,Entrepreneur without personnel,12256.0,29425,Yes,0,,NA,1,Life event: Divorced
91,2011-01-01,91,Male,14,1997-02-22,0.00014,Single,0,,,Yes,21.0,2018-07-02,Child,0.0,0,No,0,,NA,1,Created
92,2011-01-01,92,Female,13,1998-05-15,0.00011999999999999999,Single,0,,,Yes,26.0,2024-09-12,Child,0.0,0,Yes,0,28.0,2026-12-19,1,Created
93,2011-01-01,93,Male,61,1950-08-13,0.00747,Married,18,,2064-11-10,Yes,,,Flexible contract,45382.0,231,No,2,,NA,1,Created
94,2011-01-01,94,Female,102,1909-02-15,1.0,Widowed,0,,,Yes,,,Retired,37215.0,-2778,No,0,,NA,1,Created
18960,2012-07-24,94,Female,104,1909-02-15,1.0,Widowed,0,,,Yes,,,Retired,37215.0,-2778,No,0,,NA,0,Life event: Deceased
95,2011-01-01,95,Female,10,2001-11-18,0.0001,Single,0,,,No,,,Child,0.0,0,No,0,25.0,2026-05-24,1,Created
96,2011-01-01,96,Female,31,1980-08-14,0.00029,Married,19,,2054-01-05,Yes,,,Flexible contract,19893.0,4178,Yes,1,33.0,2013-05-09,1,Created
97,2011-01-01,97,Male,33,1978-03-08,0.00047999999999999996,Single,0,,,No,,,Permanent contract,4792.0,382437,No,0,,NA,1,Created
17278,2011-05-01,97,Male,34,1978-03-08,0.00047999999999999996,Married,3433,26,2037-07-31,No,,,Permanent contract,4792.0,382437,No,0,,NA,1,Created
98,2011-01-01,98,Male,64,1947-07-05,0.01097,Divorced,0,,,Yes,,,Permanent contract,24973.0,-34152,Yes,0,,NA,1,Created
17606,2011-07-05,98,Male,65,1947-07-05,0.01097,Divorced,0,,,Yes,,,Retired,17481.1,-34152,Yes,0,,NA,1,Life event: Retired
99,2011-01-01,99,Male,60,1951-06-08,0.006840000000000001,Married,19,,2054-01-05,Yes,,,Family business,32370.0,46396,Yes,1,,NA,1,Created
100,2011-01-01,100,Female,38,1973-10-14,0.00063,Married,20,,2036-02-20,No,,,Permanent contract,17384.0,902,No,2,,NA,1,Created
101,2011-01-01,101,Female,42,1969-01-01,0.001,Single,0,,,No,,,Permanent contract,3665.0,28029,No,0,,NA,1,Created
17008,2011-03-02,101,Female,43,1969-01-01,0.001,Married,3427,21,2032-02-08,No,,,Permanent contract,3665.0,28029,No,0,,NA,1,Life event: Married
102,2011-01-01,102,Male,6,2005-03-28,5.9999999999999995e-05,Single,0,,,No,,,Child,0.0,0,No,0,,NA,1,Created
103,2011-01-01,103,Female,40,1971-05-17,0.0006900000000000001,Married,21,,2039-03-09,Yes,,,Permanent contract,32568.0,-47818,No,2,,NA,1,Created
104,2011-01-01,104,Female,4,2007-05-31,5.9999999999999995e-05,Single,0,,,No,,,Child,0.0,0,Yes,0,36.0,2043-04-01,1,Created
105,2011-01-01,105,Female,25,1986-05-15,0.00022999999999999998,Single,0,,,No,,,Permanent contract,3012.0,115384,Yes,0,31.0,2017-08-31,1,Created
17020,2011-03-04,105,Female,25,1986-05-15,0.00022999999999999998,Married,3428,23,2034-08-20,No,,,Permanent contract,3012.0,115384,Yes,0,31,2017-08-31,1,Life event: Married
106,2011-01-01,106,Female,9,2002-02-13,2.9999999999999997e-05,Single,0,,,No,,,Child,0.0,0,Yes,0,26.0,2028-10-18,1,Created
107,2011-01-01,107,Female,93,1918-08-27,0.18566,Widowed,0,,,No,,,Retired,12495.0,49370,Yes,0,,NA,1,Created
108,2011-01-01,108,Female,41,1970-07-22,0.0007700000000000001,Single,0,,,Yes,30.0,,Entrepreneur without personnel,10649.0,4127,No,0,,NA,1,Created
17221,2011-04-16,108,Female,41,1970-07-22,0.0007700000000000001,Married,3432,11,2022-10-09,Yes,30,,Entrepreneur without personnel,10649.0,4127,No,0,,NA,1,Life event: Married
109,2011-01-01,109,Female,10,2001-10-28,0.0001,Single,0,,,Yes,36.0,2037-12-01,Child,0.0,0,Yes,0,27.0,2028-04-11,1,Created
110,2011-01-01,110,Male,32,1979-03-26,0.00059,Married,20,,2036-02-20,No,,,Permanent contract,34604.0,81611,No,2,,NA,1,Created
111,2011-01-01,111,Female,32,1979-11-08,0.00041,Married,22,,2037-01-23,Yes,,,Flexible contract,19161.0,274166,Yes,3,,NA,1,Created
112,2011-01-01,112,Male,98,1913-04-07,0.33792,Widowed,0,,,Yes,,,Retired,27073.0,35233,No,0,,NA,1,Created
16867,2011-02-08,112,Male,98,1913-04-07,0.33792,Widowed,0,,,Yes,,,Retired,27073.0,35233,No,0,,NA,0,Life event: Deceased
113,2011-01-01,113,Female,5,2006-07-19,4e-05,Single,0,,,No,,,Child,0.0,0,No,0,27.0,2033-02-18,1,Created
114,2011-01-01,114,Female,48,1963-11-14,0.0018800000000000002,Married,23,,2060-10-27,No,,,Permanent contract,16771.0,437602,No,1,,NA,1,Created
115,2011-01-01,115,Male,3,2008-06-04,0.0002,Single,0,,,No,,,Child,0.0,0,No,0,,NA,1,Created
116,2011-01-01,116,Female,39,1972-07-12,0.00074,Single,0,,,Yes,40.0,2012-12-06,Permanent contract,626.0,-4550,No,0,,NA,1,Created
17296,2011-05-03,116,Female,39,1972-07-12,0.00074,Married,3434,29,2040-10-02,Yes,40,2012-12-06,Permanent contract,626.0,-4550,No,0,,NA,1,Life event: Married
19296,2012-12-06,116,Female,41,1972-07-12,0.00074,Married,3501,1,2013-10-07,Yes,40,2012-12-06,Permanent contract,626.0,-4550,No,0,,NA,1,Life event: Married
117,2011-01-01,117,Female,56,1955-09-02,0.0041,Married,24,,2055-09-27,No,,,Permanent contract,7842.0,44730,Yes,2,,NA,1,Created
118,2011-01-01,118,Female,42,1969-01-13,0.001,Married,25,,2028-05-27,No,,,Permanent contract,165678.0,109558,Yes,2,,NA,1,Created
119,2011-01-01,119,Female,12,1999-10-01,5e-05,Single,0,,,No,,,Child,0.0,0,Yes,0,33.0,2032-03-12,1,Created
120,2011-01-01,120,Female,5,2006-09-18,4e-05,Single,0,,,Yes,40.0,2046-10-30,Child,0.0,0,Yes,0,30.0,2036-06-22,1,Created
121,2011-01-01,121,Male,16,1995-07-16,0.00029,Single,0,,,No,,,Child,0.0,0,Yes,0,,NA,1,Created
18934,2012-07-16,121,Male,18,1995-07-16,0.00029,Single,0,,,No,,,Permanent contract,19716.0,471204,Yes,0,,NA,1,Life event: Adulthood
18975,2012-07-31,121,Male,18,1995-07-16,0.00029,Married,3490,42,2054-03-30,No,,,Permanent contract,19716.0,471204,Yes,0,,NA,1,Life event: Adulthood
122,2011-01-01,122,Female,90,1921-02-04,0.13302999999999998,Single,0,,,No,,,Retired,20358.0,83690,No,0,,NA,1,Created
17359,2011-05-15,122,Female,91,1921-02-04,0.13302999999999998,Married,3437,23,2034-10-08,No,,,Retired,20358.0,83690,No,0,,NA,1,Life event: Married
123,2011-01-01,123,Female,18,1993-01-08,0.00023999999999999998,Single,0,,,No,,,Permanent contract,4287.0,663099,Yes,0,32.0,2025-08-30,1,Created
17383,2011-05-18,123,Female,19,1993-01-08,0.00023999999999999998,Married,3439,21,2032-03-11,No,,,Permanent contract,4287.0,663099,Yes,0,32,2025-08-30,1,Life event: Married
124,2011-01-01,124,Female,3,2008-09-11,0.00013000000000000002,Single,0,,,No,,,Child,0.0,0,Yes,0,31.0,2039-06-23,1,Created
125,2011-01-01,125,Female,13,1998-04-06,0.00011999999999999999,Single,0,,,Yes,22.0,2020-08-20,Child,0.0,0,No,0,38.0,2036-05-04,1,Created
126,2011-01-01,126,Female,5,2006-11-08,4e-05,Single,0,,,Yes,33.0,2039-04-30,Child,0.0,0,Yes,0,31.0,2037-10-09,1,Created
127,2011-01-01,127,Male,53,1958-11-30,0.0033299999999999996,Divorced,0,,,No,,,Permanent contract,38202.0,161771,No,0,,NA,1,Created
128,2011-01-01,128,Male,75,1936-01-12,0.033710000000000004,Married,21,,2039-03-09,No,,,Retired,5126.0,-22251,No,2,,NA,1,Created
129,2011-01-01,129,Female,46,1965-12-27,0.00134,Single,0,,,No,,,Permanent contract,24487.0,949002,Yes,0,,NA,1,Created
17692,2011-07-23,129,Female,46,1965-12-27,0.00134,Married,3446,19,2030-06-01,No,,,Permanent contract,24487.0,949002,Yes,0,,NA,1,Life event: Married
130,2011-01-01,130,Female,48,1963-02-12,0.0018800000000000002,Married,26,,2029-08-06,Yes,,,Permanent contract,40054.0,102535,No,1,,NA,1,Created
131,2011-01-01,131,Male,4,2007-12-30,0.00011,Single,0,,,Yes,28.0,2035-12-28,Child,0.0,0,No,0,,NA,1,Created
132,2011-01-01,132,Male,29,1982-08-16,0.0005200000000000001,Single,0,,,No,,,Permanent contract,19563.0,279946,Yes,0,,NA,1,Created
17318,2011-05-07,132,Male,29,1982-08-16,0.0005200000000000001,Married,3435,1,2012-01-15,No,,,Permanent contract,19563.0,279946,Yes,0,,NA,1,Created
18428,2012-01-15,132,Male,30,1982-08-16,0.0005200000000000001,Divorced,3435,1,2012-01-15,No,,,Permanent contract,19563.0,279946,Yes,0,,NA,1,Life event: Divorced
133,2011-01-01,133,Male,23,1988-04-24,0.00039,Single,0,,,No,,,Permanent contract,10818.0,315561,No,0,,NA,1,Created
17329,2011-05-08,133,Male,24,1988-04-24,0.00039,Married,3436,43,2054-11-10,No,,,Permanent contract,10818.0,315561,No,0,,NA,1,Created
134,2011-01-01,134,Male,20,1991-01-03,0.00045,Single,0,,,No,,,Permanent contract,42243.0,9421,Yes,0,,NA,1,Created
17376,2011-05-18,134,Male,21,1991-01-03,0.00045,Married,3438,32,2043-08-28,No,,,Permanent contract,42243.0,9421,Yes,0,,NA,1,Created
135,2011-01-01,135,Male,62,1949-07-22,0.008409999999999999,Married,22,,2037-01-23,No,,,Entrepreneur without personnel,1358.0,169724,Yes,3,,NA,1,Created
136,2011-01-01,136,Female,47,1964-11-18,0.00168,Single,0,,,No,,,Permanent contract,63979.0,147439,No,0,,NA,1,Created
17718,2011-07-29,136,Female,47,1964-11-18,0.00168,Married,3448,8,2019-11-22,No,,,Permanent contract,63979.0,147439,No,0,,NA,1,Life event: Married
137,2011-01-01,137,Male,61,1950-11-13,0.00747,Married,23,,2060-10-27,Yes,,,Unemployed,39520.0,-15575,No,1,,NA,1,Created
138,2011-01-01,138,Male,45,1966-05-20,0.0014199999999999998,Married,24,,2055-09-27,No,,,Flexible contract,13346.0,-13724,Yes,2,,NA,1,Created
139,2011-01-01,139,Male,2,2009-01-14,0.00021,Single,0,,,No,,,Child,0.0,0,Yes,0,,NA,1,Created
140,2011-01-01,140,Male,34,1977-06-12,0.00067,Single,0,,,No,,,Permanent contract,9937.0,2398,Yes,0,,NA,1,Created
17423,2011-05-27,140,Male,34,1977-06-12,0.00067,Married,3440,60,2071-11-16,No,,,Permanent contract,9937.0,2398,Yes,0,,NA,1,Created
141,2011-01-01,141,Male,77,1934-07-22,0.0418,Married,25,,2028-05-27,No,,,Retired,2595.0,384621,Yes,2,,NA,1,Created
142,2011-01-01,142,Female,23,1988-09-30,0.0001,Married,27,,2026-08-29,No,,,Permanent contract,10199.0,437733,Yes,2,33.0,2021-01-17,1,Created
143,2011-01-01,143,Female,43,1968-11-17,0.0009699999999999999,Married,28,,2039-03-13,No,,,Entrepreneur without personnel,68269.0,164651,No,1,,NA,1,Created
144,2011-01-01,144,Female,69,1942-11-21,0.0108,Married,29,,2029-10-29,Yes,,,Retired,72521.0,-20782,No,3,,NA,1,Created
145,2011-01-01,145,Female,6,2005-03-07,8e-05,Single,0,,,Yes,20.0,2025-01-15,Child,0.0,0,No,0,28.0,2033-08-28,1,Created
146,2011-01-01,146,Female,48,1963-10-19,0.0018800000000000002,Married,30,,2034-01-13,Yes,,,Flexible contract,3508.0,28345,No,3,,NA,1,Created
147,2011-01-01,147,Female,61,1950-11-10,0.00562,Married,31,,2040-12-06,Yes,,,Permanent contract,38912.0,98972,No,2,,NA,1,Created
148,2011-01-01,148,Female,34,1977-06-26,0.00037,Single,0,,,No,,,Flexible contract,37883.0,9213,No,0,,NA,1,Created
17729,2011-07-31,148,Female,35,1977-06-26,0.00037,Married,3450,38,2049-01-09,No,,,Flexible contract,37883.0,9213,No,0,,NA,1,Life event: Married
149,2011-01-01,149,Female,2,2009-12-24,0.00015,Single,0,,,No,,,Child,0.0,0,Yes,0,29.0,2038-02-12,1,Created
150,2011-01-01,150,Female,37,1974-07-12,0.00057,Married,32,,2050-10-06,Yes,,,Unemployed,63795.0,-6909,No,2,,NA,1,Created
151,2011-01-01,151,Female,37,1974-12-17,0.00057,Married,33,,2030-01-26,No,,,Entrepreneur without personnel,8737.0,-20831,Yes,1,,NA,1,Created
152,2011-01-01,152,Male,40,1971-11-15,0.0009400000000000001,Single,0,,,No,,,Permanent contract,33507.0,72182,Yes,0,,NA,1,Created
17445,2011-06-02,152,Male,40,1971-11-15,0.0009400000000000001,Married,3441,33,2044-11-27,No,,,Permanent contract,33507.0,72182,Yes,0,,NA,1,Created
153,2011-01-01,153,Female,1,2010-03-01,0.00033999999999999997,Single,0,,,No,,,Child,0.0,0,No,0,31.0,2041-01-24,1,Created
154,2011-01-01,154,Female,40,1971-11-01,0.0006900000000000001,Single,0,,,No,,,Permanent contract,12648.0,485711,No,0,,NA,1,Created
17767,2011-08-09,154,Female,40,1971-11-01,0.0006900000000000001,Married,3451,8,2019-11-24,No,,,Permanent contract,12648.0,485711,No,0,,NA,1,Life event: Married
155,2011-01-01,155,Male,24,1987-06-11,0.00047999999999999996,Single,0,,,Yes,37.0,2024-03-08,Entrepreneur with personel,77731.0,149993,Yes,0,,NA,1,Created
17581,2011-06-28,155,Male,25,1987-06-11,0.00047999999999999996,Married,3442,25,2036-07-21,Yes,37,2024-03-08,Entrepreneur with personel,77731.0,149993,Yes,0,,NA,1,Created
156,2011-01-01,156,Male,48,1963-05-28,0.0021100000000000003,Married,26,,2029-08-06,Yes,,,Permanent contract,26739.0,782,No,1,,NA,1,Created
157,2011-01-01,157,Male,21,1990-12-05,0.00045,Single,0,,,Yes,29.0,2019-07-06,Permanent contract,50850.0,-3020,Yes,0,,NA,1,Created
17584,2011-06-29,157,Male,21,1990-12-05,0.00045,Married,3443,18,2029-09-21,Yes,29,2019-07-06,Permanent contract,50850.0,-3020,Yes,0,,NA,1,Created
158,2011-01-01,158,Male,53,1958-02-16,0.0033299999999999996,Married,27,,2026-08-29,Yes,,,Flexible contract,18022.0,27408,Yes,2,,NA,1,Created
159,2011-01-01,159,Female,6,2005-05-17,8e-05,Single,0,,,Yes,31.0,2036-11-21,Child,0.0,0,Yes,0,32.0,2037-07-02,1,Created
160,2011-01-01,160,Female,21,1990-07-05,0.00016,Single,0,,,No,,,Permanent contract,34569.0,142072,No,0,41.0,2031-07-02,1,Created
17944,2011-09-19,160,Female,22,1990-07-05,0.00016,Married,3455,20,2031-04-11,No,,,Permanent contract,34569.0,142072,No,0,41,2031-07-02,1,Life event: Married
161,2011-01-01,161,Male,10,2001-01-15,0.00011999999999999999,Single,0,,,No,,,Child,0.0,0,No,0,,NA,1,Created
162,2011-01-01,162,Male,26,1985-06-05,1.0,Single,0,,,No,,,Entrepreneur without personnel,12373.0,1420,Yes,0,,NA,1,Created
17631,2011-07-10,162,Male,27,1985-06-05,1.0,Married,3444,27,2038-05-12,No,,,Entrepreneur without personnel,12373.0,1420,Yes,0,,NA,1,Created
18551,2012-02-27,162,Male,27,1985-06-05,1.0,Married,3444,27,2038-05-12,No,,,Entrepreneur without personnel,12373.0,1420,Yes,0,,NA,0,Life event: Deceased
163,2011-01-01,163,Male,58,1953-04-28,0.00603,Married,28,,2039-03-13,Yes,,,Permanent contract,35768.0,-4580,No,1,,NA,1,Created
164,2011-01-01,164,Male,60,1951-08-25,0.006840000000000001,Married,29,,2029-10-29,No,,,Flexible contract,59957.0,415775,No,3,,NA,1,Created
165,2011-01-01,165,Female,79,1932-06-02,0.03112,Divorced,0,,,No,,,Retired,7027.0,303724,No,0,,NA,1,Created
166,2011-01-01,166,Male,74,1937-09-04,0.0295,Married,30,,2034-01-13,No,,,Retired,35269.0,-13514,No,3,,NA,1,Created
167,2011-01-01,167,Female,3,2008-06-21,0.00013000000000000002,Single,0,,,Yes,35.0,2043-09-25,Child,0.0,0,Yes,0,24.0,2032-07-11,1,Created
168,2011-01-01,168,Male,6,2005-04-19,5.9999999999999995e-05,Single,0,,,No,,,Child,0.0,0,Yes,0,,NA,1,Created
169,2011-01-01,169,Female,64,1947-09-14,0.00713,Married,34,,2019-09-17,No,,,Flexible contract,34182.0,1922,No,1,,NA,1,Created
17918,2011-09-14,169,Female,65,1947-09-14,0.00713,Married,34,,2019-09-17,No,,,Retired,23927.399999999998,1922,No,1,,NA,1,Life event: Retired
170,2011-01-01,170,Male,11,2000-12-03,9e-05,Single,0,,,No,,,Child,0.0,0,Yes,0,,NA,1,Created
171,2011-01-01,171,Female,49,1962-09-13,0.00193,Single,0,,,Yes,50.0,2012-05-23,Permanent contract,24087.0,25481,No,0,,NA,1,Created
17966,2011-09-22,171,Female,50,1962-09-13,0.00193,Married,3456,38,2049-03-20,Yes,50,2012-05-23,Permanent contract,24087.0,25481,No,0,,NA,1,Life event: Married
18776,2012-05-23,171,Female,50,1962-09-13,0.00193,Married,3483,14,2026-09-02,Yes,50,2012-05-23,Permanent contract,24087.0,25481,No,0,,NA,1,Life event: Married
172,2011-01-01,172,Female,65,1946-01-12,0.007559999999999999,Married,35,,2015-02-04,Yes,,,Permanent contract,35026.0,34600,Yes,2,,NA,1,Created
16723,2011-01-12,172,Female,66,1946-01-12,0.007559999999999999,Married,35,,2015-02-04,Yes,,,Retired,24518.199999999997,34600,Yes,2,,NA,1,Life event: Retired
173,2011-01-01,173,Male,37,1974-03-15,0.00082,Married,31,,2040-12-06,Yes,,,Permanent contract,16716.0,6491,No,2,,NA,1,Created
174,2011-01-01,174,Female,43,1968-10-21,0.0009699999999999999,Married,36,,2066-03-11,No,,,Permanent contract,15767.0,208268,Yes,2,,NA,1,Created
175,2011-01-01,175,Female,16,1995-06-07,8e-05,Single,0,,,Yes,44.0,2039-03-04,Child,0.0,0,No,0,34.0,2029-10-14,1,Created
18819,2012-06-07,175,Female,18,1995-06-07,8e-05,Single,0,,,Yes,30,2024-11-06,Permanent contract,86600.0,56627,No,0,34,2029-10-14,1,Life event: Adulthood
18921,2012-07-12,175,Female,18,1995-06-07,8e-05,Married,3488,18,2030-01-30,Yes,30,2024-11-06,Permanent contract,86600.0,56627,No,0,34,2029-10-14,1,Life event: Married
176,2011-01-01,176,Female,41,1970-05-23,0.0007700000000000001,Married,37,,2016-03-30,Yes,,,Unemployed,39969.0,-32527,Yes,3,,NA,1,Created
177,2011-01-01,177,Female,61,1950-06-26,0.00562,Married,38,,2022-02-10,Yes,,,Permanent contract,30433.0,60878,Yes,2,,NA,1,Created
178,2011-01-01,178,Female,18,1993-10-11,0.00023999999999999998,Single,0,,,Yes,51.0,2044-05-02,Flexible contract,31060.0,170960,Yes,0,32.0,2025-09-13,1,Created
17985,2011-09-29,178,Female,18,1993-10-11,0.00023999999999999998,Married,3458,4,2015-07-11,Yes,51,2044-05-02,Flexible contract,31060.0,170960,Yes,0,32,2025-09-13,1,Life event: Married
179,2011-01-01,179,Female,3,2008-04-25,0.00013000000000000002,Single,0,,,Yes,26.0,2034-09-09,Child,0.0,0,No,0,25.0,2033-04-08,1,Created
180,2011-01-01,180,Male,104,1907-10-01,1.0,Widowed,0,,,No,,,Retired,21107.0,734,No,0,,NA,1,Created
17212,2011-04-15,180,Male,104,1907-10-01,1.0,Widowed,0,,,No,,,Retired,21107.0,734,No,0,,NA,0,Life event: Deceased
181,2011-01-01,181,Male,82,1929-01-02,0.07771,Married,32,,2050-10-06,Yes,,,Retired,12204.0,-265,No,2,,NA,1,Created
182,2011-01-01,182,Female,25,1986-01-08,0.00022999999999999998,Single,0,,,Yes,30.0,2016-08-25,Permanent contract,56761.0,697842,No,0,25.0,2011-06-08,1,Created
18015,2011-10-06,182,Female,26,1986-01-08,0.00022999999999999998,Married,3460,17,2028-05-02,Yes,30,2016-08-25,Permanent contract,56761.0,697842,No,0,25,2011-06-08,1,Life event: Married
183,2011-01-01,183,Female,66,1945-01-27,0.009040000000000001,Married,39,,2045-03-03,Yes,,,Family business,7097.0,-17999,No,2,,NA,1,Created
16809,2011-01-27,183,Female,67,1945-01-27,0.009040000000000001,Married,39,,2045-03-03,Yes,,,Retired,4967.9,-17999,No,2,,NA,1,Life event: Retired
184,2011-01-01,184,Female,36,1975-12-01,0.00049,Married,40,,2025-11-19,No,,,Permanent contract,85381.0,35167,Yes,3,,NA,1,Created
185,2011-01-01,185,Male,104,1907-05-14,1.0,Divorced,0,,,Yes,,,Retired,38095.0,-1765,No,0,,NA,1,Created
17024,2011-03-06,185,Male,104,1907-05-14,1.0,Divorced,0,,,Yes,,,Retired,38095.0,-1765,No,0,,NA,0,Life event: Deceased
186,2011-01-01,186,Male,13,1998-06-06,0.00014,Single,0,,,Yes,26.0,2024-12-26,Child,0.0,0,Yes,0,,NA,1,Created
187,2011-01-01,187,Male,57,1954-07-22,0.00572,Married,33,,2030-01-26,No,,,Flexible contract,81765.0,335121,Yes,1,,NA,1,Created
188,2011-01-01,188,Female,52,1959-08-26,0.00268,Married,41,,2051-10-23,No,,,Permanent contract,1647.0,288462,No,1,,NA,1,Created
189,2011-01-01,189,Male,0,2011-03-26,0.0036200000000000004,Single,0,,,Yes,32.0,2043-08-19,Child,0.0,0,Yes,0,,NA,1,Created
190,2011-01-01,190,Male,33,1978-06-27,0.00047999999999999996,Single,0,,,No,,,Permanent contract,32589.0,925410,No,0,,NA,1,Created
17644,2011-07-13,190,Male,34,1978-06-27,0.00047999999999999996,Married,3445,4,2015-09-17,No,,,Permanent contract,32589.0,925410,No,0,,NA,1,Created
191,2011-01-01,191,Male,6,2005-01-18,5.9999999999999995e-05,Single,0,,,Yes,34.0,2039-05-10,Child,0.0,0,No,0,,NA,1,Created
192,2011-01-01,192,Female,37,1974-02-15,0.00057,Divorced,0,,,Yes,,,Flexible contract,37782.0,587309,Yes,0,,NA,1,Created
193,2011-01-01,193,Female,36,1975-12-05,0.00049,Divorced,0,,,No,,,Permanent contract,1094.0,82390,Yes,0,,NA,1,Created
194,2011-01-01,194,Male,40,1971-02-20,0.0009400000000000001,Married,34,,2019-09-17,No,,,Flexible contract,6306.0,3713,No,1,,NA,1,Created
195,2011-01-01,195,Male,42,1969-05-30,0.00128,Single,0,,,Yes,25.0,,Family business,11682.0,16369,No,0,,NA,1,Created
17700,2011-07-24,195,Male,43,1969-05-30,0.00128,Married,3447,30,2041-10-11,Yes,25,,Family business,11682.0,16369,No,0,,NA,1,Created
196,2011-01-01,196,Female,44,1967-04-13,0.00107,Married,42,,2042-06-26,No,,,Permanent contract,43474.0,906,No,2,,NA,1,Created
197,2011-01-01,197,Female,52,1959-11-01,0.00268,Widowed,0,,,No,,,Unemployed,17981.0,349234,Yes,0,,NA,1,Created
198,2011-01-01,198,Female,55,1956-10-23,0.00372,Married,43,,2024-08-27,Yes,,,Permanent contract,41236.0,1125,Yes,1,,NA,1,Created
199,2011-01-01,199,Female,55,1956-07-03,0.00372,Married,44,,2034-10-25,No,,,Permanent contract,1387.0,688800,No,2,,NA,1,Created
200,2011-01-01,200,Female,61,1950-08-05,0.00562,Married,45,,2014-07-16,Yes,,,Permanent contract,5258.0,-44764,Yes,2,,NA,1,Created
201,2011-01-01,201,Male,3,2008-08-22,0.0002,Single,0,,,No,,,Child,0.0,0,Yes,0,,NA,1,Created
202,2011-01-01,202,Female,102,1909-02-12,1.0,Widowed,0,,,Yes,,,Retired,43419.0,114735,Yes,0,,NA,1,Created
16853,2011-02-06,202,Female,102,1909-02-12,1.0,Widowed,0,,,Yes,,,Retired,43419.0,114735,Yes,0,,NA,0,Life event: Deceased
203,2011-01-01,203,Male,44,1967-03-05,0.0013599999999999999,Married,35,,2015-02-04,No,,,Flexible contract,242.0,2223,Yes,2,,NA,1,Created
204,2011-01-01,204,Female,27,1984-11-26,0.00025,Single,0,,,No,,,Permanent contract,11523.0,493302,Yes,0,35.0,2019-07-26,1,Created
18043,2011-10-13,204,Female,27,1984-11-26,0.00025,Married,3461,10,2021-11-25,No,,,Permanent contract,11523.0,493302,Yes,0,35,2019-07-26,1,Life event: Married
205,2011-01-01,205,Male,41,1970-07-30,0.0008900000000000001,Single,0,,,No,,,Permanent contract,25789.0,-37190,Yes,0,,NA,1,Created
17724,2011-07-31,205,Male,42,1970-07-30,0.0008900000000000001,Married,3449,21,2032-06-22,No,,,Permanent contract,25789.0,-37190,Yes,0,,NA,1,Created
206,2011-01-01,206,Female,42,1969-05-09,0.001,Married,46,,2018-12-09,Yes,,,Permanent contract,17044.0,54541,No,2,,NA,1,Created
207,2011-01-01,207,Male,42,1969-05-08,0.00128,Married,36,,2066-03-11,Yes,,,Permanent contract,12938.0,498410,Yes,2,,NA,1,Created
208,2011-01-01,208,Female,49,1962-02-13,0.00193,Single,0,,,Yes,48.0,,Flexible contract,3529.0,497616,No,0,,NA,1,Created
18050,2011-10-14,208,Female,50,1962-02-13,0.00193,Married,3462,42,2053-12-06,Yes,48,,Flexible contract,3529.0,497616,No,0,,NA,1,Life event: Married
209,2011-01-01,209,Female,25,1986-05-26,0.00022999999999999998,Single,0,,,No,,,Permanent contract,22185.0,114,No,0,27.0,2013-06-12,1,Created
18279,2011-12-09,209,Female,26,1986-05-26,0.00022999999999999998,Married,3471,14,2025-01-02,No,,,Permanent contract,22185.0,114,No,0,27,2013-06-12,1,Life event: Married
210,2011-01-01,210,Female,5,2006-05-07,4e-05,Single,0,,,Yes,23.0,2029-10-22,Child,0.0,0,Yes,0,26.0,2032-07-12,1,Created
211,2011-01-01,211,Male,5,2006-11-12,9e-05,Single,0,,,Yes,25.0,2031-01-03,Child,0.0,0,Yes,0,,NA,1,Created
212,2011-01-01,212,Male,40,1971-04-27,0.0009400000000000001,Married,37,,2016-03-30,Yes,,,Permanent contract,16319.0,27690,Yes,3,,NA,1,Created
213,2011-01-01,213,Female,32,1979-11-06,0.00041,Married,47,,2016-03-09,No,,,Flexible contract,17965.0,970191,No,1,,NA,1,Created
18041,2011-10-13,213,Female,32,1979-11-06,0.00041,Widowed,47,,2016-03-09,No,,,Flexible contract,17965.0,970191,No,1,,NA,1,Life event: Widowed
214,2011-01-01,214,Male,40,1971-11-27,0.0009400000000000001,Single,0,,,No,,,Permanent contract,38418.0,404290,No,0,,NA,1,Created
17780,2011-08-11,214,Male,40,1971-11-27,0.0009400000000000001,Married,3452,44,2055-10-21,No,,,Permanent contract,38418.0,404290,No,0,,NA,1,Created
215,2011-01-01,215,Female,38,1973-11-27,0.00063,Married,48,,2025-10-08,Yes,,,Flexible contract,61759.0,3207,Yes,2,,NA,1,Created
216,2011-01-01,216,Female,25,1986-02-19,0.00022999999999999998,Single,0,,,No,,,Flexible contract,31404.0,259532,No,0,35.0,2021-10-04,1,Created
18414,2012-01-10,216,Female,26,1986-02-19,0.00022999999999999998,Married,3474,43,2055-11-19,No,,,Flexible contract,31404.0,259532,No,0,35,2021-10-04,1,Life event: Married
217,2011-01-01,217,Female,29,1982-03-12,0.00032,Married,49,,2036-05-13,No,,,Unemployed,5849.0,183,No,2,36.0,2018-10-31,1,Created
218,2011-01-01,218,Female,31,1980-06-09,0.00029,Married,50,,2061-09-29,No,,,Permanent contract,38524.0,5385,Yes,2,35.0,2015-09-15,1,Created
219,2011-01-01,219,Female,73,1938-01-12,0.01577,Married,51,,2013-09-03,Yes,,,Retired,16081.0,3650,Yes,2,,NA,1,Created
220,2011-01-01,220,Female,14,1997-08-04,9e-05,Single,0,,,Yes,35.0,2032-10-28,Child,0.0,0,No,0,32.0,2029-02-15,1,Created
221,2011-01-01,221,Female,73,1938-08-05,0.01577,Married,52,,2048-05-27,Yes,,,Retired,21251.0,168716,Yes,1,,NA,1,Created
18249,2011-12-02,221,Female,74,1938-08-05,0.01577,Widowed,52,,2048-05-27,Yes,,,Retired,21251.0,168716,Yes,1,,NA,1,Life event: Widowed
222,2011-01-01,222,Male,3,2008-12-30,0.0002,Single,0,,,Yes,30.0,2038-02-24,Child,0.0,0,No,0,,NA,1,Created
223,2011-01-01,223,Male,80,1931-01-07,0.05987000000000001,Widowed,0,,,No,,,Retired,2656.0,151274,Yes,0,,NA,1,Created
224,2011-01-01,224,Female,50,1961-12-13,0.00225,Married,53,,2049-09-09,No,,,Permanent contract,80187.0,89793,No,2,,NA,1,Created
225,2011-01-01,225,Male,47,1964-07-06,0.00186,Single,0,,,Yes,25.0,,Permanent contract,30379.0,37873,No,0,,NA,1,Created
17824,2011-08-18,225,Male,48,1964-07-06,0.00186,Married,3453,37,2048-11-25,Yes,25,,Permanent contract,30379.0,37873,No,0,,NA,1,Created
226,2011-01-01,226,Male,58,1953-12-20,0.00603,Married,38,,2022-02-10,No,,,Permanent contract,3697.0,-46120,Yes,2,,NA,1,Created
227,2011-01-01,227,Female,30,1981-09-11,0.00027,Divorced,0,,,Yes,,,Entrepreneur with personel,16168.0,127114,No,0,,NA,1,Created
228,2011-01-01,228,Male,36,1975-11-22,0.0006,Married,39,,2045-03-03,No,,,Permanent contract,8505.0,-15147,No,2,,NA,1,Created
229,2011-01-01,229,Male,64,1947-08-27,0.01097,Married,40,,2025-11-19,No,,,Entrepreneur without personnel,16841.0,-39196,Yes,3,,NA,1,Created
17862,2011-08-27,229,Male,65,1947-08-27,0.01097,Married,40,,2025-11-19,No,,,Retired,11788.699999999999,-39196,Yes,3,,NA,1,Life event: Retired
230,2011-01-01,230,Male,6,2005-08-23,5.9999999999999995e-05,Single,0,,,No,,,Child,0.0,0,Yes,0,,NA,1,Created
231,2011-01-01,231,Male,35,1976-02-18,0.00055,Married,41,,2051-10-23,No,,,Flexible contract,6043.0,-40502,No,1,,NA,1,Created
232,2011-01-01,232,Female,50,1961-06-08,0.00225,Single,0,,,No,,,Entrepreneur with personel,3179.0,454561,No,0,,NA,1,Created
18511,2012-02-09,232,Female,51,1961-06-08,0.00225,Married,3477,21,2033-04-10,No,,,Entrepreneur with personel,3179.0,454561,No,0,,NA,1,Life event: Married
233,2011-01-01,233,Female,38,1973-06-26,0.00063,Married,54,,2016-02-01,Yes,,,Entrepreneur without personnel,46614.0,100876,No,2,,NA,1,Created
234,2011-01-01,234,Female,59,1952-09-06,0.00479,Married,55,,2038-08-20,Yes,,,Entrepreneur without personnel,38232.0,26064,Yes,1,,NA,1,Created
235,2011-01-01,235,Female,79,1932-09-28,0.03112,Widowed,0,,,Yes,,,Retired,46306.0,-16098,Yes,0,,NA,1,Created
236,2011-01-01,236,Male,16,1995-01-22,0.00029,Single,0,,,Yes,33.0,2028-07-27,Child,0.0,0,No,0,,NA,1,Created
18458,2012-01-22,236,Male,18,1995-01-22,0.00029,Single,0,,,Yes,26,2020-08-25,Permanent contract,37190.0,158346,No,0,,NA,1,Life event: Adulthood
18501,2012-02-06,236,Male,18,1995-01-22,0.00029,Married,3475,5,2017-07-22,Yes,26,2020-08-25,Permanent contract,37190.0,158346,No,0,,NA,1,Life event: Adulthood
237,2011-01-01,237,Female,2,2009-07-06,0.00015,Single,0,,,No,,,Child,0.0,0,Yes,0,32.0,2041-07-18,1,Created
238,2011-01-01,238,Female,44,1967-05-08,0.00107,Married,56,,2056-10-13,No,,,Permanent contract,19186.0,117036,No,1,,NA,1,Created
239,2011-01-01,239,Female,54,1957-11-04,0.00313,Divorced,0,,,Yes,,,Permanent contract,30879.0,12249,Yes,0,,NA,1,Created
240,2011-01-01,240,Female,64,1947-06-03,0.00713,Married,57,,2070-04-01,No,,,Permanent contract,30777.0,3764810,No,1,,NA,1,Created
17451,2011-06-03,240,Female,65,1947-06-03,0.00713,Married,57,,2070-04-01,No,,,Retired,21543.899999999998,3764810,No,1,,NA,1,Life event: Retired
241,2011-01-01,241,Male,17,1994-02-14,0.00022999999999999998,Single,0,,,Yes,34.0,2028-07-29,Child,0.0,0,Yes,0,,NA,1,Created
16909,2011-02-14,241,Male,18,1994-02-14,0.00022999999999999998,Single,0,,,Yes,41,2034-02-12,Entrepreneur without personnel,1232.0,298024,Yes,0,,NA,1,Life event: Adulthood
17833,2011-08-20,241,Male,18,1994-02-14,0.00022999999999999998,Married,3454,15,2026-11-17,Yes,41,2034-02-12,Entrepreneur without personnel,1232.0,298024,Yes,0,,NA,1,Life event: Adulthood
242,2011-01-01,242,Male,57,1954-09-12,0.00572,Married,42,,2042-06-26,Yes,,,Entrepreneur without personnel,33325.0,61066,No,2,,NA,1,Created
243,2011-01-01,243,Female,54,1957-05-05,0.00313,Married,58,,2019-09-18,Yes,,,Permanent contract,41683.0,3142,No,2,,NA,1,Created
244,2011-01-01,244,Female,78,1933-01-04,0.02817,Married,59,,2047-02-25,Yes,,,Retired,50533.0,298340,Yes,1,,NA,1,Created
245,2011-01-01,245,Female,42,1969-07-23,0.001,Single,0,,,Yes,31.0,,Permanent contract,27242.0,795796,No,0,,NA,1,Created
18690,2012-04-22,245,Female,43,1969-07-23,0.001,Married,3481,30,2042-02-10,Yes,31,,Permanent contract,27242.0,795796,No,0,,NA,1,Life event: Married
246,2011-01-01,246,Female,38,1973-11-28,0.00063,Married,60,,2066-02-04,Yes,,,Permanent contract,88057.0,-29984,Yes,2,,NA,1,Created
247,2011-01-01,247,Female,40,1971-06-23,0.0006900000000000001,Married,61,,2070-10-26,Yes,,,Permanent contract,84507.0,30102,Yes,2,,NA,1,Created
248,2011-01-01,248,Male,0,2011-08-02,0.0036200000000000004,Single,0,,,Yes,32.0,2043-12-20,Child,0.0,0,No,0,,NA,1,Created
249,2011-01-01,249,Male,22,1989-04-30,0.00041,Single,0,,,Yes,30.0,2019-12-02,Permanent contract,13130.0,-9081,Yes,0,,NA,1,Created
18005,2011-10-04,249,Male,23,1989-04-30,0.00041,Married,3459,32,2043-11-16,Yes,30,2019-12-02,Permanent contract,13130.0,-9081,Yes,0,,NA,1,Created
250,2011-01-01,250,Male,48,1963-05-27,0.0021100000000000003,Single,0,,,No,,,Permanent contract,935.0,605200,Yes,0,,NA,1,Created
18057,2011-10-15,250,Male,49,1963-05-27,0.0021100000000000003,Married,3463,49,2060-03-31,No,,,Permanent contract,935.0,605200,Yes,0,,NA,1,Created
251,2011-01-01,251,Male,51,1960-06-05,0.00301,Divorced,0,,,Yes,,,Permanent contract,3614.0,-44483,No,0,,NA,1,Created
252,2011-01-01,252,Female,0,2011-11-23,0.0028899999999999998,Single,0,,,Yes,28.0,2039-11-29,Child,0.0,0,Yes,0,27.0,2038-02-15,1,Created
253,2011-01-01,253,Female,69,1942-01-24,0.0108,Married,62,,2051-07-29,Yes,,,Retired,4124.0,555465,Yes,2,,NA,1,Created
254,2011-01-01,254,Female,27,1984-01-13,0.00025,Single,0,,,No,,,Permanent contract,18313.0,423488,Yes,0,28.0,2012-03-31,1,Created
18803,2012-05-30,254,Female,29,1984-01-13,0.00025,Married,3484,35,2047-05-12,No,,,Permanent contract,18313.0,423488,Yes,0,28,2012-03-31,1,Life event: Married
255,2011-01-01,255,Male,34,1977-05-27,0.00067,Married,43,,2024-08-27,Yes,,,Permanent contract,31283.0,135394,Yes,1,,NA,1,Created
256,2011-01-01,256,Female,77,1934-01-25,0.0259,Widowed,0,,,No,,,Retired,9213.0,167330,Yes,0,,NA,1,Created
257,2011-01-01,257,Male,28,1983-07-27,0.00045,Single,0,,,Yes,32.0,2015-04-19,Permanent contract,40860.0,121321,No,0,,NA,1,Created
18115,2011-10-30,257,Male,29,1983-07-27,0.00045,Married,3464,57,2068-09-03,Yes,32,2015-04-19,Permanent contract,40860.0,121321,No,0,,NA,1,Created
258,2011-01-01,258,Female,30,1981-01-27,0.00027,Single,0,,,Yes,41.0,2022-09-20,Permanent contract,12049.0,47942,Yes,0,,NA,1,Created
19056,2012-08-30,258,Female,32,1981-01-27,0.00027,Married,3492,9,2021-08-09,Yes,41,2022-09-20,Permanent contract,12049.0,47942,Yes,0,,NA,1,Life event: Married
259,2011-01-01,259,Male,59,1952-07-24,0.00717,Married,44,,2034-10-25,No,,,Entrepreneur without personnel,44209.0,526540,No,2,,NA,1,Created
260,2011-01-01,260,Female,96,1915-08-07,0.24602,Widowed,0,,,No,,,Retired,19932.0,-5833,Yes,0,,NA,1,Created
261,2011-01-01,261,Female,63,1948-04-14,0.00672,Divorced,0,,,No,,,Permanent contract,22415.0,108367,Yes,0,,NA,1,Created
18666,2012-04-14,261,Female,65,1948-04-14,0.00672,Divorced,0,,,No,,,Retired,15690.499999999998,108367,Yes,0,,NA,1,Life event: Retired
262,2011-01-01,262,Male,44,1967-06-03,0.0013599999999999999,Single,0,,,Yes,41.0,,Permanent contract,30335.0,-30626,Yes,0,,NA,1,Created
18155,2011-11-08,262,Male,45,1967-06-03,0.0013599999999999999,Married,3465,29,2040-02-03,Yes,41,,Permanent contract,30335.0,-30626,Yes,0,,NA,1,Created
263,2011-01-01,263,Male,20,1991-10-23,0.00045,Single,0,,,Yes,32.0,2023-05-11,Permanent contract,26693.0,177691,Yes,0,,NA,1,Created
18157,2011-11-09,263,Male,21,1991-10-23,0.00045,Married,3466,2,2013-10-16,Yes,32,2023-05-11,Permanent contract,26693.0,177691,Yes,0,,NA,1,Created
264,2011-01-01,264,Female,64,1947-07-22,0.00713,Married,63,,2051-10-28,No,,,Entrepreneur without personnel,17599.0,-36503,Yes,2,,NA,1,Created
17687,2011-07-22,264,Female,65,1947-07-22,0.00713,Married,63,,2051-10-28,No,,,Retired,12319.3,-36503,Yes,2,,NA,1,Life event: Retired
265,2011-01-01,265,Male,70,1941-08-28,0.01932,Married,45,,2014-07-16,Yes,,,Retired,28367.0,38724,Yes,2,,NA,1,Created
266,2011-01-01,266,Female,19,1992-01-08,0.00014,Single,0,,,Yes,31.0,2023-10-12,Flexible contract,171681.0,5359,Yes,0,31.0,2023-12-14,1,Created
19059,2012-08-31,266,Female,21,1992-01-08,0.00014,Married,3493,50,2062-01-21,Yes,31,2023-10-12,Flexible contract,171681.0,5359,Yes,0,31,2023-12-14,1,Life event: Married
267,2011-01-01,267,Male,38,1973-10-21,0.0009599999999999999,Single,0,,,Yes,45.0,2018-03-04,Permanent contract,2353.0,271319,Yes,0,,NA,1,Created
18163,2011-11-10,267,Male,39,1973-10-21,0.0009599999999999999,Married,3467,1,2012-10-18,Yes,45,2018-03-04,Permanent contract,2353.0,271319,Yes,0,,NA,1,Created
19168,2012-10-18,267,Male,39,1973-10-21,0.0009599999999999999,Divorced,3467,1,2012-10-18,Yes,45,2018-03-04,Permanent contract,2353.0,271319,Yes,0,,NA,1,Life event: Divorced
268,2011-01-01,268,Male,51,1960-07-28,0.00301,Married,46,,2018-12-09,No,,,Permanent contract,20737.0,38,No,2,,NA,1,Created
269,2011-01-01,269,Female,36,1975-06-25,0.00049,Single,0,,,Yes,34.0,,Entrepreneur without personnel,6850.0,554,No,0,,NA,1,Created
19183,2012-10-23,269,Female,38,1975-06-25,0.00049,Married,3497,20,2032-06-28,Yes,34,,Entrepreneur without personnel,6850.0,554,No,0,,NA,1,Life event: Married
270,2011-01-01,270,Male,15,1996-08-24,0.00015,Single,0,,,Yes,46.0,2042-06-03,Child,0.0,0,Yes,0,,NA,1,Created
271,2011-01-01,271,Male,26,1985-04-06,1.0,Married,47,,2016-03-09,Yes,,,Flexible contract,2144.0,46917,No,1,,NA,1,Created
18040,2011-10-13,271,Male,27,1985-04-06,1.0,Married,47,,2016-03-09,Yes,,,Flexible contract,2144.0,46917,No,1,,NA,0,Life event: Deceased
272,2011-01-01,272,Male,34,1977-10-18,0.00067,Married,48,,2025-10-08,No,,,Permanent contract,39063.0,-1801,Yes,2,,NA,1,Created
273,2011-01-01,273,Male,16,1995-04-05,0.00029,Single,0,,,Yes,38.0,2033-08-15,Child,0.0,0,No,0,,NA,1,Created
18649,2012-04-05,273,Male,18,1995-04-05,0.00029,Single,0,,,No,,,Permanent contract,15231.0,176,No,0,,NA,1,Life event: Adulthood
18654,2012-04-07,273,Male,18,1995-04-05,0.00029,Married,3480,5,2017-05-26,No,,,Permanent contract,15231.0,176,No,0,,NA,1,Life event: Adulthood
274,2011-01-01,274,Male,16,1995-09-04,0.00029,Single,0,,,Yes,25.0,2020-05-22,Child,0.0,0,No,0,,NA,1,Created
19079,2012-09-04,274,Male,18,1995-09-04,0.00029,Single,0,,,Yes,28,2022-05-19,Permanent contract,6671.0,220353,No,0,,NA,1,Life event: Adulthood
19137,2012-10-02,274,Male,18,1995-09-04,0.00029,Married,3495,54,2066-01-22,Yes,28,2022-05-19,Permanent contract,6671.0,220353,No,0,,NA,1,Life event: Adulthood
275,2011-01-01,275,Female,5,2006-08-13,4e-05,Single,0,,,Yes,27.0,2033-01-14,Child,0.0,0,No,0,32.0,2038-06-09,1,Created
276,2011-01-01,276,Female,66,1945-05-19,0.009040000000000001,Married,64,,2043-10-28,Yes,,,Permanent contract,11836.0,4915,Yes,1,,NA,1,Created
17389,2011-05-19,276,Female,67,1945-05-19,0.009040000000000001,Married,64,,2043-10-28,Yes,,,Retired,8285.199999999999,4915,Yes,1,,NA,1,Life event: Retired
277,2011-01-01,277,Female,24,1987-09-29,0.00018999999999999998,Single,0,,,Yes,35.0,2022-02-05,Entrepreneur without personnel,5181.0,63773,No,0,36.0,2023-07-01,1,Created
19197,2012-10-27,277,Female,26,1987-09-29,0.00018999999999999998,Married,3499,8,2020-08-21,Yes,35,2022-02-05,Entrepreneur without personnel,5181.0,63773,No,0,36,2023-07-01,1,Life event: Married
278,2011-01-01,278,Male,64,1947-12-27,0.01097,Married,49,,2036-05-13,No,,,Permanent contract,22942.0,936,No,2,,NA,1,Created
18369,2011-12-27,278,Male,65,1947-12-27,0.01097,Married,49,,2036-05-13,No,,,Retired,16059.4,936,No,2,,NA,1,Life event: Retired
279,2011-01-01,279,Male,52,1959-05-04,0.00314,Married,50,,2061-09-29,No,,,Permanent contract,12668.0,9420,Yes,2,,NA,1,Created
280,2011-01-01,280,Female,35,1976-12-20,0.00033999999999999997,Single,0,,,No,,,Flexible contract,13098.0,274,Yes,0,,NA,1,Created
19233,2012-11-10,280,Female,36,1976-12-20,0.00033999999999999997,Married,3500,41,2053-04-08,No,,,Flexible contract,13098.0,274,Yes,0,,NA,1,Life event: Married
281,2011-01-01,281,Female,79,1932-03-31,0.03112,Widowed,0,,,No,,,Retired,7260.0,18632,Yes,0,,NA,1,Created
282,2011-01-01,282,Male,43,1968-08-09,0.00103,Married,51,,2013-09-03,No,,,Permanent contract,30510.0,122749,Yes,2,,NA,1,Created
283,2011-01-01,283,Male,35,1976-07-17,0.00055,Single,0,,,Yes,30.0,,Permanent contract,1562.0,934056,No,0,,NA,1,Created
18174,2011-11-13,283,Male,36,1976-07-17,0.00055,Married,3468,24,2035-11-30,Yes,30,,Permanent contract,1562.0,934056,No,0,,NA,1,Created
284,2011-01-01,284,Female,70,1941-09-01,0.01252,Married,65,,2038-07-22,Yes,,,Retired,19333.0,29630,Yes,2,,NA,1,Created
285,2011-01-01,285,Male,93,1918-01-05,0.22959000000000002,Widowed,0,,,No,,,Retired,43915.0,31846,Yes,0,,NA,1,Created
286,2011-01-01,286,Female,41,1970-03-19,0.0007700000000000001,Married,66,,2028-09-25,No,,,Flexible contract,14783.0,-7299,Yes,2,,NA,1,Created
287,2011-01-01,287,Female,80,1931-12-15,0.03682,Married,67,,2029-12-30,No,,,Retired,31799.0,323,No,3,,NA,1,Created
288,2011-01-01,288,Male,22,1989-10-09,0.00041,Single,0,,,Yes,30.0,2019-02-20,Permanent contract,5924.0,-33245,No,0,,NA,1,Created
18194,2011-11-17,288,Male,23,1989-10-09,0.00041,Married,3469,2,2013-12-27,Yes,30,2019-02-20,Permanent contract,5924.0,-33245,No,0,,NA,1,Created
289,2011-01-01,289,Female,38,1973-10-27,0.00063,Married,68,,2043-01-23,No,,,Permanent contract,16959.0,294,Yes,1,,NA,1,Created
19103,2012-09-15,289,Female,39,1973-10-27,0.00063,Widowed,68,,2043-01-23,No,,,Permanent contract,16959.0,294,Yes,1,,NA,1,Life event: Widowed
290,2011-01-01,290,Female,44,1967-09-27,0.00107,Single,0,,,No,,,Entrepreneur without personnel,29590.0,417604,Yes,0,,NA,1,Created
291,2011-01-01,291,Female,60,1951-04-08,0.00541,Married,69,,2046-01-27,Yes,,,Permanent contract,8002.0,20913,Yes,1,,NA,1,Created
292,2011-01-01,292,Male,77,1934-01-26,0.0418,Married,52,,2048-05-27,No,,,Retired,20170.0,-15033,Yes,1,,NA,1,Created
18248,2011-12-02,292,Male,78,1934-01-26,0.0418,Married,52,,2048-05-27,No,,,Retired,20170.0,-15033,Yes,1,,NA,0,Life event: Deceased
293,2011-01-01,293,Male,53,1958-03-13,0.0033299999999999996,Married,53,,2049-09-09,Yes,,,Permanent contract,10550.0,441742,No,2,,NA,1,Created
294,2011-01-01,294,Male,34,1977-02-08,0.00067,Single,0,,,Yes,45.0,2022-10-07,Permanent contract,16296.0,115805,Yes,0,,NA,1,Created
18262,2011-12-04,294,Male,35,1977-02-08,0.00067,Married,3470,25,2036-07-14,Yes,45,2022-10-07,Permanent contract,16296.0,115805,Yes,0,,NA,1,Created
295,2011-01-01,295,Male,44,1967-07-12,0.0013599999999999999,Married,54,,2016-02-01,Yes,,,Permanent contract,15931.0,274522,No,2,,NA,1,Created
296,2011-01-01,296,Male,9,2002-07-28,0.00014,Single,0,,,Yes,25.0,2027-10-01,Child,0.0,0,Yes,0,,NA,1,Created
297,2011-01-01,297,Female,98,1913-08-17,0.27366999999999997,Widowed,0,,,Yes,,,Retired,47079.0,-11597,Yes,0,,NA,1,Created
19301,2012-12-07,297,Female,100,1913-08-17,0.27366999999999997,Widowed,0,,,Yes,,,Retired,47079.0,-11597,Yes,0,,NA,0,Life event: Deceased
298,2011-01-01,298,Male,68,1943-02-20,0.01522,Married,55,,2038-08-20,No,,,Retired,27017.0,53483,Yes,1,,NA,1,Created
299,2011-01-01,299,Male,40,1971-02-01,0.0009400000000000001,Married,56,,2056-10-13,Yes,,,Permanent contract,54.0,3702,No,1,,NA,1,Created
300,2011-01-01,300,Male,15,1996-06-14,0.00015,Single,0,,,No,,,Child,0.0,0,No,0,,NA,1,Created
301,2011-01-01,301,Female,55,1956-08-24,0.00372,Married,70,,2023-05-13,No,,,Permanent contract,29667.0,-41246,Yes,1,,NA,1,Created
302,2011-01-01,302,Female,8,2003-03-21,2.9999999999999997e-05,Single,0,,,Yes,27.0,2030-09-02,Child,0.0,0,Yes,0,30.0,2033-05-24,1,Created
303,2011-01-01,303,Male,78,1933-06-03,0.04668,Married,57,,2070-04-01,Yes,,,Retired,16305.0,438131,No,1,,NA,1,Created
304,2011-01-01,304,Male,40,1971-07-01,0.0009400000000000001,Single,0,,,Yes,35.0,,Permanent contract,8234.0,7892,No,0,,NA,1,Created
18377,2011-12-27,304,Male,41,1971-07-01,0.0009400000000000001,Married,3472,12,2023-11-21,Yes,35,,Permanent contract,8234.0,7892,No,0,,NA,1,Created
305,2011-01-01,305,Female,76,1935-03-23,0.02337,Married,71,,2056-03-03,No,,,Retired,35557.0,1125,Yes,1,,NA,1,Created
306,2011-01-01,306,Male,96,1915-05-31,0.30168,Widowed,0,,,No,,,Retired,27509.0,188659,No,0,,NA,1,Created
307,2011-01-01,307,Female,13,1998-04-12,0.00011999999999999999,Single,0,,,No,,,Child,0.0,0,Yes,0,33.0,2031-11-13,1,Created
308,2011-01-01,308,Female,19,1992-02-01,0.00014,Single,0,,,Yes,28.0,2020-10-11,Unemployed,9908.0,-1444,No,0,37.0,2029-09-05,1,Created
309,2011-01-01,309,Female,42,1969-06-20,0.001,Married,72,,2038-07-08,Yes,,,Permanent contract,133371.0,107216,Yes,2,,NA,1,Created
310,2011-01-01,310,Female,77,1934-03-04,0.0259,Married,73,,2039-12-04,No,,,Retired,23958.0,360517,Yes,3,,NA,1,Created
311,2011-01-01,311,Female,37,1974-06-19,0.00057,Married,74,,2036-11-15,No,,,Entrepreneur without personnel,47142.0,32994,Yes,1,,NA,1,Created
312,2011-01-01,312,Male,11,2000-01-18,9e-05,Single,0,,,Yes,35.0,2035-09-24,Child,0.0,0,Yes,0,,NA,1,Created
313,2011-01-01,313,Male,61,1950-02-09,0.00747,Married,58,,2019-09-18,Yes,,,Permanent contract,53177.0,475,No,2,,NA,1,Created
314,2011-01-01,314,Female,37,1974-07-01,0.00057,Married,75,,2025-05-15,No,,,Flexible contract,4934.0,59378,Yes,2,,NA,1,Created
315,2011-01-01,315,Female,55,1956-12-09,0.00372,Married,76,,2029-10-19,No,,,Entrepreneur without personnel,44320.0,248,Yes,3,,NA,1,Created
316,2011-01-01,316,Female,40,1971-08-18,0.0006900000000000001,Married,77,,2043-03-16,Yes,,,Permanent contract,51899.0,50961,Yes,1,,NA,1,Created
317,2011-01-01,317,Female,5,2006-07-19,4e-05,Single,0,,,Yes,27.0,2033-03-13,Child,0.0,0,No,0,32.0,2038-04-10,1,Created
318,2011-01-01,318,Male,39,1972-01-26,0.0008699999999999999,Single,0,,,Yes,30.0,,Permanent contract,42438.0,801859,No,0,,NA,1,Created
18412,2012-01-09,318,Male,40,1972-01-26,0.0008699999999999999,Married,3473,7,2019-06-20,Yes,30,,Permanent contract,42438.0,801859,No,0,,NA,1,Created
319,2011-01-01,319,Female,52,1959-11-08,0.00268,Married,78,,2030-09-13,No,,,Permanent contract,1499.0,22332,No,3,,NA,1,Created
320,2011-01-01,320,Male,60,1951-09-07,0.006840000000000001,Married,59,,2047-02-25,Yes,,,Entrepreneur with personel,29456.0,471088,Yes,1,,NA,1,Created
321,2011-01-01,321,Male,62,1949-07-20,0.008409999999999999,Divorced,0,,,No,,,Flexible contract,36054.0,58203,Yes,0,,NA,1,Created
322,2011-01-01,322,Male,41,1970-02-23,0.0008900000000000001,Married,60,,2066-02-04,No,,,Entrepreneur without personnel,6048.0,394,Yes,2,,NA,1,Created
323,2011-01-01,323,Female,30,1981-06-29,0.00027,Married,79,,2045-05-23,No,,,Permanent contract,19579.0,602092,No,3,40.0,2021-08-12,1,Created
324,2011-01-01,324,Male,32,1979-03-03,0.00059,Married,61,,2070-10-26,No,,,Entrepreneur without personnel,23010.0,590,Yes,2,,NA,1,Created
325,2011-01-01,325,Female,44,1967-11-16,0.00107,Married,80,,2032-03-17,No,,,Permanent contract,46318.0,609438,No,1,,NA,1,Created
19018,2012-08-18,325,Female,45,1967-11-16,0.00107,Married,80,,2032-03-17,No,,,Permanent contract,46318.0,609438,No,1,,NA,0,Life event: Deceased
326,2011-01-01,326,Male,43,1968-08-25,0.00103,Divorced,0,,,No,,,Permanent contract,99470.0,4834,Yes,0,,NA,1,Created
327,2011-01-01,327,Male,36,1975-01-21,0.0006,Single,0,,,No,,,Permanent contract,17592.0,80842,No,0,,NA,1,Created
18507,2012-02-08,327,Male,38,1975-01-21,0.0006,Married,3476,21,2033-03-21,No,,,Permanent contract,17592.0,80842,No,0,,NA,1,Created
328,2011-01-01,328,Male,43,1968-07-25,0.00103,Married,62,,2051-07-29,Yes,,,Permanent contract,32096.0,172828,Yes,2,,NA,1,Created
329,2011-01-01,329,Female,31,1980-04-21,0.00029,Married,81,,2058-02-10,Yes,,,Permanent contract,99409.0,49953,No,2,,NA,1,Created
330,2011-01-01,330,Female,33,1978-08-07,0.00035,Single,0,,,Yes,25.0,,Permanent contract,186657.0,223965,Yes,0,38.0,2016-03-28,1,Created
331,2011-01-01,331,Male,49,1962-01-01,0.00242,Married,63,,2051-10-28,Yes,,,Entrepreneur without personnel,15094.0,220500,Yes,2,,NA,1,Created
332,2011-01-01,332,Female,65,1946-01-24,0.007559999999999999,Married,82,,2019-08-06,No,,,Permanent contract,19898.0,3960,No,2,,NA,1,Created
16794,2011-01-24,332,Female,66,1946-01-24,0.007559999999999999,Married,82,,2019-08-06,No,,,Retired,13928.599999999999,3960,No,2,,NA,1,Life event: Retired
333,2011-01-01,333,Male,54,1957-01-04,0.00404,Divorced,0,,,Yes,,,Permanent contract,36457.0,48583,No,0,,NA,1,Created
334,2011-01-01,334,Female,21,1990-12-01,0.00016,Single,0,,,Yes,34.0,2024-01-09,Permanent contract,13112.0,9657,No,0,28.0,2018-04-24,1,Created
335,2011-01-01,335,Male,64,1947-06-07,0.01097,Married,64,,2043-10-28,Yes,,,Permanent contract,34086.0,17824,Yes,1,,NA,1,Created
17461,2011-06-07,335,Male,65,1947-06-07,0.01097,Married,64,,2043-10-28,Yes,,,Retired,23860.199999999997,17824,Yes,1,,NA,1,Life event: Retired
336,2011-01-01,336,Male,65,1946-01-14,0.01141,Married,65,,2038-07-22,No,,,Permanent contract,35391.0,139693,Yes,2,,NA,1,Created
16736,2011-01-14,336,Male,66,1946-01-14,0.01141,Married,65,,2038-07-22,No,,,Retired,24773.699999999997,139693,Yes,2,,NA,1,Life event: Retired
337,2011-01-01,337,Female,7,2004-04-18,7e-05,Single,0,,,No,,,Child,0.0,0,Yes,0,22.0,2026-04-21,1,Created
338,2011-01-01,338,Male,22,1989-01-31,0.00041,Married,66,,2028-09-25,No,,,Permanent contract,39269.0,129310,Yes,2,,NA,1,Created
339,2011-01-01,339,Female,101,1910-07-18,1.0,Widowed,0,,,No,,,Retired,57591.0,-3453,No,0,,NA,1,Created
17474,2011-06-09,339,Female,101,1910-07-18,1.0,Widowed,0,,,No,,,Retired,57591.0,-3453,No,0,,NA,0,Life event: Deceased
340,2011-01-01,340,Female,75,1936-09-15,0.01986,Widowed,0,,,No,,,Retired,81563.0,3787,Yes,0,,NA,1,Created
19350,2012-12-25,340,Female,77,1936-09-15,0.01986,Widowed,0,,,No,,,Retired,81563.0,3787,Yes,0,,NA,0,Life event: Deceased
341,2011-01-01,341,Female,54,1957-12-28,0.00313,Married,83,,2054-06-13,No,,,Permanent contract,23041.0,7157,No,2,,NA,1,Created
342,2011-01-01,342,Female,25,1986-11-16,0.00022999999999999998,Single,0,,,Yes,30.0,2016-04-05,Flexible contract,16923.0,18940,Yes,0,28.0,2014-03-22,1,Created
343,2011-01-01,343,Male,71,1940-08-06,0.02034,Married,67,,2029-12-30,Yes,,,Retired,76594.0,6460,No,3,,NA,1,Created
344,2011-01-01,344,Female,61,1950-02-10,0.00562,Married,84,,2037-12-19,Yes,,,Permanent contract,67008.0,3846,Yes,1,,NA,1,Created
345,2011-01-01,345,Male,29,1982-06-29,0.0005200000000000001,Single,0,,,Yes,27.0,,Permanent contract,42555.0,69666,Yes,0,,NA,1,Created
18516,2012-02-12,345,Male,30,1982-06-29,0.0005200000000000001,Married,3478,30,2042-02-08,Yes,27,,Permanent contract,42555.0,69666,Yes,0,,NA,1,Created
346,2011-01-01,346,Female,14,1997-05-19,9e-05,Single,0,,,Yes,29.0,2026-09-30,Child,0.0,0,No,0,34.0,2031-03-08,1,Created
347,2011-01-01,347,Female,50,1961-02-07,0.00225,Married,85,,2014-03-17,Yes,,,Permanent contract,121747.0,843997,Yes,1,,NA,1,Created
348,2011-01-01,348,Female,96,1915-08-26,0.24602,Widowed,0,,,Yes,,,Retired,49093.0,236487,No,0,,NA,1,Created
18739,2012-05-11,348,Female,97,1915-08-26,0.24602,Widowed,0,,,Yes,,,Retired,49093.0,236487,No,0,,NA,0,Life event: Deceased
349,2011-01-01,349,Female,73,1938-03-23,0.01577,Widowed,0,,,No,,,Retired,7180.0,11046,No,0,,NA,1,Created
350,2011-01-01,350,Male,72,1939-12-20,0.02384,Married,68,,2043-01-23,No,,,Retired,31650.0,-6612,Yes,1,,NA,1,Created
19102,2012-09-15,350,Male,73,1939-12-20,0.02384,Married,68,,2043-01-23,No,,,Retired,31650.0,-6612,Yes,1,,NA,0,Life event: Deceased
351,2011-01-01,351,Male,44,1967-12-07,0.0013599999999999999,Married,69,,2046-01-27,Yes,,,Permanent contract,21122.0,457443,Yes,1,,NA,1,Created
352,2011-01-01,352,Female,40,1971-01-06,0.0006900000000000001,Married,86,,2039-11-10,Yes,,,Permanent contract,85104.0,73601,Yes,3,,NA,1,Created
353,2011-01-01,353,Male,80,1931-04-02,0.05987000000000001,Married,70,,2023-05-13,No,,,Retired,70397.0,-30695,Yes,1,,NA,1,Created
354,2011-01-01,354,Male,14,1997-06-14,0.00014,Single,0,,,Yes,45.0,2042-04-18,Child,0.0,0,No,0,,NA,1,Created
355,2011-01-01,355,Female,34,1977-11-04,0.00037,Single,0,,,Yes,37.0,2014-04-16,Unemployed,24386.0,19010,No,0,,NA,1,Created
356,2011-01-01,356,Female,64,1947-02-11,0.00713,Widowed,0,,,Yes,,,Permanent contract,13274.0,114936,Yes,0,,NA,1,Created
16886,2011-02-11,356,Female,65,1947-02-11,0.00713,Widowed,0,,,Yes,,,Retired,9291.8,114936,Yes,0,,NA,1,Life event: Retired
357,2011-01-01,357,Female,58,1953-01-11,0.00448,Widowed,0,,,No,,,Flexible contract,25658.0,48339,No,0,,NA,1,Created
358,2011-01-01,358,Male,36,1975-06-18,0.0006,Married,71,,2056-03-03,No,,,Permanent contract,17414.0,3426,Yes,1,,NA,1,Created
359,2011-01-01,359,Male,0,2011-06-21,0.0036200000000000004,Single,0,,,No,,,Child,0.0,0,No,0,,NA,1,Created
360,2011-01-01,360,Female,32,1979-09-25,0.00041,Single,0,,,Yes,34.0,2013-02-20,Permanent contract,26367.0,14922,Yes,0,34.0,2013-03-21,1,Created
361,2011-01-01,361,Male,15,1996-06-26,0.00015,Single,0,,,Yes,40.0,2036-01-23,Child,0.0,0,Yes,0,,NA,1,Created
362,2011-01-01,362,Male,40,1971-10-31,0.0009400000000000001,Married,72,,2038-07-08,No,,,Unemployed,16728.0,2311452,Yes,2,,NA,1,Created
363,2011-01-01,363,Male,41,1970-06-20,0.0008900000000000001,Divorced,0,,,No,,,Permanent contract,18403.0,5659,No,0,,NA,1,Created
364,2011-01-01,364,Female,100,1911-10-24,1.0,Widowed,0,,,No,,,Retired,7695.0,13756,No,0,,NA,1,Created
16954,2011-02-23,364,Female,100,1911-10-24,1.0,Widowed,0,,,No,,,Retired,7695.0,13756,No,0,,NA,0,Life event: Deceased
365,2011-01-01,365,Female,15,1996-10-29,8e-05,Single,0,,,No,,,Child,0.0,0,Yes,0,35.0,2031-02-03,1,Created
366,2011-01-01,366,Male,14,1997-06-04,0.00014,Single,0,,,No,,,Child,0.0,0,Yes,0,,NA,1,Created
367,2011-01-01,367,Male,72,1939-04-10,0.02384,Widowed,0,,,Yes,,,Retired,27754.0,54158,No,0,,NA,1,Created
368,2011-01-01,368,Male,39,1972-08-27,0.0008699999999999999,Married,73,,2039-12-04,Yes,,,Permanent contract,33470.0,65215,Yes,3,,NA,1,Created
369,2011-01-01,369,Female,40,1971-01-30,0.0006900000000000001,Married,87,,2049-08-31,No,,,Permanent contract,15814.0,38019,No,1,,NA,1,Created
370,2011-01-01,370,Female,47,1964-09-09,0.00168,Married,88,,2044-03-10,No,,,Unemployed,12171.0,42452,Yes,2,,NA,1,Created
371,2011-01-01,371,Female,39,1972-02-28,0.00074,Single,0,,,No,,,Flexible contract,40464.0,-30573,Yes,0,,NA,1,Created
372,2011-01-01,372,Male,42,1969-06-16,0.00128,Single,0,,,No,,,Permanent contract,17214.0,444337,Yes,0,,NA,1,Created
18584,2012-03-11,372,Male,43,1969-06-16,0.00128,Married,3479,28,2040-09-28,No,,,Permanent contract,17214.0,444337,Yes,0,,NA,1,Created
373,2011-01-01,373,Male,1,2010-02-03,0.00056,Single,0,,,Yes,23.0,2033-08-17,Child,0.0,0,No,0,,NA,1,Created
374,2011-01-01,374,Female,3,2008-05-23,0.00013000000000000002,Single,0,,,No,,,Child,0.0,0,Yes,0,26.0,2034-05-10,1,Created
375,2011-01-01,375,Male,41,1970-01-27,0.0008900000000000001,Married,74,,2036-11-15,Yes,,,Flexible contract,4602.0,-3354,Yes,1,,NA,1,Created
376,2011-01-01,376,Male,54,1957-06-03,0.00404,Married,75,,2025-05-15,Yes,,,Flexible contract,21551.0,707339,Yes,2,,NA,1,Created
377,2011-01-01,377,Female,7,2004-11-24,7e-05,Single,0,,,No,,,Child,0.0,0,No,0,39.0,2043-12-30,1,Created
378,2011-01-01,378,Female,53,1958-04-23,0.00312,Married,89,,2041-08-13,No,,,Entrepreneur without personnel,6727.0,304631,Yes,2,,NA,1,Created
379,2011-01-01,379,Male,77,1934-05-22,0.0418,Divorced,0,,,No,,,Retired,95126.0,56796,No,0,,NA,1,Created
380,2011-01-01,380,Female,50,1961-05-13,0.00225,Married,90,,2060-01-01,Yes,,,Permanent contract,28349.0,130376,Yes,1,,NA,1,Created
381,2011-01-01,381,Male,35,1976-03-13,0.00055,Single,0,,,No,,,Entrepreneur without personnel,73278.0,-45388,No,0,,NA,1,Created
18723,2012-05-05,381,Male,37,1976-03-13,0.00055,Married,3482,11,2023-08-15,No,,,Entrepreneur without personnel,73278.0,-45388,No,0,,NA,1,Created
382,2011-01-01,382,Male,22,1989-01-09,0.00041,Single,0,,,Yes,58.0,2047-01-28,Permanent contract,39462.0,848,Yes,0,,NA,1,Created
18777,2012-05-23,382,Male,24,1989-01-09,0.00041,Married,3483,14,2026-09-02,Yes,58,2047-01-28,Permanent contract,39462.0,848,Yes,0,,NA,1,Created
383,2011-01-01,383,Female,65,1946-12-29,0.007559999999999999,Married,91,,2057-01-11,Yes,,,Flexible contract,12474.0,-38297,Yes,1,,NA,1,Created
18381,2011-12-29,383,Female,66,1946-12-29,0.007559999999999999,Married,91,,2057-01-11,Yes,,,Retired,8731.8,-38297,Yes,1,,NA,1,Life event: Retired
384,2011-01-01,384,Female,92,1919-04-24,0.17376,Widowed,0,,,No,,,Retired,46103.0,130420,No,0,,NA,1,Created
385,2011-01-01,385,Female,53,1958-08-21,0.00312,Married,92,,2016-05-27,No,,,Permanent contract,22655.0,147792,Yes,3,,NA,1,Created
386,2011-01-01,386,Male,16,1995-10-13,0.00029,Single,0,,,No,,,Child,0.0,0,No,0,,NA,1,Created
19154,2012-10-13,386,Male,18,1995-10-13,0.00029,Single,0,,,No,,,Permanent contract,37034.0,908624,No,0,,NA,1,Life event: Adulthood
19158,2012-10-14,386,Male,18,1995-10-13,0.00029,Married,3496,10,2022-06-19,No,,,Permanent contract,37034.0,908624,No,0,,NA,1,Life event: Adulthood
387,2011-01-01,387,Female,50,1961-03-09,0.00225,Single,0,,,Yes,44.0,,Entrepreneur without personnel,28613.0,477000,No,0,,NA,1,Created
388,2011-01-01,388,Male,59,1952-07-31,0.00717,Married,76,,2029-10-19,Yes,,,Permanent contract,7907.0,187308,Yes,3,,NA,1,Created
389,2011-01-01,389,Male,40,1971-08-22,0.0009400000000000001,Single,0,,,Yes,25.0,,Permanent contract,28679.0,194557,No,0,,NA,1,Created
18879,2012-06-23,389,Male,41,1971-08-22,0.0009400000000000001,Married,3485,10,2022-05-13,Yes,25,,Permanent contract,28679.0,194557,No,0,,NA,1,Created
390,2011-01-01,390,Male,32,1979-09-02,0.00059,Married,77,,2043-03-16,Yes,,,Flexible contract,19512.0,-22543,Yes,1,,NA,1,Created
391,2011-01-01,391,Female,44,1967-06-17,0.00107,Married,93,,2055-07-17,No,,,Permanent contract,179244.0,97020,Yes,2,,NA,1,Created
16876,2011-02-09,391,Female,44,1967-06-17,0.00107,Widowed,93,,2055-07-17,No,,,Permanent contract,179244.0,97020,Yes,2,,NA,1,Life event: Widowed
392,2011-01-01,392,Female,20,1991-04-15,0.00018,Single,0,,,No,,,Permanent contract,12238.0,116125,No,0,28.0,2019-05-02,1,Created
393,2011-01-01,393,Male,28,1983-04-16,0.00045,Married,78,,2030-09-13,Yes,,,Permanent contract,23181.0,6042,No,3,,NA,1,Created
394,2011-01-01,394,Female,62,1949-05-15,0.0057399999999999994,Divorced,0,,,No,,,Permanent contract,49269.0,3374,No,0,,NA,1,Created
395,2011-01-01,395,Male,20,1991-05-28,0.00045,Single,0,,,No,,,Permanent contract,43748.0,406402,Yes,0,,NA,1,Created
18898,2012-07-04,395,Male,22,1991-05-28,0.00045,Married,3486,5,2017-05-19,No,,,Permanent contract,43748.0,406402,Yes,0,,NA,1,Created
396,2011-01-01,396,Male,19,1992-07-07,0.00033,Single,0,,,Yes,47.0,2039-11-16,Permanent contract,3584.0,666,Yes,0,,NA,1,Created
18907,2012-07-09,396,Male,21,1992-07-07,0.00033,Married,3487,56,2068-05-18,Yes,47,2039-11-16,Permanent contract,3584.0,666,Yes,0,,NA,1,Created
397,2011-01-01,397,Male,64,1947-11-12,0.01097,Single,0,,,No,,,Permanent contract,1150.0,360,No,0,,NA,1,Created
18170,2011-11-12,397,Male,65,1947-11-12,0.01097,Single,0,,,No,,,Retired,805.0,360,No,0,,NA,1,Life event: Retired
18923,2012-07-13,397,Male,65,1947-11-12,0.01097,Married,3489,50,2062-03-18,No,,,Retired,805.0,360,No,0,,NA,1,Life event: Retired
398,2011-01-01,398,Female,71,1940-07-16,0.013009999999999999,Widowed,0,,,No,,,Retired,1926.0,-23105,No,0,,NA,1,Created
399,2011-01-01,399,Male,58,1953-10-29,0.00603,Married,79,,2045-05-23,No,,,Flexible contract,89306.0,-5356,No,3,,NA,1,Created
400,2011-01-01,400,Male,74,1937-12-16,0.0295,Married,80,,2032-03-17,Yes,,,Retired,38495.0,24637,No,1,,NA,1,Created
19019,2012-08-18,400,Male,75,1937-12-16,0.0295,Widowed,80,,2032-03-17,Yes,,,Retired,38495.0,24637,No,1,,NA,1,Life event: Widowed
401,2011-01-01,401,Male,50,1961-09-04,0.00257,Single,0,,,No,,,Permanent contract,11196.0,486146,Yes,0,,NA,1,Created
18996,2012-08-09,401,Male,51,1961-09-04,0.00257,Married,3491,41,2053-09-15,No,,,Permanent contract,11196.0,486146,Yes,0,,NA,1,Created
402,2011-01-01,402,Female,62,1949-12-30,0.0057399999999999994,Married,94,,2052-03-06,No,,,Permanent contract,19299.0,5928,No,2,,NA,1,Created
403,2011-01-01,403,Male,65,1946-02-18,0.01141,Married,81,,2058-02-10,Yes,,,Flexible contract,14629.0,382608,No,2,,NA,1,Created
16927,2011-02-18,403,Male,66,1946-02-18,0.01141,Married,81,,2058-02-10,Yes,,,Retired,10240.3,382608,No,2,,NA,1,Life event: Retired
404,2011-01-01,404,Female,70,1941-06-11,0.01252,Married,95,,2013-08-31,Yes,,,Retired,20425.0,16654,Yes,1,,NA,1,Created
405,2011-01-01,405,Male,78,1933-11-24,0.04668,Widowed,0,,,No,,,Retired,142449.0,149170,Yes,0,,NA,1,Created
406,2011-01-01,406,Female,52,1959-05-01,0.00268,Married,96,,2030-06-30,Yes,,,Flexible contract,10976.0,74246,No,1,,NA,1,Created
407,2011-01-01,407,Female,48,1963-10-02,0.0018800000000000002,Single,0,,,Yes,47.0,,Flexible contract,91175.0,35366,Yes,0,,NA,1,Created
408,2011-01-01,408,Male,39,1972-10-12,0.0008699999999999999,Single,0,,,No,,,Flexible contract,14543.0,182379,No,0,,NA,1,Created
19069,2012-09-02,408,Male,40,1972-10-12,0.0008699999999999999,Married,3494,22,2034-05-25,No,,,Flexible contract,14543.0,182379,No,0,,NA,1,Created
409,2011-01-01,409,Female,16,1995-07-24,8e-05,Single,0,,,No,,,Child,0.0,0,No,0,31.0,2026-05-01,1,Created
18961,2012-07-24,409,Female,18,1995-07-24,8e-05,Single,0,,,No,,,Permanent contract,15083.0,4843,No,0,31,2026-05-01,1,Life event: Adulthood
410,2011-01-01,410,Female,50,1961-10-23,0.00225,Divorced,0,,,Yes,,,Flexible contract,16016.0,-6751,No,0,,NA,1,Created
411,2011-01-01,411,Male,71,1940-03-08,0.02034,Married,82,,2019-08-06,Yes,,,Retired,41525.0,17812,No,2,,NA,1,Created
412,2011-01-01,412,Female,17,1994-01-12,0.0001,Single,0,,,Yes,41.0,2035-02-27,Child,0.0,0,Yes,0,29.0,2023-03-13,1,Created
16724,2011-01-12,412,Female,18,1994-01-12,0.0001,Single,0,,,Yes,25,2018-10-06,Entrepreneur with personel,126.0,-1821,Yes,0,29,2023-03-13,1,Life event: Adulthood
413,2011-01-01,413,Female,9,2002-08-02,2.9999999999999997e-05,Single,0,,,Yes,32.0,2034-07-31,Child,0.0,0,Yes,0,30.0,2032-05-11,1,Created
414,2011-01-01,414,Male,20,1991-01-27,0.00045,Single,0,,,No,,,Permanent contract,36369.0,106835,Yes,0,,NA,1,Created
19185,2012-10-23,414,Male,22,1991-01-27,0.00045,Married,3498,35,2047-11-05,No,,,Permanent contract,36369.0,106835,Yes,0,,NA,1,Created
415,2011-01-01,415,Male,40,1971-06-11,0.0009400000000000001,Married,83,,2054-06-13,Yes,,,Permanent contract,16929.0,-1298,No,2,,NA,1,Created
416,2011-01-01,416,Male,42,1969-05-22,0.00128,Married,84,,2037-12-19,No,,,Permanent contract,21123.0,812302,Yes,1,,NA,1,Created
417,2011-01-01,417,Female,9,2002-10-24,2.9999999999999997e-05,Single,0,,,No,,,Child,0.0,0,Yes,0,37.0,2039-07-09,1,Created
418,2011-01-01,418,Female,10,2001-08-29,0.0001,Single,0,,,Yes,31.0,2032-07-06,Child,0.0,0,No,0,34.0,2035-10-28,1,Created
419,2011-01-01,419,Male,73,1938-02-17,0.0262,Married,85,,2014-03-17,No,,,Retired,36695.0,2215,Yes,1,,NA,1,Created
420,2011-01-01,420,Male,29,1982-08-01,0.0005200000000000001,Single,0,,,Yes,27.0,,Permanent contract,79676.0,101983,Yes,0,,NA,1,Created
19297,2012-12-06,420,Male,31,1982-08-01,0.0005200000000000001,Married,3501,1,2013-10-07,Yes,27,,Permanent contract,79676.0,101983,Yes,0,,NA,1,Created
421,2011-01-01,421,Female,12,1999-06-16,5e-05,Single,0,,,Yes,37.0,2036-03-24,Child,0.0,0,No,0,34.0,2033-12-02,1,Created
422,2011-01-01,422,Male,31,1980-08-25,0.00041,Married,86,,2039-11-10,Yes,,,Unemployed,7526.0,379835,Yes,3,,NA,1,Created
423,2011-01-01,423,Male,39,1972-08-09,0.0008699999999999999,Married,87,,2049-08-31,No,,,Permanent contract,34379.0,3159,No,1,,NA,1,Created
424,2011-01-01,424,Female,3,2008-05-09,0.00013000000000000002,Single,0,,,Yes,25.0,2033-12-04,Child,0.0,0,Yes,0,21.0,2029-05-20,1,Created
425,2011-01-01,425,Female,55,1956-02-12,0.00372,Married,97,,2038-04-28,No,,,Permanent contract,18387.0,4487,No,2,,NA,1,Created
426,2011-01-01,426,Male,35,1976-11-12,0.00055,Single,0,,,Yes,30.0,,Entrepreneur with personel,3044.0,-323,Yes,0,,NA,1,Created
19306,2012-12-08,426,Male,37,1976-11-12,0.00055,Married,3502,32,2044-07-19,Yes,30,,Entrepreneur with personel,3044.0,-323,Yes,0,,NA,1,Created
427,2011-01-01,427,Male,20,1991-12-08,0.00045,Single,0,,,Yes,45.0,2036-10-24,Permanent contract,29623.0,58805,No,0,,NA,1,Created
428,2011-01-01,428,Female,101,1910-11-06,1.0,Widowed,0,,,No,,,Retired,27627.0,162667,No,0,,NA,1,Created
429,2011-01-01,429,Female,20,1991-11-11,0.00018,Single,0,,,No,,,Flexible contract,9864.0,27751,Yes,0,24.0,2015-05-11,1,Created
430,2011-01-01,430,Female,47,1964-06-14,0.00168,Single,0,,,Yes,42.0,,Unemployed,11081.0,459905,No,0,,NA,1,Created
431,2011-01-01,431,Female,75,1936-08-04,0.01986,Married,98,,2061-07-23,Yes,,,Retired,34774.0,237793,No,1,,NA,1,Created
432,2011-01-01,432,Male,35,1976-04-28,0.00055,Married,88,,2044-03-10,No,,,Unemployed,52604.0,16315,Yes,2,,NA,1,Created
433,2011-01-01,433,Female,28,1983-05-20,0.00025,Single,0,,,Yes,56.0,2039-02-17,Permanent contract,12652.0,-39883,Yes,0,30.0,2013-05-06,1,Created
434,2011-01-01,434,Female,40,1971-02-14,0.0006900000000000001,Single,0,,,No,,,Permanent contract,105224.0,57120,Yes,0,,NA,1,Created
435,2011-01-01,435,Female,47,1964-04-28,0.00168,Married,99,,2047-11-07,Yes,,,Flexible contract,40937.0,366,No,3,,NA,1,Created
19324,2012-12-17,435,Female,49,1964-04-28,0.00168,Widowed,99,,2047-11-07,Yes,,,Flexible contract,40937.0,366,No,3,,NA,1,Life event: Widowed
436,2011-01-01,436,Male,6,2005-12-22,5.9999999999999995e-05,Single,0,,,Yes,38.0,2043-06-12,Child,0.0,0,Yes,0,,NA,1,Created
437,2011-01-01,437,Female,22,1989-10-22,0.00023999999999999998,Single,0,,,No,,,Entrepreneur without personnel,42518.0,-4734,Yes,0,24.0,2013-10-22,1,Created
438,2011-01-01,438,Male,21,1990-12-25,0.00045,Single,0,,,Yes,26.0,2016-06-24,Entrepreneur without personnel,43785.0,22201,Yes,0,,NA,1,Created
439,2011-01-01,439,Female,1,2010-09-24,0.00033999999999999997,Single,0,,,No,,,Child,0.0,0,Yes,0,21.0,2031-04-10,1,Created
440,2011-01-01,440,Female,54,1957-11-17,0.00313,Married,100,,2058-05-28,Yes,,,Permanent contract,19493.0,173377,Yes,2,,NA,1,Created
441,2011-01-01,441,Female,14,1997-01-15,9e-05,Single,0,,,No,,,Child,0.0,0,No,0,34.0,2031-11-11,1,Created
442,2011-01-01,442,Female,13,1998-07-17,0.00011999999999999999,Single,0,,,Yes,52.0,2050-11-30,Child,0.0,0,Yes,0,35.0,2033-08-19,1,Created
443,2011-01-01,443,Female,7,2004-04-15,7e-05,Single,0,,,No,,,Child,0.0,0,No,0,38.0,2042-04-15,1,Created
444,2011-01-01,444,Female,73,1938-07-26,0.01577,Widowed,0,,,Yes,,,Retired,6027.0,260186,Yes,0,,NA,1,Created
445,2011-01-01,445,Male,45,1966-05-16,0.0014199999999999998,Married,89,,2041-08-13,No,,,Flexible contract,7669.0,195397,Yes,2,,NA,1,Created
446,2011-01-01,446,Female,7,2004-04-01,7e-05,Single,0,,,No,,,Child,0.0,0,Yes,0,21.0,2025-06-26,1,Created
447,2011-01-01,447,Female,35,1976-06-28,0.00033999999999999997,Single,0,,,Yes,39.0,2015-01-05,Flexible contract,94737.0,120274,Yes,0,,NA,1,Created
448,2011-01-01,448,Female,47,1964-02-08,0.00168,Married,101,,2055-07-23,No,,,Flexible contract,19680.0,133863,Yes,3,,NA,1,Created
449,2011-01-01,449,Male,64,1947-04-14,0.01097,Married,90,,2060-01-01,No,,,Permanent contract,30183.0,359478,Yes,1,,NA,1,Created
17207,2011-04-14,449,Male,65,1947-04-14,0.01097,Married,90,,2060-01-01,No,,,Retired,21128.1,359478,Yes,1,,NA,1,Life event: Retired
450,2011-01-01,450,Female,35,1976-07-11,0.00033999999999999997,Single,0,,,Yes,33.0,,Permanent contract,878.0,4145140,Yes,0,,NA,1,Created
451,2011-01-01,451,Female,24,1987-10-28,0.00018999999999999998,Single,0,,,No,,,Permanent contract,5942.0,217293,No,0,39.0,2026-12-23,1,Created
452,2011-01-01,452,Male,29,1982-01-11,0.0005200000000000001,Single,0,,,No,,,Permanent contract,22495.0,46,No,0,,NA,1,Created
453,2011-01-01,453,Female,14,1997-09-15,9e-05,Single,0,,,Yes,34.0,2031-02-27,Child,0.0,0,No,0,36.0,2033-01-14,1,Created
454,2011-01-01,454,Female,8,2003-05-08,2.9999999999999997e-05,Single,0,,,Yes,30.0,2033-04-29,Child,0.0,0,No,0,30.0,2033-10-28,1,Created
455,2011-01-01,455,Female,40,1971-12-15,0.0006900000000000001,Married,102,,2063-11-13,Yes,,,Permanent contract,16080.0,122419,Yes,1,,NA,1,Created
456,2011-01-01,456,Female,42,1969-09-05,0.001,Married,103,,2026-11-19,No,,,Permanent contract,48359.0,437,Yes,1,,NA,1,Created
457,2011-01-01,457,Female,54,1957-09-23,0.00313,Married,104,,2022-08-02,No,,,Permanent contract,17979.0,78926,Yes,1,,NA,1,Created
458,2011-01-01,458,Male,83,1928-02-20,0.08242999999999999,Widowed,0,,,No,,,Retired,30259.0,12531,No,0,,NA,1,Created
18572,2012-03-07,458,Male,85,1928-02-20,0.08242999999999999,Widowed,0,,,No,,,Retired,30259.0,12531,No,0,,NA,0,Life event: Deceased
459,2011-01-01,459,Male,5,2006-07-23,9e-05,Single,0,,,Yes,29.0,2035-07-16,Child,0.0,0,Yes,0,,NA,1,Created
460,2011-01-01,460,Female,29,1982-07-29,0.00032,Single,0,,,No,,,Permanent contract,6409.0,186455,Yes,0,32.0,2014-11-03,1,Created
461,2011-01-01,461,Male,38,1973-10-25,0.0009599999999999999,Single,0,,,No,,,Permanent contract,8518.0,3285,Yes,0,,NA,1,Created
462,2011-01-01,462,Female,45,1966-04-14,0.00134,Married,105,,2040-07-05,No,,,Permanent contract,22776.0,473811,No,2,,NA,1,Created
463,2011-01-01,463,Male,50,1961-10-22,0.00257,Married,91,,2057-01-11,No,,,Unemployed,39107.0,408706,Yes,1,,NA,1,Created
464,2011-01-01,464,Female,35,1976-12-06,0.00033999999999999997,Married,106,,2049-09-23,No,,,Permanent contract,29940.0,-2494,Yes,1,35.0,2011-12-10,1,Created
18280,2011-12-10,464,Female,36,1976-12-06,0.00033999999999999997,Married,106,,2049-09-23,No,,,Permanent contract,29940.0,-2494,Yes,3,35,2011-12-10,1,Life event: Children born
465,2011-01-01,465,Male,75,1936-05-14,0.033710000000000004,Widowed,0,,,Yes,,,Retired,39226.0,377322,Yes,0,,NA,1,Created
466,2011-01-01,466,Female,19,1992-12-21,0.00014,Single,0,,,Yes,28.0,2020-12-16,Permanent contract,47302.0,4249,No,0,32.0,2024-02-13,1,Created
467,2011-01-01,467,Male,42,1969-11-04,0.00128,Single,0,,,No,,,Permanent contract,9673.0,-48626,No,0,,NA,1,Created
468,2011-01-01,468,Male,56,1955-09-25,0.0052,Married,92,,2016-05-27,Yes,,,Permanent contract,5908.0,-3491,Yes,3,,NA,1,Created
469,2011-01-01,469,Male,35,1976-02-27,0.00055,Single,0,,,Yes,31.0,,Permanent contract,18119.0,-47796,No,0,,NA,1,Created
470,2011-01-01,470,Female,64,1947-05-06,0.00713,Widowed,0,,,Yes,,,Permanent contract,76197.0,930,No,0,,NA,1,Created
17306,2011-05-06,470,Female,65,1947-05-06,0.00713,Widowed,0,,,Yes,,,Retired,53337.899999999994,930,No,0,,NA,1,Life event: Retired
471,2011-01-01,471,Male,26,1985-09-25,1.0,Married,93,,2055-07-17,Yes,,,Entrepreneur with personel,94227.0,193218,Yes,2,,NA,1,Created
16875,2011-02-09,471,Male,26,1985-09-25,1.0,Married,93,,2055-07-17,Yes,,,Entrepreneur with personel,94227.0,193218,Yes,2,,NA,0,Life event: Deceased
472,2011-01-01,472,Male,13,1998-07-21,0.00014,Single,0,,,Yes,26.0,2024-08-22,Child,0.0,0,Yes,0,,NA,1,Created
473,2011-01-01,473,Male,48,1963-07-07,0.0021100000000000003,Married,94,,2052-03-06,Yes,,,Entrepreneur without personnel,34134.0,158166,No,2,,NA,1,Created
474,2011-01-01,474,Male,14,1997-10-14,0.00014,Single,0,,,Yes,35.0,2032-02-14,Child,0.0,0,Yes,0,,NA,1,Created
475,2011-01-01,475,Female,47,1964-04-02,0.00168,Married,107,,2047-09-19,Yes,,,Flexible contract,13463.0,350433,Yes,1,,NA,1,Created
476,2011-01-01,476,Male,36,1975-02-18,0.0006,Single,0,,,No,,,Entrepreneur without personnel,4339.0,419486,No,0,,NA,1,Created
477,2011-01-01,477,Female,19,1992-03-12,0.00014,Single,0,,,No,,,Entrepreneur with personel,30677.0,28544,No,0,29.0,2021-11-30,1,Created
478,2011-01-01,478,Female,38,1973-04-29,0.00063,Single,0,,,No,,,Permanent contract,16450.0,130264,No,0,,NA,1,Created
479,2011-01-01,479,Male,49,1962-04-20,0.00242,Married,95,,2013-08-31,Yes,,,Entrepreneur without personnel,11961.0,-28236,Yes,1,,NA,1,Created
480,2011-01-01,480,Male,38,1973-03-27,0.0009599999999999999,Married,96,,2030-06-30,Yes,,,Unemployed,22911.0,131376,No,1,,NA,1,Created
481,2011-01-01,481,Female,81,1930-12-16,0.04307,Widowed,0,,,Yes,,,Retired,15240.0,177614,No,0,,NA,1,Created
482,2011-01-01,482,Male,21,1990-01-22,0.00045,Single,0,,,Yes,31.0,2021-05-16,Flexible contract,17357.0,486216,No,0,,NA,1,Created
483,2011-01-01,483,Male,49,1962-12-22,0.00242,Single,0,,,No,,,Permanent contract,6573.0,21320,Yes,0,,NA,1,Created
484,2011-01-01,484,Male,70,1941-06-06,0.01932,Married,97,,2038-04-28,No,,,Retired,13408.0,95287,No,2,,NA,1,Created
485,2011-01-01,485,Male,50,1961-01-21,0.00257,Married,98,,2061-07-23,Yes,,,Flexible contract,67533.0,395063,No,1,,NA,1,Created
486,2011-01-01,486,Female,56,1955-04-14,0.0041,Married,108,,2048-01-14,No,,,Permanent contract,35009.0,930,No,2,,NA,1,Created
487,2011-01-01,487,Male,26,1985-11-21,1.0,Married,99,,2047-11-07,Yes,,,Entrepreneur with personel,9667.0,4651765,No,3,,NA,1,Created
19323,2012-12-17,487,Male,28,1985-11-21,1.0,Married,99,,2047-11-07,Yes,,,Entrepreneur with personel,9667.0,4651765,No,3,,NA,0,Life event: Deceased
488,2011-01-01,488,Male,61,1950-08-19,0.00747,Single,0,,,No,,,Permanent contract,13655.0,751,No,0,,NA,1,Created
489,2011-01-01,489,Male,44,1967-08-30,0.0013599999999999999,Married,100,,2058-05-28,No,,,Permanent contract,1430.0,466,Yes,2,,NA,1,Created
490,2011-01-01,490,Male,51,1960-03-06,0.00301,Married,101,,2055-07-23,Yes,,,Flexible contract,12402.0,442135,Yes,3,,NA,1,Created
491,2011-01-01,491,Female,21,1990-01-08,0.00016,Single,0,,,Yes,21.0,2011-06-02,Permanent contract,28245.0,308956,No,0,33.0,2023-05-17,1,Created
17444,2011-06-02,491,Female,22,1990-01-08,0.00016,Married,3441,33,2044-11-27,Yes,21,2011-06-02,Permanent contract,28245.0,308956,No,0,33,2023-05-17,1,Life event: Married
492,2011-01-01,492,Male,10,2001-10-15,0.00011999999999999999,Single,0,,,Yes,32.0,2033-01-04,Child,0.0,0,No,0,,NA,1,Created
493,2011-01-01,493,Female,80,1931-04-11,0.03682,Widowed,0,,,No,,,Retired,4683.0,158969,No,0,,NA,1,Created
494,2011-01-01,494,Male,52,1959-05-04,0.00314,Married,102,,2063-11-13,Yes,,,Unemployed,50625.0,19267,Yes,1,,NA,1,Created
495,2011-01-01,495,Female,73,1938-06-01,0.01577,Widowed,0,,,No,,,Retired,39394.0,-16158,Yes,0,,NA,1,Created
18189,2011-11-17,495,Female,74,1938-06-01,0.01577,Widowed,0,,,No,,,Retired,39394.0,-16158,Yes,0,,NA,0,Life event: Deceased
496,2011-01-01,496,Female,36,1975-12-18,0.00049,Married,109,,2061-08-17,Yes,,,Permanent contract,131829.0,105806,Yes,2,39.0,2014-10-19,1,Created
497,2011-01-01,497,Female,21,1990-01-11,0.00016,Single,0,,,Yes,35.0,2025-03-25,Permanent contract,1915.0,-4825,Yes,0,35.0,2025-01-14,1,Created
498,2011-01-01,498,Male,33,1978-03-10,0.00047999999999999996,Married,103,,2026-11-19,Yes,,,Permanent contract,22690.0,822149,Yes,1,,NA,1,Created
499,2011-01-01,499,Female,32,1979-04-27,0.00041,Single,0,,,No,,,Permanent contract,19342.0,163591,Yes,0,,NA,1,Created
500,2011-01-01,500,Female,49,1962-12-17,0.00193,Single,0,,,Yes,26.0,,Permanent contract,3576.0,18973,Yes,0,,NA,1,Created
501,2011-01-01,501,Female,26,1985-11-21,1.0,Single,0,,,Yes,32.0,2017-10-24,Permanent contract,75717.0,781376,No,0,31.0,2016-08-19,1,Created
17235,2011-04-19,501,Female,26,1985-11-21,1.0,Single,0,,,Yes,32,2017-10-24,Permanent contract,75717.0,781376,No,0,31,2016-08-19,0,Life event: Deceased
502,2011-01-01,502,Male,2,2009-09-14,0.00021,Single,0,,,No,,,Child,0.0,0,Yes,0,,NA,1,Created
503,2011-01-01,503,Male,6,2005-01-07,5.9999999999999995e-05,Single,0,,,No,,,Child,0.0,0,No,0,,NA,1,Created
504,2011-01-01,504,Female,52,1959-08-30,0.00268,Married,110,,2030-01-26,No,,,Family business,10598.0,553,Yes,1,,NA,1,Created
505,2011-01-01,505,Female,20,1991-02-04,0.00018,Single,0,,,Yes,20.0,2011-11-09,Flexible contract,48510.0,467446,No,0,33.0,2024-02-12,1,Created
18156,2011-11-09,505,Female,21,1991-02-04,0.00018,Married,3466,2,2013-10-16,Yes,20,2011-11-09,Flexible contract,48510.0,467446,No,0,33,2024-02-12,1,Life event: Married
506,2011-01-01,506,Male,58,1953-12-15,0.00603,Single,0,,,No,,,Permanent contract,19491.0,278470,Yes,0,,NA,1,Created
507,2011-01-01,507,Female,36,1975-06-27,0.00049,Married,111,,2041-09-10,Yes,,,Permanent contract,36205.0,83552,Yes,1,,NA,1,Created
508,2011-01-01,508,Male,46,1965-08-08,0.00172,Married,104,,2022-08-02,Yes,,,Flexible contract,12598.0,217421,Yes,1,,NA,1,Created
509,2011-01-01,509,Male,51,1960-06-18,0.00301,Divorced,0,,,No,,,Permanent contract,29716.0,966,Yes,0,,NA,1,Created
510,2011-01-01,510,Female,15,1996-01-18,8e-05,Single,0,,,Yes,21.0,2017-01-04,Child,0.0,0,No,0,21.0,2017-03-18,1,Created
511,2011-01-01,511,Female,19,1992-02-25,0.00014,Single,0,,,No,,,Permanent contract,2387.0,122819,No,0,25.0,2017-06-21,1,Created
512,2011-01-01,512,Female,30,1981-10-13,0.00027,Single,0,,,No,,,Permanent contract,37257.0,20906,No,0,31.0,2012-03-07,1,Created
513,2011-01-01,513,Male,50,1961-09-28,0.00257,Single,0,,,No,,,Permanent contract,29744.0,379936,Yes,0,,NA,1,Created
514,2011-01-01,514,Male,41,1970-01-02,0.0008900000000000001,Single,0,,,Yes,52.0,2022-03-23,Permanent contract,13752.0,142240,No,0,,NA,1,Created
515,2011-01-01,515,Female,10,2001-11-06,0.0001,Single,0,,,No,,,Child,0.0,0,Yes,0,28.0,2029-04-05,1,Created
516,2011-01-01,516,Male,4,2007-08-30,0.00011,Single,0,,,Yes,26.0,2033-06-26,Child,0.0,0,No,0,,NA,1,Created
517,2011-01-01,517,Male,5,2006-11-24,9e-05,Single,0,,,No,,,Child,0.0,0,Yes,0,,NA,1,Created
518,2011-01-01,518,Male,50,1961-02-18,0.00257,Married,105,,2040-07-05,No,,,Entrepreneur without personnel,29543.0,724012,No,2,,NA,1,Created
519,2011-01-01,519,Female,7,2004-06-03,7e-05,Single,0,,,No,,,Child,0.0,0,Yes,0,23.0,2027-01-07,1,Created
520,2011-01-01,520,Female,25,1986-02-09,0.00022999999999999998,Single,0,,,Yes,25.0,2011-06-28,Permanent contract,45347.0,4284,Yes,0,35.0,2021-03-08,1,Created
17580,2011-06-28,520,Female,26,1986-02-09,0.00022999999999999998,Married,3442,25,2036-07-21,Yes,25,2011-06-28,Permanent contract,45347.0,4284,Yes,0,35,2021-03-08,1,Life event: Married
521,2011-01-01,521,Female,55,1956-09-12,0.00372,Married,112,,2026-11-28,No,,,Permanent contract,3156.0,4791,No,1,,NA,1,Created
522,2011-01-01,522,Male,0,2011-04-28,0.0036200000000000004,Single,0,,,Yes,27.0,2038-06-05,Child,0.0,0,Yes,0,,NA,1,Created
523,2011-01-01,523,Male,75,1936-03-24,0.033710000000000004,Married,106,,2049-09-23,No,,,Retired,14598.0,-2330,Yes,1,,NA,1,Created
524,2011-01-01,524,Male,8,2003-09-04,9e-05,Single,0,,,No,,,Child,0.0,0,Yes,0,,NA,1,Created
525,2011-01-01,525,Male,14,1997-03-17,0.00014,Single,0,,,Yes,25.0,2022-04-26,Child,0.0,0,No,0,,NA,1,Created
526,2011-01-01,526,Male,5,2006-07-03,9e-05,Single,0,,,No,,,Child,0.0,0,No,0,,NA,1,Created
527,2011-01-01,527,Female,72,1939-07-31,0.01411,Widowed,0,,,Yes,,,Retired,23552.0,-11726,Yes,0,,NA,1,Created
528,2011-01-01,528,Female,24,1987-08-28,0.00018999999999999998,Single,0,,,Yes,24.0,2011-05-18,Permanent contract,35198.0,362,No,0,28.0,2015-02-07,1,Created
17375,2011-05-18,528,Female,24,1987-08-28,0.00018999999999999998,Married,3438,32,2043-08-28,Yes,24,2011-05-18,Permanent contract,35198.0,362,No,0,28,2015-02-07,1,Life event: Married
529,2011-01-01,529,Male,11,2000-05-28,9e-05,Single,0,,,No,,,Child,0.0,0,No,0,,NA,1,Created
530,2011-01-01,530,Male,40,1971-04-27,0.0009400000000000001,Married,107,,2047-09-19,No,,,Flexible contract,81042.0,564,Yes,1,,NA,1,Created
531,2011-01-01,531,Male,56,1955-12-08,0.0052,Single,0,,,No,,,Permanent contract,81611.0,758215,Yes,0,,NA,1,Created
532,2011-01-01,532,Male,59,1952-06-02,0.00717,Divorced,0,,,Yes,,,Permanent contract,31699.0,1624,Yes,0,,NA,1,Created
533,2011-01-01,533,Male,76,1935-03-25,0.0375,Married,108,,2048-01-14,No,,,Retired,15663.0,37070,No,2,,NA,1,Created
534,2011-01-01,534,Female,11,2000-09-26,7e-05,Single,0,,,No,,,Child,0.0,0,Yes,0,29.0,2029-12-27,1,Created
535,2011-01-01,535,Male,53,1958-03-10,0.0033299999999999996,Married,109,,2061-08-17,Yes,,,Entrepreneur with personel,17939.0,191815,Yes,2,,NA,1,Created
536,2011-01-01,536,Male,56,1955-06-23,0.0052,Married,110,,2030-01-26,No,,,Entrepreneur with personel,13558.0,-34392,Yes,1,,NA,1,Created
537,2011-01-01,537,Female,49,1962-08-08,0.00193,Single,0,,,No,,,Permanent contract,24281.0,456044,No,0,,NA,1,Created
538,2011-01-01,538,Male,6,2005-03-23,5.9999999999999995e-05,Single,0,,,No,,,Child,0.0,0,No,0,,NA,1,Created
539,2011-01-01,539,Male,43,1968-01-10,0.00103,Married,111,,2041-09-10,Yes,,,Entrepreneur with personel,49198.0,6324,Yes,1,,NA,1,Created
540,2011-01-01,540,Female,88,1923-06-19,0.10577,Widowed,0,,,Yes,,,Retired,36594.0,132310,Yes,0,,NA,1,Created
541,2011-01-01,541,Female,8,2003-05-12,2.9999999999999997e-05,Single,0,,,Yes,28.0,2031-12-12,Child,0.0,0,No,0,34.0,2037-05-22,1,Created
542,2011-01-01,542,Male,103,1908-07-23,1.0,Widowed,0,,,Yes,,,Retired,65472.0,39118,No,0,,NA,1,Created
17666,2011-07-18,542,Male,103,1908-07-23,1.0,Widowed,0,,,Yes,,,Retired,65472.0,39118,No,0,,NA,0,Life event: Deceased
543,2011-01-01,543,Female,9,2002-11-02,2.9999999999999997e-05,Single,0,,,Yes,26.0,2028-11-18,Child,0.0,0,Yes,0,37.0,2039-03-20,1,Created
544,2011-01-01,544,Female,33,1978-03-11,0.00035,Married,113,,2052-09-01,No,,,Flexible contract,22218.0,778738,Yes,1,,NA,1,Created
545,2011-01-01,545,Male,35,1976-03-06,0.00055,Married,112,,2026-11-28,Yes,,,Permanent contract,42907.0,79978,No,1,,NA,1,Created
546,2011-01-01,546,Male,48,1963-12-14,0.0021100000000000003,Married,113,,2052-09-01,Yes,,,Permanent contract,49251.0,737,Yes,1,,NA,1,Created
547,2011-01-01,547,Female,56,1955-08-23,0.0041,Single,0,,,No,,,Permanent contract,5450.0,-7523,Yes,0,,NA,1,Created
548,2011-01-01,548,Female,70,1941-02-02,0.01252,Married,114,,2037-09-30,Yes,,,Retired,26637.0,53487,Yes,2,,NA,1,Created
549,2011-01-01,549,Female,74,1937-07-28,0.0185,Single,0,,,No,,,Retired,38158.0,87981,No,0,,NA,1,Created
550,2011-01-01,550,Male,103,1908-09-02,1.0,Widowed,0,,,No,,,Retired,16454.0,-21128,No,0,,NA,1,Created
16740,2011-01-15,550,Male,103,1908-09-02,1.0,Widowed,0,,,No,,,Retired,16454.0,-21128,No,0,,NA,0,Life event: Deceased
551,2011-01-01,551,Male,33,1978-01-21,0.00047999999999999996,Single,0,,,No,,,Flexible contract,85258.0,454609,Yes,0,,NA,1,Created
552,2011-01-01,552,Male,86,1925-06-27,0.1126,Widowed,0,,,No,,,Retired,163.0,995798,Yes,0,,NA,1,Created
18495,2012-02-05,552,Male,87,1925-06-27,0.1126,Widowed,0,,,No,,,Retired,163.0,995798,Yes,0,,NA,0,Life event: Deceased
553,2011-01-01,553,Female,49,1962-05-09,0.00193,Married,115,,2051-04-08,Yes,,,Entrepreneur without personnel,2040.0,228857,Yes,3,,NA,1,Created
554,2011-01-01,554,Male,26,1985-08-15,1.0,Single,0,,,No,,,Permanent contract,27507.0,-31845,Yes,0,,NA,1,Created
17854,2011-08-26,554,Male,27,1985-08-15,1.0,Single,0,,,No,,,Permanent contract,27507.0,-31845,Yes,0,,NA,0,Life event: Deceased
555,2011-01-01,555,Male,48,1963-05-15,0.0021100000000000003,Married,114,,2037-09-30,Yes,,,Flexible contract,20572.0,90221,Yes,2,,NA,1,Created
556,2011-01-01,556,Female,48,1963-08-08,0.0018800000000000002,Married,116,,2023-07-29,No,,,Permanent contract,10504.0,3527,Yes,3,,NA,1,Created
557,2011-01-01,557,Male,57,1954-02-01,0.00572,Married,115,,2051-04-08,Yes,,,Entrepreneur without personnel,34463.0,173925,Yes,3,,NA,1,Created
558,2011-01-01,558,Female,58,1953-05-22,0.00448,Divorced,0,,,No,,,Permanent contract,77281.0,14222,No,0,,NA,1,Created
559,2011-01-01,559,Male,61,1950-02-10,0.00747,Married,116,,2023-07-29,Yes,,,Permanent contract,208.0,64547,Yes,3,,NA,1,Created
560,2011-01-01,560,Female,7,2004-12-25,7e-05,Single,0,,,Yes,32.0,2036-11-15,Child,0.0,0,No,0,40.0,2044-12-04,1,Created
561,2011-01-01,561,Female,72,1939-08-07,0.01411,Married,117,,2045-02-07,No,,,Retired,82581.0,283940,Yes,2,,NA,1,Created
562,2011-01-01,562,Female,15,1996-12-20,8e-05,Single,0,,,No,,,Child,0.0,0,Yes,0,33.0,2029-01-16,1,Created
563,2011-01-01,563,Male,29,1982-02-04,0.0005200000000000001,Single,0,,,No,,,Flexible contract,9558.0,101714,Yes,0,,NA,1,Created
564,2011-01-01,564,Male,37,1974-05-21,0.00082,Married,117,,2045-02-07,Yes,,,Permanent contract,39737.0,13714,Yes,2,,NA,1,Created
565,2011-01-01,565,Male,43,1968-08-29,0.00103,Married,118,,2027-03-24,No,,,Flexible contract,24575.0,3743,Yes,1,,NA,1,Created
566,2011-01-01,566,Male,20,1991-07-18,0.00045,Single,0,,,No,,,Permanent contract,21082.0,194041,Yes,0,,NA,1,Created
567,2011-01-01,567,Male,35,1976-05-10,0.00055,Single,0,,,Yes,25.0,,Flexible contract,9342.0,817509,No,0,,NA,1,Created
568,2011-01-01,568,Male,41,1970-12-17,0.0008900000000000001,Divorced,0,,,No,,,Unemployed,16419.0,-35715,No,0,,NA,1,Created
569,2011-01-01,569,Female,23,1988-03-28,0.0001,Single,0,,,No,,,Flexible contract,26367.0,-39721,Yes,0,33.0,2021-02-06,1,Created
570,2011-01-01,570,Female,18,1993-07-13,0.00023999999999999998,Single,0,,,Yes,47.0,2040-12-09,Permanent contract,24996.0,-23532,Yes,0,34.0,2027-11-27,1,Created
571,2011-01-01,571,Female,76,1935-05-08,0.02337,Widowed,0,,,No,,,Retired,55786.0,57675,Yes,0,,NA,1,Created
572,2011-01-01,572,Female,7,2004-09-28,7e-05,Single,0,,,No,,,Child,0.0,0,Yes,0,27.0,2031-10-25,1,Created
573,2011-01-01,573,Male,51,1960-01-12,0.00301,Married,119,,2017-06-28,No,,,Permanent contract,39823.0,74262,No,2,,NA,1,Created
574,2011-01-01,574,Female,73,1938-04-09,0.01577,Married,118,,2027-03-24,No,,,Retired,88263.0,21759,Yes,1,,NA,1,Created
575,2011-01-01,575,Male,20,1991-05-02,0.00045,Married,120,,2038-06-12,No,,,Permanent contract,2072.0,2947,No,2,,NA,1,Created
576,2011-01-01,576,Female,40,1971-08-22,0.0006900000000000001,Single,0,,,Yes,32.0,,Flexible contract,6853.0,30605,No,0,,NA,1,Created
577,2011-01-01,577,Male,32,1979-11-29,0.00059,Single,0,,,Yes,42.0,2021-04-09,Permanent contract,19993.0,327369,No,0,,NA,1,Created
578,2011-01-01,578,Male,41,1970-08-14,0.0008900000000000001,Married,121,,2014-07-20,Yes,,,Entrepreneur without personnel,27751.0,8733,No,2,,NA,1,Created
579,2011-01-01,579,Female,45,1966-01-04,0.00134,Divorced,0,,,No,,,Entrepreneur with personel,22170.0,3104,No,0,,NA,1,Created
580,2011-01-01,580,Male,23,1988-12-24,0.00039,Single,0,,,Yes,37.0,2025-08-06,Permanent contract,2727.0,52,No,0,,NA,1,Created
581,2011-01-01,581,Female,18,1993-10-15,0.00023999999999999998,Single,0,,,No,,,Permanent contract,73102.0,155,No,0,33.0,2026-10-19,1,Created
582,2011-01-01,582,Male,27,1984-10-02,0.00044,Married,122,,2028-09-10,No,,,Permanent contract,2867.0,-31679,Yes,3,,NA,1,Created
583,2011-01-01,583,Female,6,2005-05-12,8e-05,Single,0,,,No,,,Child,0.0,0,No,0,32.0,2037-12-19,1,Created
584,2011-01-01,584,Male,52,1959-09-09,0.00314,Single,0,,,Yes,32.0,,Permanent contract,4333.0,807,Yes,0,,NA,1,Created
585,2011-01-01,585,Female,39,1972-12-05,0.00074,Single,0,,,Yes,45.0,2017-10-27,Entrepreneur without personnel,28184.0,-4280,Yes,0,,NA,1,Created
586,2011-01-01,586,Male,41,1970-07-24,0.0008900000000000001,Married,123,,2031-07-30,Yes,,,Permanent contract,18742.0,-20228,Yes,2,,NA,1,Created
587,2011-01-01,587,Male,26,1985-02-11,1.0,Single,0,,,Yes,27.0,2012-06-09,Permanent contract,5096.0,461700,Yes,0,,NA,1,Created
18436,2012-01-17,587,Male,27,1985-02-11,1.0,Single,0,,,Yes,27,2012-06-09,Permanent contract,5096.0,461700,Yes,0,,NA,0,Life event: Deceased
588,2011-01-01,588,Female,75,1936-05-21,0.01986,Widowed,0,,,Yes,,,Retired,8031.0,305053,Yes,0,,NA,1,Created
589,2011-01-01,589,Female,53,1958-05-28,0.00312,Married,119,,2017-06-28,No,,,Permanent contract,24121.0,251600,No,2,,NA,1,Created
590,2011-01-01,590,Female,30,1981-04-10,0.00027,Single,0,,,No,,,Permanent contract,55007.0,795,Yes,0,33.0,2014-07-09,1,Created
591,2011-01-01,591,Male,2,2009-06-28,0.00021,Single,0,,,Yes,22.0,2031-05-17,Child,0.0,0,No,0,,NA,1,Created
592,2011-01-01,592,Male,38,1973-03-14,0.0009599999999999999,Divorced,0,,,Yes,,,Flexible contract,17603.0,-15262,No,0,,NA,1,Created
593,2011-01-01,593,Male,36,1975-10-05,0.0006,Married,124,,2052-08-19,No,,,Permanent contract,37399.0,6494,No,3,,NA,1,Created
594,2011-01-01,594,Female,4,2007-03-24,5.9999999999999995e-05,Single,0,,,No,,,Child,0.0,0,Yes,0,28.0,2035-10-09,1,Created
595,2011-01-01,595,Male,56,1955-10-20,0.0052,Single,0,,,No,,,Permanent contract,23859.0,3179,Yes,0,,NA,1,Created
596,2011-01-01,596,Female,25,1986-06-11,0.00022999999999999998,Single,0,,,Yes,33.0,2019-08-14,Permanent contract,37077.0,915,No,0,33.0,2019-01-29,1,Created
597,2011-01-01,597,Female,97,1914-03-05,0.27028,Married,120,,2038-06-12,Yes,,,Retired,13246.0,382026,No,2,,NA,1,Created
598,2011-01-01,598,Female,0,2011-08-27,0.0028899999999999998,Single,0,,,No,,,Child,0.0,0,Yes,0,29.0,2040-12-19,1,Created
599,2011-01-01,599,Male,18,1993-04-14,0.00032,Single,0,,,Yes,50.0,2043-10-07,Entrepreneur with personel,48594.0,157889,Yes,0,,NA,1,Created
600,2011-01-01,600,Male,5,2006-03-01,9e-05,Single,0,,,No,,,Child,0.0,0,Yes,0,,NA,1,Created
601,2011-01-01,601,Female,54,1957-04-19,0.00313,Married,121,,2014-07-20,No,,,Flexible contract,41175.0,15457,No,2,,NA,1,Created
602,2011-01-01,602,Female,43,1968-08-20,0.0009699999999999999,Married,122,,2028-09-10,No,,,Permanent contract,8377.0,145620,Yes,3,,NA,1,Created
603,2011-01-01,603,Female,15,1996-01-15,8e-05,Single,0,,,Yes,35.0,2031-03-25,Child,0.0,0,No,0,33.0,2029-07-03,1,Created
604,2011-01-01,604,Female,37,1974-04-03,0.00057,Married,123,,2031-07-30,Yes,,,Permanent contract,10858.0,21459,Yes,2,40.0,2014-12-16,1,Created
605,2011-01-01,605,Female,22,1989-07-10,0.00023999999999999998,Single,0,,,Yes,46.0,2035-07-08,Flexible contract,7218.0,885272,No,0,30.0,2019-08-07,1,Created
606,2011-01-01,606,Male,59,1952-12-22,0.00717,Married,125,,2043-11-13,No,,,Permanent contract,20133.0,2143868,No,2,,NA,1,Created
607,2011-01-01,607,Female,22,1989-02-03,0.00023999999999999998,Single,0,,,Yes,34.0,2023-03-10,Entrepreneur without personnel,46275.0,20951,No,0,29.0,2018-06-24,1,Created
608,2011-01-01,608,Female,38,1973-01-06,0.00063,Married,124,,2052-08-19,Yes,,,Entrepreneur without personnel,33737.0,-4564,No,3,,NA,1,Created
609,2011-01-01,609,Female,43,1968-06-09,0.0009699999999999999,Married,125,,2043-11-13,No,,,Permanent contract,39440.0,386801,No,2,,NA,1,Created
610,2011-01-01,610,Male,13,1998-11-09,0.00014,Single,0,,,No,,,Child,0.0,0,Yes,0,,NA,1,Created
611,2011-01-01,611,Female,46,1965-06-25,0.00134,Divorced,0,,,No,,,Flexible contract,26861.0,587,No,0,,NA,1,Created
612,2011-01-01,612,Male,8,2003-07-25,9e-05,Single,0,,,Yes,45.0,2048-07-07,Child,0.0,0,No,0,,NA,1,Created
613,2011-01-01,613,Female,20,1991-08-14,0.00018,Single,0,,,Yes,56.0,2047-01-16,Permanent contract,74537.0,3315575,No,0,21.0,2012-06-08,1,Created
614,2011-01-01,614,Male,44,1967-06-22,0.0013599999999999999,Married,126,,2035-10-21,Yes,,,Permanent contract,29187.0,2055,Yes,2,,NA,1,Created
615,2011-01-01,615,Male,47,1964-06-13,0.00186,Divorced,0,,,No,,,Permanent contract,46946.0,37485,No,0,,NA,1,Created
616,2011-01-01,616,Male,29,1982-03-22,0.0005200000000000001,Single,0,,,Yes,29.0,2011-01-12,Permanent contract,38607.0,58380,Yes,0,,NA,1,Created
16725,2011-01-12,616,Male,29,1982-03-22,0.0005200000000000001,Married,3419,1,2012-07-15,Yes,29,2011-01-12,Permanent contract,38607.0,58380,Yes,0,,NA,1,Life event: Married
18932,2012-07-15,616,Male,31,1982-03-22,0.0005200000000000001,Divorced,3419,1,2012-07-15,Yes,29,2011-01-12,Permanent contract,38607.0,58380,Yes,0,,NA,1,Life event: Divorced
617,2011-01-01,617,Male,26,1985-08-28,1.0,Single,0,,,No,,,Permanent contract,91333.0,51078,Yes,0,,NA,1,Created
16854,2011-02-06,617,Male,26,1985-08-28,1.0,Single,0,,,No,,,Permanent contract,91333.0,51078,Yes,0,,NA,0,Life event: Deceased
618,2011-01-01,618,Male,62,1949-10-16,0.008409999999999999,Widowed,0,,,No,,,Permanent contract,2933.0,313935,No,0,,NA,1,Created
619,2011-01-01,619,Female,38,1973-09-09,0.00063,Married,126,,2035-10-21,Yes,,,Flexible contract,3143.0,120184,Yes,2,,NA,1,Created
620,2011-01-01,620,Male,64,1947-03-16,0.01097,Married,127,,2035-03-31,Yes,,,Permanent contract,4572.0,-2992,Yes,1,,NA,1,Created
17069,2011-03-16,620,Male,65,1947-03-16,0.01097,Married,127,,2035-03-31,Yes,,,Retired,3200.3999999999996,-2992,Yes,1,,NA,1,Life event: Retired
621,2011-01-01,621,Male,60,1951-07-30,0.006840000000000001,Married,128,,2013-01-04,Yes,,,Permanent contract,9580.0,8204,No,1,,NA,1,Created
622,2011-01-01,622,Female,50,1961-11-13,0.00225,Divorced,0,,,No,,,Permanent contract,2037.0,-46275,Yes,0,,NA,1,Created
623,2011-01-01,623,Female,54,1957-07-07,0.00313,Married,127,,2035-03-31,Yes,,,Permanent contract,72678.0,-36935,Yes,1,,NA,1,Created
624,2011-01-01,624,Female,27,1984-03-01,0.00025,Single,0,,,Yes,34.0,2018-11-05,Flexible contract,8867.0,-32880,Yes,0,31.0,2015-12-06,1,Created
625,2011-01-01,625,Male,53,1958-10-06,0.0033299999999999996,Married,129,,2025-07-08,Yes,,,Permanent contract,14382.0,5600,No,3,,NA,1,Created
626,2011-01-01,626,Female,6,2005-10-16,8e-05,Single,0,,,Yes,30.0,2035-09-25,Child,0.0,0,No,0,32.0,2037-09-08,1,Created
627,2011-01-01,627,Female,10,2001-06-24,0.0001,Single,0,,,No,,,Child,0.0,0,Yes,0,41.0,2042-07-28,1,Created
628,2011-01-01,628,Male,59,1952-05-26,0.00717,Divorced,0,,,Yes,,,Entrepreneur without personnel,21928.0,579996,No,0,,NA,1,Created
629,2011-01-01,629,Female,64,1947-02-21,0.00713,Married,128,,2013-01-04,No,,,Permanent contract,11061.0,-14716,No,1,,NA,1,Created
16942,2011-02-21,629,Female,65,1947-02-21,0.00713,Married,128,,2013-01-04,No,,,Retired,7742.7,-14716,No,1,,NA,1,Life event: Retired
630,2011-01-01,630,Male,16,1995-07-20,0.00029,Single,0,,,No,,,Child,0.0,0,No,0,,NA,1,Created
18946,2012-07-20,630,Male,18,1995-07-20,0.00029,Single,0,,,No,,,Permanent contract,4514.0,271642,No,0,,NA,1,Life event: Adulthood
631,2011-01-01,631,Female,47,1964-08-26,0.00168,Married,129,,2025-07-08,Yes,,,Permanent contract,1832.0,927,No,3,,NA,1,Created
632,2011-01-01,632,Male,58,1953-10-18,0.00603,Divorced,0,,,No,,,Entrepreneur without personnel,13806.0,-35033,Yes,0,,NA,1,Created
633,2011-01-01,633,Male,10,2001-07-22,0.00011999999999999999,Single,0,,,No,,,Child,0.0,0,Yes,0,,NA,1,Created
634,2011-01-01,634,Female,2,2009-07-19,0.00015,Single,0,,,No,,,Child,0.0,0,Yes,0,32.0,2041-10-27,1,Created
635,2011-01-01,635,Female,48,1963-12-18,0.0018800000000000002,Married,130,,2012-06-22,No,,,Permanent contract,11455.0,570,No,2,,NA,1,Created
18872,2012-06-22,635,Female,49,1963-12-18,0.0018800000000000002,Divorced,130,,2012-06-22,No,,,Permanent contract,11455.0,570,No,2,,NA,1,Life event: Divorced
636,2011-01-01,636,Male,35,1976-09-30,0.00055,Married,130,,2012-06-22,No,,,Permanent contract,6513.0,167,No,2,,NA,1,Created
18873,2012-06-22,636,Male,36,1976-09-30,0.00055,Divorced,130,,2012-06-22,No,,,Permanent contract,6513.0,167,No,2,,NA,1,Life event: Divorced
637,2011-01-01,637,Male,0,2011-12-27,0.0036200000000000004,Single,0,,,No,,,Child,0.0,0,No,0,,NA,1,Created
638,2011-01-01,638,Male,29,1982-12-07,0.0005200000000000001,Single,0,,,No,,,Flexible contract,21705.0,99447,No,0,,NA,1,Created
639,2011-01-01,639,Female,96,1915-10-24,0.24602,Widowed,0,,,Yes,,,Retired,15326.0,69300,No,0,,NA,1,Created
640,2011-01-01,640,Male,0,2011-10-02,0.0036200000000000004,Single,0,,,Yes,25.0,2036-07-01,Child,0.0,0,Yes,0,,NA,1,Created
641,2011-01-01,641,Female,2,2009-08-10,0.00015,Single,0,,,Yes,25.0,2034-02-22,Child,0.0,0,Yes,0,30.0,2039-01-30,1,Created
642,2011-01-01,642,Female,46,1965-10-07,0.00134,Married,131,,2030-12-07,No,,,Flexible contract,18964.0,81258,No,1,,NA,1,Created
643,2011-01-01,643,Female,11,2000-04-14,7e-05,Single,0,,,Yes,34.0,2034-02-20,Child,0.0,0,No,0,25.0,2025-12-16,1,Created
644,2011-01-01,644,Female,39,1972-08-08,0.00074,Married,132,,2051-08-26,Yes,,,Flexible contract,99253.0,12335,Yes,2,,NA,1,Created
645,2011-01-01,645,Male,6,2005-05-26,5.9999999999999995e-05,Single,0,,,Yes,28.0,2033-10-31,Child,0.0,0,No,0,,NA,1,Created
646,2011-01-01,646,Male,54,1957-07-26,0.00404,Widowed,0,,,Yes,,,Permanent contract,59410.0,425952,Yes,0,,NA,1,Created
17886,2011-09-03,646,Male,55,1957-07-26,0.00404,Widowed,0,,,Yes,,,Permanent contract,59410.0,425952,Yes,0,,NA,0,Life event: Deceased
647,2011-01-01,647,Male,67,1944-10-08,0.01396,Widowed,0,,,Yes,,,Permanent contract,31281.0,29870,Yes,0,,NA,1,Created
18024,2011-10-08,647,Male,68,1944-10-08,0.01396,Widowed,0,,,Yes,,,Retired,21896.699999999997,29870,Yes,0,,NA,1,Life event: Retired
648,2011-01-01,648,Male,54,1957-12-17,0.00404,Married,131,,2030-12-07,No,,,Flexible contract,87887.0,597081,No,1,,NA,1,Created
649,2011-01-01,649,Female,67,1944-02-19,0.00974,Divorced,0,,,Yes,,,Permanent contract,28163.0,3351,Yes,0,,NA,1,Created
16934,2011-02-19,649,Female,68,1944-02-19,0.00974,Divorced,0,,,Yes,,,Retired,19714.1,3351,Yes,0,,NA,1,Life event: Retired
650,2011-01-01,650,Male,49,1962-10-22,0.00242,Married,132,,2051-08-26,No,,,Permanent contract,11796.0,-18664,Yes,2,,NA,1,Created
651,2011-01-01,651,Male,74,1937-06-03,0.0295,Married,133,,2040-08-12,Yes,,,Retired,6176.0,2114,No,2,,NA,1,Created
652,2011-01-01,652,Female,29,1982-10-17,0.00032,Married,133,,2040-08-12,Yes,,,Unemployed,9302.0,19223,No,2,37.0,2019-10-31,1,Created
653,2011-01-01,653,Female,1,2010-02-16,0.00033999999999999997,Single,0,,,No,,,Child,0.0,0,No,0,35.0,2045-02-08,1,Created
654,2011-01-01,654,Female,0,2011-04-02,0.0028899999999999998,Single,0,,,Yes,28.0,2039-03-24,Child,0.0,0,Yes,0,28.0,2039-09-29,1,Created
655,2011-01-01,655,Female,58,1953-04-21,0.00448,Married,134,,2059-06-15,No,,,Permanent contract,1728.0,176288,No,2,,NA,1,Created
656,2011-01-01,656,Male,87,1924-11-11,0.12537,Widowed,0,,,Yes,,,Retired,145296.0,-39101,No,0,,NA,1,Created
657,2011-01-01,657,Male,49,1962-12-22,0.00242,Married,134,,2059-06-15,Yes,,,Entrepreneur without personnel,18649.0,-42617,No,2,,NA,1,Created
658,2011-01-01,658,Female,36,1975-08-11,0.00049,Single,0,,,Yes,31.0,,Permanent contract,29263.0,-14268,Yes,0,,NA,1,Created
659,2011-01-01,659,Male,15,1996-12-07,0.00015,Single,0,,,No,,,Child,0.0,0,No,0,,NA,1,Created
660,2011-01-01,660,Female,29,1982-10-17,0.00032,Single,0,,,Yes,29.0,2011-11-13,Permanent contract,35213.0,89249,No,0,31.0,2013-09-23,1,Created
18173,2011-11-13,660,Female,30,1982-10-17,0.00032,Married,3468,24,2035-11-30,Yes,29,2011-11-13,Permanent contract,35213.0,89249,No,0,31,2013-09-23,1,Life event: Married
661,2011-01-01,661,Female,20,1991-08-21,0.00018,Single,0,,,Yes,30.0,2021-09-16,Entrepreneur without personnel,13091.0,402380,Yes,0,22.0,2013-11-28,1,Created
662,2011-01-01,662,Male,74,1937-10-06,0.0295,Married,135,,2049-11-16,No,,,Retired,9112.0,297508,Yes,2,,NA,1,Created
663,2011-01-01,663,Female,47,1964-05-04,0.00168,Single,0,,,No,,,Permanent contract,5070.0,41481,No,0,,NA,1,Created
664,2011-01-01,664,Male,15,1996-07-17,0.00015,Single,0,,,Yes,50.0,2046-12-30,Child,0.0,0,Yes,0,,NA,1,Created
665,2011-01-01,665,Male,34,1977-05-07,0.00067,Married,136,,2027-10-09,No,,,Permanent contract,67299.0,393124,No,2,,NA,1,Created
666,2011-01-01,666,Male,79,1932-02-05,0.05364,Widowed,0,,,No,,,Retired,6116.0,21179,No,0,,NA,1,Created
667,2011-01-01,667,Female,13,1998-04-14,0.00011999999999999999,Single,0,,,No,,,Child,0.0,0,No,0,26.0,2024-09-05,1,Created
668,2011-01-01,668,Female,44,1967-11-15,0.00107,Single,0,,,No,,,Permanent contract,34257.0,436496,Yes,0,,NA,1,Created
669,2011-01-01,669,Male,55,1956-11-25,0.00419,Married,137,,2036-07-02,No,,,Permanent contract,33644.0,26637,Yes,1,,NA,1,Created
670,2011-01-01,670,Female,16,1995-08-01,8e-05,Single,0,,,No,,,Child,0.0,0,Yes,0,24.0,2019-08-19,1,Created
18977,2012-08-01,670,Female,18,1995-08-01,8e-05,Single,0,,,No,,,Unemployed,4001.0,803198,Yes,0,24,2019-08-19,1,Life event: Adulthood
671,2011-01-01,671,Female,42,1969-11-15,0.001,Married,135,,2049-11-16,No,,,Permanent contract,92234.0,991,Yes,2,,NA,1,Created
672,2011-01-01,672,Male,58,1953-10-05,0.00603,Married,138,,2019-06-15,No,,,Flexible contract,18906.0,42332,No,3,,NA,1,Created
673,2011-01-01,673,Male,25,1986-10-13,0.00033999999999999997,Single,0,,,Yes,40.0,2026-10-05,Permanent contract,13037.0,906944,Yes,0,,NA,1,Created
674,2011-01-01,674,Female,16,1995-12-04,8e-05,Single,0,,,Yes,2.0,,Child,0.0,0,Yes,0,32.0,2027-06-29,1,Created
19289,2012-12-04,674,Female,18,1995-12-04,8e-05,Single,0,,,No,,,Flexible contract,611.0,899,Yes,0,32,2027-06-29,1,Life event: Adulthood
675,2011-01-01,675,Male,52,1959-10-22,0.00314,Married,139,,2043-01-11,Yes,,,Permanent contract,21790.0,-9638,Yes,2,,NA,1,Created
676,2011-01-01,676,Male,41,1970-02-17,0.0008900000000000001,Married,140,,2022-10-14,No,,,Permanent contract,9752.0,-47662,Yes,2,,NA,1,Created
677,2011-01-01,677,Male,13,1998-12-07,0.00014,Single,0,,,Yes,30.0,2028-05-14,Child,0.0,0,Yes,0,,NA,1,Created
678,2011-01-01,678,Male,59,1952-02-07,0.00717,Married,141,,2031-10-02,Yes,,,Flexible contract,70172.0,386654,Yes,3,,NA,1,Created
679,2011-01-01,679,Male,3,2008-09-11,0.0002,Single,0,,,No,,,Child,0.0,0,Yes,0,,NA,1,Created
680,2011-01-01,680,Male,23,1988-08-03,0.00039,Single,0,,,Yes,26.0,2014-11-09,Permanent contract,18657.0,88566,No,0,,NA,1,Created
681,2011-01-01,681,Female,54,1957-10-30,0.00313,Married,136,,2027-10-09,No,,,Permanent contract,27591.0,-36407,No,2,,NA,1,Created
682,2011-01-01,682,Male,4,2007-06-11,0.00011,Single,0,,,Yes,35.0,2042-11-20,Child,0.0,0,No,0,,NA,1,Created
683,2011-01-01,683,Female,28,1983-04-22,0.00025,Single,0,,,Yes,42.0,2025-08-30,Permanent contract,42464.0,376035,Yes,0,,NA,1,Created
684,2011-01-01,684,Male,75,1936-09-23,0.033710000000000004,Married,142,,2045-12-01,No,,,Retired,23614.0,673,Yes,1,,NA,1,Created
685,2011-01-01,685,Female,17,1994-02-27,0.0001,Single,0,,,Yes,26.0,2020-04-08,Child,0.0,0,Yes,0,31.0,2025-09-16,1,Created
16987,2011-02-27,685,Female,18,1994-02-27,0.0001,Single,0,,,Yes,30,2023-06-01,Permanent contract,15963.0,-21741,Yes,0,31,2025-09-16,1,Life event: Adulthood
686,2011-01-01,686,Male,63,1948-10-16,0.00945,Widowed,0,,,No,,,Permanent contract,8187.0,241,Yes,0,,NA,1,Created
19164,2012-10-16,686,Male,65,1948-10-16,0.00945,Widowed,0,,,No,,,Retired,5730.9,241,Yes,0,,NA,1,Life event: Retired
687,2011-01-01,687,Male,64,1947-12-20,0.01097,Widowed,0,,,No,,,Permanent contract,80590.0,222629,No,0,,NA,1,Created
18324,2011-12-20,687,Male,65,1947-12-20,0.01097,Widowed,0,,,No,,,Retired,56413.0,222629,No,0,,NA,1,Life event: Retired
688,2011-01-01,688,Female,14,1997-07-24,9e-05,Single,0,,,No,,,Child,0.0,0,No,0,40.0,2037-11-09,1,Created
689,2011-01-01,689,Male,20,1991-06-15,0.00045,Married,143,,2028-04-15,Yes,,,Flexible contract,16980.0,-8864,Yes,1,,NA,1,Created
690,2011-01-01,690,Female,34,1977-01-18,0.00037,Married,137,,2036-07-02,No,,,Permanent contract,23787.0,9092,Yes,1,,NA,1,Created
691,2011-01-01,691,Male,66,1945-03-18,0.01401,Divorced,0,,,No,,,Entrepreneur without personnel,29311.0,-32658,No,0,,NA,1,Created
17084,2011-03-18,691,Male,67,1945-03-18,0.01401,Divorced,0,,,No,,,Retired,20517.699999999997,-32658,No,0,,NA,1,Life event: Retired
692,2011-01-01,692,Female,62,1949-05-18,0.0057399999999999994,Married,138,,2019-06-15,Yes,,,Permanent contract,74368.0,16640,No,3,,NA,1,Created
693,2011-01-01,693,Male,11,2000-11-21,9e-05,Single,0,,,No,,,Child,0.0,0,Yes,0,,NA,1,Created
694,2011-01-01,694,Male,28,1983-04-01,0.00045,Single,0,,,Yes,27.0,,Permanent contract,34123.0,86371,Yes,0,,NA,1,Created
695,2011-01-01,695,Female,70,1941-03-13,0.01252,Widowed,0,,,No,,,Retired,8815.0,1404,No,0,,NA,1,Created
696,2011-01-01,696,Male,57,1954-12-22,0.00572,Married,144,,2016-06-06,No,,,Permanent contract,7618.0,3411,Yes,1,,NA,1,Created
697,2011-01-01,697,Male,74,1937-12-14,0.0295,Married,145,,2042-04-22,No,,,Retired,16819.0,61911,No,1,,NA,1,Created
698,2011-01-01,698,Male,51,1960-01-09,0.00301,Married,146,,2041-10-13,No,,,Permanent contract,19167.0,238635,No,2,,NA,1,Created
699,2011-01-01,699,Female,83,1928-01-29,0.057,Married,139,,2043-01-11,No,,,Retired,49848.0,-311,Yes,2,,NA,1,Created
700,2011-01-01,700,Male,38,1973-07-15,0.0009599999999999999,Married,147,,2015-08-25,No,,,Flexible contract,93847.0,-36276,No,1,,NA,1,Created
18562,2012-03-01,700,Male,39,1973-07-15,0.0009599999999999999,Widowed,147,,2015-08-25,No,,,Flexible contract,93847.0,-36276,No,1,,NA,1,Life event: Widowed
701,2011-01-01,701,Male,63,1948-04-09,0.00945,Divorced,0,,,No,,,Unemployed,45542.0,3767,Yes,0,,NA,1,Created
18657,2012-04-09,701,Male,65,1948-04-09,0.00945,Divorced,0,,,No,,,Retired,31879.399999999998,3767,Yes,0,,NA,1,Life event: Retired
702,2011-01-01,702,Male,12,1999-08-02,0.00011,Single,0,,,No,,,Child,0.0,0,No,0,,NA,1,Created
703,2011-01-01,703,Male,49,1962-12-07,0.00242,Single,0,,,Yes,60.0,2022-01-21,Permanent contract,13385.0,-2253,Yes,0,,NA,1,Created
704,2011-01-01,704,Female,20,1991-03-17,0.00018,Single,0,,,Yes,29.0,2020-01-05,Permanent contract,16617.0,123032,No,0,24.0,2015-09-23,1,Created
705,2011-01-01,705,Male,45,1966-04-29,0.0014199999999999998,Single,0,,,No,,,Entrepreneur without personnel,6123.0,670,Yes,0,,NA,1,Created
706,2011-01-01,706,Female,7,2004-06-23,7e-05,Single,0,,,No,,,Child,0.0,0,Yes,0,29.0,2033-03-26,1,Created
707,2011-01-01,707,Male,46,1965-04-12,0.00172,Single,0,,,No,,,Permanent contract,32212.0,-3626,Yes,0,,NA,1,Created
708,2011-01-01,708,Female,80,1931-12-08,0.03682,Married,140,,2022-10-14,Yes,,,Retired,19311.0,16112,Yes,2,,NA,1,Created
709,2011-01-01,709,Female,64,1947-10-14,0.00713,Married,141,,2031-10-02,No,,,Permanent contract,37492.0,-21756,Yes,3,,NA,1,Created
18047,2011-10-14,709,Female,65,1947-10-14,0.00713,Married,141,,2031-10-02,No,,,Retired,26244.399999999998,-21756,Yes,3,,NA,1,Life event: Retired
710,2011-01-01,710,Female,50,1961-11-25,0.00225,Married,142,,2045-12-01,No,,,Permanent contract,19781.0,1454,Yes,1,,NA,1,Created
711,2011-01-01,711,Female,103,1908-04-04,1.0,Widowed,0,,,No,,,Retired,44807.0,23826,No,0,,NA,1,Created
16769,2011-01-20,711,Female,103,1908-04-04,1.0,Widowed,0,,,No,,,Retired,44807.0,23826,No,0,,NA,0,Life event: Deceased
712,2011-01-01,712,Male,74,1937-03-20,0.0295,Widowed,0,,,Yes,,,Retired,7241.0,14476,No,0,,NA,1,Created
713,2011-01-01,713,Male,65,1946-11-06,0.01141,Married,148,,2026-08-30,Yes,,,Permanent contract,4107.0,-45959,No,2,,NA,1,Created
18134,2011-11-06,713,Male,66,1946-11-06,0.01141,Married,148,,2026-08-30,Yes,,,Retired,2874.8999999999996,-45959,No,2,,NA,1,Life event: Retired
714,2011-01-01,714,Male,46,1965-03-23,0.00172,Married,149,,2012-07-12,Yes,,,Permanent contract,21238.0,118442,Yes,2,,NA,1,Created
18917,2012-07-12,714,Male,48,1965-03-23,0.00172,Divorced,149,,2012-07-12,Yes,,,Permanent contract,21238.0,118442,Yes,2,,NA,1,Life event: Divorced
715,2011-01-01,715,Male,55,1956-05-21,0.00419,Married,150,,2055-02-22,Yes,,,Flexible contract,6269.0,449098,No,2,,NA,1,Created
716,2011-01-01,716,Female,63,1948-10-14,0.00672,Married,143,,2028-04-15,No,,,Unemployed,24355.0,209705,Yes,1,,NA,1,Created
19156,2012-10-14,716,Female,65,1948-10-14,0.00672,Married,143,,2028-04-15,No,,,Retired,17048.5,209705,Yes,1,,NA,1,Life event: Retired
717,2011-01-01,717,Male,49,1962-01-05,0.00242,Single,0,,,Yes,26.0,,Flexible contract,1413.0,185372,No,0,,NA,1,Created
718,2011-01-01,718,Male,40,1971-10-23,0.0009400000000000001,Married,151,,2026-02-16,Yes,,,Permanent contract,16936.0,61179,No,1,,NA,1,Created
719,2011-01-01,719,Male,64,1947-06-02,0.01097,Married,152,,2048-01-30,Yes,,,Permanent contract,8020.0,144821,No,2,,NA,1,Created
17446,2011-06-02,719,Male,65,1947-06-02,0.01097,Married,152,,2048-01-30,Yes,,,Retired,5614.0,144821,No,2,,NA,1,Life event: Retired
720,2011-01-01,720,Female,44,1967-01-15,0.00107,Married,144,,2016-06-06,No,,,Flexible contract,27659.0,262161,Yes,1,,NA,1,Created
721,2011-01-01,721,Male,41,1970-08-13,0.0008900000000000001,Married,153,,2050-06-03,No,,,Flexible contract,6447.0,3475,Yes,2,,NA,1,Created
722,2011-01-01,722,Male,32,1979-10-19,0.00059,Married,154,,2035-12-30,Yes,,,Permanent contract,89700.0,2712,No,1,,NA,1,Created
723,2011-01-01,723,Male,13,1998-09-14,0.00014,Single,0,,,No,,,Child,0.0,0,No,0,,NA,1,Created
724,2011-01-01,724,Female,69,1942-02-13,0.0108,Single,0,,,No,,,Retired,41140.0,-44723,Yes,0,,NA,1,Created
725,2011-01-01,725,Male,11,2000-06-09,9e-05,Single,0,,,No,,,Child,0.0,0,Yes,0,,NA,1,Created
726,2011-01-01,726,Female,8,2003-06-30,2.9999999999999997e-05,Single,0,,,No,,,Child,0.0,0,Yes,0,34.0,2037-12-01,1,Created
727,2011-01-01,727,Female,44,1967-07-20,0.00107,Divorced,0,,,Yes,,,Flexible contract,49918.0,9913,Yes,0,,NA,1,Created
728,2011-01-01,728,Male,33,1978-07-11,0.00047999999999999996,Married,155,,2049-12-17,Yes,,,Unemployed,39153.0,-4939,No,1,,NA,1,Created
729,2011-01-01,729,Female,59,1952-07-08,0.00479,Married,145,,2042-04-22,Yes,,,Permanent contract,3109.0,2965,No,1,,NA,1,Created
730,2011-01-01,730,Female,8,2003-05-01,2.9999999999999997e-05,Single,0,,,No,,,Child,0.0,0,No,0,26.0,2029-11-09,1,Created
731,2011-01-01,731,Male,7,2004-11-13,9e-05,Single,0,,,No,,,Child,0.0,0,No,0,,NA,1,Created
732,2011-01-01,732,Male,16,1995-09-29,0.00029,Single,0,,,No,,,Child,0.0,0,Yes,0,,NA,1,Created
19132,2012-09-29,732,Male,18,1995-09-29,0.00029,Single,0,,,No,,,Permanent contract,21444.0,6932,Yes,0,,NA,1,Life event: Adulthood
733,2011-01-01,733,Male,40,1971-10-31,0.0009400000000000001,Married,156,,2028-10-22,No,,,Permanent contract,23886.0,931192,No,1,,NA,1,Created
734,2011-01-01,734,Female,39,1972-06-20,0.00074,Single,0,,,Yes,22.0,,Flexible contract,33577.0,163808,Yes,0,,NA,1,Created
735,2011-01-01,735,Female,98,1913-06-12,0.27366999999999997,Widowed,0,,,Yes,,,Retired,29918.0,152,Yes,0,,NA,1,Created
17673,2011-07-19,735,Female,99,1913-06-12,0.27366999999999997,Widowed,0,,,Yes,,,Retired,29918.0,152,Yes,0,,NA,0,Life event: Deceased
736,2011-01-01,736,Female,40,1971-10-24,0.0006900000000000001,Married,146,,2041-10-13,Yes,,,Permanent contract,33156.0,182148,No,2,,NA,1,Created
737,2011-01-01,737,Female,4,2007-06-16,5.9999999999999995e-05,Single,0,,,Yes,40.0,2047-12-16,Child,0.0,0,No,0,32.0,2039-10-24,1,Created
738,2011-01-01,738,Male,18,1993-08-31,0.00032,Single,0,,,No,,,Permanent contract,538.0,702,No,0,,NA,1,Created
739,2011-01-01,739,Female,31,1980-04-03,0.00029,Single,0,,,No,,,Permanent contract,47061.0,263001,No,0,33.0,2013-08-24,1,Created
740,2011-01-01,740,Male,71,1940-01-13,0.02034,Married,157,,2017-11-07,Yes,,,Retired,9072.0,84833,Yes,1,,NA,1,Created
741,2011-01-01,741,Male,27,1984-10-20,0.00044,Married,158,,2032-05-10,No,,,Permanent contract,232073.0,732959,Yes,2,,NA,1,Created
742,2011-01-01,742,Female,26,1985-05-23,1.0,Married,147,,2015-08-25,No,,,Permanent contract,67689.0,1870674,No,1,33.0,2018-05-28,1,Created
18561,2012-03-01,742,Female,27,1985-05-23,1.0,Married,147,,2015-08-25,No,,,Permanent contract,67689.0,1870674,No,1,33,2018-05-28,0,Life event: Deceased
743,2011-01-01,743,Male,29,1982-08-22,0.0005200000000000001,Married,159,,2068-04-13,No,,,Entrepreneur without personnel,18795.0,40214,No,1,,NA,1,Created
744,2011-01-01,744,Male,17,1994-05-19,0.00022999999999999998,Single,0,,,Yes,26.0,2020-03-14,Child,0.0,0,Yes,0,,NA,1,Created
17390,2011-05-19,744,Male,18,1994-05-19,0.00022999999999999998,Single,0,,,No,,,Entrepreneur without personnel,321.0,194038,Yes,0,,NA,1,Life event: Adulthood
745,2011-01-01,745,Male,29,1982-11-13,0.0005200000000000001,Single,0,,,No,,,Unemployed,48559.0,70284,Yes,0,,NA,1,Created
746,2011-01-01,746,Male,35,1976-05-17,0.00055,Single,0,,,Yes,34.0,,Permanent contract,11162.0,13176,Yes,0,,NA,1,Created
747,2011-01-01,747,Female,45,1966-11-17,0.00134,Married,148,,2026-08-30,No,,,Permanent contract,64300.0,-31262,No,2,,NA,1,Created
748,2011-01-01,748,Male,82,1929-05-13,0.07771,Married,160,,2027-09-01,Yes,,,Retired,10045.0,1163,Yes,3,,NA,1,Created
17493,2011-06-12,748,Male,83,1929-05-13,0.07771,Married,160,,2027-09-01,Yes,,,Retired,10045.0,1163,Yes,3,,NA,0,Life event: Deceased
749,2011-01-01,749,Female,10,2001-08-18,0.0001,Single,0,,,Yes,38.0,2039-02-14,Child,0.0,0,Yes,0,35.0,2036-10-26,1,Created
750,2011-01-01,750,Male,3,2008-08-09,0.0002,Single,0,,,Yes,36.0,2044-11-19,Child,0.0,0,No,0,,NA,1,Created
751,2011-01-01,751,Female,65,1946-01-31,0.007559999999999999,Married,149,,2012-07-12,Yes,,,Permanent contract,89241.0,14951,Yes,2,,NA,1,Created
16822,2011-01-31,751,Female,66,1946-01-31,0.007559999999999999,Married,149,,2012-07-12,Yes,,,Retired,62468.7,14951,Yes,2,,NA,1,Life event: Retired
18918,2012-07-12,751,Female,67,1946-01-31,0.007559999999999999,Divorced,149,,2012-07-12,Yes,,,Retired,62468.7,14951,Yes,2,,NA,1,Life event: Divorced
752,2011-01-01,752,Female,44,1967-10-26,0.00107,Married,150,,2055-02-22,No,,,Permanent contract,21095.0,157385,No,2,,NA,1,Created
753,2011-01-01,753,Female,46,1965-11-28,0.00134,Single,0,,,No,,,Permanent contract,26849.0,9334,No,0,,NA,1,Created
754,2011-01-01,754,Female,11,2000-10-27,7e-05,Single,0,,,No,,,Child,0.0,0,Yes,0,34.0,2034-04-04,1,Created
755,2011-01-01,755,Female,20,1991-01-29,0.00018,Single,0,,,Yes,31.0,2022-10-19,Permanent contract,43313.0,744432,Yes,0,25.0,2016-04-08,1,Created
756,2011-01-01,756,Male,66,1945-05-06,0.01401,Married,161,,2049-05-05,Yes,,,Permanent contract,37196.0,2574862,Yes,3,,NA,1,Created
17307,2011-05-06,756,Male,67,1945-05-06,0.01401,Married,161,,2049-05-05,Yes,,,Retired,26037.199999999997,2574862,Yes,3,,NA,1,Life event: Retired
757,2011-01-01,757,Female,53,1958-11-28,0.00312,Single,0,,,No,,,Permanent contract,28237.0,476547,Yes,0,,NA,1,Created
758,2011-01-01,758,Male,75,1936-02-15,0.033710000000000004,Divorced,0,,,No,,,Retired,24179.0,337039,Yes,0,,NA,1,Created
759,2011-01-01,759,Male,47,1964-08-28,0.00186,Single,0,,,No,,,Permanent contract,25670.0,698,Yes,0,,NA,1,Created
760,2011-01-01,760,Male,36,1975-10-29,0.0006,Married,162,,2044-01-24,No,,,Permanent contract,22239.0,-4211,Yes,2,,NA,1,Created
761,2011-01-01,761,Male,61,1950-02-05,0.00747,Married,163,,2036-08-24,Yes,,,Permanent contract,6728.0,408197,Yes,2,,NA,1,Created
762,2011-01-01,762,Female,45,1966-10-14,0.00134,Married,151,,2026-02-16,No,,,Permanent contract,10794.0,-8094,No,1,,NA,1,Created
763,2011-01-01,763,Female,61,1950-08-14,0.00562,Married,152,,2048-01-30,Yes,,,Permanent contract,12487.0,-46700,No,2,,NA,1,Created
764,2011-01-01,764,Female,65,1946-06-28,0.007559999999999999,Married,153,,2050-06-03,No,,,Permanent contract,16799.0,480240,Yes,2,,NA,1,Created
17582,2011-06-28,764,Female,66,1946-06-28,0.007559999999999999,Married,153,,2050-06-03,No,,,Retired,11759.3,480240,Yes,2,,NA,1,Life event: Retired
765,2011-01-01,765,Female,45,1966-08-10,0.00134,Widowed,0,,,No,,,Unemployed,43543.0,2520,No,0,,NA,1,Created
766,2011-01-01,766,Female,21,1990-11-29,0.00016,Single,0,,,Yes,39.0,2029-01-12,Permanent contract,12330.0,192717,No,0,37.0,2027-05-12,1,Created
767,2011-01-01,767,Female,74,1937-04-06,0.0185,Married,154,,2035-12-30,No,,,Retired,36744.0,1824,No,1,,NA,1,Created
768,2011-01-01,768,Female,64,1947-09-18,0.00713,Married,155,,2049-12-17,No,,,Permanent contract,33814.0,231020,No,1,,NA,1,Created
17934,2011-09-18,768,Female,65,1947-09-18,0.00713,Married,155,,2049-12-17,No,,,Retired,23669.8,231020,No,1,,NA,1,Life event: Retired
769,2011-01-01,769,Male,14,1997-09-14,0.00014,Single,0,,,No,,,Child,0.0,0,No,0,,NA,1,Created
770,2011-01-01,770,Male,33,1978-03-30,0.00047999999999999996,Married,164,,2059-12-05,Yes,,,Permanent contract,37168.0,1010,Yes,3,,NA,1,Created
771,2011-01-01,771,Female,40,1971-09-09,0.0006900000000000001,Single,0,,,No,,,Family business,23840.0,392122,Yes,0,,NA,1,Created
772,2011-01-01,772,Female,0,2011-01-16,0.0028899999999999998,Single,0,,,Yes,52.0,2063-02-01,Child,0.0,0,Yes,0,30.0,2041-11-17,1,Created
773,2011-01-01,773,Female,66,1945-10-08,0.009040000000000001,Married,156,,2028-10-22,No,,,Permanent contract,676.0,-16603,No,1,,NA,1,Created
18025,2011-10-08,773,Female,67,1945-10-08,0.009040000000000001,Married,156,,2028-10-22,No,,,Retired,473.2,-16603,No,1,,NA,1,Life event: Retired
774,2011-01-01,774,Male,51,1960-02-19,0.00301,Married,165,,2068-02-20,No,,,Permanent contract,34723.0,2740,Yes,2,,NA,1,Created
775,2011-01-01,775,Female,62,1949-04-21,0.0057399999999999994,Married,157,,2017-11-07,No,,,Permanent contract,44914.0,249828,Yes,1,,NA,1,Created
776,2011-01-01,776,Male,51,1960-03-30,0.00301,Married,166,,2036-10-20,No,,,Permanent contract,24843.0,257262,No,3,,NA,1,Created
777,2011-01-01,777,Female,65,1946-08-27,0.007559999999999999,Single,0,,,No,,,Permanent contract,11106.0,329899,Yes,0,,NA,1,Created
17863,2011-08-27,777,Female,66,1946-08-27,0.007559999999999999,Single,0,,,No,,,Retired,7774.2,329899,Yes,0,,NA,1,Life event: Retired
778,2011-01-01,778,Female,56,1955-08-19,0.0041,Single,0,,,Yes,33.0,,Permanent contract,9511.0,-2797,No,0,,NA,1,Created
779,2011-01-01,779,Female,2,2009-02-14,0.00015,Single,0,,,Yes,31.0,2040-03-31,Child,0.0,0,Yes,0,26.0,2035-11-30,1,Created
780,2011-01-01,780,Male,19,1992-04-28,0.00033,Single,0,,,No,,,Flexible contract,16846.0,2644,No,0,,NA,1,Created
781,2011-01-01,781,Male,24,1987-03-08,0.00047999999999999996,Single,0,,,No,,,Flexible contract,82230.0,195696,Yes,0,,NA,1,Created
782,2011-01-01,782,Female,69,1942-03-30,0.0108,Married,158,,2032-05-10,Yes,,,Retired,3504.0,135812,Yes,2,,NA,1,Created
783,2011-01-01,783,Male,65,1946-06-27,0.01141,Married,167,,2055-08-31,Yes,,,Permanent contract,67345.0,81741,No,2,,NA,1,Created
17574,2011-06-27,783,Male,66,1946-06-27,0.01141,Married,167,,2055-08-31,Yes,,,Retired,47141.5,81741,No,2,,NA,1,Life event: Retired
784,2011-01-01,784,Male,37,1974-02-05,0.00082,Single,0,,,Yes,40.0,2014-11-27,Permanent contract,197317.0,472995,Yes,0,,NA,1,Created
785,2011-01-01,785,Female,60,1951-01-29,0.00541,Married,159,,2068-04-13,Yes,,,Permanent contract,7655.0,55246,No,1,,NA,1,Created
786,2011-01-01,786,Male,20,1991-12-21,0.00045,Married,168,,2033-03-23,Yes,,,Permanent contract,34777.0,126585,No,2,,NA,1,Created
787,2011-01-01,787,Male,38,1973-07-11,0.0009599999999999999,Single,0,,,Yes,30.0,,Permanent contract,15596.0,63158,Yes,0,,NA,1,Created
788,2011-01-01,788,Male,37,1974-03-26,0.00082,Single,0,,,Yes,29.0,,Permanent contract,10284.0,6417,No,0,,NA,1,Created
789,2011-01-01,789,Male,2,2009-10-06,0.00021,Single,0,,,No,,,Child,0.0,0,Yes,0,,NA,1,Created
790,2011-01-01,790,Female,0,2011-11-30,0.0028899999999999998,Single,0,,,Yes,23.0,2034-01-16,Child,0.0,0,No,0,29.0,2040-07-27,1,Created
791,2011-01-01,791,Male,13,1998-10-01,0.00014,Single,0,,,No,,,Child,0.0,0,Yes,0,,NA,1,Created
792,2011-01-01,792,Male,0,2011-01-20,0.0036200000000000004,Single,0,,,No,,,Child,0.0,0,No,0,,NA,1,Created
793,2011-01-01,793,Female,5,2006-05-28,4e-05,Single,0,,,Yes,29.0,2035-07-17,Child,0.0,0,Yes,0,25.0,2031-07-14,1,Created
794,2011-01-01,794,Female,58,1953-01-03,0.00448,Married,160,,2027-09-01,Yes,,,Entrepreneur without personnel,38774.0,-24039,Yes,3,,NA,1,Created
17494,2011-06-12,794,Female,59,1953-01-03,0.00448,Widowed,160,,2027-09-01,Yes,,,Entrepreneur without personnel,38774.0,-24039,Yes,3,,NA,1,Life event: Widowed
795,2011-01-01,795,Female,46,1965-12-23,0.00134,Divorced,0,,,No,,,Permanent contract,12383.0,6598,Yes,0,,NA,1,Created
796,2011-01-01,796,Male,37,1974-03-05,0.00082,Divorced,0,,,No,,,Unemployed,93115.0,398854,Yes,0,,NA,1,Created
797,2011-01-01,797,Male,40,1971-11-24,0.0009400000000000001,Married,169,,2022-10-22,No,,,Permanent contract,13105.0,96994,No,2,,NA,1,Created
798,2011-01-01,798,Female,24,1987-09-05,0.00018999999999999998,Single,0,,,No,,,Permanent contract,6287.0,81,Yes,0,32.0,2019-01-15,1,Created
799,2011-01-01,799,Male,4,2007-09-19,0.00011,Single,0,,,Yes,49.0,2056-04-19,Child,0.0,0,No,0,,NA,1,Created
800,2011-01-01,800,Male,28,1983-01-14,0.00045,Single,0,,,No,,,Permanent contract,45305.0,-2360,No,0,,NA,1,Created
801,2011-01-01,801,Female,10,2001-04-02,0.0001,Single,0,,,Yes,30.0,2031-07-22,Child,0.0,0,No,0,29.0,2030-11-02,1,Created
802,2011-01-01,802,Female,16,1995-03-15,8e-05,Single,0,,,Yes,28.0,2023-04-18,Child,0.0,0,Yes,0,30.0,2025-11-02,1,Created
18589,2012-03-15,802,Female,18,1995-03-15,8e-05,Single,0,,,No,,,Flexible contract,23147.0,-37385,Yes,0,30,2025-11-02,1,Life event: Adulthood
803,2011-01-01,803,Male,64,1947-12-27,0.01097,Widowed,0,,,No,,,Permanent contract,44611.0,-28363,Yes,0,,NA,1,Created
18370,2011-12-27,803,Male,65,1947-12-27,0.01097,Widowed,0,,,No,,,Retired,31227.699999999997,-28363,Yes,0,,NA,1,Life event: Retired
804,2011-01-01,804,Male,17,1994-06-12,0.00022999999999999998,Single,0,,,No,,,Child,0.0,0,Yes,0,,NA,1,Created
17495,2011-06-12,804,Male,18,1994-06-12,0.00022999999999999998,Single,0,,,Yes,28,2021-12-21,Permanent contract,23658.0,33952,Yes,0,,NA,1,Life event: Adulthood
805,2011-01-01,805,Female,52,1959-02-20,0.00268,Married,161,,2049-05-05,Yes,,,Permanent contract,17835.0,92274,Yes,3,,NA,1,Created
806,2011-01-01,806,Male,68,1943-09-28,0.01522,Married,170,,2023-06-14,No,,,Retired,5405.0,178709,No,1,,NA,1,Created
807,2011-01-01,807,Male,64,1947-12-27,0.01097,Single,0,,,Yes,40.0,,Permanent contract,19048.0,7987,No,0,,NA,1,Created
18371,2011-12-27,807,Male,65,1947-12-27,0.01097,Single,0,,,Yes,40,,Retired,13333.599999999999,7987,No,0,,NA,1,Life event: Retired
808,2011-01-01,808,Female,27,1984-02-02,0.00025,Single,0,,,No,,,Permanent contract,15046.0,92778,No,0,33.0,2017-01-15,1,Created
809,2011-01-01,809,Male,45,1966-11-19,0.0014199999999999998,Married,171,,2025-07-21,Yes,,,Permanent contract,27393.0,34117,No,2,,NA,1,Created
810,2011-01-01,810,Male,13,1998-04-20,0.00014,Single,0,,,No,,,Child,0.0,0,Yes,0,,NA,1,Created
811,2011-01-01,811,Female,37,1974-04-10,0.00057,Single,0,,,No,,,Permanent contract,24292.0,17261,Yes,0,,NA,1,Created
812,2011-01-01,812,Male,33,1978-06-18,0.00047999999999999996,Divorced,0,,,Yes,,,Permanent contract,33200.0,27,No,0,,NA,1,Created
813,2011-01-01,813,Female,36,1975-02-07,0.00049,Single,0,,,Yes,24.0,,Permanent contract,20081.0,188416,Yes,0,,NA,1,Created
814,2011-01-01,814,Male,97,1914-05-23,0.30383000000000004,Widowed,0,,,No,,,Retired,16107.0,-27710,Yes,0,,NA,1,Created
18733,2012-05-09,814,Male,98,1914-05-23,0.30383000000000004,Widowed,0,,,No,,,Retired,16107.0,-27710,Yes,0,,NA,0,Life event: Deceased
815,2011-01-01,815,Female,75,1936-02-18,0.01986,Married,162,,2044-01-24,Yes,,,Retired,33881.0,3616,Yes,2,,NA,1,Created
816,2011-01-01,816,Male,13,1998-10-20,0.00014,Single,0,,,Yes,25.0,2023-03-01,Child,0.0,0,Yes,0,,NA,1,Created
817,2011-01-01,817,Female,40,1971-12-20,0.0006900000000000001,Married,163,,2036-08-24,Yes,,,Entrepreneur without personnel,4658.0,121262,Yes,2,,NA,1,Created
818,2011-01-01,818,Female,52,1959-06-25,0.00268,Married,164,,2059-12-05,Yes,,,Flexible contract,14554.0,36334,Yes,3,,NA,1,Created
819,2011-01-01,819,Female,2,2009-12-22,0.00015,Single,0,,,No,,,Child,0.0,0,Yes,0,33.0,2042-09-21,1,Created
820,2011-01-01,820,Male,64,1947-10-06,0.01097,Married,172,,2037-12-29,Yes,,,Permanent contract,76881.0,30742,No,2,,NA,1,Created
17053,2011-03-13,820,Male,64,1947-10-06,0.01097,Married,172,,2037-12-29,Yes,,,Permanent contract,76881.0,30742,No,2,,NA,0,Life event: Deceased
821,2011-01-01,821,Female,30,1981-03-11,0.00027,Single,0,,,Yes,35.0,2016-09-07,Permanent contract,47306.0,14151,Yes,0,,NA,1,Created
822,2011-01-01,822,Female,51,1960-05-25,0.0023899999999999998,Divorced,0,,,No,,,Entrepreneur without personnel,20069.0,2060,Yes,0,,NA,1,Created
823,2011-01-01,823,Female,8,2003-12-08,2.9999999999999997e-05,Single,0,,,Yes,26.0,2029-03-01,Child,0.0,0,Yes,0,21.0,2024-10-29,1,Created
824,2011-01-01,824,Male,31,1980-11-24,0.00041,Married,173,,2012-09-21,Yes,,,Permanent contract,54304.0,41283,Yes,3,,NA,1,Created
19114,2012-09-21,824,Male,32,1980-11-24,0.00041,Divorced,173,,2012-09-21,Yes,,,Permanent contract,54304.0,41283,Yes,3,,NA,1,Life event: Divorced
825,2011-01-01,825,Female,40,1971-12-03,0.0006900000000000001,Married,165,,2068-02-20,No,,,Permanent contract,10158.0,895474,Yes,2,,NA,1,Created
826,2011-01-01,826,Female,28,1983-11-07,0.00025,Married,166,,2036-10-20,No,,,Permanent contract,50506.0,106310,No,3,32.0,2015-03-05,1,Created
827,2011-01-01,827,Female,59,1952-06-13,0.00479,Divorced,0,,,No,,,Permanent contract,38946.0,38791,Yes,0,,NA,1,Created
828,2011-01-01,828,Male,58,1953-03-08,0.00603,Married,174,,2032-08-28,Yes,,,Permanent contract,18063.0,441147,No,1,,NA,1,Created
829,2011-01-01,829,Female,33,1978-01-13,0.00035,Married,167,,2055-08-31,Yes,,,Flexible contract,21519.0,847,No,2,,NA,1,Created
830,2011-01-01,830,Female,57,1954-11-27,0.00387,Divorced,0,,,No,,,Permanent contract,45079.0,87003,Yes,0,,NA,1,Created
831,2011-01-01,831,Male,37,1974-11-16,0.00082,Married,175,,2058-07-13,No,,,Permanent contract,30773.0,92864,No,3,,NA,1,Created
832,2011-01-01,832,Male,75,1936-05-06,0.033710000000000004,Married,176,,2020-03-22,Yes,,,Retired,90.0,103556,No,2,,NA,1,Created
833,2011-01-01,833,Male,40,1971-04-29,0.0009400000000000001,Married,177,,2018-12-09,Yes,,,Permanent contract,473307.0,722,Yes,2,,NA,1,Created
834,2011-01-01,834,Female,55,1956-04-22,0.00372,Married,168,,2033-03-23,No,,,Permanent contract,34256.0,17384,No,2,,NA,1,Created
835,2011-01-01,835,Female,3,2008-09-28,0.00013000000000000002,Single,0,,,No,,,Child,0.0,0,Yes,0,26.0,2034-09-23,1,Created
836,2011-01-01,836,Male,30,1981-07-17,0.00055,Married,178,,2060-10-16,Yes,,,Entrepreneur with personel,41967.0,3328725,No,2,,NA,1,Created
837,2011-01-01,837,Female,104,1907-01-15,1.0,Widowed,0,,,Yes,,,Retired,21966.0,-17552,No,0,,NA,1,Created
16685,2011-01-07,837,Female,104,1907-01-15,1.0,Widowed,0,,,Yes,,,Retired,21966.0,-17552,No,0,,NA,0,Life event: Deceased
838,2011-01-01,838,Female,41,1970-12-23,0.0007700000000000001,Married,169,,2022-10-22,No,,,Permanent contract,20519.0,19378,No,2,,NA,1,Created
839,2011-01-01,839,Male,77,1934-02-18,0.0418,Single,0,,,No,,,Retired,2704.0,549,Yes,0,,NA,1,Created
840,2011-01-01,840,Male,53,1958-04-16,0.0033299999999999996,Married,179,,2040-03-29,No,,,Permanent contract,14735.0,498070,No,2,,NA,1,Created
841,2011-01-01,841,Male,65,1946-08-14,0.01141,Married,180,,2050-03-04,No,,,Permanent contract,26927.0,98016,No,1,,NA,1,Created
17793,2011-08-14,841,Male,66,1946-08-14,0.01141,Married,180,,2050-03-04,No,,,Retired,18848.899999999998,98016,No,1,,NA,1,Life event: Retired
842,2011-01-01,842,Male,79,1932-08-16,0.05364,Married,181,,2049-02-12,No,,,Retired,39200.0,2721,No,2,,NA,1,Created
843,2011-01-01,843,Female,60,1951-04-08,0.00541,Married,170,,2023-06-14,Yes,,,Permanent contract,11798.0,487666,No,1,,NA,1,Created
844,2011-01-01,844,Male,34,1977-05-09,0.00067,Married,182,,2013-03-07,Yes,,,Permanent contract,37887.0,69897,Yes,1,,NA,1,Created
845,2011-01-01,845,Female,54,1957-05-17,0.00313,Divorced,0,,,Yes,,,Permanent contract,19680.0,62161,No,0,,NA,1,Created
846,2011-01-01,846,Male,57,1954-11-20,0.00572,Married,183,,2049-02-14,No,,,Flexible contract,41914.0,-198,Yes,1,,NA,1,Created
847,2011-01-01,847,Female,102,1909-05-25,1.0,Widowed,0,,,No,,,Retired,58063.0,413348,No,0,,NA,1,Created
16798,2011-01-25,847,Female,102,1909-05-25,1.0,Widowed,0,,,No,,,Retired,58063.0,413348,No,0,,NA,0,Life event: Deceased
848,2011-01-01,848,Female,59,1952-06-16,0.00479,Divorced,0,,,Yes,,,Permanent contract,46835.0,396277,Yes,0,,NA,1,Created
849,2011-01-01,849,Female,16,1995-11-12,8e-05,Single,0,,,Yes,30.0,2025-11-14,Child,0.0,0,Yes,0,35.0,2030-03-11,1,Created
19236,2012-11-12,849,Female,18,1995-11-12,8e-05,Single,0,,,No,,,Permanent contract,17448.0,117676,Yes,0,35,2030-03-11,1,Life event: Adulthood
850,2011-01-01,850,Female,60,1951-10-20,0.00541,Married,171,,2025-07-21,Yes,,,Permanent contract,4020.0,991898,No,2,,NA,1,Created
851,2011-01-01,851,Female,11,2000-10-04,7e-05,Single,0,,,Yes,4.0,,Child,0.0,0,No,0,29.0,2029-10-07,1,Created
852,2011-01-01,852,Female,40,1971-02-12,0.0006900000000000001,Single,0,,,Yes,23.0,,Permanent contract,27736.0,471980,No,0,,NA,1,Created
853,2011-01-01,853,Male,12,1999-08-30,0.00011,Single,0,,,No,,,Child,0.0,0,Yes,0,,NA,1,Created
854,2011-01-01,854,Male,59,1952-06-29,0.00717,Married,184,,2046-09-02,No,,,Permanent contract,8259.0,-25669,Yes,1,,NA,1,Created
855,2011-01-01,855,Male,0,2011-03-13,0.0036200000000000004,Single,0,,,Yes,38.0,2049-04-25,Child,0.0,0,No,0,,NA,1,Created
856,2011-01-01,856,Male,71,1940-01-08,0.02034,Divorced,0,,,Yes,,,Retired,31613.0,7756,No,0,,NA,1,Created
857,2011-01-01,857,Male,53,1958-10-08,0.0033299999999999996,Married,185,,2048-12-20,Yes,,,Flexible contract,8873.0,331027,No,3,,NA,1,Created
858,2011-01-01,858,Female,55,1956-08-07,0.00372,Single,0,,,No,,,Permanent contract,128519.0,18527,Yes,0,,NA,1,Created
859,2011-01-01,859,Female,23,1988-02-07,0.0001,Single,0,,,No,,,Permanent contract,24101.0,46342,Yes,0,32.0,2020-10-09,1,Created
860,2011-01-01,860,Female,6,2005-06-26,8e-05,Single,0,,,No,,,Child,0.0,0,Yes,0,31.0,2036-11-03,1,Created
861,2011-01-01,861,Female,75,1936-08-21,0.01986,Married,172,,2037-12-29,Yes,,,Retired,17460.0,378330,No,2,,NA,1,Created
17054,2011-03-13,861,Female,75,1936-08-21,0.01986,Widowed,172,,2037-12-29,Yes,,,Retired,17460.0,378330,No,2,,NA,1,Life event: Widowed
862,2011-01-01,862,Male,54,1957-03-26,0.00404,Married,186,,2017-12-12,No,,,Entrepreneur without personnel,48472.0,26560,No,3,,NA,1,Created
863,2011-01-01,863,Female,18,1993-10-31,0.00023999999999999998,Single,0,,,No,,,Permanent contract,11458.0,310488,No,0,38.0,2031-06-10,1,Created
864,2011-01-01,864,Male,43,1968-05-06,0.00103,Married,187,,2020-02-11,Yes,,,Permanent contract,13880.0,469460,Yes,2,,NA,1,Created
865,2011-01-01,865,Male,15,1996-03-02,0.00015,Single,0,,,Yes,35.0,2031-07-27,Child,0.0,0,No,0,,NA,1,Created
866,2011-01-01,866,Male,13,1998-05-30,0.00014,Single,0,,,Yes,35.0,2033-11-24,Child,0.0,0,Yes,0,,NA,1,Created
867,2011-01-01,867,Male,4,2007-12-10,0.00011,Single,0,,,Yes,33.0,2040-06-15,Child,0.0,0,Yes,0,,NA,1,Created
868,2011-01-01,868,Male,60,1951-11-08,0.006840000000000001,Married,188,,2050-07-01,No,,,Permanent contract,39068.0,280775,Yes,1,,NA,1,Created
869,2011-01-01,869,Male,19,1992-11-23,0.00033,Single,0,,,Yes,40.0,2032-10-19,Entrepreneur without personnel,11244.0,3899,No,0,,NA,1,Created
870,2011-01-01,870,Female,68,1943-06-14,0.00983,Married,173,,2012-09-21,No,,,Retired,48719.0,1274,Yes,3,,NA,1,Created
19115,2012-09-21,870,Female,70,1943-06-14,0.00983,Divorced,173,,2012-09-21,No,,,Retired,48719.0,1274,Yes,3,,NA,1,Life event: Divorced
871,2011-01-01,871,Male,37,1974-10-14,0.00082,Married,189,,2054-11-02,No,,,Permanent contract,15658.0,65276,Yes,3,,NA,1,Created
872,2011-01-01,872,Male,1,2010-01-10,0.00056,Single,0,,,No,,,Child,0.0,0,Yes,0,,NA,1,Created
873,2011-01-01,873,Male,32,1979-07-08,0.00059,Married,190,,2038-12-05,No,,,Entrepreneur without personnel,10657.0,5462,No,2,,NA,1,Created
874,2011-01-01,874,Female,18,1993-01-13,0.00023999999999999998,Single,0,,,No,,,Permanent contract,46051.0,687491,Yes,0,33.0,2026-02-09,1,Created
875,2011-01-01,875,Female,94,1917-08-06,0.20800000000000002,Widowed,0,,,No,,,Retired,14241.0,318496,No,0,,NA,1,Created
876,2011-01-01,876,Female,59,1952-04-17,0.00479,Married,174,,2032-08-28,Yes,,,Permanent contract,29317.0,135989,No,1,,NA,1,Created
877,2011-01-01,877,Male,47,1964-04-19,0.00186,Married,191,,2014-09-22,Yes,,,Flexible contract,2271.0,10826,No,1,,NA,1,Created
878,2011-01-01,878,Male,6,2005-09-28,5.9999999999999995e-05,Single,0,,,No,,,Child,0.0,0,Yes,0,,NA,1,Created
879,2011-01-01,879,Female,45,1966-01-21,0.00134,Single,0,,,No,,,Permanent contract,47852.0,372348,No,0,,NA,1,Created
880,2011-01-01,880,Male,53,1958-04-14,0.0033299999999999996,Married,192,,2066-05-17,No,,,Permanent contract,30548.0,33513,No,3,,NA,1,Created
881,2011-01-01,881,Male,24,1987-03-16,0.00047999999999999996,Single,0,,,Yes,45.0,2032-04-15,Permanent contract,6509.0,718953,Yes,0,,NA,1,Created
882,2011-01-01,882,Male,9,2002-02-15,0.00014,Single,0,,,Yes,38.0,2040-06-16,Child,0.0,0,No,0,,NA,1,Created
883,2011-01-01,883,Female,10,2001-03-19,0.0001,Single,0,,,Yes,36.0,2037-01-10,Child,0.0,0,Yes,0,32.0,2033-11-15,1,Created
884,2011-01-01,884,Female,1,2010-02-21,0.00033999999999999997,Single,0,,,No,,,Child,0.0,0,Yes,0,38.0,2048-02-16,1,Created
885,2011-01-01,885,Female,67,1944-11-04,0.00974,Married,175,,2058-07-13,Yes,,,Family business,28297.0,1693,No,3,,NA,1,Created
18129,2011-11-04,885,Female,68,1944-11-04,0.00974,Married,175,,2058-07-13,Yes,,,Retired,19807.899999999998,1693,No,3,,NA,1,Life event: Retired
886,2011-01-01,886,Male,59,1952-01-11,0.00717,Married,193,,2022-02-21,Yes,,,Permanent contract,138310.0,-49041,Yes,2,,NA,1,Created
887,2011-01-01,887,Male,36,1975-03-25,0.0006,Married,194,,2018-06-09,Yes,,,Permanent contract,4287.0,39197,Yes,1,,NA,1,Created
888,2011-01-01,888,Male,21,1990-10-20,0.00045,Single,0,,,No,,,Permanent contract,36395.0,-10967,Yes,0,,NA,1,Created
889,2011-01-01,889,Male,46,1965-11-08,0.00172,Married,195,,2024-07-18,Yes,,,Flexible contract,7896.0,108252,No,1,,NA,1,Created
890,2011-01-01,890,Female,3,2008-05-22,0.00013000000000000002,Single,0,,,No,,,Child,0.0,0,Yes,0,38.0,2046-11-17,1,Created
891,2011-01-01,891,Female,57,1954-06-22,0.00387,Married,176,,2020-03-22,No,,,Permanent contract,3850.0,32005,No,2,,NA,1,Created
892,2011-01-01,892,Male,29,1982-07-13,0.0005200000000000001,Single,0,,,Yes,35.0,2017-02-04,Flexible contract,15993.0,605,No,0,,NA,1,Created
893,2011-01-01,893,Male,63,1948-06-23,0.00945,Married,196,,2038-02-06,No,,,Permanent contract,88171.0,14483,Yes,1,,NA,1,Created
18876,2012-06-23,893,Male,65,1948-06-23,0.00945,Married,196,,2038-02-06,No,,,Retired,61719.7,14483,Yes,1,,NA,1,Life event: Retired
894,2011-01-01,894,Female,9,2002-03-12,2.9999999999999997e-05,Single,0,,,No,,,Child,0.0,0,Yes,0,26.0,2028-12-24,1,Created
895,2011-01-01,895,Female,4,2007-10-03,5.9999999999999995e-05,Single,0,,,Yes,22.0,2029-09-17,Child,0.0,0,Yes,0,28.0,2035-03-05,1,Created
896,2011-01-01,896,Female,58,1953-08-22,0.00448,Married,177,,2018-12-09,Yes,,,Permanent contract,21453.0,800938,Yes,2,,NA,1,Created
897,2011-01-01,897,Female,36,1975-10-27,0.00049,Married,178,,2060-10-16,Yes,,,Permanent contract,3951.0,132431,No,2,,NA,1,Created
898,2011-01-01,898,Male,51,1960-06-05,0.00301,Married,197,,2028-12-17,No,,,Permanent contract,80227.0,472555,Yes,2,,NA,1,Created
899,2011-01-01,899,Female,2,2009-02-25,0.00015,Single,0,,,No,,,Child,0.0,0,Yes,0,31.0,2040-12-11,1,Created
900,2011-01-01,900,Male,44,1967-12-10,0.0013599999999999999,Married,198,,2023-11-14,Yes,,,Permanent contract,4740.0,580181,No,1,,NA,1,Created
901,2011-01-01,901,Male,35,1976-03-06,0.00055,Married,199,,2057-04-07,No,,,Permanent contract,27131.0,-38391,No,2,,NA,1,Created
902,2011-01-01,902,Male,15,1996-01-31,0.00015,Single,0,,,Yes,31.0,2027-08-15,Child,0.0,0,Yes,0,,NA,1,Created
903,2011-01-01,903,Female,20,1991-12-28,0.00018,Single,0,,,Yes,44.0,2035-06-12,Permanent contract,6926.0,42591,No,0,30.0,2021-01-01,1,Created
904,2011-01-01,904,Male,77,1934-07-23,0.0418,Married,200,,2051-10-04,No,,,Retired,10989.0,-44802,No,2,,NA,1,Created
905,2011-01-01,905,Male,46,1965-03-12,0.00172,Married,201,,2062-05-06,No,,,Permanent contract,86685.0,-3219,Yes,2,,NA,1,Created
906,2011-01-01,906,Male,93,1918-07-03,0.22959000000000002,Widowed,0,,,Yes,,,Retired,75911.0,751657,No,0,,NA,1,Created
17748,2011-08-06,906,Male,94,1918-07-03,0.22959000000000002,Widowed,0,,,Yes,,,Retired,75911.0,751657,No,0,,NA,0,Life event: Deceased
907,2011-01-01,907,Female,33,1978-02-01,0.00035,Single,0,,,Yes,29.0,,Entrepreneur without personnel,46165.0,1869,No,0,,NA,1,Created
908,2011-01-01,908,Female,9,2002-01-18,2.9999999999999997e-05,Single,0,,,No,,,Child,0.0,0,Yes,0,34.0,2036-05-27,1,Created
909,2011-01-01,909,Female,52,1959-04-05,0.00268,Married,179,,2040-03-29,No,,,Permanent contract,96245.0,694,No,2,,NA,1,Created
910,2011-01-01,910,Female,46,1965-09-28,0.00134,Divorced,0,,,Yes,,,Permanent contract,4432.0,34305,No,0,,NA,1,Created
911,2011-01-01,911,Male,8,2003-11-11,9e-05,Single,0,,,Yes,30.0,2033-06-29,Child,0.0,0,Yes,0,,NA,1,Created
912,2011-01-01,912,Female,40,1971-08-15,0.0006900000000000001,Married,180,,2050-03-04,No,,,Entrepreneur with personel,71715.0,147187,No,1,,NA,1,Created
913,2011-01-01,913,Male,64,1947-06-08,0.01097,Married,202,,2045-11-07,Yes,,,Flexible contract,20370.0,41043,No,2,,NA,1,Created
17468,2011-06-08,913,Male,65,1947-06-08,0.01097,Married,202,,2045-11-07,Yes,,,Retired,14259.0,41043,No,2,,NA,1,Life event: Retired
914,2011-01-01,914,Female,2,2009-02-25,0.00015,Single,0,,,Yes,39.0,2048-10-25,Child,0.0,0,Yes,0,32.0,2041-02-15,1,Created
915,2011-01-01,915,Male,50,1961-11-22,0.00257,Single,0,,,No,,,Permanent contract,19017.0,-2274,Yes,0,,NA,1,Created
916,2011-01-01,916,Female,45,1966-01-20,0.00134,Married,181,,2049-02-12,Yes,,,Permanent contract,29343.0,34962,No,2,,NA,1,Created
917,2011-01-01,917,Female,55,1956-02-10,0.00372,Married,182,,2013-03-07,Yes,,,Permanent contract,39294.0,-3167,Yes,1,,NA,1,Created
918,2011-01-01,918,Male,32,1979-12-13,0.00059,Single,0,,,Yes,39.0,2018-08-05,Flexible contract,33859.0,715,No,0,,NA,1,Created
919,2011-01-01,919,Male,39,1972-05-01,0.0008699999999999999,Married,203,,2044-06-16,Yes,,,Permanent contract,15406.0,381966,No,1,,NA,1,Created
920,2011-01-01,920,Female,38,1973-05-14,0.00063,Married,183,,2049-02-14,Yes,,,Entrepreneur without personnel,17267.0,2663,Yes,1,,NA,1,Created
921,2011-01-01,921,Male,17,1994-12-24,0.00022999999999999998,Single,0,,,No,,,Child,0.0,0,Yes,0,,NA,1,Created
18351,2011-12-24,921,Male,18,1994-12-24,0.00022999999999999998,Single,0,,,Yes,60,2053-02-18,Permanent contract,23921.0,138618,Yes,0,,NA,1,Life event: Adulthood
922,2011-01-01,922,Male,30,1981-05-19,0.00055,Single,0,,,Yes,25.0,,Permanent contract,19097.0,69151,Yes,0,,NA,1,Created
923,2011-01-01,923,Male,51,1960-09-08,0.00301,Married,204,,2050-07-20,No,,,Flexible contract,41225.0,8757,Yes,3,,NA,1,Created
924,2011-01-01,924,Female,58,1953-01-13,0.00448,Married,184,,2046-09-02,Yes,,,Permanent contract,16795.0,147402,Yes,1,,NA,1,Created
925,2011-01-01,925,Female,77,1934-11-05,0.0259,Widowed,0,,,Yes,,,Retired,24237.0,431845,No,0,,NA,1,Created
926,2011-01-01,926,Female,18,1993-12-04,0.00023999999999999998,Single,0,,,No,,,Flexible contract,821.0,137232,No,0,25.0,2018-08-10,1,Created
927,2011-01-01,927,Female,86,1925-05-18,0.08317000000000001,Widowed,0,,,No,,,Retired,97098.0,71500,No,0,,NA,1,Created
19237,2012-11-12,927,Female,88,1925-05-18,0.08317000000000001,Widowed,0,,,No,,,Retired,97098.0,71500,No,0,,NA,0,Life event: Deceased
928,2011-01-01,928,Female,13,1998-11-05,0.00011999999999999999,Single,0,,,No,,,Child,0.0,0,Yes,0,29.0,2027-09-28,1,Created
929,2011-01-01,929,Male,16,1995-03-11,0.00029,Single,0,,,No,,,Child,0.0,0,Yes,0,,NA,1,Created
18582,2012-03-11,929,Male,18,1995-03-11,0.00029,Single,0,,,Yes,44,2038-07-20,Permanent contract,31738.0,15023,Yes,0,,NA,1,Life event: Adulthood
930,2011-01-01,930,Male,8,2003-07-02,9e-05,Single,0,,,No,,,Child,0.0,0,Yes,0,,NA,1,Created
931,2011-01-01,931,Female,43,1968-06-23,0.0009699999999999999,Single,0,,,Yes,32.0,,Flexible contract,27528.0,51859,Yes,0,,NA,1,Created
932,2011-01-01,932,Female,4,2007-09-01,5.9999999999999995e-05,Single,0,,,Yes,24.0,2031-03-05,Child,0.0,0,No,0,27.0,2034-03-30,1,Created
933,2011-01-01,933,Male,65,1946-02-06,0.01141,Married,205,,2046-08-09,No,,,Permanent contract,6283.0,790633,Yes,1,,NA,1,Created
16855,2011-02-06,933,Male,66,1946-02-06,0.01141,Married,205,,2046-08-09,No,,,Retired,4398.099999999999,790633,Yes,1,,NA,1,Life event: Retired
934,2011-01-01,934,Male,24,1987-09-22,0.00047999999999999996,Single,0,,,No,,,Permanent contract,4315.0,788826,No,0,,NA,1,Created
935,2011-01-01,935,Male,4,2007-11-30,0.00011,Single,0,,,No,,,Child,0.0,0,Yes,0,,NA,1,Created
936,2011-01-01,936,Female,22,1989-07-09,0.00023999999999999998,Single,0,,,No,,,Permanent contract,42189.0,552,Yes,0,27.0,2016-02-28,1,Created
937,2011-01-01,937,Female,16,1995-08-23,8e-05,Single,0,,,No,,,Child,0.0,0,Yes,0,21.0,2016-01-02,1,Created
19030,2012-08-23,937,Female,18,1995-08-23,8e-05,Single,0,,,Yes,35,2029-01-01,Flexible contract,30101.0,57275,Yes,0,21,2016-01-02,1,Life event: Adulthood
938,2011-01-01,938,Female,76,1935-08-27,0.02337,Divorced,0,,,No,,,Retired,38440.0,109774,No,0,,NA,1,Created
939,2011-01-01,939,Male,36,1975-03-11,0.0006,Divorced,0,,,Yes,,,Permanent contract,5349.0,599,Yes,0,,NA,1,Created
940,2011-01-01,940,Male,41,1970-09-21,0.0008900000000000001,Married,206,,2020-04-30,No,,,Flexible contract,40188.0,-16534,Yes,2,,NA,1,Created
941,2011-01-01,941,Female,25,1986-05-09,0.00022999999999999998,Single,0,,,Yes,33.0,2019-05-06,Flexible contract,39594.0,-26589,Yes,0,26.0,2012-09-26,1,Created
942,2011-01-01,942,Male,8,2003-11-05,9e-05,Single,0,,,No,,,Child,0.0,0,Yes,0,,NA,1,Created
943,2011-01-01,943,Male,43,1968-02-10,0.00103,Single,0,,,No,,,Permanent contract,16919.0,-17418,No,0,,NA,1,Created
944,2011-01-01,944,Female,52,1959-08-16,0.00268,Married,185,,2048-12-20,No,,,Permanent contract,51081.0,480925,No,3,,NA,1,Created
945,2011-01-01,945,Male,64,1947-06-06,0.01097,Married,207,,2045-07-12,No,,,Permanent contract,10844.0,96929,Yes,3,,NA,1,Created
17459,2011-06-06,945,Male,65,1947-06-06,0.01097,Married,207,,2045-07-12,No,,,Retired,7590.799999999999,96929,Yes,3,,NA,1,Life event: Retired
18503,2012-02-07,945,Male,65,1947-06-06,0.01097,Widowed,207,,2045-07-12,No,,,Retired,7590.799999999999,96929,Yes,3,,NA,1,Life event: Widowed
946,2011-01-01,946,Female,69,1942-02-21,0.0108,Married,186,,2017-12-12,No,,,Retired,52709.0,45985,No,3,,NA,1,Created
947,2011-01-01,947,Female,39,1972-12-18,0.00074,Divorced,0,,,Yes,,,Entrepreneur without personnel,40152.0,115699,No,0,39.0,2011-09-24,1,Created
948,2011-01-01,948,Male,41,1970-09-25,0.0008900000000000001,Single,0,,,Yes,40.0,,Permanent contract,26018.0,-4737,No,0,,NA,1,Created
949,2011-01-01,949,Female,78,1933-12-14,0.02817,Married,187,,2020-02-11,Yes,,,Retired,32246.0,10171,Yes,2,,NA,1,Created
950,2011-01-01,950,Female,38,1973-12-25,0.00063,Single,0,,,No,,,Permanent contract,45771.0,2962,No,0,,NA,1,Created
951,2011-01-01,951,Male,79,1932-01-17,0.05364,Married,208,,2043-11-27,No,,,Retired,69775.0,100997,No,2,,NA,1,Created
952,2011-01-01,952,Female,29,1982-10-21,0.00032,Married,188,,2050-07-01,Yes,,,Permanent contract,25193.0,953278,Yes,1,41.0,2023-09-30,1,Created
953,2011-01-01,953,Female,17,1994-02-11,0.0001,Single,0,,,Yes,38.0,2032-05-09,Child,0.0,0,Yes,0,26.0,2020-06-05,1,Created
16887,2011-02-11,953,Female,18,1994-02-11,0.0001,Single,0,,,Yes,27,2020-12-20,Permanent contract,76032.0,545,Yes,0,26,2020-06-05,1,Life event: Adulthood
954,2011-01-01,954,Female,17,1994-07-03,0.0001,Single,0,,,Yes,25.0,2019-01-23,Child,0.0,0,No,0,32.0,2026-09-30,1,Created
17596,2011-07-03,954,Female,18,1994-07-03,0.0001,Single,0,,,Yes,52,2045-04-15,Permanent contract,89958.0,463712,No,0,32,2026-09-30,1,Life event: Adulthood
955,2011-01-01,955,Male,82,1929-10-11,0.07771,Widowed,0,,,Yes,,,Retired,101536.0,-10529,Yes,0,,NA,1,Created
956,2011-01-01,956,Male,45,1966-03-17,0.0014199999999999998,Married,209,,2016-12-04,No,,,Permanent contract,183577.0,983539,Yes,2,,NA,1,Created
957,2011-01-01,957,Male,48,1963-10-13,0.0021100000000000003,Married,210,,2041-09-23,Yes,,,Permanent contract,140553.0,388107,Yes,2,,NA,1,Created
958,2011-01-01,958,Male,88,1923-04-17,0.14094,Widowed,0,,,Yes,,,Retired,19777.0,-2483,No,0,,NA,1,Created
959,2011-01-01,959,Male,40,1971-01-12,0.0009400000000000001,Divorced,0,,,Yes,,,Entrepreneur without personnel,6103.0,-16998,Yes,0,,NA,1,Created
960,2011-01-01,960,Male,63,1948-06-14,0.00945,Single,0,,,No,,,Entrepreneur with personel,11940.0,270200,Yes,0,,NA,1,Created
18841,2012-06-14,960,Male,65,1948-06-14,0.00945,Single,0,,,No,,,Retired,8358.0,270200,Yes,0,,NA,1,Life event: Retired
961,2011-01-01,961,Female,56,1955-04-28,0.0041,Married,189,,2054-11-02,No,,,Permanent contract,198209.0,121823,Yes,3,,NA,1,Created
962,2011-01-01,962,Female,39,1972-02-13,0.00074,Married,190,,2038-12-05,No,,,Flexible contract,3919.0,4546,No,2,,NA,1,Created
963,2011-01-01,963,Male,6,2005-05-13,5.9999999999999995e-05,Single,0,,,Yes,43.0,2048-04-21,Child,0.0,0,No,0,,NA,1,Created
964,2011-01-01,964,Female,41,1970-03-18,0.0007700000000000001,Married,191,,2014-09-22,Yes,,,Entrepreneur with personel,22001.0,32578,No,1,,NA,1,Created
965,2011-01-01,965,Female,46,1965-06-01,0.00134,Divorced,0,,,Yes,,,Entrepreneur without personnel,22586.0,2679,No,0,,NA,1,Created
966,2011-01-01,966,Female,23,1988-03-01,0.0001,Single,0,,,No,,,Permanent contract,1109.0,-834,No,0,36.0,2024-07-29,1,Created
967,2011-01-01,967,Male,16,1995-07-12,0.00029,Single,0,,,Yes,37.0,2032-03-03,Child,0.0,0,Yes,0,,NA,1,Created
18919,2012-07-12,967,Male,18,1995-07-12,0.00029,Single,0,,,No,,,Permanent contract,54072.0,45263,Yes,0,,NA,1,Life event: Adulthood
968,2011-01-01,968,Female,34,1977-07-13,0.00037,Single,0,,,No,,,Entrepreneur without personnel,17998.0,-34068,Yes,0,,NA,1,Created
969,2011-01-01,969,Female,5,2006-11-14,4e-05,Single,0,,,Yes,34.0,2040-03-15,Child,0.0,0,Yes,0,31.0,2037-11-20,1,Created
970,2011-01-01,970,Female,65,1946-04-05,0.007559999999999999,Married,192,,2066-05-17,Yes,,,Permanent contract,11078.0,-45991,No,3,,NA,1,Created
17174,2011-04-05,970,Female,66,1946-04-05,0.007559999999999999,Married,192,,2066-05-17,Yes,,,Retired,7754.599999999999,-45991,No,3,,NA,1,Life event: Retired
971,2011-01-01,971,Male,33,1978-03-27,0.00047999999999999996,Married,211,,2013-05-20,No,,,Permanent contract,22464.0,84673,No,1,,NA,1,Created
972,2011-01-01,972,Female,20,1991-06-28,0.00018,Single,0,,,Yes,39.0,2030-08-21,Permanent contract,17263.0,428883,Yes,0,30.0,2021-05-28,1,Created
973,2011-01-01,973,Male,31,1980-09-02,0.00041,Single,0,,,No,,,Permanent contract,93121.0,161592,Yes,0,,NA,1,Created
974,2011-01-01,974,Male,39,1972-11-18,0.0008699999999999999,Single,0,,,No,,,Permanent contract,15110.0,3190,No,0,,NA,1,Created
975,2011-01-01,975,Female,6,2005-07-11,8e-05,Single,0,,,No,,,Child,0.0,0,No,0,40.0,2045-09-22,1,Created
976,2011-01-01,976,Female,4,2007-01-04,5.9999999999999995e-05,Single,0,,,No,,,Child,0.0,0,No,0,25.0,2032-03-13,1,Created
977,2011-01-01,977,Male,44,1967-08-14,0.0013599999999999999,Married,212,,2037-08-17,No,,,Permanent contract,20799.0,168,No,1,,NA,1,Created
978,2011-01-01,978,Female,44,1967-03-31,0.00107,Married,193,,2022-02-21,No,,,Permanent contract,14439.0,26392,Yes,2,,NA,1,Created
979,2011-01-01,979,Female,28,1983-07-31,0.00025,Single,0,,,No,,,Permanent contract,14316.0,14920,Yes,0,33.0,2016-07-27,1,Created
980,2011-01-01,980,Female,53,1958-01-28,0.00312,Married,194,,2018-06-09,No,,,Permanent contract,14182.0,417545,Yes,1,,NA,1,Created
981,2011-01-01,981,Male,43,1968-03-02,0.00103,Married,213,,2049-01-17,Yes,,,Permanent contract,32027.0,18323,No,3,,NA,1,Created
982,2011-01-01,982,Female,39,1972-02-23,0.00074,Married,195,,2024-07-18,Yes,,,Permanent contract,48057.0,71498,No,1,39.0,2011-11-28,1,Created
18226,2011-11-28,982,Female,40,1972-02-23,0.00074,Married,195,,2024-07-18,Yes,,,Permanent contract,48057.0,71498,No,1,39,2011-11-28,1,Life event: Children born
983,2011-01-01,983,Female,58,1953-07-21,0.00448,Married,196,,2038-02-06,Yes,,,Permanent contract,8488.0,-47709,Yes,1,,NA,1,Created
984,2011-01-01,984,Female,63,1948-01-13,0.00672,Widowed,0,,,Yes,,,Permanent contract,53067.0,158311,Yes,0,,NA,1,Created
18419,2012-01-13,984,Female,65,1948-01-13,0.00672,Widowed,0,,,Yes,,,Retired,37146.899999999994,158311,Yes,0,,NA,1,Life event: Retired
985,2011-01-01,985,Female,62,1949-07-03,0.0057399999999999994,Married,197,,2028-12-17,No,,,Permanent contract,36616.0,975022,Yes,2,,NA,1,Created
986,2011-01-01,986,Male,32,1979-01-19,0.00059,Married,214,,2053-03-31,No,,,Flexible contract,761.0,252897,No,3,,NA,1,Created
987,2011-01-01,987,Male,60,1951-05-20,0.006840000000000001,Divorced,0,,,No,,,Permanent contract,53106.0,27057,No,0,,NA,1,Created
988,2011-01-01,988,Male,46,1965-01-09,0.00172,Divorced,0,,,No,,,Permanent contract,95469.0,53464,Yes,0,,NA,1,Created
989,2011-01-01,989,Male,15,1996-01-08,0.00015,Single,0,,,Yes,26.0,2022-03-18,Child,0.0,0,Yes,0,,NA,1,Created
990,2011-01-01,990,Female,41,1970-12-27,0.0007700000000000001,Married,198,,2023-11-14,No,,,Entrepreneur with personel,15753.0,255594,No,1,,NA,1,Created
991,2011-01-01,991,Female,16,1995-05-10,8e-05,Single,0,,,Yes,40.0,2035-03-03,Child,0.0,0,Yes,0,31.0,2026-06-05,1,Created
18738,2012-05-10,991,Female,18,1995-05-10,8e-05,Single,0,,,No,,,Family business,11440.0,440378,Yes,0,31,2026-06-05,1,Life event: Adulthood
992,2011-01-01,992,Male,26,1985-01-16,1.0,Married,215,,2013-09-11,No,,,Permanent contract,27063.0,-35894,No,2,,NA,1,Created
993,2011-01-01,993,Female,36,1975-01-31,0.00049,Married,199,,2057-04-07,Yes,,,Permanent contract,5422.0,190342,No,2,,NA,1,Created
994,2011-01-01,994,Male,99,1912-12-24,0.39916999999999997,Widowed,0,,,Yes,,,Retired,22390.0,1343,No,0,,NA,1,Created
995,2011-01-01,995,Female,67,1944-02-24,0.00974,Married,200,,2051-10-04,No,,,Permanent contract,138469.0,193026,No,2,,NA,1,Created
16960,2011-02-24,995,Female,68,1944-02-24,0.00974,Married,200,,2051-10-04,No,,,Retired,96928.29999999999,193026,No,2,,NA,1,Life event: Retired
996,2011-01-01,996,Female,85,1926-04-01,0.07042999999999999,Widowed,0,,,No,,,Retired,15825.0,196724,Yes,0,,NA,1,Created
997,2011-01-01,997,Male,45,1966-01-26,0.0014199999999999998,Married,216,,2053-02-18,No,,,Entrepreneur without personnel,19771.0,540,No,3,,NA,1,Created
998,2011-01-01,998,Male,4,2007-07-03,0.00011,Single,0,,,No,,,Child,0.0,0,No,0,,NA,1,Created
999,2011-01-01,999,Female,60,1951-08-26,0.00541,Single,0,,,Yes,30.0,,Flexible contract,12131.0,-42927,Yes,0,,NA,1,Created
1000,2011-01-01,1000,Male,45,1966-05-14,0.0014199999999999998,Divorced,0,,,Yes,,,Permanent contract,24220.0,76483,Yes,0,,NA,1,Created
1001,2011-01-01,1001,Female,86,1925-09-02,0.08317000000000001,Married,201,,2062-05-06,No,,,Retired,73813.0,14405,Yes,2,,NA,1,Created
1002,2011-01-01,1002,Male,34,1977-10-06,0.00067,Married,217,,2039-08-04,No,,,Permanent contract,40923.0,4270626,No,3,,NA,1,Created
1003,2011-01-01,1003,Female,2,2009-01-05,0.00015,Single,0,,,Yes,30.0,2039-11-16,Child,0.0,0,No,0,32.0,2041-01-06,1,Created
1004,2011-01-01,1004,Female,65,1946-11-07,0.007559999999999999,Divorced,0,,,Yes,,,Permanent contract,42024.0,-38741,Yes,0,,NA,1,Created
18138,2011-11-07,1004,Female,66,1946-11-07,0.007559999999999999,Divorced,0,,,Yes,,,Retired,29416.8,-38741,Yes,0,,NA,1,Life event: Retired
1005,2011-01-01,1005,Female,9,2002-01-23,2.9999999999999997e-05,Single,0,,,Yes,26.0,2028-04-17,Child,0.0,0,Yes,0,23.0,2025-08-05,1,Created
1006,2011-01-01,1006,Female,48,1963-08-09,0.0018800000000000002,Married,202,,2045-11-07,Yes,,,Permanent contract,47430.0,255944,No,2,,NA,1,Created
1007,2011-01-01,1007,Female,89,1922-07-04,0.11775999999999999,Married,203,,2044-06-16,Yes,,,Retired,19156.0,648,No,1,,NA,1,Created
1008,2011-01-01,1008,Male,26,1985-09-18,1.0,Single,0,,,No,,,Permanent contract,96348.0,255044,No,0,,NA,1,Created
18065,2011-10-18,1008,Male,27,1985-09-18,1.0,Single,0,,,No,,,Permanent contract,96348.0,255044,No,0,,NA,0,Life event: Deceased
1009,2011-01-01,1009,Male,19,1992-12-25,0.00033,Single,0,,,Yes,63.0,2055-12-18,Entrepreneur without personnel,59181.0,-11148,No,0,,NA,1,Created
1010,2011-01-01,1010,Male,17,1994-04-26,0.00022999999999999998,Single,0,,,No,,,Child,0.0,0,Yes,0,,NA,1,Created
17263,2011-04-26,1010,Male,18,1994-04-26,0.00022999999999999998,Single,0,,,Yes,46,2039-12-13,Permanent contract,1631.0,322,Yes,0,,NA,1,Life event: Adulthood
1011,2011-01-01,1011,Female,6,2005-09-15,8e-05,Single,0,,,Yes,31.0,2036-07-13,Child,0.0,0,No,0,36.0,2041-10-03,1,Created
1012,2011-01-01,1012,Male,16,1995-08-20,0.00029,Single,0,,,No,,,Child,0.0,0,No,0,,NA,1,Created
19025,2012-08-20,1012,Male,18,1995-08-20,0.00029,Single,0,,,Yes,25,2019-10-18,Permanent contract,16990.0,161017,No,0,,NA,1,Life event: Adulthood
1013,2011-01-01,1013,Female,105,1906-10-09,1.0,Widowed,0,,,No,,,Retired,12096.0,166105,Yes,0,,NA,1,Created
1014,2011-01-01,1014,Female,3,2008-07-17,0.00013000000000000002,Single,0,,,Yes,34.0,2042-07-29,Child,0.0,0,No,0,26.0,2034-03-02,1,Created
1015,2011-01-01,1015,Male,37,1974-07-26,0.00082,Single,0,,,No,,,Permanent contract,99714.0,-32223,No,0,,NA,1,Created
1016,2011-01-01,1016,Female,9,2002-12-30,2.9999999999999997e-05,Single,0,,,Yes,24.0,2026-11-25,Child,0.0,0,No,0,32.0,2034-09-17,1,Created
1017,2011-01-01,1017,Female,20,1991-07-29,0.00018,Single,0,,,No,,,Permanent contract,1329.0,-48786,No,0,30.0,2021-08-12,1,Created
1018,2011-01-01,1018,Male,50,1961-06-25,0.00257,Divorced,0,,,Yes,,,Permanent contract,69464.0,95273,No,0,,NA,1,Created
1019,2011-01-01,1019,Female,54,1957-01-13,0.00313,Married,204,,2050-07-20,No,,,Permanent contract,38145.0,289654,Yes,3,,NA,1,Created
1020,2011-01-01,1020,Female,71,1940-01-11,0.013009999999999999,Married,205,,2046-08-09,No,,,Retired,4409.0,1000,Yes,1,,NA,1,Created
1021,2011-01-01,1021,Female,34,1977-04-26,0.00037,Divorced,0,,,No,,,Permanent contract,3787.0,1525,Yes,0,,NA,1,Created
1022,2011-01-01,1022,Male,0,2011-08-13,0.0036200000000000004,Single,0,,,No,,,Child,0.0,0,Yes,0,,NA,1,Created
1023,2011-01-01,1023,Male,12,1999-03-15,0.00011,Single,0,,,Yes,36.0,2035-04-30,Child,0.0,0,No,0,,NA,1,Created
1024,2011-01-01,1024,Male,51,1960-11-04,0.00301,Married,218,,2052-11-14,No,,,Entrepreneur with personel,9594.0,18676,No,2,,NA,1,Created
1025,2011-01-01,1025,Female,55,1956-01-17,0.00372,Single,0,,,No,,,Permanent contract,82838.0,2466,Yes,0,,NA,1,Created
1026,2011-01-01,1026,Male,50,1961-10-17,0.00257,Widowed,0,,,No,,,Flexible contract,76948.0,99452,No,0,,NA,1,Created
1027,2011-01-01,1027,Female,20,1991-07-05,0.00018,Single,0,,,No,,,Permanent contract,26286.0,6415,No,0,28.0,2019-02-20,1,Created
1028,2011-01-01,1028,Male,20,1991-03-31,0.00045,Single,0,,,Yes,30.0,2021-09-02,Permanent contract,19150.0,3514,Yes,0,,NA,1,Created
1029,2011-01-01,1029,Female,77,1934-09-30,0.0259,Widowed,0,,,Yes,,,Retired,31951.0,219157,Yes,0,,NA,1,Created
1030,2011-01-01,1030,Female,61,1950-03-27,0.00562,Married,206,,2020-04-30,No,,,Permanent contract,17150.0,77589,Yes,2,,NA,1,Created
1031,2011-01-01,1031,Male,13,1998-02-28,0.00014,Single,0,,,Yes,35.0,2033-05-04,Child,0.0,0,No,0,,NA,1,Created
1032,2011-01-01,1032,Male,69,1942-03-15,0.01804,Single,0,,,Yes,35.0,,Retired,29841.0,17569,No,0,,NA,1,Created
1033,2011-01-01,1033,Female,69,1942-10-16,0.0108,Married,207,,2045-07-12,No,,,Retired,30014.0,81021,Yes,3,,NA,1,Created
18502,2012-02-07,1033,Female,70,1942-10-16,0.0108,Married,207,,2045-07-12,No,,,Retired,30014.0,81021,Yes,3,,NA,0,Life event: Deceased
1034,2011-01-01,1034,Male,20,1991-10-26,0.00045,Single,0,,,No,,,Permanent contract,7898.0,174477,No,0,,NA,1,Created
1035,2011-01-01,1035,Female,16,1995-01-31,8e-05,Single,0,,,Yes,44.0,2039-03-25,Child,0.0,0,No,0,27.0,2022-02-01,1,Created
18484,2012-01-31,1035,Female,18,1995-01-31,8e-05,Single,0,,,No,,,Entrepreneur with personel,25966.0,7890,No,0,27,2022-02-01,1,Life event: Adulthood
1036,2011-01-01,1036,Female,45,1966-11-04,0.00134,Married,208,,2043-11-27,Yes,,,Permanent contract,83435.0,880046,No,2,,NA,1,Created
1037,2011-01-01,1037,Female,11,2000-10-10,7e-05,Single,0,,,No,,,Child,0.0,0,Yes,0,30.0,2030-10-26,1,Created
1038,2011-01-01,1038,Female,12,1999-12-01,5e-05,Single,0,,,Yes,33.0,2032-04-06,Child,0.0,0,Yes,0,27.0,2026-01-13,1,Created
1039,2011-01-01,1039,Male,3,2008-11-01,0.0002,Single,0,,,No,,,Child,0.0,0,Yes,0,,NA,1,Created
1040,2011-01-01,1040,Male,57,1954-08-21,0.00572,Divorced,0,,,Yes,,,Flexible contract,30128.0,7986,No,0,,NA,1,Created
1041,2011-01-01,1041,Male,42,1969-09-30,0.00128,Married,219,,2033-03-05,No,,,Permanent contract,2754.0,32503,No,1,,NA,1,Created
1042,2011-01-01,1042,Female,22,1989-02-15,0.00023999999999999998,Single,0,,,Yes,25.0,2014-04-06,Permanent contract,20995.0,189864,No,0,28.0,2017-01-07,1,Created
1043,2011-01-01,1043,Female,73,1938-06-29,0.01577,Married,209,,2016-12-04,No,,,Retired,17721.0,385622,Yes,2,,NA,1,Created
1044,2011-01-01,1044,Male,86,1925-03-14,0.1126,Widowed,0,,,No,,,Retired,5670.0,792,No,0,,NA,1,Created
1045,2011-01-01,1045,Female,59,1952-02-08,0.00479,Married,210,,2041-09-23,No,,,Permanent contract,40812.0,9411,Yes,2,,NA,1,Created
1046,2011-01-01,1046,Female,46,1965-05-19,0.00134,Married,211,,2013-05-20,Yes,,,Unemployed,28260.0,566,No,1,,NA,1,Created
1047,2011-01-01,1047,Female,20,1991-08-17,0.00018,Single,0,,,No,,,Permanent contract,56436.0,374,No,0,35.0,2026-05-11,1,Created
1048,2011-01-01,1048,Male,40,1971-02-12,0.0009400000000000001,Married,220,,2052-06-03,Yes,,,Entrepreneur without personnel,21862.0,2776,Yes,1,,NA,1,Created
1049,2011-01-01,1049,Male,25,1986-06-30,0.00033999999999999997,Single,0,,,No,,,Permanent contract,260143.0,-36529,Yes,0,,NA,1,Created
1050,2011-01-01,1050,Male,65,1946-10-11,0.01141,Divorced,0,,,No,,,Entrepreneur without personnel,13133.0,4398,No,0,,NA,1,Created
17899,2011-09-08,1050,Male,65,1946-10-11,0.01141,Divorced,0,,,No,,,Entrepreneur without personnel,13133.0,4398,No,0,,NA,0,Life event: Deceased
1051,2011-01-01,1051,Male,28,1983-05-19,0.00045,Single,0,,,Yes,45.0,2028-03-11,Unemployed,49077.0,44576,No,0,,NA,1,Created
1052,2011-01-01,1052,Female,59,1952-03-30,0.00479,Married,212,,2037-08-17,Yes,,,Flexible contract,36046.0,67234,No,1,,NA,1,Created
1053,2011-01-01,1053,Female,78,1933-07-11,0.02817,Married,213,,2049-01-17,No,,,Retired,44634.0,-1993,No,3,,NA,1,Created
1054,2011-01-01,1054,Male,47,1964-10-08,0.00186,Married,221,,2016-11-15,Yes,,,Flexible contract,2399.0,28467,No,1,,NA,1,Created
1055,2011-01-01,1055,Female,55,1956-10-05,0.00372,Divorced,0,,,Yes,,,Unemployed,30908.0,18421,No,0,,NA,1,Created
1056,2011-01-01,1056,Male,39,1972-08-11,0.0008699999999999999,Single,0,,,Yes,32.0,,Permanent contract,35071.0,19552,Yes,0,,NA,1,Created
1057,2011-01-01,1057,Male,46,1965-05-07,0.00172,Divorced,0,,,No,,,Permanent contract,9304.0,-32638,Yes,0,,NA,1,Created
1058,2011-01-01,1058,Female,45,1966-08-28,0.00134,Married,214,,2053-03-31,No,,,Permanent contract,123193.0,376,No,3,,NA,1,Created
1059,2011-01-01,1059,Female,8,2003-07-13,2.9999999999999997e-05,Single,0,,,No,,,Child,0.0,0,Yes,0,28.0,2031-05-23,1,Created
1060,2011-01-01,1060,Male,62,1949-08-02,0.008409999999999999,Married,222,,2041-12-30,No,,,Permanent contract,27161.0,5713,No,2,,NA,1,Created
1061,2011-01-01,1061,Male,75,1936-04-14,0.033710000000000004,Divorced,0,,,No,,,Retired,30394.0,114013,No,0,,NA,1,Created
17893,2011-09-06,1061,Male,76,1936-04-14,0.033710000000000004,Divorced,0,,,No,,,Retired,30394.0,114013,No,0,,NA,0,Life event: Deceased
1062,2011-01-01,1062,Male,65,1946-04-03,0.01141,Married,223,,2037-02-03,Yes,,,Permanent contract,23182.0,-4914,No,1,,NA,1,Created
17162,2011-04-03,1062,Male,66,1946-04-03,0.01141,Married,223,,2037-02-03,Yes,,,Retired,16227.4,-4914,No,1,,NA,1,Life event: Retired
1063,2011-01-01,1063,Female,64,1947-08-20,0.00713,Divorced,0,,,Yes,,,Permanent contract,30053.0,7446,No,0,,NA,1,Created
17829,2011-08-20,1063,Female,65,1947-08-20,0.00713,Divorced,0,,,Yes,,,Retired,21037.1,7446,No,0,,NA,1,Life event: Retired
1064,2011-01-01,1064,Male,62,1949-06-07,0.008409999999999999,Divorced,0,,,No,,,Permanent contract,12071.0,209792,Yes,0,,NA,1,Created
1065,2011-01-01,1065,Male,34,1977-12-03,0.00067,Married,224,,2011-04-23,Yes,,,Permanent contract,24742.0,392050,Yes,1,,NA,1,Created
17248,2011-04-23,1065,Male,34,1977-12-03,0.00067,Divorced,224,,2011-04-23,Yes,,,Permanent contract,24742.0,392050,Yes,1,,NA,1,Life event: Divorced
1066,2011-01-01,1066,Female,4,2007-06-06,5.9999999999999995e-05,Single,0,,,No,,,Child,0.0,0,Yes,0,33.0,2040-02-29,1,Created
1067,2011-01-01,1067,Female,79,1932-07-18,0.03112,Married,215,,2013-09-11,Yes,,,Retired,8214.0,12577,No,2,,NA,1,Created
1068,2011-01-01,1068,Male,93,1918-01-04,0.22959000000000002,Widowed,0,,,No,,,Retired,3390.0,19211,Yes,0,,NA,1,Created
17127,2011-03-27,1068,Male,94,1918-01-04,0.22959000000000002,Widowed,0,,,No,,,Retired,3390.0,19211,Yes,0,,NA,0,Life event: Deceased
1069,2011-01-01,1069,Female,14,1997-11-05,9e-05,Single,0,,,No,,,Child,0.0,0,No,0,25.0,2022-04-20,1,Created
1070,2011-01-01,1070,Female,67,1944-06-02,0.00974,Married,216,,2053-02-18,No,,,Entrepreneur with personel,24896.0,390683,No,3,,NA,1,Created
17447,2011-06-02,1070,Female,68,1944-06-02,0.00974,Married,216,,2053-02-18,No,,,Retired,17427.199999999997,390683,No,3,,NA,1,Life event: Retired
1071,2011-01-01,1071,Male,31,1980-08-14,0.00041,Single,0,,,Yes,49.0,2029-03-21,Entrepreneur without personnel,59216.0,368478,No,0,,NA,1,Created
1072,2011-01-01,1072,Male,36,1975-11-05,0.0006,Married,225,,2027-03-22,No,,,Entrepreneur without personnel,2600.0,493584,No,1,,NA,1,Created
1073,2011-01-01,1073,Male,71,1940-06-29,0.02034,Married,226,,2026-06-22,Yes,,,Retired,1001.0,49240,No,2,,NA,1,Created
1074,2011-01-01,1074,Female,37,1974-01-23,0.00057,Single,0,,,Yes,27.0,,Permanent contract,4083.0,40012,Yes,0,,NA,1,Created
1075,2011-01-01,1075,Male,7,2004-09-30,9e-05,Single,0,,,No,,,Child,0.0,0,No,0,,NA,1,Created
1076,2011-01-01,1076,Female,40,1971-03-20,0.0006900000000000001,Married,217,,2039-08-04,No,,,Entrepreneur without personnel,94996.0,86689,No,3,,NA,1,Created
1077,2011-01-01,1077,Female,37,1974-10-08,0.00057,Single,0,,,Yes,27.0,,Flexible contract,41512.0,2015,Yes,0,,NA,1,Created
1078,2011-01-01,1078,Female,5,2006-08-13,4e-05,Single,0,,,No,,,Child,0.0,0,Yes,0,29.0,2035-06-02,1,Created
1079,2011-01-01,1079,Female,21,1990-06-26,0.00016,Single,0,,,Yes,27.0,2017-10-24,Flexible contract,12014.0,497303,Yes,0,30.0,2020-03-03,1,Created
1080,2011-01-01,1080,Male,15,1996-05-24,0.00015,Single,0,,,No,,,Child,0.0,0,Yes,0,,NA,1,Created
1081,2011-01-01,1081,Female,44,1967-10-11,0.00107,Married,218,,2052-11-14,Yes,,,Flexible contract,90904.0,309677,No,2,,NA,1,Created
1082,2011-01-01,1082,Male,20,1991-07-31,0.00045,Single,0,,,Yes,77.0,2068-07-19,Permanent contract,10226.0,303351,No,0,,NA,1,Created
1083,2011-01-01,1083,Female,54,1957-08-07,0.00313,Single,0,,,No,,,Permanent contract,46534.0,413447,Yes,0,,NA,1,Created
1084,2011-01-01,1084,Male,36,1975-08-05,0.0006,Single,0,,,No,,,Permanent contract,9317.0,118186,Yes,0,,NA,1,Created
1085,2011-01-01,1085,Male,40,1971-01-30,0.0009400000000000001,Divorced,0,,,No,,,Unemployed,51610.0,807756,No,0,,NA,1,Created
1086,2011-01-01,1086,Male,46,1965-07-14,0.00172,Single,0,,,No,,,Permanent contract,13492.0,68177,No,0,,NA,1,Created
1087,2011-01-01,1087,Male,48,1963-03-23,0.0021100000000000003,Married,227,,2055-12-11,Yes,,,Permanent contract,40187.0,134912,Yes,3,,NA,1,Created
1088,2011-01-01,1088,Female,13,1998-04-20,0.00011999999999999999,Single,0,,,No,,,Child,0.0,0,Yes,0,27.0,2025-10-18,1,Created
1089,2011-01-01,1089,Female,13,1998-01-02,0.00011999999999999999,Single,0,,,Yes,27.0,2025-10-01,Child,0.0,0,Yes,0,32.0,2030-02-17,1,Created
1090,2011-01-01,1090,Male,49,1962-08-23,0.00242,Divorced,0,,,No,,,Permanent contract,18928.0,43311,No,0,,NA,1,Created
1091,2011-01-01,1091,Male,77,1934-01-05,0.0418,Single,0,,,No,,,Retired,710.0,273335,Yes,0,,NA,1,Created
1092,2011-01-01,1092,Male,65,1946-09-28,0.01141,Married,228,,2020-08-08,Yes,,,Entrepreneur without personnel,1970.0,847529,No,1,,NA,1,Created
17981,2011-09-28,1092,Male,66,1946-09-28,0.01141,Married,228,,2020-08-08,Yes,,,Retired,1379.0,847529,No,1,,NA,1,Life event: Retired
1093,2011-01-01,1093,Male,48,1963-08-13,0.0021100000000000003,Married,229,,2033-04-26,No,,,Permanent contract,12302.0,16013,Yes,2,,NA,1,Created
1094,2011-01-01,1094,Male,7,2004-09-10,9e-05,Single,0,,,No,,,Child,0.0,0,No,0,,NA,1,Created
1095,2011-01-01,1095,Male,64,1947-01-22,0.01097,Married,230,,2030-01-14,Yes,,,Permanent contract,46444.0,33069,No,2,,NA,1,Created
16781,2011-01-22,1095,Male,65,1947-01-22,0.01097,Married,230,,2030-01-14,Yes,,,Retired,32510.8,33069,No,2,,NA,1,Life event: Retired
16805,2011-01-26,1095,Male,65,1947-01-22,0.01097,Widowed,230,,2030-01-14,Yes,,,Retired,32510.8,33069,No,2,,NA,1,Life event: Widowed
1096,2011-01-01,1096,Male,9,2002-12-11,0.00014,Single,0,,,No,,,Child,0.0,0,Yes,0,,NA,1,Created
1097,2011-01-01,1097,Female,76,1935-07-23,0.02337,Married,219,,2033-03-05,Yes,,,Retired,30245.0,-9723,No,1,,NA,1,Created
1098,2011-01-01,1098,Female,0,2011-09-20,0.0028899999999999998,Single,0,,,Yes,28.0,2039-02-27,Child,0.0,0,No,0,30.0,2041-08-24,1,Created
1099,2011-01-01,1099,Female,26,1985-06-13,1.0,Single,0,,,Yes,34.0,2019-07-18,Permanent contract,3720.0,449721,Yes,0,33.0,2018-10-13,1,Created
17469,2011-06-08,1099,Female,26,1985-06-13,1.0,Single,0,,,Yes,34,2019-07-18,Permanent contract,3720.0,449721,Yes,0,33,2018-10-13,0,Life event: Deceased
1100,2011-01-01,1100,Male,43,1968-09-08,0.00103,Married,231,,2049-06-19,Yes,,,Permanent contract,30749.0,40746,Yes,2,,NA,1,Created
1101,2011-01-01,1101,Female,39,1972-11-05,0.00074,Single,0,,,No,,,Permanent contract,35220.0,410633,No,0,,NA,1,Created
1102,2011-01-01,1102,Male,19,1992-09-01,0.00033,Single,0,,,Yes,55.0,2047-11-30,Permanent contract,33552.0,-13229,Yes,0,,NA,1,Created
1103,2011-01-01,1103,Female,2,2009-08-24,0.00015,Single,0,,,Yes,29.0,2038-04-27,Child,0.0,0,Yes,0,34.0,2043-09-07,1,Created
1104,2011-01-01,1104,Female,40,1971-07-07,0.0006900000000000001,Single,0,,,Yes,48.0,2019-04-12,Permanent contract,8730.0,919,No,0,,NA,1,Created
1105,2011-01-01,1105,Male,40,1971-11-18,0.0009400000000000001,Married,232,,2038-01-12,Yes,,,Entrepreneur without personnel,4570.0,136509,Yes,1,,NA,1,Created
1106,2011-01-01,1106,Female,52,1959-07-21,0.00268,Married,220,,2052-06-03,Yes,,,Permanent contract,5557.0,50005,Yes,1,,NA,1,Created
1107,2011-01-01,1107,Female,0,2011-09-18,0.0028899999999999998,Single,0,,,No,,,Child,0.0,0,Yes,0,36.0,2047-03-28,1,Created
1108,2011-01-01,1108,Male,5,2006-07-13,9e-05,Single,0,,,No,,,Child,0.0,0,No,0,,NA,1,Created
1109,2011-01-01,1109,Male,63,1948-06-08,0.00945,Married,233,,2047-09-14,Yes,,,Permanent contract,12308.0,449,Yes,1,,NA,1,Created
18823,2012-06-08,1109,Male,65,1948-06-08,0.00945,Married,233,,2047-09-14,Yes,,,Retired,8615.599999999999,449,Yes,1,,NA,1,Life event: Retired
1110,2011-01-01,1110,Male,88,1923-07-13,0.14094,Widowed,0,,,No,,,Retired,37811.0,309858,Yes,0,,NA,1,Created
1111,2011-01-01,1111,Male,62,1949-04-08,0.008409999999999999,Married,234,,2039-02-17,Yes,,,Permanent contract,10051.0,-12454,Yes,1,,NA,1,Created
1112,2011-01-01,1112,Female,80,1931-05-02,0.03682,Widowed,0,,,Yes,,,Retired,19398.0,-3470,Yes,0,,NA,1,Created
1113,2011-01-01,1113,Male,43,1968-10-20,0.00103,Single,0,,,Yes,20.0,,Permanent contract,21221.0,115992,Yes,0,,NA,1,Created
1114,2011-01-01,1114,Female,101,1910-02-12,1.0,Widowed,0,,,No,,,Retired,24779.0,327,No,0,,NA,1,Created
17517,2011-06-16,1114,Female,102,1910-02-12,1.0,Widowed,0,,,No,,,Retired,24779.0,327,No,0,,NA,0,Life event: Deceased
1115,2011-01-01,1115,Female,20,1991-12-11,0.00018,Married,221,,2016-11-15,No,,,Permanent contract,43938.0,-14300,No,1,39.0,2030-02-16,1,Created
1116,2011-01-01,1116,Female,51,1960-10-17,0.0023899999999999998,Single,0,,,No,,,Permanent contract,7246.0,15750,No,0,,NA,1,Created
1117,2011-01-01,1117,Female,0,2011-08-19,0.0028899999999999998,Single,0,,,No,,,Child,0.0,0,Yes,0,34.0,2045-06-28,1,Created
1118,2011-01-01,1118,Male,47,1964-05-06,0.00186,Married,235,,2024-03-20,No,,,Permanent contract,35053.0,9724,Yes,1,,NA,1,Created
1119,2011-01-01,1119,Female,24,1987-02-10,0.00018999999999999998,Married,222,,2041-12-30,No,,,Entrepreneur without personnel,24729.0,1352694,No,2,,NA,1,Created
1120,2011-01-01,1120,Female,33,1978-01-31,0.00035,Single,0,,,Yes,50.0,2028-05-16,Permanent contract,16271.0,18418,Yes,0,35.0,2013-09-01,1,Created
1121,2011-01-01,1121,Male,65,1946-08-10,0.01141,Single,0,,,No,,,Entrepreneur without personnel,20936.0,20695,No,0,,NA,1,Created
17771,2011-08-10,1121,Male,66,1946-08-10,0.01141,Single,0,,,No,,,Retired,14655.199999999999,20695,No,0,,NA,1,Life event: Retired
1122,2011-01-01,1122,Female,65,1946-04-25,0.007559999999999999,Married,223,,2037-02-03,Yes,,,Flexible contract,39860.0,195619,No,1,,NA,1,Created
17255,2011-04-25,1122,Female,66,1946-04-25,0.007559999999999999,Married,223,,2037-02-03,Yes,,,Retired,27902.0,195619,No,1,,NA,1,Life event: Retired
1123,2011-01-01,1123,Male,1,2010-10-19,0.00056,Single,0,,,Yes,32.0,2042-12-24,Child,0.0,0,Yes,0,,NA,1,Created
1124,2011-01-01,1124,Male,57,1954-08-07,0.00572,Divorced,0,,,Yes,,,Flexible contract,41163.0,418153,Yes,0,,NA,1,Created
1125,2011-01-01,1125,Female,58,1953-07-13,0.00448,Married,224,,2011-04-23,No,,,Entrepreneur without personnel,99536.0,87169,Yes,1,,NA,1,Created
17249,2011-04-23,1125,Female,58,1953-07-13,0.00448,Divorced,224,,2011-04-23,No,,,Entrepreneur without personnel,99536.0,87169,Yes,1,,NA,1,Life event: Divorced
1126,2011-01-01,1126,Male,64,1947-03-22,0.01097,Widowed,0,,,Yes,,,Flexible contract,14341.0,-8648,No,0,,NA,1,Created
17104,2011-03-22,1126,Male,65,1947-03-22,0.01097,Widowed,0,,,Yes,,,Retired,10038.699999999999,-8648,No,0,,NA,1,Life event: Retired
1127,2011-01-01,1127,Male,23,1988-03-18,0.00039,Single,0,,,No,,,Permanent contract,8219.0,27442,No,0,,NA,1,Created
1128,2011-01-01,1128,Male,75,1936-04-25,0.033710000000000004,Married,236,,2047-05-03,No,,,Retired,19575.0,579,Yes,2,,NA,1,Created
1129,2011-01-01,1129,Female,42,1969-02-01,0.001,Married,225,,2027-03-22,Yes,,,Permanent contract,48271.0,3672,No,1,,NA,1,Created
1130,2011-01-01,1130,Female,4,2007-05-09,5.9999999999999995e-05,Single,0,,,No,,,Child,0.0,0,No,0,34.0,2041-06-22,1,Created
1131,2011-01-01,1131,Male,27,1984-08-02,0.00044,Single,0,,,Yes,25.0,,Permanent contract,25218.0,942151,No,0,,NA,1,Created
1132,2011-01-01,1132,Female,8,2003-12-31,2.9999999999999997e-05,Single,0,,,Yes,33.0,2036-08-08,Child,0.0,0,No,0,34.0,2037-07-24,1,Created
1133,2011-01-01,1133,Female,51,1960-02-01,0.0023899999999999998,Single,0,,,Yes,28.0,,Permanent contract,17696.0,441386,No,0,,NA,1,Created
1134,2011-01-01,1134,Male,62,1949-10-24,0.008409999999999999,Divorced,0,,,No,,,Permanent contract,5958.0,-35232,Yes,0,,NA,1,Created
1135,2011-01-01,1135,Female,23,1988-10-13,0.0001,Single,0,,,No,,,Flexible contract,14264.0,68176,No,0,28.0,2016-10-14,1,Created
1136,2011-01-01,1136,Male,49,1962-10-28,0.00242,Married,237,,2050-04-25,No,,,Flexible contract,81201.0,114645,No,3,,NA,1,Created
1137,2011-01-01,1137,Female,8,2003-06-29,2.9999999999999997e-05,Single,0,,,No,,,Child,0.0,0,Yes,0,33.0,2036-02-01,1,Created
1138,2011-01-01,1138,Male,48,1963-05-03,0.0021100000000000003,Married,238,,2031-03-19,Yes,,,Flexible contract,39308.0,49266,Yes,1,,NA,1,Created
1139,2011-01-01,1139,Female,26,1985-07-23,1.0,Single,0,,,No,,,Permanent contract,13847.0,4859,Yes,0,29.0,2014-11-10,1,Created
19325,2012-12-17,1139,Female,28,1985-07-23,1.0,Single,0,,,No,,,Permanent contract,13847.0,4859,Yes,0,29,2014-11-10,0,Life event: Deceased
1140,2011-01-01,1140,Male,27,1984-10-27,0.00044,Single,0,,,No,,,Flexible contract,15611.0,458383,No,0,,NA,1,Created
1141,2011-01-01,1141,Male,73,1938-04-17,0.0262,Married,239,,2058-06-25,Yes,,,Retired,42767.0,3066,Yes,2,,NA,1,Created
1142,2011-01-01,1142,Male,40,1971-08-08,0.0009400000000000001,Married,240,,2025-07-03,Yes,,,Permanent contract,28295.0,423677,No,3,,NA,1,Created
1143,2011-01-01,1143,Male,75,1936-09-02,0.033710000000000004,Married,241,,2019-12-07,No,,,Retired,24020.0,7542,No,1,,NA,1,Created
1144,2011-01-01,1144,Female,6,2005-12-22,8e-05,Single,0,,,Yes,33.0,2038-09-04,Child,0.0,0,No,0,22.0,2027-01-23,1,Created
1145,2011-01-01,1145,Male,9,2002-08-09,0.00014,Single,0,,,No,,,Child,0.0,0,No,0,,NA,1,Created
1146,2011-01-01,1146,Male,23,1988-01-04,0.00039,Single,0,,,Yes,40.0,2028-07-14,Flexible contract,21881.0,7546,Yes,0,,NA,1,Created
1147,2011-01-01,1147,Male,16,1995-07-01,0.00029,Single,0,,,No,,,Child,0.0,0,No,0,,NA,1,Created
18893,2012-07-01,1147,Male,18,1995-07-01,0.00029,Single,0,,,Yes,25,2019-08-20,Permanent contract,19161.0,9322,No,0,,NA,1,Life event: Adulthood
1148,2011-01-01,1148,Female,40,1971-05-28,0.0006900000000000001,Married,226,,2026-06-22,Yes,,,Permanent contract,28177.0,69687,No,2,,NA,1,Created
1149,2011-01-01,1149,Female,23,1988-02-24,0.0001,Single,0,,,No,,,Permanent contract,13525.0,40370,No,0,31.0,2019-10-16,1,Created
1150,2011-01-01,1150,Female,55,1956-04-06,0.00372,Married,227,,2055-12-11,No,,,Permanent contract,1236.0,393502,Yes,3,,NA,1,Created
1151,2011-01-01,1151,Male,50,1961-07-04,0.00257,Divorced,0,,,Yes,,,Entrepreneur without personnel,5601.0,335041,Yes,0,,NA,1,Created
1152,2011-01-01,1152,Female,99,1912-06-27,0.34497,Widowed,0,,,No,,,Retired,9455.0,-1858,No,0,,NA,1,Created
1153,2011-01-01,1153,Female,46,1965-02-15,0.00134,Married,228,,2020-08-08,No,,,Permanent contract,31310.0,463383,No,1,,NA,1,Created
1154,2011-01-01,1154,Female,80,1931-11-11,0.03682,Divorced,0,,,Yes,,,Retired,34898.0,-3553,Yes,0,,NA,1,Created
1155,2011-01-01,1155,Female,39,1972-06-05,0.00074,Married,229,,2033-04-26,Yes,,,Permanent contract,11628.0,-29992,Yes,2,,NA,1,Created
1156,2011-01-01,1156,Male,11,2000-06-26,9e-05,Single,0,,,Yes,33.0,2033-06-07,Child,0.0,0,No,0,,NA,1,Created
1157,2011-01-01,1157,Female,25,1986-07-17,0.00022999999999999998,Single,0,,,Yes,37.0,2023-10-25,Permanent contract,21211.0,234685,No,0,33.0,2019-11-11,1,Created
1158,2011-01-01,1158,Male,27,1984-01-12,0.00044,Single,0,,,Yes,36.0,2020-02-29,Permanent contract,5122.0,782964,Yes,0,,NA,1,Created
1159,2011-01-01,1159,Male,6,2005-10-01,5.9999999999999995e-05,Single,0,,,No,,,Child,0.0,0,Yes,0,,NA,1,Created
1160,2011-01-01,1160,Female,26,1985-07-19,1.0,Married,230,,2030-01-14,No,,,Entrepreneur without personnel,99197.0,202861,No,2,,NA,1,Created
16804,2011-01-26,1160,Female,26,1985-07-19,1.0,Married,230,,2030-01-14,No,,,Entrepreneur without personnel,99197.0,202861,No,2,,NA,0,Life event: Deceased
1161,2011-01-01,1161,Female,46,1965-12-25,0.00134,Married,231,,2049-06-19,Yes,,,Permanent contract,13450.0,194560,Yes,2,,NA,1,Created
1162,2011-01-01,1162,Female,10,2001-04-08,0.0001,Single,0,,,No,,,Child,0.0,0,Yes,0,26.0,2027-05-24,1,Created
1163,2011-01-01,1163,Male,13,1998-06-11,0.00014,Single,0,,,No,,,Child,0.0,0,No,0,,NA,1,Created
1164,2011-01-01,1164,Male,49,1962-09-18,0.00242,Married,242,,2021-07-23,No,,,Permanent contract,13165.0,-14248,No,3,,NA,1,Created
1165,2011-01-01,1165,Male,19,1992-03-26,0.00033,Single,0,,,Yes,52.0,2044-07-16,Permanent contract,71431.0,88548,Yes,0,,NA,1,Created
1166,2011-01-01,1166,Female,74,1937-10-04,0.0185,Married,232,,2038-01-12,Yes,,,Retired,14092.0,5934,Yes,1,,NA,1,Created
1167,2011-01-01,1167,Male,75,1936-03-15,0.033710000000000004,Married,243,,2016-03-10,Yes,,,Retired,47535.0,47040,Yes,1,,NA,1,Created
17164,2011-04-03,1167,Male,76,1936-03-15,0.033710000000000004,Widowed,243,,2016-03-10,Yes,,,Retired,47535.0,47040,Yes,1,,NA,1,Life event: Widowed
1168,2011-01-01,1168,Female,36,1975-08-25,0.00049,Married,233,,2047-09-14,No,,,Permanent contract,11753.0,18528,Yes,1,,NA,1,Created
1169,2011-01-01,1169,Female,7,2004-09-30,7e-05,Single,0,,,Yes,39.0,2043-11-13,Child,0.0,0,No,0,34.0,2038-03-11,1,Created
1170,2011-01-01,1170,Male,40,1971-09-11,0.0009400000000000001,Married,244,,2042-09-30,Yes,,,Flexible contract,28056.0,-25234,Yes,2,,NA,1,Created
1171,2011-01-01,1171,Female,43,1968-10-12,0.0009699999999999999,Married,234,,2039-02-17,No,,,Permanent contract,8833.0,33746,Yes,1,,NA,1,Created
1172,2011-01-01,1172,Male,8,2003-07-10,9e-05,Single,0,,,Yes,25.0,2028-12-16,Child,0.0,0,Yes,0,,NA,1,Created
1173,2011-01-01,1173,Female,43,1968-04-02,0.0009699999999999999,Married,235,,2024-03-20,No,,,Permanent contract,45787.0,13582,Yes,1,,NA,1,Created
1174,2011-01-01,1174,Male,37,1974-08-22,0.00082,Married,245,,2026-01-22,No,,,Permanent contract,28774.0,11656,Yes,2,,NA,1,Created
1175,2011-01-01,1175,Male,83,1928-09-03,0.08242999999999999,Married,246,,2022-11-24,Yes,,,Retired,4924.0,35250,Yes,2,,NA,1,Created
1176,2011-01-01,1176,Female,55,1956-06-29,0.00372,Married,236,,2047-05-03,Yes,,,Unemployed,12069.0,154042,Yes,2,,NA,1,Created
1177,2011-01-01,1177,Female,45,1966-05-06,0.00134,Married,237,,2050-04-25,No,,,Permanent contract,2236.0,23664,No,3,,NA,1,Created
1178,2011-01-01,1178,Female,74,1937-12-22,0.0185,Single,0,,,No,,,Retired,15844.0,184280,Yes,0,,NA,1,Created
1179,2011-01-01,1179,Female,10,2001-05-08,0.0001,Single,0,,,Yes,30.0,2031-07-20,Child,0.0,0,Yes,0,34.0,2035-08-26,1,Created
1180,2011-01-01,1180,Male,33,1978-08-20,0.00047999999999999996,Single,0,,,No,,,Permanent contract,1631.0,573,Yes,0,,NA,1,Created
1181,2011-01-01,1181,Male,21,1990-03-24,0.00045,Single,0,,,Yes,28.0,2018-04-10,Entrepreneur without personnel,6846.0,17783,No,0,,NA,1,Created
1182,2011-01-01,1182,Female,49,1962-10-07,0.00193,Married,238,,2031-03-19,Yes,,,Permanent contract,8946.0,-570,Yes,1,,NA,1,Created
1183,2011-01-01,1183,Female,72,1939-05-16,0.01411,Divorced,0,,,No,,,Retired,7199.0,1548,No,0,,NA,1,Created
1184,2011-01-01,1184,Male,42,1969-04-26,0.00128,Married,247,,2069-09-01,No,,,Permanent contract,19277.0,403172,No,2,,NA,1,Created
1185,2011-01-01,1185,Male,50,1961-07-14,0.00257,Married,248,,2039-06-22,Yes,,,Family business,2817.0,378217,Yes,2,,NA,1,Created
1186,2011-01-01,1186,Female,52,1959-09-06,0.00268,Married,239,,2058-06-25,No,,,Permanent contract,7583.0,-626,Yes,2,,NA,1,Created
1187,2011-01-01,1187,Female,53,1958-12-24,0.00312,Married,240,,2025-07-03,Yes,,,Permanent contract,2794.0,118,No,3,,NA,1,Created
1188,2011-01-01,1188,Male,51,1960-02-19,0.00301,Married,249,,2021-03-22,Yes,,,Permanent contract,4129.0,38444,Yes,1,,NA,1,Created
1189,2011-01-01,1189,Female,8,2003-06-19,2.9999999999999997e-05,Single,0,,,Yes,25.0,2028-01-13,Child,0.0,0,Yes,0,37.0,2040-01-28,1,Created
1190,2011-01-01,1190,Female,88,1923-07-31,0.10577,Widowed,0,,,No,,,Retired,36831.0,40148,No,0,,NA,1,Created
1191,2011-01-01,1191,Male,36,1975-05-20,0.0006,Single,0,,,Yes,41.0,2016-04-21,Entrepreneur without personnel,37060.0,719,Yes,0,,NA,1,Created
1192,2011-01-01,1192,Female,65,1946-10-18,0.007559999999999999,Married,241,,2019-12-07,Yes,,,Permanent contract,22943.0,7983,No,1,,NA,1,Created
18066,2011-10-18,1192,Female,66,1946-10-18,0.007559999999999999,Married,241,,2019-12-07,Yes,,,Retired,16060.099999999999,7983,No,1,,NA,1,Life event: Retired
1193,2011-01-01,1193,Female,20,1991-12-30,0.00018,Single,0,,,No,,,Flexible contract,5003.0,199667,No,0,42.0,2033-05-24,1,Created
1194,2011-01-01,1194,Male,71,1940-04-10,0.02034,Married,250,,2013-07-01,Yes,,,Retired,24797.0,-1251,Yes,2,,NA,1,Created
1195,2011-01-01,1195,Female,72,1939-07-29,0.01411,Married,242,,2021-07-23,Yes,,,Retired,12713.0,900,No,3,,NA,1,Created
1196,2011-01-01,1196,Female,26,1985-03-20,1.0,Married,243,,2016-03-10,No,,,Entrepreneur without personnel,16772.0,19584,Yes,1,27.0,2012-07-12,1,Created
17163,2011-04-03,1196,Female,27,1985-03-20,1.0,Married,243,,2016-03-10,No,,,Entrepreneur without personnel,16772.0,19584,Yes,1,27,2012-07-12,0,Life event: Deceased
1197,2011-01-01,1197,Female,78,1933-04-20,0.02817,Married,244,,2042-09-30,Yes,,,Retired,8705.0,-3580,Yes,2,,NA,1,Created
1198,2011-01-01,1198,Male,40,1971-01-23,0.0009400000000000001,Married,251,,2057-12-28,Yes,,,Permanent contract,42227.0,-1872,Yes,1,,NA,1,Created
1199,2011-01-01,1199,Male,6,2005-03-08,5.9999999999999995e-05,Single,0,,,No,,,Child,0.0,0,Yes,0,,NA,1,Created
1200,2011-01-01,1200,Female,60,1951-11-28,0.00541,Married,245,,2026-01-22,No,,,Permanent contract,22443.0,12428,Yes,2,,NA,1,Created
1201,2011-01-01,1201,Male,50,1961-08-23,0.00257,Married,252,,2019-06-08,Yes,,,Flexible contract,50482.0,599766,No,1,,NA,1,Created
1202,2011-01-01,1202,Male,69,1942-04-06,0.01804,Single,0,,,No,,,Retired,23257.0,3303,No,0,,NA,1,Created
1203,2011-01-01,1203,Male,63,1948-04-04,0.00945,Married,253,,2023-09-12,No,,,Entrepreneur without personnel,98033.0,993,No,1,,NA,1,Created
18645,2012-04-04,1203,Male,65,1948-04-04,0.00945,Married,253,,2023-09-12,No,,,Retired,68623.09999999999,993,No,1,,NA,1,Life event: Retired
1204,2011-01-01,1204,Male,47,1964-02-12,0.00186,Single,0,,,No,,,Flexible contract,13643.0,95129,Yes,0,,NA,1,Created
1205,2011-01-01,1205,Male,103,1908-08-24,1.0,Married,254,,2066-08-22,No,,,Retired,48703.0,320195,Yes,2,,NA,1,Created
18673,2012-04-16,1205,Male,104,1908-08-24,1.0,Married,254,,2066-08-22,No,,,Retired,48703.0,320195,Yes,2,,NA,0,Life event: Deceased
1206,2011-01-01,1206,Male,41,1970-06-03,0.0008900000000000001,Single,0,,,Yes,29.0,,Permanent contract,72870.0,641579,No,0,,NA,1,Created
1207,2011-01-01,1207,Male,77,1934-10-25,0.0418,Widowed,0,,,No,,,Retired,20203.0,52780,No,0,,NA,1,Created
1208,2011-01-01,1208,Male,39,1972-06-03,0.0008699999999999999,Married,255,,2040-03-30,No,,,Permanent contract,93127.0,196792,Yes,3,,NA,1,Created
1209,2011-01-01,1209,Female,3,2008-01-20,0.00013000000000000002,Single,0,,,Yes,58.0,2066-07-02,Child,0.0,0,No,0,33.0,2041-09-16,1,Created
1210,2011-01-01,1210,Male,0,2011-06-21,0.0036200000000000004,Single,0,,,No,,,Child,0.0,0,Yes,0,,NA,1,Created
1211,2011-01-01,1211,Female,61,1950-03-29,0.00562,Married,246,,2022-11-24,No,,,Permanent contract,46246.0,44527,Yes,2,,NA,1,Created
1212,2011-01-01,1212,Female,70,1941-02-04,0.01252,Widowed,0,,,No,,,Retired,830.0,-10970,No,0,,NA,1,Created
1213,2011-01-01,1213,Female,8,2003-04-21,2.9999999999999997e-05,Single,0,,,No,,,Child,0.0,0,Yes,0,35.0,2038-10-22,1,Created
1214,2011-01-01,1214,Male,45,1966-11-24,0.0014199999999999998,Divorced,0,,,Yes,,,Permanent contract,41217.0,694,No,0,,NA,1,Created
1215,2011-01-01,1215,Female,79,1932-03-19,0.03112,Married,247,,2069-09-01,Yes,,,Retired,196025.0,-15923,No,2,,NA,1,Created
1216,2011-01-01,1216,Male,4,2007-06-22,0.00011,Single,0,,,No,,,Child,0.0,0,No,0,,NA,1,Created
1217,2011-01-01,1217,Male,92,1919-12-19,0.21226,Married,256,,2023-01-26,Yes,,,Retired,10956.0,23120,No,3,,NA,1,Created
19138,2012-10-04,1217,Male,93,1919-12-19,0.21226,Married,256,,2023-01-26,Yes,,,Retired,10956.0,23120,No,3,,NA,0,Life event: Deceased
1218,2011-01-01,1218,Male,64,1947-08-26,0.01097,Married,257,,2037-06-25,No,,,Permanent contract,40649.0,2841,No,2,,NA,1,Created
17855,2011-08-26,1218,Male,65,1947-08-26,0.01097,Married,257,,2037-06-25,No,,,Retired,28454.3,2841,No,2,,NA,1,Life event: Retired
1219,2011-01-01,1219,Female,40,1971-09-01,0.0006900000000000001,Single,0,,,No,,,Permanent contract,25915.0,13124,No,0,,NA,1,Created
1220,2011-01-01,1220,Female,34,1977-01-19,0.00037,Married,248,,2039-06-22,No,,,Permanent contract,28433.0,338770,Yes,2,,NA,1,Created
1221,2011-01-01,1221,Male,1,2010-12-02,0.00056,Single,0,,,Yes,38.0,2048-07-27,Child,0.0,0,No,0,,NA,1,Created
1222,2011-01-01,1222,Male,18,1993-10-19,0.00032,Single,0,,,Yes,42.0,2035-07-25,Entrepreneur without personnel,5105.0,7486,Yes,0,,NA,1,Created
1223,2011-01-01,1223,Female,26,1985-06-26,1.0,Single,0,,,Yes,41.0,2026-01-13,Entrepreneur without personnel,86504.0,-4300,Yes,0,36.0,2021-03-26,1,Created
18459,2012-01-22,1223,Female,27,1985-06-26,1.0,Single,0,,,Yes,41,2026-01-13,Entrepreneur without personnel,86504.0,-4300,Yes,0,36,2021-03-26,0,Life event: Deceased
1224,2011-01-01,1224,Female,26,1985-09-27,1.0,Single,0,,,No,,,Entrepreneur with personel,29604.0,24842,No,0,42.0,2027-04-04,1,Created
17570,2011-06-26,1224,Female,26,1985-09-27,1.0,Single,0,,,No,,,Entrepreneur with personel,29604.0,24842,No,0,42,2027-04-04,0,Life event: Deceased
1225,2011-01-01,1225,Female,24,1987-02-28,0.00018999999999999998,Single,0,,,No,,,Permanent contract,16592.0,17565,No,0,31.0,2018-06-29,1,Created
1226,2011-01-01,1226,Male,15,1996-08-13,0.00015,Single,0,,,Yes,30.0,2026-11-09,Child,0.0,0,Yes,0,,NA,1,Created
1227,2011-01-01,1227,Male,61,1950-02-07,0.00747,Married,258,,2057-05-06,No,,,Permanent contract,8144.0,475033,Yes,2,,NA,1,Created
1228,2011-01-01,1228,Female,57,1954-01-20,0.00387,Married,249,,2021-03-22,No,,,Entrepreneur without personnel,24319.0,460228,Yes,1,,NA,1,Created
1229,2011-01-01,1229,Female,48,1963-01-03,0.0018800000000000002,Married,250,,2013-07-01,No,,,Permanent contract,34478.0,-30471,Yes,2,,NA,1,Created
1230,2011-01-01,1230,Female,18,1993-11-15,0.00023999999999999998,Single,0,,,Yes,28.0,2021-01-06,Permanent contract,14117.0,16480,Yes,0,30.0,2023-09-13,1,Created
1231,2011-01-01,1231,Male,13,1998-04-08,0.00014,Single,0,,,Yes,52.0,2050-06-17,Child,0.0,0,Yes,0,,NA,1,Created
1232,2011-01-01,1232,Male,47,1964-08-30,0.00186,Married,259,,2039-05-08,No,,,Permanent contract,26207.0,41284,No,2,,NA,1,Created
1233,2011-01-01,1233,Female,53,1958-02-19,0.00312,Married,251,,2057-12-28,Yes,,,Flexible contract,22029.0,110619,Yes,1,,NA,1,Created
1234,2011-01-01,1234,Female,13,1998-05-03,0.00011999999999999999,Single,0,,,Yes,22.0,2020-12-15,Child,0.0,0,Yes,0,30.0,2028-10-04,1,Created
1235,2011-01-01,1235,Female,62,1949-11-08,0.0057399999999999994,Married,252,,2019-06-08,No,,,Flexible contract,39602.0,4843,No,1,,NA,1,Created
1236,2011-01-01,1236,Male,39,1972-12-18,0.0008699999999999999,Married,260,,2052-12-22,No,,,Permanent contract,52197.0,1131167,Yes,3,,NA,1,Created
1237,2011-01-01,1237,Female,62,1949-03-10,0.0057399999999999994,Divorced,0,,,Yes,,,Permanent contract,12682.0,18500,No,0,,NA,1,Created
1238,2011-01-01,1238,Male,1,2010-12-03,0.00056,Single,0,,,No,,,Child,0.0,0,Yes,0,,NA,1,Created
1239,2011-01-01,1239,Female,26,1985-07-11,1.0,Single,0,,,No,,,Permanent contract,2836.0,884,Yes,0,35.0,2020-06-14,1,Created
17737,2011-08-04,1239,Female,27,1985-07-11,1.0,Single,0,,,No,,,Permanent contract,2836.0,884,Yes,0,35,2020-06-14,0,Life event: Deceased
1240,2011-01-01,1240,Male,30,1981-11-20,0.00055,Married,261,,2023-02-25,Yes,,,Entrepreneur without personnel,75580.0,496584,Yes,2,,NA,1,Created
1241,2011-01-01,1241,Female,38,1973-06-09,0.00063,Single,0,,,Yes,44.0,2017-06-06,Permanent contract,19013.0,485718,No,0,,NA,1,Created
1242,2011-01-01,1242,Female,3,2008-09-11,0.00013000000000000002,Single,0,,,Yes,29.0,2037-06-16,Child,0.0,0,No,0,32.0,2040-12-18,1,Created
1243,2011-01-01,1243,Male,50,1961-12-26,0.00257,Single,0,,,Yes,32.0,,Permanent contract,76974.0,89241,Yes,0,,NA,1,Created
1244,2011-01-01,1244,Male,57,1954-08-04,0.00572,Widowed,0,,,Yes,,,Permanent contract,16971.0,5427,No,0,,NA,1,Created
1245,2011-01-01,1245,Male,77,1934-03-04,0.0418,Widowed,0,,,No,,,Retired,40495.0,14050,No,0,,NA,1,Created
1246,2011-01-01,1246,Male,58,1953-11-13,0.00603,Married,262,,2021-02-04,Yes,,,Permanent contract,9199.0,158297,No,1,,NA,1,Created
1247,2011-01-01,1247,Female,28,1983-05-24,0.00025,Single,0,,,No,,,Permanent contract,18612.0,806555,No,0,36.0,2019-07-27,1,Created
1248,2011-01-01,1248,Female,45,1966-08-07,0.00134,Married,253,,2023-09-12,Yes,,,Permanent contract,34556.0,373,No,1,,NA,1,Created
1249,2011-01-01,1249,Male,30,1981-05-08,0.00055,Married,263,,2063-06-11,No,,,Entrepreneur with personel,13147.0,421971,No,3,,NA,1,Created
1250,2011-01-01,1250,Female,40,1971-06-21,0.0006900000000000001,Single,0,,,Yes,30.0,,Flexible contract,28553.0,1816,No,0,,NA,1,Created
1251,2011-01-01,1251,Male,72,1939-05-21,0.02384,Married,264,,2034-11-22,Yes,,,Retired,48703.0,-19846,No,2,,NA,1,Created
1252,2011-01-01,1252,Female,13,1998-01-27,0.00011999999999999999,Single,0,,,No,,,Child,0.0,0,No,0,38.0,2036-09-28,1,Created
1253,2011-01-01,1253,Male,55,1956-02-24,0.00419,Divorced,0,,,No,,,Permanent contract,19481.0,2179,Yes,0,,NA,1,Created
1254,2011-01-01,1254,Male,60,1951-09-03,0.006840000000000001,Married,265,,2052-09-04,No,,,Permanent contract,13401.0,28178,Yes,1,,NA,1,Created
1255,2011-01-01,1255,Female,62,1949-11-11,0.0057399999999999994,Single,0,,,No,,,Permanent contract,76657.0,-6818,Yes,0,,NA,1,Created
1256,2011-01-01,1256,Female,89,1922-03-20,0.11775999999999999,Widowed,0,,,Yes,,,Retired,13543.0,196915,No,0,,NA,1,Created
1257,2011-01-01,1257,Male,38,1973-12-15,0.0009599999999999999,Married,266,,2048-08-06,Yes,,,Permanent contract,29020.0,95500,Yes,3,,NA,1,Created
1258,2011-01-01,1258,Male,39,1972-03-29,0.0008699999999999999,Single,0,,,No,,,Entrepreneur with personel,60141.0,-40121,No,0,,NA,1,Created
1259,2011-01-01,1259,Male,8,2003-04-18,9e-05,Single,0,,,No,,,Child,0.0,0,No,0,,NA,1,Created
1260,2011-01-01,1260,Male,6,2005-01-25,5.9999999999999995e-05,Single,0,,,No,,,Child,0.0,0,Yes,0,,NA,1,Created
1261,2011-01-01,1261,Male,42,1969-01-07,0.00128,Married,267,,2015-08-25,No,,,Permanent contract,59535.0,122651,Yes,3,,NA,1,Created
1262,2011-01-01,1262,Male,65,1946-09-18,0.01141,Married,268,,2023-12-10,Yes,,,Unemployed,93074.0,180415,No,1,,NA,1,Created
17935,2011-09-18,1262,Male,66,1946-09-18,0.01141,Married,268,,2023-12-10,Yes,,,Retired,65151.799999999996,180415,No,1,,NA,1,Life event: Retired
1263,2011-01-01,1263,Male,69,1942-06-30,0.01804,Widowed,0,,,No,,,Retired,385.0,371007,Yes,0,,NA,1,Created
18203,2011-11-21,1263,Male,70,1942-06-30,0.01804,Widowed,0,,,No,,,Retired,385.0,371007,Yes,0,,NA,0,Life event: Deceased
1264,2011-01-01,1264,Male,29,1982-11-29,0.0005200000000000001,Single,0,,,Yes,35.0,2017-11-20,Flexible contract,39175.0,5112,No,0,,NA,1,Created
1265,2011-01-01,1265,Female,55,1956-11-05,0.00372,Divorced,0,,,Yes,,,Permanent contract,25668.0,-26652,Yes,0,,NA,1,Created
1266,2011-01-01,1266,Female,81,1930-06-21,0.04307,Divorced,0,,,No,,,Retired,28355.0,15213,No,0,,NA,1,Created
1267,2011-01-01,1267,Male,15,1996-01-10,0.00015,Single,0,,,Yes,31.0,2027-02-01,Child,0.0,0,No,0,,NA,1,Created
1268,2011-01-01,1268,Female,58,1953-03-03,0.00448,Married,254,,2066-08-22,No,,,Entrepreneur without personnel,29929.0,92170,Yes,2,,NA,1,Created
18674,2012-04-16,1268,Female,60,1953-03-03,0.00448,Widowed,254,,2066-08-22,No,,,Entrepreneur without personnel,29929.0,92170,Yes,2,,NA,1,Life event: Widowed
1269,2011-01-01,1269,Male,79,1932-04-14,0.05364,Married,269,,2060-08-17,Yes,,,Retired,12641.0,-18470,No,3,,NA,1,Created
1270,2011-01-01,1270,Male,98,1913-02-27,0.33792,Widowed,0,,,Yes,,,Retired,39030.0,46060,Yes,0,,NA,1,Created
17575,2011-06-27,1270,Male,99,1913-02-27,0.33792,Widowed,0,,,Yes,,,Retired,39030.0,46060,Yes,0,,NA,0,Life event: Deceased
1271,2011-01-01,1271,Male,23,1988-04-25,0.00039,Single,0,,,No,,,Permanent contract,23405.0,426632,No,0,,NA,1,Created
1272,2011-01-01,1272,Female,35,1976-12-25,0.00033999999999999997,Single,0,,,No,,,Flexible contract,29961.0,436618,No,0,,NA,1,Created
1273,2011-01-01,1273,Female,34,1977-05-05,0.00037,Single,0,,,Yes,25.0,,Permanent contract,31293.0,-3634,Yes,0,45.0,2022-11-13,1,Created
1274,2011-01-01,1274,Female,73,1938-01-04,0.01577,Married,255,,2040-03-30,No,,,Retired,49162.0,5506,Yes,3,,NA,1,Created
1275,2011-01-01,1275,Male,48,1963-02-13,0.0021100000000000003,Single,0,,,No,,,Flexible contract,39934.0,983341,Yes,0,,NA,1,Created
1276,2011-01-01,1276,Female,34,1977-01-01,0.00037,Single,0,,,Yes,27.0,,Permanent contract,14687.0,93754,Yes,0,,NA,1,Created
1277,2011-01-01,1277,Male,53,1958-07-23,0.0033299999999999996,Married,270,,2041-11-28,Yes,,,Permanent contract,17885.0,427923,Yes,1,,NA,1,Created
1278,2011-01-01,1278,Male,71,1940-10-02,0.02034,Married,271,,2047-02-15,No,,,Retired,17450.0,390697,Yes,2,,NA,1,Created
1279,2011-01-01,1279,Male,76,1935-08-10,0.0375,Widowed,0,,,No,,,Retired,57223.0,7837,No,0,,NA,1,Created
1280,2011-01-01,1280,Male,16,1995-10-01,0.00029,Single,0,,,Yes,20.0,2015-09-03,Child,0.0,0,No,0,,NA,1,Created
19134,2012-10-01,1280,Male,18,1995-10-01,0.00029,Single,0,,,No,,,Entrepreneur without personnel,15237.0,167880,No,0,,NA,1,Life event: Adulthood
1281,2011-01-01,1281,Male,24,1987-06-18,0.00047999999999999996,Single,0,,,Yes,31.0,2018-05-15,Permanent contract,45881.0,597761,Yes,0,,NA,1,Created
1282,2011-01-01,1282,Male,13,1998-11-25,0.00014,Single,0,,,No,,,Child,0.0,0,Yes,0,,NA,1,Created
1283,2011-01-01,1283,Male,65,1946-05-19,0.01141,Widowed,0,,,Yes,,,Flexible contract,31253.0,12467,Yes,0,,NA,1,Created
17391,2011-05-19,1283,Male,66,1946-05-19,0.01141,Widowed,0,,,Yes,,,Retired,21877.1,12467,Yes,0,,NA,1,Life event: Retired
1284,2011-01-01,1284,Female,10,2001-01-04,0.0001,Single,0,,,No,,,Child,0.0,0,No,0,27.0,2028-04-18,1,Created
1285,2011-01-01,1285,Female,86,1925-11-14,0.08317000000000001,Married,256,,2023-01-26,Yes,,,Retired,28468.0,494323,No,3,,NA,1,Created
19139,2012-10-04,1285,Female,87,1925-11-14,0.08317000000000001,Widowed,256,,2023-01-26,Yes,,,Retired,28468.0,494323,No,3,,NA,1,Life event: Widowed
1286,2011-01-01,1286,Female,68,1943-06-03,0.00983,Divorced,0,,,Yes,,,Retired,7828.0,46900,Yes,0,,NA,1,Created
1287,2011-01-01,1287,Female,25,1986-12-10,0.00022999999999999998,Single,0,,,Yes,30.0,2016-08-22,Permanent contract,17066.0,-17493,Yes,0,,NA,1,Created
1288,2011-01-01,1288,Male,61,1950-07-24,0.00747,Married,272,,2051-02-13,Yes,,,Entrepreneur with personel,72593.0,231,No,1,,NA,1,Created
1289,2011-01-01,1289,Male,49,1962-08-21,0.00242,Single,0,,,Yes,30.0,,Entrepreneur without personnel,38286.0,11349,No,0,,NA,1,Created
1290,2011-01-01,1290,Female,48,1963-05-17,0.0018800000000000002,Single,0,,,Yes,44.0,,Permanent contract,6450.0,388923,No,0,,NA,1,Created
1291,2011-01-01,1291,Female,53,1958-04-06,0.00312,Married,257,,2037-06-25,Yes,,,Entrepreneur without personnel,14575.0,-4685,No,2,,NA,1,Created
1292,2011-01-01,1292,Male,63,1948-07-21,0.00945,Married,273,,2031-06-24,Yes,,,Permanent contract,98783.0,368765,No,2,,NA,1,Created
18949,2012-07-21,1292,Male,65,1948-07-21,0.00945,Married,273,,2031-06-24,Yes,,,Retired,69148.09999999999,368765,No,2,,NA,1,Life event: Retired
1293,2011-01-01,1293,Female,59,1952-04-19,0.00479,Divorced,0,,,No,,,Permanent contract,56453.0,36244,Yes,0,,NA,1,Created
1294,2011-01-01,1294,Male,27,1984-10-31,0.00044,Single,0,,,No,,,Permanent contract,21789.0,82116,Yes,0,,NA,1,Created
1295,2011-01-01,1295,Male,94,1917-11-21,0.2512,Widowed,0,,,Yes,,,Retired,11930.0,92696,Yes,0,,NA,1,Created
1296,2011-01-01,1296,Male,23,1988-01-20,0.00039,Single,0,,,No,,,Permanent contract,4426.0,-18440,No,0,,NA,1,Created
1297,2011-01-01,1297,Male,18,1993-04-29,0.00032,Single,0,,,Yes,42.0,2035-01-27,Permanent contract,16723.0,370,Yes,0,,NA,1,Created
1298,2011-01-01,1298,Female,76,1935-06-03,0.02337,Married,258,,2057-05-06,Yes,,,Retired,48514.0,32682,Yes,2,,NA,1,Created
1299,2011-01-01,1299,Female,2,2009-04-19,0.00015,Single,0,,,No,,,Child,0.0,0,No,0,31.0,2040-10-13,1,Created
1300,2011-01-01,1300,Female,80,1931-02-19,0.03682,Married,259,,2039-05-08,No,,,Retired,16187.0,-26983,No,2,,NA,1,Created
1301,2011-01-01,1301,Male,9,2002-07-25,0.00014,Single,0,,,No,,,Child,0.0,0,No,0,,NA,1,Created
1302,2011-01-01,1302,Female,53,1958-08-12,0.00312,Married,260,,2052-12-22,No,,,Permanent contract,17046.0,4603,Yes,3,,NA,1,Created
1303,2011-01-01,1303,Male,24,1987-05-18,0.00047999999999999996,Single,0,,,No,,,Entrepreneur with personel,92207.0,213111,No,0,,NA,1,Created
1304,2011-01-01,1304,Male,65,1946-01-18,0.01141,Married,274,,2061-03-04,Yes,,,Permanent contract,725.0,-38789,Yes,2,,NA,1,Created
16757,2011-01-18,1304,Male,66,1946-01-18,0.01141,Married,274,,2061-03-04,Yes,,,Retired,507.49999999999994,-38789,Yes,2,,NA,1,Life event: Retired
1305,2011-01-01,1305,Male,65,1946-02-05,0.01141,Married,275,,2045-08-18,Yes,,,Permanent contract,25483.0,-18206,No,1,,NA,1,Created
16846,2011-02-05,1305,Male,66,1946-02-05,0.01141,Married,275,,2045-08-18,Yes,,,Retired,17838.1,-18206,No,1,,NA,1,Life event: Retired
1306,2011-01-01,1306,Female,5,2006-11-02,4e-05,Single,0,,,Yes,25.0,2031-04-20,Child,0.0,0,No,0,34.0,2040-02-13,1,Created
1307,2011-01-01,1307,Female,76,1935-08-12,0.02337,Widowed,0,,,Yes,,,Retired,10543.0,97792,Yes,0,,NA,1,Created
1308,2011-01-01,1308,Female,58,1953-02-10,0.00448,Married,261,,2023-02-25,Yes,,,Permanent contract,17566.0,9722,Yes,2,,NA,1,Created
1309,2011-01-01,1309,Female,7,2004-09-13,7e-05,Single,0,,,No,,,Child,0.0,0,Yes,0,32.0,2036-11-19,1,Created
1310,2011-01-01,1310,Male,21,1990-12-06,0.00045,Single,0,,,Yes,31.0,2021-09-19,Permanent contract,2399.0,349516,Yes,0,,NA,1,Created
1311,2011-01-01,1311,Male,10,2001-08-26,0.00011999999999999999,Single,0,,,No,,,Child,0.0,0,No,0,,NA,1,Created
1312,2011-01-01,1312,Female,15,1996-09-25,8e-05,Single,0,,,No,,,Child,0.0,0,No,0,27.0,2023-08-02,1,Created
1313,2011-01-01,1313,Male,51,1960-06-30,0.00301,Married,276,,2069-04-25,No,,,Permanent contract,94524.0,277,Yes,3,,NA,1,Created
1314,2011-01-01,1314,Male,52,1959-11-06,0.00314,Married,277,,2035-04-30,No,,,Permanent contract,22404.0,50141,Yes,1,,NA,1,Created
1315,2011-01-01,1315,Female,40,1971-10-05,0.0006900000000000001,Married,262,,2021-02-04,No,,,Permanent contract,20451.0,8938,No,1,,NA,1,Created
1316,2011-01-01,1316,Male,0,2011-10-17,0.0036200000000000004,Single,0,,,No,,,Child,0.0,0,No,0,,NA,1,Created
1317,2011-01-01,1317,Female,73,1938-10-14,0.01577,Married,263,,2063-06-11,Yes,,,Retired,3793.0,171790,No,3,,NA,1,Created
1318,2011-01-01,1318,Male,46,1965-04-15,0.00172,Married,278,,2061-08-08,Yes,,,Permanent contract,196325.0,43386,Yes,2,,NA,1,Created
1319,2011-01-01,1319,Male,66,1945-11-21,0.01401,Married,279,,2056-10-12,Yes,,,Flexible contract,81277.0,-46005,Yes,2,,NA,1,Created
18204,2011-11-21,1319,Male,67,1945-11-21,0.01401,Married,279,,2056-10-12,Yes,,,Retired,56893.899999999994,-46005,Yes,2,,NA,1,Life event: Retired
1320,2011-01-01,1320,Male,38,1973-05-05,0.0009599999999999999,Single,0,,,Yes,45.0,2018-02-23,Permanent contract,37017.0,103730,Yes,0,,NA,1,Created
1321,2011-01-01,1321,Female,35,1976-11-09,0.00033999999999999997,Married,264,,2034-11-22,No,,,Permanent contract,29011.0,45976,No,2,35.0,2011-03-11,1,Created
17044,2011-03-11,1321,Female,35,1976-11-09,0.00033999999999999997,Married,264,,2034-11-22,No,,,Permanent contract,29011.0,45976,No,2,35,2011-03-11,1,Life event: Children born
1322,2011-01-01,1322,Female,53,1958-03-17,0.00312,Married,265,,2052-09-04,Yes,,,Entrepreneur without personnel,99007.0,992653,Yes,1,,NA,1,Created
1323,2011-01-01,1323,Female,62,1949-05-20,0.0057399999999999994,Married,266,,2048-08-06,No,,,Permanent contract,10180.0,223702,Yes,3,,NA,1,Created
1324,2011-01-01,1324,Male,32,1979-07-28,0.00059,Married,280,,2031-04-20,No,,,Permanent contract,34840.0,-49677,No,2,,NA,1,Created
1325,2011-01-01,1325,Female,36,1975-06-09,0.00049,Married,267,,2015-08-25,Yes,,,Permanent contract,7750.0,149202,Yes,3,,NA,1,Created
1326,2011-01-01,1326,Female,18,1993-09-23,0.00023999999999999998,Single,0,,,No,,,Entrepreneur without personnel,23822.0,3619,No,0,39.0,2032-09-07,1,Created
1327,2011-01-01,1327,Male,2,2009-09-11,0.00021,Single,0,,,Yes,33.0,2042-06-08,Child,0.0,0,Yes,0,,NA,1,Created
1328,2011-01-01,1328,Male,15,1996-06-07,0.00015,Single,0,,,Yes,32.0,2028-02-04,Child,0.0,0,No,0,,NA,1,Created
1329,2011-01-01,1329,Male,22,1989-09-24,0.00041,Single,0,,,No,,,Permanent contract,56538.0,5143,Yes,0,,NA,1,Created
1330,2011-01-01,1330,Female,61,1950-09-25,0.00562,Married,268,,2023-12-10,Yes,,,Permanent contract,14110.0,33614,No,1,,NA,1,Created
1331,2011-01-01,1331,Female,52,1959-10-10,0.00268,Married,269,,2060-08-17,Yes,,,Entrepreneur with personel,14564.0,-19621,No,3,,NA,1,Created
1332,2011-01-01,1332,Male,57,1954-04-06,0.00572,Divorced,0,,,Yes,,,Permanent contract,28990.0,3918,No,0,,NA,1,Created
1333,2011-01-01,1333,Male,20,1991-08-03,0.00045,Single,0,,,Yes,35.0,2026-10-09,Permanent contract,22516.0,247267,No,0,,NA,1,Created
1334,2011-01-01,1334,Female,100,1911-11-14,1.0,Widowed,0,,,No,,,Retired,6267.0,2683,No,0,,NA,1,Created
1335,2011-01-01,1335,Male,45,1966-07-26,0.0014199999999999998,Married,281,,2030-07-15,No,,,Permanent contract,37740.0,9968,No,2,,NA,1,Created
1336,2011-01-01,1336,Male,65,1946-03-01,0.01141,Married,282,,2032-06-16,Yes,,,Flexible contract,35629.0,364150,No,2,,NA,1,Created
16999,2011-03-01,1336,Male,66,1946-03-01,0.01141,Married,282,,2032-06-16,Yes,,,Retired,24940.3,364150,No,2,,NA,1,Life event: Retired
1337,2011-01-01,1337,Male,22,1989-05-30,0.00041,Single,0,,,Yes,36.0,2025-03-08,Permanent contract,22551.0,643419,Yes,0,,NA,1,Created
1338,2011-01-01,1338,Male,65,1946-12-25,0.01141,Married,283,,2032-05-04,No,,,Flexible contract,69105.0,18365,No,1,,NA,1,Created
18356,2011-12-25,1338,Male,66,1946-12-25,0.01141,Married,283,,2032-05-04,No,,,Retired,48373.5,18365,No,1,,NA,1,Life event: Retired
1339,2011-01-01,1339,Male,35,1976-09-07,0.00055,Married,284,,2054-03-07,Yes,,,Permanent contract,11556.0,478959,No,3,,NA,1,Created
1340,2011-01-01,1340,Male,52,1959-10-22,0.00314,Married,285,,2027-11-26,Yes,,,Permanent contract,87427.0,19070,Yes,2,,NA,1,Created
1341,2011-01-01,1341,Female,88,1923-11-28,0.10577,Widowed,0,,,No,,,Retired,39902.0,142381,Yes,0,,NA,1,Created
16939,2011-02-20,1341,Female,88,1923-11-28,0.10577,Widowed,0,,,No,,,Retired,39902.0,142381,Yes,0,,NA,0,Life event: Deceased
1342,2011-01-01,1342,Female,35,1976-12-17,0.00033999999999999997,Divorced,0,,,Yes,,,Entrepreneur without personnel,39328.0,247523,No,0,,NA,1,Created
1343,2011-01-01,1343,Female,39,1972-03-09,0.00074,Single,0,,,Yes,29.0,,Permanent contract,23274.0,412,Yes,0,,NA,1,Created
1344,2011-01-01,1344,Male,76,1935-03-31,0.0375,Widowed,0,,,Yes,,,Retired,2629.0,24324,No,0,,NA,1,Created
1345,2011-01-01,1345,Female,100,1911-10-18,1.0,Single,0,,,No,,,Retired,18591.0,-5592,No,0,,NA,1,Created
17674,2011-07-19,1345,Female,100,1911-10-18,1.0,Single,0,,,No,,,Retired,18591.0,-5592,No,0,,NA,0,Life event: Deceased
1346,2011-01-01,1346,Female,67,1944-04-03,0.00974,Married,270,,2041-11-28,No,,,Permanent contract,3898.0,2864,Yes,1,,NA,1,Created
17165,2011-04-03,1346,Female,68,1944-04-03,0.00974,Married,270,,2041-11-28,No,,,Retired,2728.6,2864,Yes,1,,NA,1,Life event: Retired
1347,2011-01-01,1347,Male,22,1989-10-07,0.00041,Single,0,,,No,,,Entrepreneur without personnel,2134.0,103890,Yes,0,,NA,1,Created
1348,2011-01-01,1348,Female,54,1957-06-27,0.00313,Married,271,,2047-02-15,Yes,,,Permanent contract,6742.0,121406,Yes,2,,NA,1,Created
1349,2011-01-01,1349,Female,28,1983-05-17,0.00025,Single,0,,,No,,,Permanent contract,15595.0,-49374,No,0,31.0,2014-10-23,1,Created
1350,2011-01-01,1350,Male,26,1985-01-20,1.0,Single,0,,,No,,,Permanent contract,8869.0,438704,No,0,,NA,1,Created
17462,2011-06-07,1350,Male,27,1985-01-20,1.0,Single,0,,,No,,,Permanent contract,8869.0,438704,No,0,,NA,0,Life event: Deceased
1351,2011-01-01,1351,Male,59,1952-09-04,0.00717,Married,286,,2045-09-02,Yes,,,Permanent contract,40454.0,220658,No,3,,NA,1,Created
1352,2011-01-01,1352,Female,54,1957-11-18,0.00313,Married,272,,2051-02-13,Yes,,,Permanent contract,45775.0,825922,No,1,,NA,1,Created
1353,2011-01-01,1353,Female,64,1947-01-31,0.00713,Married,273,,2031-06-24,Yes,,,Permanent contract,29.0,-26377,No,2,,NA,1,Created
16823,2011-01-31,1353,Female,65,1947-01-31,0.00713,Married,273,,2031-06-24,Yes,,,Retired,20.299999999999997,-26377,No,2,,NA,1,Life event: Retired
1354,2011-01-01,1354,Female,5,2006-07-01,4e-05,Single,0,,,Yes,21.0,2027-12-28,Child,0.0,0,Yes,0,30.0,2036-10-23,1,Created
1355,2011-01-01,1355,Female,11,2000-02-21,7e-05,Single,0,,,No,,,Child,0.0,0,No,0,38.0,2038-09-29,1,Created
1356,2011-01-01,1356,Female,96,1915-10-25,0.24602,Widowed,0,,,Yes,,,Retired,20350.0,345808,Yes,0,,NA,1,Created
1357,2011-01-01,1357,Male,15,1996-08-11,0.00015,Single,0,,,No,,,Child,0.0,0,Yes,0,,NA,1,Created
1358,2011-01-01,1358,Female,7,2004-07-12,7e-05,Single,0,,,No,,,Child,0.0,0,No,0,33.0,2037-12-17,1,Created
1359,2011-01-01,1359,Female,18,1993-11-30,0.00023999999999999998,Single,0,,,Yes,28.0,2021-08-25,Flexible contract,8003.0,229202,No,0,27.0,2020-11-10,1,Created
1360,2011-01-01,1360,Male,80,1931-06-01,0.05987000000000001,Married,287,,2048-02-21,No,,,Retired,32468.0,-4410,Yes,3,,NA,1,Created
1361,2011-01-01,1361,Male,61,1950-02-08,0.00747,Married,288,,2026-01-05,Yes,,,Permanent contract,12384.0,-20962,No,3,,NA,1,Created
1362,2011-01-01,1362,Female,70,1941-10-13,0.01252,Married,274,,2061-03-04,Yes,,,Retired,25578.0,383453,Yes,2,,NA,1,Created
1363,2011-01-01,1363,Male,60,1951-05-18,0.006840000000000001,Married,289,,2026-04-14,No,,,Flexible contract,46960.0,40882,No,1,,NA,1,Created
1364,2011-01-01,1364,Female,57,1954-12-19,0.00387,Married,275,,2045-08-18,No,,,Permanent contract,31506.0,32608,No,1,,NA,1,Created
1365,2011-01-01,1365,Male,56,1955-12-05,0.0052,Married,290,,2021-10-26,No,,,Flexible contract,48818.0,4739399,Yes,2,,NA,1,Created
1366,2011-01-01,1366,Female,98,1913-10-16,0.27366999999999997,Widowed,0,,,No,,,Retired,34877.0,584354,No,0,,NA,1,Created
19329,2012-12-18,1366,Female,100,1913-10-16,0.27366999999999997,Widowed,0,,,No,,,Retired,34877.0,584354,No,0,,NA,0,Life event: Deceased
1367,2011-01-01,1367,Female,22,1989-10-29,0.00023999999999999998,Single,0,,,Yes,20.0,,Permanent contract,18706.0,250243,Yes,0,27.0,2016-08-14,1,Created
1368,2011-01-01,1368,Male,41,1970-06-10,0.0008900000000000001,Married,291,,2052-02-23,Yes,,,Permanent contract,35250.0,-4510,Yes,2,,NA,1,Created
1369,2011-01-01,1369,Male,65,1946-10-31,0.01141,Married,292,,2057-09-25,Yes,,,Entrepreneur with personel,63498.0,490300,No,2,,NA,1,Created
18119,2011-10-31,1369,Male,66,1946-10-31,0.01141,Married,292,,2057-09-25,Yes,,,Retired,44448.6,490300,No,2,,NA,1,Life event: Retired
1370,2011-01-01,1370,Male,53,1958-07-09,0.0033299999999999996,Married,293,,2024-04-12,Yes,,,Permanent contract,38076.0,97574,Yes,2,,NA,1,Created
1371,2011-01-01,1371,Female,34,1977-09-20,0.00037,Married,276,,2069-04-25,No,,,Entrepreneur without personnel,61321.0,85066,Yes,3,,NA,1,Created
1372,2011-01-01,1372,Female,58,1953-05-25,0.00448,Married,277,,2035-04-30,No,,,Permanent contract,29946.0,3953,Yes,1,,NA,1,Created
1373,2011-01-01,1373,Female,59,1952-02-29,0.00479,Married,278,,2061-08-08,Yes,,,Permanent contract,51036.0,715,Yes,2,,NA,1,Created
1374,2011-01-01,1374,Female,40,1971-09-25,0.0006900000000000001,Married,279,,2056-10-12,No,,,Permanent contract,9637.0,226917,Yes,2,,NA,1,Created
1375,2011-01-01,1375,Female,29,1982-11-20,0.00032,Single,0,,,Yes,30.0,2012-07-31,Permanent contract,39021.0,1556277,Yes,0,,NA,1,Created
18974,2012-07-31,1375,Female,30,1982-11-20,0.00032,Married,3490,42,2054-03-30,Yes,30,2012-07-31,Permanent contract,39021.0,1556277,Yes,0,,NA,1,Life event: Married
1376,2011-01-01,1376,Male,65,1946-01-30,0.01141,Married,294,,2058-10-15,Yes,,,Permanent contract,14185.0,503274,No,2,,NA,1,Created
16820,2011-01-30,1376,Male,66,1946-01-30,0.01141,Married,294,,2058-10-15,Yes,,,Retired,9929.5,503274,No,2,,NA,1,Life event: Retired
1377,2011-01-01,1377,Female,62,1949-04-19,0.0057399999999999994,Married,280,,2031-04-20,Yes,,,Permanent contract,19818.0,3638,No,2,,NA,1,Created
1378,2011-01-01,1378,Male,58,1953-12-16,0.00603,Single,0,,,Yes,24.0,,Permanent contract,3567.0,-18171,No,0,,NA,1,Created
1379,2011-01-01,1379,Female,31,1980-10-19,0.00029,Single,0,,,Yes,31.0,2011-05-01,Permanent contract,18267.0,993546,No,0,,NA,1,Created
17277,2011-05-01,1379,Female,31,1980-10-19,0.00029,Married,3433,26,2037-07-31,Yes,31,2011-05-01,Permanent contract,18267.0,993546,No,0,,NA,1,Life event: Married
1380,2011-01-01,1380,Male,100,1911-03-25,1.0,Widowed,0,,,No,,,Retired,2858.0,365,Yes,0,,NA,1,Created
18717,2012-05-03,1380,Male,102,1911-03-25,1.0,Widowed,0,,,No,,,Retired,2858.0,365,Yes,0,,NA,0,Life event: Deceased
1381,2011-01-01,1381,Female,73,1938-10-07,0.01577,Married,281,,2030-07-15,Yes,,,Retired,2553.0,654,No,2,,NA,1,Created
1382,2011-01-01,1382,Male,21,1990-04-06,0.00045,Single,0,,,No,,,Permanent contract,4643.0,178078,Yes,0,,NA,1,Created
1383,2011-01-01,1383,Male,17,1994-07-05,0.00022999999999999998,Single,0,,,No,,,Child,0.0,0,Yes,0,,NA,1,Created
17607,2011-07-05,1383,Male,18,1994-07-05,0.00022999999999999998,Single,0,,,No,,,Entrepreneur without personnel,58690.0,815461,Yes,0,,NA,1,Life event: Adulthood
1384,2011-01-01,1384,Female,63,1948-12-06,0.00672,Married,282,,2032-06-16,Yes,,,Entrepreneur without personnel,37665.0,28756,No,2,,NA,1,Created
19298,2012-12-06,1384,Female,65,1948-12-06,0.00672,Married,282,,2032-06-16,Yes,,,Retired,26365.5,28756,No,2,,NA,1,Life event: Retired
1385,2011-01-01,1385,Female,36,1975-04-25,0.00049,Single,0,,,No,,,Unemployed,10078.0,12777,Yes,0,,NA,1,Created
1386,2011-01-01,1386,Female,53,1958-10-01,0.00312,Single,0,,,No,,,Flexible contract,32266.0,26288,No,0,,NA,1,Created
1387,2011-01-01,1387,Female,36,1975-07-14,0.00049,Married,283,,2032-05-04,No,,,Permanent contract,11896.0,402017,No,1,,NA,1,Created
1388,2011-01-01,1388,Female,56,1955-11-17,0.0041,Married,284,,2054-03-07,No,,,Permanent contract,9395.0,-4617,No,3,,NA,1,Created
1389,2011-01-01,1389,Female,52,1959-05-25,0.00268,Married,285,,2027-11-26,No,,,Entrepreneur with personel,3073.0,1550,Yes,2,,NA,1,Created
1390,2011-01-01,1390,Male,37,1974-11-19,0.00082,Single,0,,,Yes,31.0,,Flexible contract,26376.0,498827,No,0,,NA,1,Created
1391,2011-01-01,1391,Female,71,1940-02-10,0.013009999999999999,Divorced,0,,,No,,,Retired,31826.0,-1229,No,0,,NA,1,Created
1392,2011-01-01,1392,Female,60,1951-03-15,0.00541,Married,286,,2045-09-02,Yes,,,Flexible contract,8009.0,41795,No,3,,NA,1,Created
1393,2011-01-01,1393,Male,22,1989-11-29,0.00041,Single,0,,,No,,,Flexible contract,26337.0,169426,Yes,0,,NA,1,Created
1394,2011-01-01,1394,Male,7,2004-04-10,9e-05,Single,0,,,Yes,43.0,2047-09-06,Child,0.0,0,No,0,,NA,1,Created
1395,2011-01-01,1395,Female,51,1960-11-03,0.0023899999999999998,Married,287,,2048-02-21,Yes,,,Permanent contract,35032.0,42412,Yes,3,,NA,1,Created
1396,2011-01-01,1396,Male,48,1963-12-02,0.0021100000000000003,Married,295,,2022-06-20,No,,,Permanent contract,34873.0,14294,No,1,,NA,1,Created
1397,2011-01-01,1397,Female,20,1991-03-20,0.00018,Single,0,,,Yes,26.0,2017-01-08,Permanent contract,27084.0,65516,No,0,25.0,2016-03-11,1,Created
1398,2011-01-01,1398,Female,62,1949-12-28,0.0057399999999999994,Married,288,,2026-01-05,No,,,Permanent contract,94941.0,3982,No,3,,NA,1,Created
1399,2011-01-01,1399,Female,23,1988-08-01,0.0001,Single,0,,,No,,,Flexible contract,25787.0,105028,No,0,42.0,2030-01-17,1,Created
1400,2011-01-01,1400,Female,40,1971-01-02,0.0006900000000000001,Married,289,,2026-04-14,No,,,Flexible contract,10110.0,650377,No,1,,NA,1,Created
1401,2011-01-01,1401,Female,12,1999-07-12,5e-05,Single,0,,,No,,,Child,0.0,0,No,0,30.0,2029-07-16,1,Created
1402,2011-01-01,1402,Male,48,1963-10-17,0.0021100000000000003,Married,296,,2026-10-09,No,,,Entrepreneur without personnel,15634.0,129150,No,2,,NA,1,Created
1403,2011-01-01,1403,Female,57,1954-12-28,0.00387,Married,290,,2021-10-26,No,,,Flexible contract,11624.0,783003,Yes,2,,NA,1,Created
1404,2011-01-01,1404,Male,57,1954-02-28,0.00572,Married,297,,2030-04-01,No,,,Flexible contract,12561.0,208999,No,1,,NA,1,Created
1405,2011-01-01,1405,Female,34,1977-05-30,0.00037,Single,0,,,No,,,Flexible contract,7806.0,149552,Yes,0,,NA,1,Created
1406,2011-01-01,1406,Female,11,2000-07-24,7e-05,Single,0,,,No,,,Child,0.0,0,Yes,0,33.0,2033-04-28,1,Created
1407,2011-01-01,1407,Male,66,1945-06-24,0.01401,Married,298,,2056-09-01,No,,,Flexible contract,2333.0,-9017,Yes,2,,NA,1,Created
17556,2011-06-24,1407,Male,67,1945-06-24,0.01401,Married,298,,2056-09-01,No,,,Retired,1633.1,-9017,Yes,2,,NA,1,Life event: Retired
1408,2011-01-01,1408,Female,50,1961-01-21,0.00225,Married,291,,2052-02-23,No,,,Entrepreneur without personnel,2856.0,15366,Yes,2,,NA,1,Created
1409,2011-01-01,1409,Female,32,1979-11-07,0.00041,Single,0,,,Yes,26.0,,Flexible contract,3669.0,174182,Yes,0,,NA,1,Created
1410,2011-01-01,1410,Male,6,2005-06-28,5.9999999999999995e-05,Single,0,,,No,,,Child,0.0,0,No,0,,NA,1,Created
1411,2011-01-01,1411,Female,5,2006-06-23,4e-05,Single,0,,,Yes,30.0,2036-09-05,Child,0.0,0,No,0,28.0,2034-11-01,1,Created
1412,2011-01-01,1412,Male,25,1986-02-08,0.00033999999999999997,Single,0,,,No,,,Permanent contract,42320.0,-32180,No,0,,NA,1,Created
1413,2011-01-01,1413,Male,61,1950-01-01,0.00747,Married,299,,2028-02-16,No,,,Flexible contract,18306.0,84036,Yes,2,,NA,1,Created
1414,2011-01-01,1414,Male,37,1974-04-10,0.00082,Single,0,,,No,,,Permanent contract,7843.0,1280,No,0,,NA,1,Created
1415,2011-01-01,1415,Female,19,1992-01-24,0.00014,Single,0,,,Yes,41.0,2033-10-20,Permanent contract,45073.0,5949,No,0,29.0,2021-10-04,1,Created
1416,2011-01-01,1416,Male,18,1993-07-19,0.00032,Single,0,,,No,,,Permanent contract,7104.0,45968,Yes,0,,NA,1,Created
1417,2011-01-01,1417,Female,22,1989-12-06,0.00023999999999999998,Single,0,,,No,,,Permanent contract,81625.0,38315,No,0,33.0,2022-06-22,1,Created
1418,2011-01-01,1418,Female,28,1983-07-06,0.00025,Single,0,,,Yes,30.0,2013-10-20,Permanent contract,65026.0,30002,No,0,,NA,1,Created
1419,2011-01-01,1419,Male,23,1988-01-14,0.00039,Single,0,,,Yes,64.0,2052-04-13,Permanent contract,8025.0,-33026,Yes,0,,NA,1,Created
1420,2011-01-01,1420,Male,22,1989-01-18,0.00041,Single,0,,,No,,,Entrepreneur without personnel,21310.0,23696,No,0,,NA,1,Created
1421,2011-01-01,1421,Male,5,2006-05-07,9e-05,Single,0,,,Yes,27.0,2033-09-04,Child,0.0,0,No,0,,NA,1,Created
1422,2011-01-01,1422,Female,75,1936-06-01,0.01986,Divorced,0,,,No,,,Retired,20030.0,726632,Yes,0,,NA,1,Created
1423,2011-01-01,1423,Female,14,1997-07-20,9e-05,Single,0,,,No,,,Child,0.0,0,Yes,0,25.0,2022-09-06,1,Created
1424,2011-01-01,1424,Female,20,1991-01-18,0.00018,Single,0,,,No,,,Permanent contract,31532.0,148093,No,0,33.0,2024-05-30,1,Created
1425,2011-01-01,1425,Female,63,1948-06-15,0.00672,Married,292,,2057-09-25,Yes,,,Permanent contract,20876.0,412984,No,2,,NA,1,Created
18847,2012-06-15,1425,Female,65,1948-06-15,0.00672,Married,292,,2057-09-25,Yes,,,Retired,14613.199999999999,412984,No,2,,NA,1,Life event: Retired
1426,2011-01-01,1426,Male,81,1930-01-28,0.06966,Married,300,,2033-10-29,Yes,,,Retired,28724.0,32869,Yes,2,,NA,1,Created
1427,2011-01-01,1427,Female,28,1983-03-17,0.00025,Single,0,,,Yes,20.0,,Permanent contract,9676.0,2844,No,0,33.0,2016-04-28,1,Created
1428,2011-01-01,1428,Female,44,1967-09-20,0.00107,Divorced,0,,,No,,,Permanent contract,31868.0,90490,Yes,0,,NA,1,Created
1429,2011-01-01,1429,Male,8,2003-02-12,9e-05,Single,0,,,No,,,Child,0.0,0,Yes,0,,NA,1,Created
1430,2011-01-01,1430,Female,59,1952-10-12,0.00479,Married,293,,2024-04-12,No,,,Permanent contract,5265.0,2781628,Yes,2,,NA,1,Created
1431,2011-01-01,1431,Female,47,1964-10-11,0.00168,Single,0,,,No,,,Permanent contract,48756.0,225730,Yes,0,,NA,1,Created
1432,2011-01-01,1432,Male,32,1979-01-15,0.00059,Married,301,,2015-08-15,No,,,Permanent contract,14217.0,259799,Yes,3,,NA,1,Created
1433,2011-01-01,1433,Female,1,2010-11-29,0.00033999999999999997,Single,0,,,No,,,Child,0.0,0,No,0,20.0,2030-09-22,1,Created
1434,2011-01-01,1434,Female,56,1955-05-20,0.0041,Married,294,,2058-10-15,Yes,,,Permanent contract,21961.0,432005,No,2,,NA,1,Created
1435,2011-01-01,1435,Male,7,2004-11-09,9e-05,Single,0,,,No,,,Child,0.0,0,Yes,0,,NA,1,Created
1436,2011-01-01,1436,Male,29,1982-05-11,0.0005200000000000001,Married,302,,2023-11-16,Yes,,,Permanent contract,507.0,10914,Yes,2,,NA,1,Created
1437,2011-01-01,1437,Male,18,1993-05-01,0.00032,Single,0,,,Yes,60.0,2053-01-01,Entrepreneur without personnel,16375.0,150434,No,0,,NA,1,Created
1438,2011-01-01,1438,Female,32,1979-01-08,0.00041,Single,0,,,Yes,42.0,2021-02-10,Permanent contract,26536.0,156503,Yes,0,,NA,1,Created
1439,2011-01-01,1439,Female,72,1939-05-26,0.01411,Married,295,,2022-06-20,No,,,Retired,50274.0,-4923,No,1,,NA,1,Created
1440,2011-01-01,1440,Male,52,1959-07-08,0.00314,Married,303,,2044-10-02,No,,,Flexible contract,97373.0,4195,Yes,3,,NA,1,Created
1441,2011-01-01,1441,Male,23,1988-05-31,0.00039,Single,0,,,Yes,45.0,2033-01-12,Permanent contract,47860.0,618,No,0,,NA,1,Created
1442,2011-01-01,1442,Female,36,1975-08-06,0.00049,Married,296,,2026-10-09,No,,,Flexible contract,5983.0,-1,No,2,,NA,1,Created
1443,2011-01-01,1443,Male,10,2001-07-19,0.00011999999999999999,Single,0,,,Yes,27.0,2028-02-01,Child,0.0,0,No,0,,NA,1,Created
1444,2011-01-01,1444,Female,58,1953-11-30,0.00448,Divorced,0,,,No,,,Permanent contract,13677.0,11016,Yes,0,,NA,1,Created
1445,2011-01-01,1445,Male,27,1984-11-11,0.00044,Single,0,,,Yes,48.0,2032-03-02,Permanent contract,64241.0,-48425,Yes,0,,NA,1,Created
1446,2011-01-01,1446,Male,65,1946-03-20,0.01141,Married,304,,2058-08-23,No,,,Permanent contract,11621.0,38978,Yes,2,,NA,1,Created
17090,2011-03-20,1446,Male,66,1946-03-20,0.01141,Married,304,,2058-08-23,No,,,Retired,8134.7,38978,Yes,2,,NA,1,Life event: Retired
1447,2011-01-01,1447,Female,18,1993-08-22,0.00023999999999999998,Single,0,,,No,,,Permanent contract,6224.0,267003,No,0,20.0,2013-04-08,1,Created
1448,2011-01-01,1448,Male,41,1970-08-29,0.0008900000000000001,Married,305,,2049-03-06,Yes,,,Permanent contract,47975.0,314041,No,1,,NA,1,Created
1449,2011-01-01,1449,Female,37,1974-08-28,0.00057,Single,0,,,Yes,23.0,,Permanent contract,86657.0,17825,No,0,,NA,1,Created
1450,2011-01-01,1450,Male,15,1996-08-10,0.00015,Single,0,,,No,,,Child,0.0,0,No,0,,NA,1,Created
1451,2011-01-01,1451,Male,35,1976-11-22,0.00055,Married,306,,2046-02-07,No,,,Entrepreneur without personnel,3030.0,4708736,No,1,,NA,1,Created
1452,2011-01-01,1452,Female,58,1953-10-18,0.00448,Divorced,0,,,No,,,Entrepreneur without personnel,16177.0,6025,No,0,,NA,1,Created
1453,2011-01-01,1453,Male,62,1949-10-01,0.008409999999999999,Married,307,,2015-08-29,No,,,Permanent contract,4576.0,21598,No,3,,NA,1,Created
1454,2011-01-01,1454,Female,51,1960-05-13,0.0023899999999999998,Divorced,0,,,No,,,Permanent contract,3800.0,150878,Yes,0,,NA,1,Created
1455,2011-01-01,1455,Female,7,2004-08-17,7e-05,Single,0,,,Yes,26.0,2030-02-27,Child,0.0,0,Yes,0,36.0,2040-03-19,1,Created
1456,2011-01-01,1456,Female,59,1952-07-10,0.00479,Divorced,0,,,No,,,Permanent contract,22010.0,3977,No,0,,NA,1,Created
1457,2011-01-01,1457,Female,38,1973-12-05,0.00063,Married,297,,2030-04-01,Yes,,,Permanent contract,22690.0,7633,No,1,,NA,1,Created
1458,2011-01-01,1458,Male,54,1957-08-30,0.00404,Married,308,,2045-01-03,Yes,,,Permanent contract,30206.0,1126,No,1,,NA,1,Created
1459,2011-01-01,1459,Female,94,1917-11-21,0.20800000000000002,Widowed,0,,,Yes,,,Retired,40443.0,498268,No,0,,NA,1,Created
1460,2011-01-01,1460,Female,22,1989-10-30,0.00023999999999999998,Single,0,,,Yes,0.0,,Permanent contract,18024.0,2360910,Yes,0,28.0,2017-12-13,1,Created
1461,2011-01-01,1461,Female,17,1994-03-24,0.0001,Single,0,,,Yes,29.0,2023-09-19,Child,0.0,0,No,0,34.0,2028-07-30,1,Created
17112,2011-03-24,1461,Female,18,1994-03-24,0.0001,Single,0,,,Yes,25,2018-04-29,Flexible contract,4970.0,489125,No,0,34,2028-07-30,1,Life event: Adulthood
1462,2011-01-01,1462,Female,75,1936-10-14,0.01986,Widowed,0,,,Yes,,,Retired,3643.0,406379,Yes,0,,NA,1,Created
1463,2011-01-01,1463,Male,63,1948-10-10,0.00945,Single,0,,,Yes,32.0,,Entrepreneur without personnel,39497.0,119077,Yes,0,,NA,1,Created
19150,2012-10-10,1463,Male,65,1948-10-10,0.00945,Single,0,,,Yes,32,,Retired,27647.899999999998,119077,Yes,0,,NA,1,Life event: Retired
1464,2011-01-01,1464,Male,52,1959-12-04,0.00314,Married,309,,2043-02-27,No,,,Unemployed,4772.0,77319,Yes,2,,NA,1,Created
1465,2011-01-01,1465,Female,24,1987-02-21,0.00018999999999999998,Single,0,,,No,,,Entrepreneur without personnel,19186.0,396318,No,0,33.0,2020-09-11,1,Created
1466,2011-01-01,1466,Male,65,1946-05-02,0.01141,Married,310,,2020-08-09,Yes,,,Permanent contract,8317.0,33969,Yes,2,,NA,1,Created
17282,2011-05-02,1466,Male,66,1946-05-02,0.01141,Married,310,,2020-08-09,Yes,,,Retired,5821.9,33969,Yes,2,,NA,1,Life event: Retired
1467,2011-01-01,1467,Female,21,1990-10-09,0.00016,Single,0,,,Yes,50.0,2040-07-25,Permanent contract,27503.0,432352,Yes,0,31.0,2021-09-27,1,Created
1468,2011-01-01,1468,Male,38,1973-08-12,0.0009599999999999999,Married,311,,2015-10-06,Yes,,,Permanent contract,15347.0,20833,Yes,3,,NA,1,Created
1469,2011-01-01,1469,Female,35,1976-05-30,0.00033999999999999997,Single,0,,,No,,,Flexible contract,14729.0,1353620,Yes,0,,NA,1,Created
1470,2011-01-01,1470,Female,30,1981-03-12,0.00027,Single,0,,,No,,,Entrepreneur with personel,24508.0,33029,Yes,0,,NA,1,Created
1471,2011-01-01,1471,Female,80,1931-11-09,0.03682,Widowed,0,,,Yes,,,Retired,18947.0,1606,No,0,,NA,1,Created
1472,2011-01-01,1472,Female,57,1954-02-18,0.00387,Married,298,,2056-09-01,Yes,,,Permanent contract,3651.0,-19334,Yes,2,,NA,1,Created
1473,2011-01-01,1473,Male,25,1986-05-25,0.00033999999999999997,Married,312,,2044-02-02,No,,,Flexible contract,48329.0,1246,Yes,1,,NA,1,Created
1474,2011-01-01,1474,Female,25,1986-02-07,0.00022999999999999998,Single,0,,,Yes,60.0,2046-01-31,Permanent contract,11321.0,683,Yes,0,,NA,1,Created
1475,2011-01-01,1475,Male,59,1952-09-16,0.00717,Married,313,,2029-05-31,Yes,,,Flexible contract,3718.0,191006,Yes,2,,NA,1,Created
1476,2011-01-01,1476,Female,15,1996-04-29,8e-05,Single,0,,,Yes,22.0,2018-05-10,Child,0.0,0,No,0,24.0,2020-10-02,1,Created
1477,2011-01-01,1477,Male,105,1906-09-20,1.0,Widowed,0,,,No,,,Retired,41472.0,191548,No,0,,NA,1,Created
18103,2011-10-27,1477,Male,106,1906-09-20,1.0,Widowed,0,,,No,,,Retired,41472.0,191548,No,0,,NA,0,Life event: Deceased
1478,2011-01-01,1478,Male,78,1933-12-12,0.04668,Widowed,0,,,No,,,Retired,54676.0,32571,No,0,,NA,1,Created
1479,2011-01-01,1479,Female,37,1974-12-13,0.00057,Married,299,,2028-02-16,Yes,,,Permanent contract,71195.0,3827252,Yes,2,,NA,1,Created
1480,2011-01-01,1480,Male,21,1990-01-27,0.00045,Single,0,,,Yes,33.0,2023-12-07,Permanent contract,6613.0,915741,Yes,0,,NA,1,Created
1481,2011-01-01,1481,Male,23,1988-01-09,0.00039,Single,0,,,Yes,56.0,2044-12-30,Permanent contract,85383.0,5557,No,0,,NA,1,Created
1482,2011-01-01,1482,Female,58,1953-01-08,0.00448,Married,300,,2033-10-29,Yes,,,Permanent contract,27946.0,43657,Yes,2,,NA,1,Created
1483,2011-01-01,1483,Female,73,1938-09-11,0.01577,Married,301,,2015-08-15,No,,,Retired,12938.0,47780,Yes,3,,NA,1,Created
1484,2011-01-01,1484,Male,48,1963-10-23,0.0021100000000000003,Widowed,0,,,No,,,Permanent contract,8335.0,830080,No,0,,NA,1,Created
1485,2011-01-01,1485,Male,20,1991-09-15,0.00045,Single,0,,,No,,,Permanent contract,41529.0,-45780,No,0,,NA,1,Created
1486,2011-01-01,1486,Male,65,1946-10-15,0.01141,Divorced,0,,,No,,,Permanent contract,28085.0,77012,Yes,0,,NA,1,Created
18051,2011-10-15,1486,Male,66,1946-10-15,0.01141,Divorced,0,,,No,,,Retired,19659.5,77012,Yes,0,,NA,1,Life event: Retired
1487,2011-01-01,1487,Female,10,2001-04-09,0.0001,Single,0,,,Yes,30.0,2031-04-22,Child,0.0,0,Yes,0,32.0,2033-09-23,1,Created
1488,2011-01-01,1488,Male,54,1957-02-24,0.00404,Married,314,,2017-07-16,No,,,Permanent contract,5882.0,370767,No,3,,NA,1,Created
1489,2011-01-01,1489,Male,36,1975-03-02,0.0006,Single,0,,,No,,,Permanent contract,14979.0,61939,Yes,0,,NA,1,Created
1490,2011-01-01,1490,Male,17,1994-02-08,0.00022999999999999998,Single,0,,,Yes,37.0,2031-11-05,Child,0.0,0,Yes,0,,NA,1,Created
16868,2011-02-08,1490,Male,18,1994-02-08,0.00022999999999999998,Single,0,,,No,,,Entrepreneur without personnel,90278.0,-29613,Yes,0,,NA,1,Life event: Adulthood
1491,2011-01-01,1491,Female,65,1946-10-21,0.007559999999999999,Widowed,0,,,Yes,,,Flexible contract,73876.0,701116,Yes,0,,NA,1,Created
18074,2011-10-21,1491,Female,66,1946-10-21,0.007559999999999999,Widowed,0,,,Yes,,,Retired,51713.2,701116,Yes,0,,NA,1,Life event: Retired
1492,2011-01-01,1492,Male,22,1989-04-19,0.00041,Single,0,,,Yes,43.0,2032-08-10,Permanent contract,16641.0,-8336,No,0,,NA,1,Created
1493,2011-01-01,1493,Male,5,2006-01-10,9e-05,Single,0,,,No,,,Child,0.0,0,Yes,0,,NA,1,Created
1494,2011-01-01,1494,Female,46,1965-09-25,0.00134,Married,302,,2023-11-16,No,,,Permanent contract,17726.0,222,Yes,2,,NA,1,Created
1495,2011-01-01,1495,Male,36,1975-05-19,0.0006,Married,315,,2050-01-19,Yes,,,Permanent contract,32701.0,700214,Yes,2,,NA,1,Created
1496,2011-01-01,1496,Female,50,1961-08-09,0.00225,Widowed,0,,,No,,,Permanent contract,10263.0,1479,No,0,,NA,1,Created
1497,2011-01-01,1497,Female,80,1931-01-17,0.03682,Widowed,0,,,No,,,Retired,39611.0,128557,Yes,0,,NA,1,Created
1498,2011-01-01,1498,Female,23,1988-04-20,0.0001,Single,0,,,No,,,Permanent contract,29916.0,-48415,Yes,0,,NA,1,Created
1499,2011-01-01,1499,Female,43,1968-09-06,0.0009699999999999999,Single,0,,,No,,,Permanent contract,12834.0,13393,Yes,0,,NA,1,Created
1500,2011-01-01,1500,Female,40,1971-09-25,0.0006900000000000001,Single,0,,,No,,,Flexible contract,8871.0,-29175,Yes,0,,NA,1,Created
1501,2011-01-01,1501,Female,18,1993-02-13,0.00023999999999999998,Single,0,,,No,,,Permanent contract,23322.0,6926,Yes,0,33.0,2026-07-21,1,Created
1502,2011-01-01,1502,Male,54,1957-12-21,0.00404,Single,0,,,No,,,Unemployed,25338.0,446884,No,0,,NA,1,Created
1503,2011-01-01,1503,Male,14,1997-10-15,0.00014,Single,0,,,No,,,Child,0.0,0,Yes,0,,NA,1,Created
1504,2011-01-01,1504,Male,2,2009-01-01,0.00021,Single,0,,,Yes,31.0,2040-04-11,Child,0.0,0,No,0,,NA,1,Created
1505,2011-01-01,1505,Female,25,1986-11-22,0.00022999999999999998,Single,0,,,No,,,Permanent contract,26002.0,100229,Yes,0,29.0,2015-03-16,1,Created
1506,2011-01-01,1506,Female,53,1958-05-05,0.00312,Married,303,,2044-10-02,No,,,Unemployed,42009.0,827,Yes,3,,NA,1,Created
1507,2011-01-01,1507,Female,26,1985-03-03,1.0,Single,0,,,No,,,Permanent contract,15880.0,8093,Yes,0,39.0,2024-09-17,1,Created
19287,2012-12-03,1507,Female,28,1985-03-03,1.0,Single,0,,,No,,,Permanent contract,15880.0,8093,Yes,0,39,2024-09-17,0,Life event: Deceased
1508,2011-01-01,1508,Male,81,1930-08-07,0.06966,Widowed,0,,,No,,,Retired,23242.0,8761,No,0,,NA,1,Created
1509,2011-01-01,1509,Male,38,1973-10-28,0.0009599999999999999,Single,0,,,Yes,37.0,,Permanent contract,23260.0,-46747,No,0,,NA,1,Created
1510,2011-01-01,1510,Female,56,1955-03-15,0.0041,Widowed,0,,,No,,,Permanent contract,15607.0,142415,Yes,0,,NA,1,Created
1511,2011-01-01,1511,Male,68,1943-03-24,0.01522,Married,316,,2070-07-12,Yes,,,Retired,43037.0,1932,Yes,1,,NA,1,Created
1512,2011-01-01,1512,Male,22,1989-07-02,0.00041,Single,0,,,Yes,28.0,2017-04-03,Permanent contract,49499.0,423942,Yes,0,,NA,1,Created
1513,2011-01-01,1513,Male,67,1944-11-13,0.01396,Widowed,0,,,No,,,Flexible contract,18280.0,403339,No,0,,NA,1,Created
18175,2011-11-13,1513,Male,68,1944-11-13,0.01396,Widowed,0,,,No,,,Retired,12796.0,403339,No,0,,NA,1,Life event: Retired
1514,2011-01-01,1514,Female,34,1977-09-09,0.00037,Married,304,,2058-08-23,No,,,Flexible contract,6075.0,-3390,Yes,2,34.0,2011-05-09,1,Created
17330,2011-05-09,1514,Female,34,1977-09-09,0.00037,Married,304,,2058-08-23,No,,,Flexible contract,6075.0,-3390,Yes,1,34,2011-05-09,1,Life event: Children born
1515,2011-01-01,1515,Male,40,1971-01-25,0.0009400000000000001,Married,317,,2017-03-01,No,,,Permanent contract,14363.0,-10705,No,1,,NA,1,Created
1516,2011-01-01,1516,Female,80,1931-05-12,0.03682,Married,305,,2049-03-06,No,,,Retired,3506.0,450435,No,1,,NA,1,Created
1517,2011-01-01,1517,Male,2,2009-03-19,0.00021,Single,0,,,Yes,44.0,2053-03-04,Child,0.0,0,Yes,0,,NA,1,Created
1518,2011-01-01,1518,Male,22,1989-09-06,0.00041,Single,0,,,Yes,73.0,2062-10-05,Permanent contract,14869.0,965,No,0,,NA,1,Created
1519,2011-01-01,1519,Female,69,1942-10-27,0.0108,Married,306,,2046-02-07,Yes,,,Retired,10554.0,48847,No,1,,NA,1,Created
1520,2011-01-01,1520,Male,10,2001-08-01,0.00011999999999999999,Single,0,,,Yes,63.0,2064-02-21,Child,0.0,0,Yes,0,,NA,1,Created
1521,2011-01-01,1521,Female,75,1936-09-06,0.01986,Single,0,,,No,,,Retired,48831.0,-45166,No,0,,NA,1,Created
1522,2011-01-01,1522,Female,60,1951-04-26,0.00541,Married,307,,2015-08-29,No,,,Permanent contract,15571.0,256513,No,3,,NA,1,Created
1523,2011-01-01,1523,Female,58,1953-12-17,0.00448,Single,0,,,No,,,Entrepreneur without personnel,51396.0,43341,Yes,0,,NA,1,Created
1524,2011-01-01,1524,Female,38,1973-09-20,0.00063,Single,0,,,Yes,28.0,,Permanent contract,12273.0,183636,Yes,0,,NA,1,Created
1525,2011-01-01,1525,Female,11,2000-12-24,7e-05,Single,0,,,Yes,31.0,2031-02-02,Child,0.0,0,Yes,0,35.0,2035-12-01,1,Created
1526,2011-01-01,1526,Male,54,1957-05-04,0.00404,Single,0,,,Yes,32.0,,Entrepreneur without personnel,52679.0,9899,Yes,0,,NA,1,Created
1527,2011-01-01,1527,Male,37,1974-08-06,0.00082,Married,318,,2045-11-01,No,,,Permanent contract,13049.0,1861,Yes,1,,NA,1,Created
1528,2011-01-01,1528,Female,52,1959-06-27,0.00268,Single,0,,,Yes,54.0,2013-12-16,Flexible contract,34558.0,8380,Yes,0,,NA,1,Created
1529,2011-01-01,1529,Male,20,1991-10-02,0.00045,Single,0,,,No,,,Permanent contract,28773.0,-44,No,0,,NA,1,Created
1530,2011-01-01,1530,Male,3,2008-10-03,0.0002,Single,0,,,Yes,31.0,2039-09-30,Child,0.0,0,Yes,0,,NA,1,Created
1531,2011-01-01,1531,Male,65,1946-05-03,0.01141,Widowed,0,,,No,,,Permanent contract,19117.0,517538,No,0,,NA,1,Created
17291,2011-05-03,1531,Male,66,1946-05-03,0.01141,Widowed,0,,,No,,,Retired,13381.9,517538,No,0,,NA,1,Life event: Retired
1532,2011-01-01,1532,Male,36,1975-03-16,0.0006,Single,0,,,Yes,29.0,,Permanent contract,6014.0,-28219,No,0,,NA,1,Created
1533,2011-01-01,1533,Female,74,1937-06-17,0.0185,Married,308,,2045-01-03,No,,,Retired,27024.0,71103,No,1,,NA,1,Created
1534,2011-01-01,1534,Male,50,1961-10-06,0.00257,Divorced,0,,,Yes,,,Permanent contract,38744.0,1985,No,0,,NA,1,Created
1535,2011-01-01,1535,Female,69,1942-05-07,0.0108,Divorced,0,,,Yes,,,Retired,4797.0,8806,No,0,,NA,1,Created
1536,2011-01-01,1536,Female,13,1998-02-21,0.00011999999999999999,Single,0,,,Yes,45.0,2043-07-10,Child,0.0,0,Yes,0,34.0,2032-08-18,1,Created
1537,2011-01-01,1537,Female,63,1948-05-23,0.00672,Married,309,,2043-02-27,No,,,Permanent contract,23158.0,10046,Yes,2,,NA,1,Created
18778,2012-05-23,1537,Female,65,1948-05-23,0.00672,Married,309,,2043-02-27,No,,,Retired,16210.599999999999,10046,Yes,2,,NA,1,Life event: Retired
1538,2011-01-01,1538,Male,65,1946-01-23,0.01141,Married,319,,2028-09-14,No,,,Permanent contract,54931.0,136625,Yes,2,,NA,1,Created
16782,2011-01-23,1538,Male,66,1946-01-23,0.01141,Married,319,,2028-09-14,No,,,Retired,38451.7,136625,Yes,2,,NA,1,Life event: Retired
1539,2011-01-01,1539,Female,46,1965-07-30,0.00134,Married,310,,2020-08-09,No,,,Permanent contract,28718.0,107904,Yes,2,,NA,1,Created
1540,2011-01-01,1540,Female,60,1951-10-25,0.00541,Married,311,,2015-10-06,Yes,,,Flexible contract,6132.0,2850699,Yes,3,,NA,1,Created
1541,2011-01-01,1541,Male,12,1999-01-27,0.00011,Single,0,,,Yes,29.0,2028-08-15,Child,0.0,0,Yes,0,,NA,1,Created
1542,2011-01-01,1542,Female,39,1972-11-11,0.00074,Single,0,,,Yes,37.0,,Permanent contract,44330.0,2634,Yes,0,,NA,1,Created
1543,2011-01-01,1543,Female,21,1990-03-17,0.00016,Single,0,,,Yes,53.0,2043-12-13,Permanent contract,99.0,-3763,Yes,0,29.0,2019-07-30,1,Created
1544,2011-01-01,1544,Female,33,1978-10-30,0.00035,Single,0,,,No,,,Entrepreneur without personnel,285.0,2071,No,0,,NA,1,Created
1545,2011-01-01,1545,Female,46,1965-11-12,0.00134,Married,312,,2044-02-02,No,,,Permanent contract,21294.0,-39956,Yes,1,,NA,1,Created
1546,2011-01-01,1546,Female,64,1947-06-07,0.00713,Married,313,,2029-05-31,No,,,Permanent contract,18739.0,1742759,Yes,2,,NA,1,Created
17463,2011-06-07,1546,Female,65,1947-06-07,0.00713,Married,313,,2029-05-31,No,,,Retired,13117.3,1742759,Yes,2,,NA,1,Life event: Retired
1547,2011-01-01,1547,Female,32,1979-05-12,0.00041,Single,0,,,Yes,28.0,,Permanent contract,59564.0,192106,No,0,,NA,1,Created
1548,2011-01-01,1548,Female,61,1950-01-28,0.00562,Married,314,,2017-07-16,Yes,,,Permanent contract,17248.0,32801,No,3,,NA,1,Created
1549,2011-01-01,1549,Male,69,1942-10-09,0.01804,Married,320,,2024-07-18,Yes,,,Retired,68327.0,-2809,Yes,1,,NA,1,Created
1550,2011-01-01,1550,Female,12,1999-11-13,5e-05,Single,0,,,No,,,Child,0.0,0,No,0,41.0,2040-12-23,1,Created
1551,2011-01-01,1551,Male,39,1972-07-29,0.0008699999999999999,Married,321,,2026-04-06,Yes,,,Flexible contract,18514.0,19753,Yes,1,,NA,1,Created
1552,2011-01-01,1552,Female,7,2004-02-16,7e-05,Single,0,,,No,,,Child,0.0,0,No,0,32.0,2036-07-15,1,Created
1553,2011-01-01,1553,Male,42,1969-09-02,0.00128,Single,0,,,No,,,Permanent contract,16004.0,-1698,No,0,,NA,1,Created
1554,2011-01-01,1554,Female,0,2011-09-25,0.0028899999999999998,Single,0,,,No,,,Child,0.0,0,No,0,34.0,2045-09-14,1,Created
1555,2011-01-01,1555,Male,45,1966-05-18,0.0014199999999999998,Married,322,,2061-07-29,No,,,Entrepreneur without personnel,94284.0,406288,Yes,1,,NA,1,Created
17004,2011-03-02,1555,Male,45,1966-05-18,0.0014199999999999998,Widowed,322,,2061-07-29,No,,,Entrepreneur without personnel,94284.0,406288,Yes,1,,NA,1,Life event: Widowed
1556,2011-01-01,1556,Female,40,1971-02-10,0.0006900000000000001,Single,0,,,No,,,Permanent contract,18778.0,191,No,0,,NA,1,Created
1557,2011-01-01,1557,Male,3,2008-12-21,0.0002,Single,0,,,No,,,Child,0.0,0,Yes,0,,NA,1,Created
1558,2011-01-01,1558,Female,20,1991-08-04,0.00018,Single,0,,,Yes,55.0,2046-04-17,Flexible contract,15765.0,106905,No,0,28.0,2019-06-14,1,Created
1559,2011-01-01,1559,Male,14,1997-05-19,0.00014,Single,0,,,No,,,Child,0.0,0,Yes,0,,NA,1,Created
1560,2011-01-01,1560,Male,62,1949-05-10,0.008409999999999999,Divorced,0,,,No,,,Unemployed,33212.0,-4140,No,0,,NA,1,Created
1561,2011-01-01,1561,Male,22,1989-08-08,0.00041,Single,0,,,Yes,25.0,2014-01-29,Permanent contract,21225.0,197448,No,0,,NA,1,Created
1562,2011-01-01,1562,Male,40,1971-08-18,0.0009400000000000001,Divorced,0,,,No,,,Permanent contract,22633.0,45152,Yes,0,,NA,1,Created
1563,2011-01-01,1563,Female,77,1934-07-21,0.0259,Married,315,,2050-01-19,No,,,Retired,8884.0,303444,Yes,2,,NA,1,Created
1564,2011-01-01,1564,Female,36,1975-06-27,0.00049,Single,0,,,Yes,29.0,,Permanent contract,10438.0,-1788,Yes,0,,NA,1,Created
1565,2011-01-01,1565,Female,54,1957-10-28,0.00313,Married,316,,2070-07-12,Yes,,,Permanent contract,40495.0,423102,Yes,1,,NA,1,Created
1566,2011-01-01,1566,Male,25,1986-03-03,0.00033999999999999997,Single,0,,,No,,,Permanent contract,44994.0,184069,No,0,,NA,1,Created
1567,2011-01-01,1567,Male,81,1930-12-22,0.06966,Widowed,0,,,Yes,,,Retired,17886.0,37637,Yes,0,,NA,1,Created
1568,2011-01-01,1568,Female,46,1965-03-04,0.00134,Divorced,0,,,Yes,,,Permanent contract,13716.0,328895,No,0,,NA,1,Created
1569,2011-01-01,1569,Female,4,2007-01-22,5.9999999999999995e-05,Single,0,,,Yes,40.0,2047-03-05,Child,0.0,0,No,0,21.0,2028-09-05,1,Created
1570,2011-01-01,1570,Female,70,1941-04-26,0.01252,Widowed,0,,,No,,,Retired,18397.0,-32363,No,0,,NA,1,Created
1571,2011-01-01,1571,Female,1,2010-01-16,0.00033999999999999997,Single,0,,,No,,,Child,0.0,0,No,0,31.0,2041-09-17,1,Created
1572,2011-01-01,1572,Male,40,1971-09-05,0.0009400000000000001,Divorced,0,,,Yes,,,Permanent contract,15754.0,103043,Yes,0,,NA,1,Created
1573,2011-01-01,1573,Female,79,1932-10-01,0.03112,Married,317,,2017-03-01,Yes,,,Retired,7984.0,-30100,No,1,,NA,1,Created
1574,2011-01-01,1574,Female,55,1956-08-30,0.00372,Single,0,,,Yes,28.0,,Entrepreneur with personel,11631.0,7674,No,0,,NA,1,Created
1575,2011-01-01,1575,Male,52,1959-07-16,0.00314,Single,0,,,Yes,32.0,,Permanent contract,44228.0,30676,Yes,0,,NA,1,Created
1576,2011-01-01,1576,Female,42,1969-12-03,0.001,Married,318,,2045-11-01,Yes,,,Permanent contract,17515.0,475,Yes,1,,NA,1,Created
1577,2011-01-01,1577,Male,9,2002-06-22,0.00014,Single,0,,,No,,,Child,0.0,0,No,0,,NA,1,Created
1578,2011-01-01,1578,Male,2,2009-11-10,0.00021,Single,0,,,No,,,Child,0.0,0,Yes,0,,NA,1,Created
1579,2011-01-01,1579,Female,49,1962-09-24,0.00193,Divorced,0,,,No,,,Permanent contract,11194.0,41108,Yes,0,,NA,1,Created
1580,2011-01-01,1580,Female,48,1963-07-05,0.0018800000000000002,Married,319,,2028-09-14,Yes,,,Permanent contract,2753.0,443595,Yes,2,,NA,1,Created
1581,2011-01-01,1581,Male,89,1922-11-12,0.16272,Widowed,0,,,Yes,,,Retired,27452.0,151142,No,0,,NA,1,Created
19080,2012-09-04,1581,Male,90,1922-11-12,0.16272,Widowed,0,,,Yes,,,Retired,27452.0,151142,No,0,,NA,0,Life event: Deceased
1582,2011-01-01,1582,Female,5,2006-07-24,4e-05,Single,0,,,No,,,Child,0.0,0,No,0,36.0,2042-03-19,1,Created
1583,2011-01-01,1583,Male,61,1950-09-09,0.00747,Married,323,,2030-07-13,No,,,Permanent contract,23533.0,258752,No,1,,NA,1,Created
1584,2011-01-01,1584,Female,56,1955-10-02,0.0041,Divorced,0,,,No,,,Unemployed,99622.0,112844,No,0,,NA,1,Created
1585,2011-01-01,1585,Male,54,1957-03-25,0.00404,Married,324,,2019-03-03,No,,,Permanent contract,2450.0,57932,No,1,,NA,1,Created
1586,2011-01-01,1586,Female,27,1984-01-19,0.00025,Single,0,,,Yes,48.0,2032-04-19,Permanent contract,42033.0,271448,No,0,39.0,2023-03-30,1,Created
1587,2011-01-01,1587,Female,58,1953-10-11,0.00448,Married,320,,2024-07-18,Yes,,,Permanent contract,81623.0,1640,Yes,1,,NA,1,Created
1588,2011-01-01,1588,Female,103,1908-04-14,1.0,Widowed,0,,,Yes,,,Retired,16239.0,204,Yes,0,,NA,1,Created
17743,2011-08-05,1588,Female,104,1908-04-14,1.0,Widowed,0,,,Yes,,,Retired,16239.0,204,Yes,0,,NA,0,Life event: Deceased
1589,2011-01-01,1589,Male,57,1954-08-25,0.00572,Single,0,,,Yes,45.0,,Permanent contract,60446.0,248056,No,0,,NA,1,Created
1590,2011-01-01,1590,Male,48,1963-05-07,0.0021100000000000003,Divorced,0,,,Yes,,,Permanent contract,9318.0,110395,Yes,0,,NA,1,Created
1591,2011-01-01,1591,Female,36,1975-01-15,0.00049,Married,321,,2026-04-06,Yes,,,Flexible contract,14898.0,713,Yes,1,,NA,1,Created
1592,2011-01-01,1592,Female,12,1999-01-20,5e-05,Single,0,,,No,,,Child,0.0,0,Yes,0,30.0,2029-05-28,1,Created
1593,2011-01-01,1593,Female,27,1984-06-19,0.00025,Single,0,,,No,,,Permanent contract,35838.0,254,No,0,35.0,2019-09-18,1,Created
1594,2011-01-01,1594,Female,92,1919-03-22,0.17376,Married,322,,2061-07-29,No,,,Retired,20996.0,19658,Yes,1,,NA,1,Created
17003,2011-03-02,1594,Female,92,1919-03-22,0.17376,Married,322,,2061-07-29,No,,,Retired,20996.0,19658,Yes,1,,NA,0,Life event: Deceased
1595,2011-01-01,1595,Male,43,1968-01-13,0.00103,Married,325,,2031-03-19,Yes,,,Permanent contract,35852.0,12931,No,2,,NA,1,Created
1596,2011-01-01,1596,Male,65,1946-07-15,0.01141,Widowed,0,,,No,,,Entrepreneur without personnel,68194.0,162803,Yes,0,,NA,1,Created
17653,2011-07-15,1596,Male,66,1946-07-15,0.01141,Widowed,0,,,No,,,Retired,47735.799999999996,162803,Yes,0,,NA,1,Life event: Retired
1597,2011-01-01,1597,Male,38,1973-01-10,0.0009599999999999999,Single,0,,,No,,,Permanent contract,5257.0,799912,Yes,0,,NA,1,Created
1598,2011-01-01,1598,Male,73,1938-08-06,0.0262,Married,326,,2067-06-15,No,,,Retired,7031.0,814,Yes,3,,NA,1,Created
1599,2011-01-01,1599,Male,43,1968-12-18,0.00103,Married,327,,2064-08-22,Yes,,,Permanent contract,14332.0,340704,Yes,1,,NA,1,Created
1600,2011-01-01,1600,Male,11,2000-11-27,9e-05,Single,0,,,Yes,38.0,2038-07-07,Child,0.0,0,No,0,,NA,1,Created
1601,2011-01-01,1601,Female,34,1977-04-06,0.00037,Single,0,,,No,,,Permanent contract,48372.0,70355,Yes,0,,NA,1,Created
1602,2011-01-01,1602,Female,60,1951-03-13,0.00541,Married,323,,2030-07-13,No,,,Flexible contract,19992.0,125647,No,1,,NA,1,Created
1603,2011-01-01,1603,Male,22,1989-03-31,0.00041,Single,0,,,No,,,Permanent contract,19172.0,123887,Yes,0,,NA,1,Created
1604,2011-01-01,1604,Female,83,1928-08-31,0.057,Married,324,,2019-03-03,Yes,,,Retired,2797.0,99365,No,1,,NA,1,Created
1605,2011-01-01,1605,Female,72,1939-01-12,0.01411,Married,325,,2031-03-19,No,,,Retired,20593.0,6061,No,2,,NA,1,Created
1606,2011-01-01,1606,Male,58,1953-12-30,0.00603,Married,328,,2027-06-13,No,,,Flexible contract,28600.0,95063,No,1,,NA,1,Created
18397,2012-01-04,1606,Male,59,1953-12-30,0.00603,Widowed,328,,2027-06-13,No,,,Flexible contract,28600.0,95063,No,1,,NA,1,Life event: Widowed
1607,2011-01-01,1607,Female,64,1947-03-17,0.00713,Married,326,,2067-06-15,Yes,,,Permanent contract,16210.0,491250,Yes,3,,NA,1,Created
17076,2011-03-17,1607,Female,65,1947-03-17,0.00713,Married,326,,2067-06-15,Yes,,,Retired,11347.0,491250,Yes,3,,NA,1,Life event: Retired
1608,2011-01-01,1608,Female,8,2003-06-18,2.9999999999999997e-05,Single,0,,,No,,,Child,0.0,0,No,0,32.0,2035-05-22,1,Created
1609,2011-01-01,1609,Female,33,1978-12-30,0.00035,Single,0,,,No,,,Entrepreneur without personnel,41235.0,3894,Yes,0,33.0,2011-09-12,1,Created
1610,2011-01-01,1610,Male,83,1928-05-15,0.08242999999999999,Married,329,,2019-03-14,No,,,Retired,25810.0,9965,Yes,1,,NA,1,Created
1611,2011-01-01,1611,Male,47,1964-02-19,0.00186,Married,330,,2023-07-26,Yes,,,Flexible contract,78596.0,11574,Yes,1,,NA,1,Created
1612,2011-01-01,1612,Female,17,1994-07-19,0.0001,Single,0,,,Yes,27.0,2021-01-27,Child,0.0,0,Yes,0,38.0,2032-12-22,1,Created
17675,2011-07-19,1612,Female,18,1994-07-19,0.0001,Single,0,,,No,,,Flexible contract,31397.0,-66,Yes,0,38,2032-12-22,1,Life event: Adulthood
1613,2011-01-01,1613,Male,64,1947-08-12,0.01097,Widowed,0,,,Yes,,,Permanent contract,77559.0,433945,Yes,0,,NA,1,Created
17783,2011-08-12,1613,Male,65,1947-08-12,0.01097,Widowed,0,,,Yes,,,Retired,54291.299999999996,433945,Yes,0,,NA,1,Life event: Retired
1614,2011-01-01,1614,Male,31,1980-02-11,0.00041,Married,331,,2016-07-03,No,,,Permanent contract,6888.0,-12913,Yes,2,,NA,1,Created
1615,2011-01-01,1615,Female,70,1941-04-09,0.01252,Divorced,0,,,No,,,Retired,20704.0,272943,Yes,0,,NA,1,Created
1616,2011-01-01,1616,Male,33,1978-03-24,0.00047999999999999996,Married,332,,2020-05-09,No,,,Permanent contract,14398.0,74496,Yes,3,,NA,1,Created
1617,2011-01-01,1617,Male,64,1947-06-20,0.01097,Married,333,,2050-05-21,Yes,,,Permanent contract,28407.0,892,No,1,,NA,1,Created
17536,2011-06-20,1617,Male,65,1947-06-20,0.01097,Married,333,,2050-05-21,Yes,,,Retired,19884.899999999998,892,No,1,,NA,1,Life event: Retired
1618,2011-01-01,1618,Male,66,1945-11-30,0.01401,Married,334,,2038-12-06,No,,,Flexible contract,35563.0,566319,Yes,2,,NA,1,Created
18234,2011-11-30,1618,Male,67,1945-11-30,0.01401,Married,334,,2038-12-06,No,,,Retired,24894.1,566319,Yes,2,,NA,1,Life event: Retired
1619,2011-01-01,1619,Male,13,1998-12-03,0.00014,Single,0,,,Yes,44.0,2042-04-28,Child,0.0,0,No,0,,NA,1,Created
1620,2011-01-01,1620,Female,61,1950-05-08,0.00562,Married,327,,2064-08-22,No,,,Permanent contract,35787.0,173303,Yes,1,,NA,1,Created
1621,2011-01-01,1621,Female,26,1985-03-20,1.0,Married,328,,2027-06-13,No,,,Permanent contract,20723.0,363953,No,1,,NA,1,Created
18396,2012-01-04,1621,Female,27,1985-03-20,1.0,Married,328,,2027-06-13,No,,,Permanent contract,20723.0,363953,No,1,,NA,0,Life event: Deceased
1622,2011-01-01,1622,Male,24,1987-11-29,0.00047999999999999996,Single,0,,,Yes,53.0,2040-01-12,Permanent contract,1518.0,91529,Yes,0,,NA,1,Created
1623,2011-01-01,1623,Male,64,1947-09-22,0.01097,Married,335,,2050-10-22,Yes,,,Permanent contract,17384.0,35783,Yes,2,,NA,1,Created
17963,2011-09-22,1623,Male,65,1947-09-22,0.01097,Married,335,,2050-10-22,Yes,,,Retired,12168.8,35783,Yes,2,,NA,1,Life event: Retired
1624,2011-01-01,1624,Female,16,1995-05-07,8e-05,Single,0,,,No,,,Child,0.0,0,Yes,0,37.0,2032-03-23,1,Created
18727,2012-05-07,1624,Female,18,1995-05-07,8e-05,Single,0,,,Yes,24,2018-05-18,Flexible contract,16903.0,200830,Yes,0,37,2032-03-23,1,Life event: Adulthood
1625,2011-01-01,1625,Female,59,1952-02-16,0.00479,Married,329,,2019-03-14,Yes,,,Permanent contract,10311.0,360477,Yes,1,,NA,1,Created
1626,2011-01-01,1626,Female,98,1913-09-05,0.27366999999999997,Single,0,,,No,,,Retired,25469.0,92,No,0,,NA,1,Created
1627,2011-01-01,1627,Male,20,1991-04-05,0.00045,Single,0,,,No,,,Permanent contract,95424.0,12880,No,0,,NA,1,Created
1628,2011-01-01,1628,Male,38,1973-08-14,0.0009599999999999999,Single,0,,,Yes,57.0,2030-02-17,Permanent contract,13481.0,149968,No,0,,NA,1,Created
1629,2011-01-01,1629,Male,47,1964-07-11,0.00186,Married,336,,2050-02-03,Yes,,,Permanent contract,14081.0,664,No,1,,NA,1,Created
1630,2011-01-01,1630,Female,89,1922-09-24,0.11775999999999999,Widowed,0,,,Yes,,,Retired,65.0,9303,Yes,0,,NA,1,Created
1631,2011-01-01,1631,Female,32,1979-09-10,0.00041,Married,330,,2023-07-26,Yes,,,Unemployed,44089.0,11531,Yes,1,,NA,1,Created
1632,2011-01-01,1632,Female,28,1983-10-01,0.00025,Single,0,,,Yes,22.0,,Permanent contract,25634.0,-24853,No,0,31.0,2014-05-29,1,Created
1633,2011-01-01,1633,Female,27,1984-05-25,0.00025,Single,0,,,No,,,Flexible contract,22349.0,-12712,Yes,0,,NA,1,Created
1634,2011-01-01,1634,Female,69,1942-02-19,0.0108,Married,331,,2016-07-03,No,,,Retired,8480.0,-14847,Yes,2,,NA,1,Created
1635,2011-01-01,1635,Female,57,1954-08-19,0.00387,Married,332,,2020-05-09,No,,,Permanent contract,24624.0,65787,Yes,3,,NA,1,Created
1636,2011-01-01,1636,Female,6,2005-02-27,8e-05,Single,0,,,Yes,27.0,2032-09-01,Child,0.0,0,Yes,0,30.0,2035-07-13,1,Created
1637,2011-01-01,1637,Female,65,1946-05-10,0.007559999999999999,Divorced,0,,,No,,,Entrepreneur without personnel,6240.0,47903,No,0,,NA,1,Created
17338,2011-05-10,1637,Female,66,1946-05-10,0.007559999999999999,Divorced,0,,,No,,,Retired,4368.0,47903,No,0,,NA,1,Life event: Retired
1638,2011-01-01,1638,Male,32,1979-01-04,0.00059,Married,337,,2030-07-01,No,,,Permanent contract,10849.0,459749,Yes,1,,NA,1,Created
1639,2011-01-01,1639,Male,54,1957-06-15,0.00404,Married,338,,2013-01-28,No,,,Permanent contract,940.0,694,No,1,,NA,1,Created
1640,2011-01-01,1640,Male,3,2008-10-09,0.0002,Single,0,,,No,,,Child,0.0,0,No,0,,NA,1,Created
1641,2011-01-01,1641,Male,32,1979-08-03,0.00059,Single,0,,,No,,,Permanent contract,24047.0,3484,Yes,0,,NA,1,Created
1642,2011-01-01,1642,Male,26,1985-09-01,1.0,Single,0,,,Yes,43.0,2028-10-09,Permanent contract,35243.0,-48309,No,0,,NA,1,Created
17181,2011-04-06,1642,Male,26,1985-09-01,1.0,Single,0,,,Yes,43,2028-10-09,Permanent contract,35243.0,-48309,No,0,,NA,0,Life event: Deceased
1643,2011-01-01,1643,Female,101,1910-06-21,1.0,Widowed,0,,,No,,,Retired,32877.0,94911,Yes,0,,NA,1,Created
18978,2012-08-01,1643,Female,103,1910-06-21,1.0,Widowed,0,,,No,,,Retired,32877.0,94911,Yes,0,,NA,0,Life event: Deceased
1644,2011-01-01,1644,Female,48,1963-11-09,0.0018800000000000002,Divorced,0,,,Yes,,,Permanent contract,51647.0,16835,Yes,0,,NA,1,Created
1645,2011-01-01,1645,Female,2,2009-03-08,0.00015,Single,0,,,No,,,Child,0.0,0,Yes,0,24.0,2033-02-23,1,Created
1646,2011-01-01,1646,Male,12,1999-01-09,0.00011,Single,0,,,No,,,Child,0.0,0,No,0,,NA,1,Created
1647,2011-01-01,1647,Female,6,2005-06-08,8e-05,Single,0,,,No,,,Child,0.0,0,No,0,35.0,2040-11-05,1,Created
1648,2011-01-01,1648,Male,48,1963-03-06,0.0021100000000000003,Married,339,,2019-08-18,No,,,Entrepreneur without personnel,19419.0,-40997,No,2,,NA,1,Created
1649,2011-01-01,1649,Male,24,1987-12-24,0.00047999999999999996,Single,0,,,No,,,Permanent contract,42377.0,554777,Yes,0,,NA,1,Created
1650,2011-01-01,1650,Female,3,2008-10-23,0.00013000000000000002,Single,0,,,No,,,Child,0.0,0,No,0,42.0,2050-02-13,1,Created
1651,2011-01-01,1651,Female,29,1982-10-26,0.00032,Single,0,,,Yes,24.0,,Permanent contract,10552.0,765329,No,0,,NA,1,Created
1652,2011-01-01,1652,Male,26,1985-08-31,1.0,Single,0,,,Yes,35.0,2020-10-28,Flexible contract,14515.0,355131,No,0,,NA,1,Created
16678,2011-01-05,1652,Male,26,1985-08-31,1.0,Single,0,,,Yes,35,2020-10-28,Flexible contract,14515.0,355131,No,0,,NA,0,Life event: Deceased
1653,2011-01-01,1653,Male,20,1991-01-18,0.00045,Single,0,,,No,,,Entrepreneur without personnel,23935.0,-34795,Yes,0,,NA,1,Created
1654,2011-01-01,1654,Female,58,1953-09-23,0.00448,Married,333,,2050-05-21,Yes,,,Permanent contract,23328.0,38563,No,1,,NA,1,Created
1655,2011-01-01,1655,Male,73,1938-01-30,0.0262,Widowed,0,,,Yes,,,Retired,6190.0,2295,No,0,,NA,1,Created
1656,2011-01-01,1656,Male,31,1980-09-13,0.00041,Single,0,,,Yes,15.0,,Permanent contract,3553.0,13804,No,0,,NA,1,Created
1657,2011-01-01,1657,Male,1,2010-10-22,0.00056,Single,0,,,Yes,65.0,2075-02-28,Child,0.0,0,No,0,,NA,1,Created
1658,2011-01-01,1658,Male,23,1988-03-19,0.00039,Single,0,,,No,,,Flexible contract,89095.0,-12497,No,0,,NA,1,Created
1659,2011-01-01,1659,Female,65,1946-02-28,0.007559999999999999,Married,334,,2038-12-06,Yes,,,Permanent contract,33698.0,46384,Yes,2,,NA,1,Created
16992,2011-02-28,1659,Female,66,1946-02-28,0.007559999999999999,Married,334,,2038-12-06,Yes,,,Retired,23588.6,46384,Yes,2,,NA,1,Life event: Retired
1660,2011-01-01,1660,Male,57,1954-07-12,0.00572,Married,340,,2034-02-06,No,,,Permanent contract,44151.0,4306,Yes,2,,NA,1,Created
1661,2011-01-01,1661,Male,52,1959-08-20,0.00314,Married,341,,2063-05-12,No,,,Permanent contract,74055.0,148898,No,1,,NA,1,Created
1662,2011-01-01,1662,Female,75,1936-10-26,0.01986,Married,335,,2050-10-22,No,,,Retired,32712.0,485161,Yes,2,,NA,1,Created
1663,2011-01-01,1663,Male,51,1960-08-21,0.00301,Divorced,0,,,Yes,,,Permanent contract,4262.0,66100,No,0,,NA,1,Created
1664,2011-01-01,1664,Male,13,1998-02-04,0.00014,Single,0,,,Yes,57.0,2055-01-06,Child,0.0,0,Yes,0,,NA,1,Created
1665,2011-01-01,1665,Male,23,1988-09-15,0.00039,Single,0,,,No,,,Unemployed,69199.0,7972,No,0,,NA,1,Created
1666,2011-01-01,1666,Male,51,1960-03-16,0.00301,Married,342,,2050-11-10,No,,,Permanent contract,38624.0,66754,No,1,,NA,1,Created
1667,2011-01-01,1667,Female,36,1975-09-03,0.00049,Married,336,,2050-02-03,Yes,,,Permanent contract,11455.0,49443,No,1,36.0,2011-01-24,1,Created
16795,2011-01-24,1667,Female,36,1975-09-03,0.00049,Married,336,,2050-02-03,Yes,,,Permanent contract,11455.0,49443,No,1,36,2011-01-24,1,Life event: Children born
1668,2011-01-01,1668,Female,23,1988-01-21,0.0001,Single,0,,,No,,,Flexible contract,23952.0,5655,No,0,33.0,2021-11-04,1,Created
1669,2011-01-01,1669,Male,36,1975-08-28,0.0006,Married,343,,2022-07-27,No,,,Permanent contract,17755.0,-10156,Yes,2,,NA,1,Created
1670,2011-01-01,1670,Female,17,1994-02-19,0.0001,Single,0,,,No,,,Child,0.0,0,No,0,29.0,2023-11-24,1,Created
16935,2011-02-19,1670,Female,18,1994-02-19,0.0001,Single,0,,,No,,,Permanent contract,84819.0,-14320,No,0,29,2023-11-24,1,Life event: Adulthood
1671,2011-01-01,1671,Male,6,2005-08-10,5.9999999999999995e-05,Single,0,,,No,,,Child,0.0,0,Yes,0,,NA,1,Created
1672,2011-01-01,1672,Female,8,2003-06-28,2.9999999999999997e-05,Single,0,,,Yes,35.0,2038-07-05,Child,0.0,0,Yes,0,32.0,2035-10-20,1,Created
1673,2011-01-01,1673,Male,79,1932-11-21,0.05364,Married,344,,2020-05-01,Yes,,,Retired,16860.0,564,No,3,,NA,1,Created
1674,2011-01-01,1674,Female,73,1938-07-01,0.01577,Widowed,0,,,Yes,,,Retired,13392.0,330,No,0,,NA,1,Created
1675,2011-01-01,1675,Male,27,1984-05-14,0.00044,Single,0,,,Yes,45.0,2029-10-20,Flexible contract,48335.0,-48564,No,0,,NA,1,Created
1676,2011-01-01,1676,Male,11,2000-08-16,9e-05,Single,0,,,Yes,60.0,2060-11-06,Child,0.0,0,Yes,0,,NA,1,Created
1677,2011-01-01,1677,Female,77,1934-05-10,0.0259,Widowed,0,,,No,,,Retired,13967.0,443826,Yes,0,,NA,1,Created
17972,2011-09-25,1677,Female,78,1934-05-10,0.0259,Widowed,0,,,No,,,Retired,13967.0,443826,Yes,0,,NA,0,Life event: Deceased
1678,2011-01-01,1678,Female,4,2007-02-14,5.9999999999999995e-05,Single,0,,,Yes,35.0,2042-12-24,Child,0.0,0,Yes,0,34.0,2041-10-22,1,Created
1679,2011-01-01,1679,Male,16,1995-10-01,0.00029,Single,0,,,Yes,28.0,2023-10-19,Child,0.0,0,No,0,,NA,1,Created
19135,2012-10-01,1679,Male,18,1995-10-01,0.00029,Single,0,,,No,,,Permanent contract,92446.0,-47120,No,0,,NA,1,Life event: Adulthood
1680,2011-01-01,1680,Female,40,1971-09-22,0.0006900000000000001,Single,0,,,Yes,21.0,,Permanent contract,3981.0,29647,Yes,0,,NA,1,Created
1681,2011-01-01,1681,Female,50,1961-09-17,0.00225,Married,337,,2030-07-01,No,,,Flexible contract,40692.0,275395,Yes,1,,NA,1,Created
1682,2011-01-01,1682,Male,32,1979-01-22,0.00059,Single,0,,,No,,,Permanent contract,6798.0,955729,No,0,,NA,1,Created
1683,2011-01-01,1683,Male,26,1985-08-23,1.0,Single,0,,,No,,,Permanent contract,17628.0,182850,Yes,0,,NA,1,Created
16674,2011-01-04,1683,Male,26,1985-08-23,1.0,Single,0,,,No,,,Permanent contract,17628.0,182850,Yes,0,,NA,0,Life event: Deceased
1684,2011-01-01,1684,Female,56,1955-12-20,0.0041,Divorced,0,,,Yes,,,Permanent contract,14774.0,15972,No,0,,NA,1,Created
1685,2011-01-01,1685,Male,39,1972-09-06,0.0008699999999999999,Married,345,,2036-12-22,Yes,,,Permanent contract,50663.0,38540,Yes,2,,NA,1,Created
1686,2011-01-01,1686,Female,48,1963-04-23,0.0018800000000000002,Single,0,,,No,,,Permanent contract,15673.0,3047,No,0,,NA,1,Created
1687,2011-01-01,1687,Male,24,1987-08-08,0.00047999999999999996,Single,0,,,No,,,Flexible contract,55351.0,3263,Yes,0,,NA,1,Created
1688,2011-01-01,1688,Male,54,1957-07-02,0.00404,Widowed,0,,,No,,,Permanent contract,31204.0,42326,No,0,,NA,1,Created
1689,2011-01-01,1689,Female,52,1959-12-02,0.00268,Married,338,,2013-01-28,No,,,Flexible contract,11207.0,402942,No,1,,NA,1,Created
1690,2011-01-01,1690,Female,50,1961-07-24,0.00225,Married,339,,2019-08-18,Yes,,,Unemployed,124393.0,989030,No,2,,NA,1,Created
1691,2011-01-01,1691,Female,19,1992-02-18,0.00014,Single,0,,,No,,,Permanent contract,14676.0,163843,Yes,0,26.0,2018-09-27,1,Created
1692,2011-01-01,1692,Male,12,1999-01-03,0.00011,Single,0,,,No,,,Child,0.0,0,No,0,,NA,1,Created
1693,2011-01-01,1693,Male,65,1946-05-16,0.01141,Married,346,,2032-06-07,Yes,,,Flexible contract,9266.0,105301,Yes,2,,NA,1,Created
17362,2011-05-16,1693,Male,66,1946-05-16,0.01141,Married,346,,2032-06-07,Yes,,,Retired,6486.2,105301,Yes,2,,NA,1,Life event: Retired
1694,2011-01-01,1694,Male,46,1965-06-30,0.00172,Divorced,0,,,Yes,,,Permanent contract,32154.0,903781,No,0,,NA,1,Created
1695,2011-01-01,1695,Female,18,1993-09-13,0.00023999999999999998,Single,0,,,Yes,30.0,2023-01-16,Entrepreneur without personnel,4719.0,250611,Yes,0,29.0,2022-09-26,1,Created
1696,2011-01-01,1696,Male,56,1955-01-26,0.0052,Married,347,,2047-12-08,Yes,,,Permanent contract,42543.0,-47065,Yes,2,,NA,1,Created
1697,2011-01-01,1697,Male,45,1966-02-03,0.0014199999999999998,Married,348,,2073-08-04,Yes,,,Flexible contract,15283.0,173070,Yes,1,,NA,1,Created
1698,2011-01-01,1698,Female,91,1920-07-27,0.14715,Widowed,0,,,Yes,,,Retired,74240.0,-22928,No,0,,NA,1,Created
1699,2011-01-01,1699,Male,3,2008-10-03,0.0002,Single,0,,,No,,,Child,0.0,0,Yes,0,,NA,1,Created
1700,2011-01-01,1700,Female,44,1967-05-04,0.00107,Married,340,,2034-02-06,Yes,,,Flexible contract,8359.0,113547,Yes,2,,NA,1,Created
1701,2011-01-01,1701,Male,32,1979-04-02,0.00059,Married,349,,2043-06-11,No,,,Permanent contract,25395.0,-10619,Yes,1,,NA,1,Created
1702,2011-01-01,1702,Male,51,1960-03-12,0.00301,Married,350,,2053-11-14,No,,,Permanent contract,4918.0,-15751,Yes,2,,NA,1,Created
1703,2011-01-01,1703,Male,56,1955-02-11,0.0052,Single,0,,,No,,,Flexible contract,16469.0,-22891,Yes,0,,NA,1,Created
1704,2011-01-01,1704,Male,71,1940-05-25,0.02034,Married,351,,2032-01-09,No,,,Retired,88586.0,29912,No,3,,NA,1,Created
1705,2011-01-01,1705,Male,69,1942-11-13,0.01804,Widowed,0,,,No,,,Retired,28470.0,-5409,Yes,0,,NA,1,Created
1706,2011-01-01,1706,Male,27,1984-08-31,0.00044,Single,0,,,Yes,50.0,2034-09-04,Permanent contract,33199.0,61402,No,0,,NA,1,Created
1707,2011-01-01,1707,Female,35,1976-06-11,0.00033999999999999997,Married,341,,2063-05-12,Yes,,,Permanent contract,9179.0,107238,No,1,,NA,1,Created
1708,2011-01-01,1708,Female,91,1920-03-04,0.14715,Widowed,0,,,Yes,,,Retired,12845.0,79582,No,0,,NA,1,Created
1709,2011-01-01,1709,Female,79,1932-09-01,0.03112,Married,342,,2050-11-10,Yes,,,Retired,20592.0,325541,No,1,,NA,1,Created
1710,2011-01-01,1710,Male,19,1992-06-14,0.00033,Single,0,,,No,,,Permanent contract,29071.0,92228,No,0,,NA,1,Created
1711,2011-01-01,1711,Female,79,1932-01-07,0.03112,Married,343,,2022-07-27,Yes,,,Retired,27236.0,31965,Yes,2,,NA,1,Created
1712,2011-01-01,1712,Male,26,1985-09-11,1.0,Single,0,,,No,,,Permanent contract,21659.0,-12275,Yes,0,,NA,1,Created
18700,2012-04-28,1712,Male,27,1985-09-11,1.0,Single,0,,,No,,,Permanent contract,21659.0,-12275,Yes,0,,NA,0,Life event: Deceased
1713,2011-01-01,1713,Male,16,1995-10-06,0.00029,Single,0,,,Yes,46.0,2041-07-27,Child,0.0,0,No,0,,NA,1,Created
19143,2012-10-06,1713,Male,18,1995-10-06,0.00029,Single,0,,,No,,,Permanent contract,28019.0,3798,No,0,,NA,1,Life event: Adulthood
1714,2011-01-01,1714,Male,14,1997-02-12,0.00014,Single,0,,,No,,,Child,0.0,0,Yes,0,,NA,1,Created
1715,2011-01-01,1715,Male,69,1942-03-05,0.01804,Married,352,,2038-05-02,No,,,Retired,2276.0,4402,Yes,1,,NA,1,Created
1716,2011-01-01,1716,Female,7,2004-01-29,7e-05,Single,0,,,No,,,Child,0.0,0,Yes,0,31.0,2035-12-29,1,Created
1717,2011-01-01,1717,Male,56,1955-11-04,0.0052,Married,353,,2055-05-07,No,,,Entrepreneur with personel,73561.0,2439077,Yes,2,,NA,1,Created
1718,2011-01-01,1718,Female,65,1946-11-28,0.007559999999999999,Married,344,,2020-05-01,Yes,,,Permanent contract,41319.0,656492,No,3,,NA,1,Created
18227,2011-11-28,1718,Female,66,1946-11-28,0.007559999999999999,Married,344,,2020-05-01,Yes,,,Retired,28923.3,656492,No,3,,NA,1,Life event: Retired
1719,2011-01-01,1719,Female,37,1974-01-07,0.00057,Married,345,,2036-12-22,Yes,,,Flexible contract,3377.0,-46758,Yes,2,,NA,1,Created
1720,2011-01-01,1720,Male,3,2008-02-08,0.0002,Single,0,,,No,,,Child,0.0,0,Yes,0,,NA,1,Created
1721,2011-01-01,1721,Female,22,1989-02-25,0.00023999999999999998,Single,0,,,Yes,35.0,2024-07-25,Permanent contract,2473.0,117305,Yes,0,33.0,2022-08-20,1,Created
1722,2011-01-01,1722,Male,33,1978-08-13,0.00047999999999999996,Married,354,,2044-08-19,No,,,Permanent contract,78872.0,4596,Yes,1,,NA,1,Created
1723,2011-01-01,1723,Male,34,1977-03-21,0.00067,Single,0,,,Yes,28.0,,Entrepreneur without personnel,40400.0,2146,Yes,0,,NA,1,Created
1724,2011-01-01,1724,Male,1,2010-12-03,0.00056,Single,0,,,No,,,Child,0.0,0,Yes,0,,NA,1,Created
1725,2011-01-01,1725,Male,2,2009-08-23,0.00021,Single,0,,,No,,,Child,0.0,0,No,0,,NA,1,Created
1726,2011-01-01,1726,Female,80,1931-12-27,0.03682,Widowed,0,,,No,,,Retired,48406.0,267541,No,0,,NA,1,Created
1727,2011-01-01,1727,Female,15,1996-10-05,8e-05,Single,0,,,No,,,Child,0.0,0,Yes,0,31.0,2027-04-12,1,Created
1728,2011-01-01,1728,Female,3,2008-03-03,0.00013000000000000002,Single,0,,,Yes,33.0,2041-10-13,Child,0.0,0,No,0,39.0,2047-02-18,1,Created
1729,2011-01-01,1729,Male,14,1997-09-19,0.00014,Single,0,,,No,,,Child,0.0,0,No,0,,NA,1,Created
1730,2011-01-01,1730,Female,68,1943-10-20,0.00983,Single,0,,,No,,,Retired,33890.0,-11017,No,0,,NA,1,Created
1731,2011-01-01,1731,Male,35,1976-06-26,0.00055,Single,0,,,Yes,29.0,,Family business,12738.0,416421,Yes,0,,NA,1,Created
1732,2011-01-01,1732,Female,4,2007-02-03,5.9999999999999995e-05,Single,0,,,Yes,22.0,2029-08-02,Child,0.0,0,No,0,25.0,2032-04-09,1,Created
1733,2011-01-01,1733,Female,17,1994-05-16,0.0001,Single,0,,,Yes,31.0,2025-07-29,Child,0.0,0,No,0,33.0,2027-12-20,1,Created
17363,2011-05-16,1733,Female,18,1994-05-16,0.0001,Single,0,,,No,,,Permanent contract,933.0,197230,No,0,33,2027-12-20,1,Life event: Adulthood
1734,2011-01-01,1734,Female,38,1973-12-05,0.00063,Divorced,0,,,No,,,Entrepreneur without personnel,24918.0,238082,No,0,,NA,1,Created
1735,2011-01-01,1735,Male,67,1944-04-18,0.01396,Married,355,,2023-10-27,Yes,,,Permanent contract,12992.0,215728,No,2,,NA,1,Created
17229,2011-04-18,1735,Male,68,1944-04-18,0.01396,Married,355,,2023-10-27,Yes,,,Retired,9094.4,215728,No,2,,NA,1,Life event: Retired
1736,2011-01-01,1736,Male,40,1971-01-01,0.0009400000000000001,Married,356,,2037-02-08,No,,,Flexible contract,34170.0,1233,Yes,1,,NA,1,Created
1737,2011-01-01,1737,Female,58,1953-09-17,0.00448,Married,346,,2032-06-07,Yes,,,Permanent contract,10375.0,93356,Yes,2,,NA,1,Created
1738,2011-01-01,1738,Female,47,1964-08-06,0.00168,Divorced,0,,,Yes,,,Permanent contract,26258.0,420299,Yes,0,,NA,1,Created
1739,2011-01-01,1739,Female,54,1957-01-07,0.00313,Single,0,,,No,,,Permanent contract,21038.0,403,Yes,0,,NA,1,Created
1740,2011-01-01,1740,Female,64,1947-07-22,0.00713,Married,347,,2047-12-08,Yes,,,Permanent contract,12212.0,112632,Yes,2,,NA,1,Created
17688,2011-07-22,1740,Female,65,1947-07-22,0.00713,Married,347,,2047-12-08,Yes,,,Retired,8548.4,112632,Yes,2,,NA,1,Life event: Retired
1741,2011-01-01,1741,Female,6,2005-11-17,8e-05,Single,0,,,Yes,33.0,2038-07-14,Child,0.0,0,No,0,30.0,2035-06-18,1,Created
1742,2011-01-01,1742,Male,23,1988-05-12,0.00039,Single,0,,,No,,,Entrepreneur without personnel,29188.0,-32966,Yes,0,,NA,1,Created
1743,2011-01-01,1743,Male,74,1937-07-31,0.0295,Married,357,,2044-07-27,Yes,,,Retired,32213.0,181151,Yes,2,,NA,1,Created
18342,2011-12-23,1743,Male,75,1937-07-31,0.0295,Married,357,,2044-07-27,Yes,,,Retired,32213.0,181151,Yes,2,,NA,0,Life event: Deceased
1744,2011-01-01,1744,Male,63,1948-01-09,0.00945,Married,358,,2018-09-07,No,,,Permanent contract,1207.0,154967,No,2,,NA,1,Created
18409,2012-01-09,1744,Male,65,1948-01-09,0.00945,Married,358,,2018-09-07,No,,,Retired,844.9,154967,No,2,,NA,1,Life event: Retired
1745,2011-01-01,1745,Male,54,1957-03-12,0.00404,Married,359,,2060-05-09,No,,,Permanent contract,19616.0,3828,No,3,,NA,1,Created
18862,2012-06-20,1745,Male,56,1957-03-12,0.00404,Married,359,,2060-05-09,No,,,Permanent contract,19616.0,3828,No,3,,NA,0,Life event: Deceased
1746,2011-01-01,1746,Male,28,1983-05-23,0.00045,Single,0,,,Yes,38.0,2021-07-19,Permanent contract,43550.0,-2405,No,0,,NA,1,Created
1747,2011-01-01,1747,Male,7,2004-07-24,9e-05,Single,0,,,No,,,Child,0.0,0,Yes,0,,NA,1,Created
1748,2011-01-01,1748,Female,40,1971-12-04,0.0006900000000000001,Married,348,,2073-08-04,No,,,Flexible contract,38192.0,531755,Yes,1,,NA,1,Created
1749,2011-01-01,1749,Female,61,1950-12-17,0.00562,Married,349,,2043-06-11,Yes,,,Permanent contract,919.0,285219,Yes,1,,NA,1,Created
1750,2011-01-01,1750,Male,52,1959-02-11,0.00314,Single,0,,,No,,,Flexible contract,13854.0,-4202,No,0,,NA,1,Created
1751,2011-01-01,1751,Female,59,1952-10-23,0.00479,Married,350,,2053-11-14,Yes,,,Flexible contract,28033.0,3142,Yes,2,,NA,1,Created
1752,2011-01-01,1752,Female,29,1982-07-11,0.00032,Married,351,,2032-01-09,Yes,,,Permanent contract,47228.0,402798,No,3,36.0,2018-03-06,1,Created
1753,2011-01-01,1753,Male,24,1987-07-26,0.00047999999999999996,Married,360,,2040-09-12,No,,,Permanent contract,8345.0,119,No,2,,NA,1,Created
1754,2011-01-01,1754,Female,2,2009-08-05,0.00015,Single,0,,,No,,,Child,0.0,0,No,0,32.0,2041-04-27,1,Created
1755,2011-01-01,1755,Male,54,1957-08-05,0.00404,Single,0,,,No,,,Flexible contract,10858.0,173846,Yes,0,,NA,1,Created
1756,2011-01-01,1756,Female,30,1981-09-01,0.00027,Married,352,,2038-05-02,No,,,Permanent contract,96780.0,759814,Yes,1,,NA,1,Created
1757,2011-01-01,1757,Female,44,1967-05-03,0.00107,Married,353,,2055-05-07,No,,,Entrepreneur without personnel,75212.0,375461,Yes,2,,NA,1,Created
1758,2011-01-01,1758,Female,44,1967-07-20,0.00107,Single,0,,,Yes,21.0,,Permanent contract,19540.0,41199,No,0,,NA,1,Created
1759,2011-01-01,1759,Female,63,1948-08-17,0.00672,Married,354,,2044-08-19,No,,,Permanent contract,81440.0,17051,Yes,1,,NA,1,Created
19017,2012-08-17,1759,Female,65,1948-08-17,0.00672,Married,354,,2044-08-19,No,,,Retired,57008.0,17051,Yes,1,,NA,1,Life event: Retired
1760,2011-01-01,1760,Female,51,1960-01-14,0.0023899999999999998,Married,355,,2023-10-27,No,,,Permanent contract,17693.0,417,No,2,,NA,1,Created
1761,2011-01-01,1761,Male,10,2001-03-03,0.00011999999999999999,Single,0,,,Yes,34.0,2035-02-22,Child,0.0,0,Yes,0,,NA,1,Created
1762,2011-01-01,1762,Male,31,1980-09-07,0.00041,Single,0,,,Yes,44.0,2024-01-26,Entrepreneur without personnel,3387.0,44770,Yes,0,,NA,1,Created
1763,2011-01-01,1763,Female,6,2005-09-10,8e-05,Single,0,,,No,,,Child,0.0,0,No,0,26.0,2031-01-13,1,Created
1764,2011-01-01,1764,Male,12,1999-09-25,0.00011,Single,0,,,No,,,Child,0.0,0,No,0,,NA,1,Created
1765,2011-01-01,1765,Male,54,1957-08-14,0.00404,Married,361,,2015-06-08,Yes,,,Flexible contract,50474.0,295,No,1,,NA,1,Created
1766,2011-01-01,1766,Male,12,1999-08-28,0.00011,Single,0,,,Yes,30.0,2029-07-13,Child,0.0,0,Yes,0,,NA,1,Created
1767,2011-01-01,1767,Female,60,1951-03-14,0.00541,Married,356,,2037-02-08,Yes,,,Permanent contract,28849.0,42,Yes,1,,NA,1,Created
1768,2011-01-01,1768,Female,103,1908-05-19,1.0,Widowed,0,,,Yes,,,Retired,39646.0,293527,Yes,0,,NA,1,Created
16783,2011-01-23,1768,Female,103,1908-05-19,1.0,Widowed,0,,,Yes,,,Retired,39646.0,293527,Yes,0,,NA,0,Life event: Deceased
1769,2011-01-01,1769,Male,45,1966-02-04,0.0014199999999999998,Married,362,,2032-04-04,No,,,Permanent contract,31027.0,60733,Yes,1,,NA,1,Created
1770,2011-01-01,1770,Male,2,2009-02-03,0.00021,Single,0,,,Yes,79.0,2088-07-04,Child,0.0,0,No,0,,NA,1,Created
1771,2011-01-01,1771,Male,11,2000-12-10,9e-05,Single,0,,,No,,,Child,0.0,0,Yes,0,,NA,1,Created
1772,2011-01-01,1772,Male,71,1940-01-03,0.02034,Divorced,0,,,Yes,,,Retired,458.0,-43082,No,0,,NA,1,Created
1773,2011-01-01,1773,Male,25,1986-12-16,0.00033999999999999997,Single,0,,,No,,,Permanent contract,94077.0,-25022,No,0,,NA,1,Created
1774,2011-01-01,1774,Male,10,2001-12-10,0.00011999999999999999,Single,0,,,No,,,Child,0.0,0,Yes,0,,NA,1,Created
1775,2011-01-01,1775,Female,42,1969-06-15,0.001,Married,357,,2044-07-27,No,,,Permanent contract,4306.0,542,Yes,2,,NA,1,Created
18343,2011-12-23,1775,Female,43,1969-06-15,0.001,Widowed,357,,2044-07-27,No,,,Permanent contract,4306.0,542,Yes,2,,NA,1,Life event: Widowed
1776,2011-01-01,1776,Female,65,1946-08-26,0.007559999999999999,Divorced,0,,,No,,,Permanent contract,5726.0,-10249,Yes,0,,NA,1,Created
17856,2011-08-26,1776,Female,66,1946-08-26,0.007559999999999999,Divorced,0,,,No,,,Retired,4008.2,-10249,Yes,0,,NA,1,Life event: Retired
1777,2011-01-01,1777,Male,93,1918-11-15,0.22959000000000002,Widowed,0,,,Yes,,,Retired,61974.0,167049,Yes,0,,NA,1,Created
17507,2011-06-14,1777,Male,93,1918-11-15,0.22959000000000002,Widowed,0,,,Yes,,,Retired,61974.0,167049,Yes,0,,NA,0,Life event: Deceased
1778,2011-01-01,1778,Female,47,1964-04-26,0.00168,Married,358,,2018-09-07,No,,,Permanent contract,10626.0,-16024,No,2,,NA,1,Created
1779,2011-01-01,1779,Female,5,2006-01-29,4e-05,Single,0,,,Yes,32.0,2038-06-15,Child,0.0,0,No,0,34.0,2040-08-11,1,Created
1780,2011-01-01,1780,Male,73,1938-05-22,0.0262,Married,363,,2070-06-02,No,,,Retired,52870.0,140879,Yes,3,,NA,1,Created
1781,2011-01-01,1781,Male,65,1946-10-09,0.01141,Married,364,,2038-10-28,No,,,Permanent contract,25455.0,44902,Yes,1,,NA,1,Created
18029,2011-10-09,1781,Male,66,1946-10-09,0.01141,Married,364,,2038-10-28,No,,,Retired,17818.5,44902,Yes,1,,NA,1,Life event: Retired
1782,2011-01-01,1782,Female,50,1961-05-31,0.00225,Married,359,,2060-05-09,No,,,Permanent contract,490.0,8492,No,3,,NA,1,Created
18863,2012-06-20,1782,Female,52,1961-05-31,0.00225,Widowed,359,,2060-05-09,No,,,Permanent contract,490.0,8492,No,3,,NA,1,Life event: Widowed
1783,2011-01-01,1783,Male,50,1961-12-09,0.00257,Married,365,,2041-09-25,No,,,Entrepreneur without personnel,33345.0,1931,Yes,2,,NA,1,Created
1784,2011-01-01,1784,Male,14,1997-04-03,0.00014,Single,0,,,No,,,Child,0.0,0,Yes,0,,NA,1,Created
1785,2011-01-01,1785,Female,47,1964-06-23,0.00168,Married,360,,2040-09-12,Yes,,,Unemployed,37267.0,-22542,No,2,,NA,1,Created
1786,2011-01-01,1786,Female,68,1943-08-01,0.00983,Married,361,,2015-06-08,Yes,,,Retired,32730.0,977,No,1,,NA,1,Created
1787,2011-01-01,1787,Female,25,1986-03-20,0.00022999999999999998,Single,0,,,Yes,46.0,2032-12-16,Permanent contract,41621.0,29990,No,0,36.0,2022-03-11,1,Created
1788,2011-01-01,1788,Female,60,1951-03-20,0.00541,Single,0,,,Yes,34.0,,Permanent contract,381.0,397820,No,0,,NA,1,Created
1789,2011-01-01,1789,Male,33,1978-05-27,0.00047999999999999996,Single,0,,,Yes,49.0,2027-07-22,Permanent contract,24358.0,1754,Yes,0,,NA,1,Created
1790,2011-01-01,1790,Male,105,1906-04-02,1.0,Widowed,0,,,Yes,,,Retired,84913.0,42911,Yes,0,,NA,1,Created
1791,2011-01-01,1791,Female,7,2004-07-28,7e-05,Single,0,,,No,,,Child,0.0,0,Yes,0,32.0,2036-08-16,1,Created
1792,2011-01-01,1792,Male,18,1993-12-25,0.00032,Single,0,,,Yes,23.0,2016-01-19,Entrepreneur with personel,8027.0,4591,No,0,,NA,1,Created
1793,2011-01-01,1793,Male,25,1986-12-06,0.00033999999999999997,Married,366,,2028-11-01,Yes,,,Permanent contract,28996.0,43433,Yes,2,,NA,1,Created
1794,2011-01-01,1794,Male,48,1963-05-24,0.0021100000000000003,Married,367,,2051-11-08,Yes,,,Entrepreneur without personnel,94278.0,79477,Yes,2,,NA,1,Created
1795,2011-01-01,1795,Female,44,1967-11-19,0.00107,Married,362,,2032-04-04,Yes,,,Flexible contract,40355.0,-1190,Yes,1,,NA,1,Created
1796,2011-01-01,1796,Female,43,1968-08-19,0.0009699999999999999,Married,363,,2070-06-02,No,,,Permanent contract,42144.0,202524,Yes,3,,NA,1,Created
1797,2011-01-01,1797,Male,24,1987-01-18,0.00047999999999999996,Single,0,,,Yes,55.0,2042-03-27,Permanent contract,15924.0,523,Yes,0,,NA,1,Created
1798,2011-01-01,1798,Male,74,1937-11-09,0.0295,Widowed,0,,,No,,,Retired,13601.0,4918134,No,0,,NA,1,Created
1799,2011-01-01,1799,Female,55,1956-05-05,0.00372,Single,0,,,No,,,Permanent contract,10519.0,-4241,Yes,0,,NA,1,Created
1800,2011-01-01,1800,Male,33,1978-02-02,0.00047999999999999996,Single,0,,,No,,,Permanent contract,13093.0,-27925,No,0,,NA,1,Created
1801,2011-01-01,1801,Female,44,1967-07-25,0.00107,Married,364,,2038-10-28,No,,,Unemployed,29895.0,224525,Yes,1,,NA,1,Created
1802,2011-01-01,1802,Female,76,1935-10-23,0.02337,Married,365,,2041-09-25,Yes,,,Retired,124347.0,12340,Yes,2,,NA,1,Created
1803,2011-01-01,1803,Female,76,1935-03-27,0.02337,Married,366,,2028-11-01,No,,,Retired,18807.0,56308,Yes,2,,NA,1,Created
1804,2011-01-01,1804,Male,37,1974-05-05,0.00082,Married,368,,2057-12-23,Yes,,,Flexible contract,41898.0,-54,No,1,,NA,1,Created
1805,2011-01-01,1805,Female,24,1987-01-08,0.00018999999999999998,Single,0,,,Yes,44.0,2031-07-13,Permanent contract,88642.0,334043,No,0,31.0,2018-11-23,1,Created
1806,2011-01-01,1806,Male,20,1991-02-12,0.00045,Single,0,,,Yes,27.0,2018-10-01,Permanent contract,32068.0,4854,Yes,0,,NA,1,Created
1807,2011-01-01,1807,Male,11,2000-10-10,9e-05,Single,0,,,Yes,49.0,2049-11-30,Child,0.0,0,No,0,,NA,1,Created
1808,2011-01-01,1808,Male,56,1955-05-16,0.0052,Married,369,,2056-06-17,Yes,,,Permanent contract,48396.0,-1487,Yes,2,,NA,1,Created
1809,2011-01-01,1809,Female,9,2002-05-09,2.9999999999999997e-05,Single,0,,,No,,,Child,0.0,0,Yes,0,34.0,2036-01-31,1,Created
1810,2011-01-01,1810,Female,21,1990-12-26,0.00016,Single,0,,,No,,,Permanent contract,41625.0,4145964,No,0,32.0,2022-06-11,1,Created
1811,2011-01-01,1811,Female,59,1952-11-28,0.00479,Married,367,,2051-11-08,Yes,,,Entrepreneur with personel,18612.0,3077,Yes,2,,NA,1,Created
1812,2011-01-01,1812,Male,100,1911-10-21,1.0,Widowed,0,,,Yes,,,Retired,10651.0,-24014,Yes,0,,NA,1,Created
17702,2011-07-25,1812,Male,100,1911-10-21,1.0,Widowed,0,,,Yes,,,Retired,10651.0,-24014,Yes,0,,NA,0,Life event: Deceased
1813,2011-01-01,1813,Male,86,1925-02-28,0.1126,Married,370,,2031-04-12,Yes,,,Retired,15994.0,139678,Yes,1,,NA,1,Created
18542,2012-02-23,1813,Male,87,1925-02-28,0.1126,Married,370,,2031-04-12,Yes,,,Retired,15994.0,139678,Yes,1,,NA,0,Life event: Deceased
1814,2011-01-01,1814,Male,42,1969-02-26,0.00128,Married,371,,2028-03-13,Yes,,,Entrepreneur without personnel,13123.0,26489,No,1,,NA,1,Created
1815,2011-01-01,1815,Male,35,1976-06-05,0.00055,Married,372,,2048-10-23,No,,,Permanent contract,6680.0,19430,Yes,2,,NA,1,Created
1816,2011-01-01,1816,Male,95,1916-02-19,0.25144,Single,0,,,Yes,37.0,,Retired,31801.0,152243,No,0,,NA,1,Created
16710,2011-01-10,1816,Male,95,1916-02-19,0.25144,Single,0,,,Yes,37,,Retired,31801.0,152243,No,0,,NA,0,Life event: Deceased
1817,2011-01-01,1817,Female,0,2011-07-02,0.0028899999999999998,Single,0,,,No,,,Child,0.0,0,Yes,0,25.0,2036-01-14,1,Created
1818,2011-01-01,1818,Male,31,1980-10-26,0.00041,Single,0,,,Yes,35.0,2015-10-21,Permanent contract,22268.0,-19195,Yes,0,,NA,1,Created
1819,2011-01-01,1819,Male,1,2010-10-02,0.00056,Single,0,,,No,,,Child,0.0,0,No,0,,NA,1,Created
1820,2011-01-01,1820,Female,4,2007-08-01,5.9999999999999995e-05,Single,0,,,Yes,53.0,2060-05-01,Child,0.0,0,No,0,30.0,2037-11-13,1,Created
1821,2011-01-01,1821,Female,50,1961-07-31,0.00225,Married,368,,2057-12-23,Yes,,,Permanent contract,8215.0,4059,No,1,,NA,1,Created
1822,2011-01-01,1822,Male,71,1940-07-09,0.02034,Married,373,,2054-10-18,Yes,,,Retired,44193.0,577192,No,3,,NA,1,Created
1823,2011-01-01,1823,Female,7,2004-02-29,7e-05,Single,0,,,No,,,Child,0.0,0,Yes,0,34.0,2038-12-06,1,Created
1824,2011-01-01,1824,Female,43,1968-02-12,0.0009699999999999999,Married,369,,2056-06-17,Yes,,,Permanent contract,6930.0,319041,Yes,2,,NA,1,Created
1825,2011-01-01,1825,Male,20,1991-09-08,0.00045,Single,0,,,Yes,65.0,2056-06-20,Permanent contract,38017.0,351773,No,0,,NA,1,Created
1826,2011-01-01,1826,Male,63,1948-10-08,0.00945,Married,374,,2034-03-07,Yes,,,Permanent contract,24762.0,115005,No,1,,NA,1,Created
19147,2012-10-08,1826,Male,65,1948-10-08,0.00945,Married,374,,2034-03-07,Yes,,,Retired,17333.399999999998,115005,No,1,,NA,1,Life event: Retired
1827,2011-01-01,1827,Male,39,1972-02-06,0.0008699999999999999,Single,0,,,No,,,Entrepreneur with personel,28315.0,28546,Yes,0,,NA,1,Created
1828,2011-01-01,1828,Female,42,1969-11-07,0.001,Single,0,,,Yes,38.0,,Permanent contract,160250.0,149144,No,0,,NA,1,Created
1829,2011-01-01,1829,Male,34,1977-03-15,0.00067,Single,0,,,No,,,Permanent contract,221965.0,53624,Yes,0,,NA,1,Created
1830,2011-01-01,1830,Female,68,1943-12-01,0.00983,Divorced,0,,,No,,,Retired,19421.0,-32073,No,0,,NA,1,Created
1831,2011-01-01,1831,Female,29,1982-06-18,0.00032,Single,0,,,No,,,Permanent contract,52173.0,933512,Yes,0,35.0,2017-06-25,1,Created
1832,2011-01-01,1832,Male,56,1955-11-24,0.0052,Single,0,,,No,,,Flexible contract,26186.0,-8826,No,0,,NA,1,Created
1833,2011-01-01,1833,Male,53,1958-04-08,0.0033299999999999996,Married,375,,2028-04-26,No,,,Entrepreneur without personnel,33663.0,427,No,1,,NA,1,Created
1834,2011-01-01,1834,Female,50,1961-04-22,0.00225,Married,370,,2031-04-12,No,,,Permanent contract,39878.0,68246,Yes,1,,NA,1,Created
18543,2012-02-23,1834,Female,51,1961-04-22,0.00225,Widowed,370,,2031-04-12,No,,,Permanent contract,39878.0,68246,Yes,1,,NA,1,Life event: Widowed
1835,2011-01-01,1835,Male,45,1966-04-16,0.0014199999999999998,Married,376,,2067-09-22,Yes,,,Entrepreneur without personnel,25602.0,98174,Yes,1,,NA,1,Created
1836,2011-01-01,1836,Female,60,1951-11-24,0.00541,Married,371,,2028-03-13,No,,,Permanent contract,31788.0,14439,No,1,,NA,1,Created
1837,2011-01-01,1837,Female,19,1992-08-28,0.00014,Single,0,,,No,,,Permanent contract,46812.0,349851,No,0,28.0,2020-05-16,1,Created
1838,2011-01-01,1838,Female,54,1957-07-05,0.00313,Married,372,,2048-10-23,Yes,,,Permanent contract,87116.0,84251,Yes,2,,NA,1,Created
1839,2011-01-01,1839,Female,7,2004-11-24,7e-05,Single,0,,,Yes,33.0,2037-04-17,Child,0.0,0,Yes,0,33.0,2037-05-05,1,Created
1840,2011-01-01,1840,Female,43,1968-08-06,0.0009699999999999999,Divorced,0,,,No,,,Permanent contract,20629.0,278282,No,0,,NA,1,Created
1841,2011-01-01,1841,Female,24,1987-03-29,0.00018999999999999998,Single,0,,,No,,,Entrepreneur without personnel,3208.0,861,No,0,26.0,2013-06-29,1,Created
1842,2011-01-01,1842,Male,71,1940-08-11,0.02034,Married,377,,2025-02-11,Yes,,,Retired,6155.0,7907,Yes,1,,NA,1,Created
1843,2011-01-01,1843,Male,33,1978-09-01,0.00047999999999999996,Married,378,,2054-03-08,Yes,,,Permanent contract,10676.0,34417,Yes,2,,NA,1,Created
1844,2011-01-01,1844,Male,27,1984-10-07,0.00044,Single,0,,,Yes,38.0,2022-04-28,Permanent contract,52358.0,75603,No,0,,NA,1,Created
1845,2011-01-01,1845,Female,43,1968-03-03,0.0009699999999999999,Divorced,0,,,No,,,Permanent contract,54257.0,16887,Yes,0,,NA,1,Created
1846,2011-01-01,1846,Female,58,1953-03-26,0.00448,Married,373,,2054-10-18,No,,,Permanent contract,6498.0,329719,No,3,,NA,1,Created
1847,2011-01-01,1847,Male,65,1946-12-03,0.01141,Married,379,,2043-04-21,No,,,Permanent contract,20216.0,19096,No,1,,NA,1,Created
18254,2011-12-03,1847,Male,66,1946-12-03,0.01141,Married,379,,2043-04-21,No,,,Retired,14151.199999999999,19096,No,1,,NA,1,Life event: Retired
1848,2011-01-01,1848,Female,8,2003-06-21,2.9999999999999997e-05,Single,0,,,Yes,22.0,2025-05-04,Child,0.0,0,Yes,0,32.0,2035-01-25,1,Created
1849,2011-01-01,1849,Female,51,1960-06-19,0.0023899999999999998,Divorced,0,,,No,,,Permanent contract,38491.0,49795,Yes,0,,NA,1,Created
1850,2011-01-01,1850,Female,1,2010-01-01,0.00033999999999999997,Single,0,,,Yes,22.0,2032-06-25,Child,0.0,0,No,0,33.0,2043-06-24,1,Created
1851,2011-01-01,1851,Female,0,2011-05-27,0.0028899999999999998,Single,0,,,Yes,28.0,2039-02-25,Child,0.0,0,No,0,32.0,2043-10-11,1,Created
1852,2011-01-01,1852,Female,67,1944-02-20,0.00974,Married,374,,2034-03-07,No,,,Permanent contract,36708.0,49226,No,1,,NA,1,Created
16940,2011-02-20,1852,Female,68,1944-02-20,0.00974,Married,374,,2034-03-07,No,,,Retired,25695.6,49226,No,1,,NA,1,Life event: Retired
1853,2011-01-01,1853,Male,20,1991-07-19,0.00045,Single,0,,,Yes,32.0,2023-09-05,Flexible contract,5855.0,32333,Yes,0,,NA,1,Created
1854,2011-01-01,1854,Male,7,2004-08-23,9e-05,Single,0,,,No,,,Child,0.0,0,Yes,0,,NA,1,Created
1855,2011-01-01,1855,Female,49,1962-12-31,0.00193,Single,0,,,No,,,Permanent contract,168865.0,92054,No,0,,NA,1,Created
1856,2011-01-01,1856,Male,15,1996-02-21,0.00015,Single,0,,,No,,,Child,0.0,0,Yes,0,,NA,1,Created
1857,2011-01-01,1857,Female,25,1986-09-21,0.00022999999999999998,Single,0,,,Yes,39.0,2025-10-15,Flexible contract,39424.0,291588,Yes,0,40.0,2026-03-01,1,Created
1858,2011-01-01,1858,Female,62,1949-05-13,0.0057399999999999994,Divorced,0,,,No,,,Permanent contract,12283.0,232305,Yes,0,,NA,1,Created
1859,2011-01-01,1859,Male,62,1949-02-17,0.008409999999999999,Widowed,0,,,No,,,Permanent contract,25695.0,64297,Yes,0,,NA,1,Created
1860,2011-01-01,1860,Female,58,1953-10-14,0.00448,Married,375,,2028-04-26,Yes,,,Permanent contract,9591.0,461475,No,1,,NA,1,Created
1861,2011-01-01,1861,Female,45,1966-11-12,0.00134,Married,376,,2067-09-22,Yes,,,Permanent contract,47924.0,373651,Yes,1,,NA,1,Created
1862,2011-01-01,1862,Female,39,1972-10-31,0.00074,Single,0,,,No,,,Permanent contract,55396.0,51894,No,0,,NA,1,Created
1863,2011-01-01,1863,Female,41,1970-03-24,0.0007700000000000001,Married,377,,2025-02-11,No,,,Permanent contract,42179.0,-263,Yes,1,,NA,1,Created
1864,2011-01-01,1864,Female,60,1951-05-07,0.00541,Married,378,,2054-03-08,Yes,,,Entrepreneur without personnel,18114.0,-44798,Yes,2,,NA,1,Created
1865,2011-01-01,1865,Male,41,1970-02-04,0.0008900000000000001,Married,380,,2032-08-29,Yes,,,Permanent contract,47275.0,3660,Yes,3,,NA,1,Created
1866,2011-01-01,1866,Female,46,1965-09-11,0.00134,Married,379,,2043-04-21,No,,,Entrepreneur without personnel,7093.0,-1770,No,1,,NA,1,Created
1867,2011-01-01,1867,Female,51,1960-11-27,0.0023899999999999998,Married,380,,2032-08-29,No,,,Permanent contract,24509.0,243523,Yes,3,,NA,1,Created
1868,2011-01-01,1868,Male,58,1953-05-19,0.00603,Married,381,,2027-01-06,Yes,,,Flexible contract,23520.0,381,Yes,1,,NA,1,Created
1869,2011-01-01,1869,Male,78,1933-03-19,0.04668,Widowed,0,,,No,,,Retired,63531.0,878784,Yes,0,,NA,1,Created
1870,2011-01-01,1870,Female,50,1961-01-15,0.00225,Married,381,,2027-01-06,No,,,Permanent contract,17547.0,3405,Yes,1,,NA,1,Created
1871,2011-01-01,1871,Female,44,1967-07-23,0.00107,Divorced,0,,,No,,,Permanent contract,7720.0,-2712,Yes,0,,NA,1,Created
1872,2011-01-01,1872,Female,7,2004-09-01,7e-05,Single,0,,,No,,,Child,0.0,0,Yes,0,29.0,2033-07-27,1,Created
1873,2011-01-01,1873,Male,75,1936-10-03,0.033710000000000004,Widowed,0,,,Yes,,,Retired,16652.0,1476,Yes,0,,NA,1,Created
1874,2011-01-01,1874,Female,32,1979-10-12,0.00041,Divorced,0,,,No,,,Permanent contract,7255.0,930,Yes,0,38.0,2017-09-11,1,Created
1875,2011-01-01,1875,Female,6,2005-01-14,8e-05,Single,0,,,Yes,35.0,2040-03-17,Child,0.0,0,Yes,0,35.0,2040-01-04,1,Created
1876,2011-01-01,1876,Male,87,1924-12-10,0.12537,Widowed,0,,,Yes,,,Retired,66073.0,187532,Yes,0,,NA,1,Created
19047,2012-08-30,1876,Male,88,1924-12-10,0.12537,Widowed,0,,,Yes,,,Retired,66073.0,187532,Yes,0,,NA,0,Life event: Deceased
1877,2011-01-01,1877,Female,25,1986-07-26,0.00022999999999999998,Single,0,,,No,,,Permanent contract,982.0,4341,Yes,0,36.0,2022-08-18,1,Created
1878,2011-01-01,1878,Male,77,1934-12-17,0.0418,Married,382,,2049-08-31,No,,,Retired,92389.0,12521,Yes,2,,NA,1,Created
1879,2011-01-01,1879,Female,46,1965-12-03,0.00134,Married,382,,2049-08-31,Yes,,,Permanent contract,1201.0,143434,Yes,2,,NA,1,Created
1880,2011-01-01,1880,Male,74,1937-06-12,0.0295,Widowed,0,,,No,,,Retired,85066.0,392820,Yes,0,,NA,1,Created
1881,2011-01-01,1881,Female,34,1977-04-23,0.00037,Single,0,,,Yes,14.0,,Permanent contract,32804.0,634792,Yes,0,36.0,2013-09-26,1,Created
1882,2011-01-01,1882,Male,46,1965-03-13,0.00172,Married,383,,2049-12-19,No,,,Permanent contract,32937.0,58823,Yes,2,,NA,1,Created
1883,2011-01-01,1883,Female,9,2002-02-22,2.9999999999999997e-05,Single,0,,,No,,,Child,0.0,0,No,0,31.0,2033-05-20,1,Created
1884,2011-01-01,1884,Male,5,2006-04-16,9e-05,Single,0,,,Yes,36.0,2042-10-02,Child,0.0,0,No,0,,NA,1,Created
1885,2011-01-01,1885,Female,56,1955-09-16,0.0041,Married,383,,2049-12-19,No,,,Flexible contract,19643.0,-22756,Yes,2,,NA,1,Created
1886,2011-01-01,1886,Female,83,1928-01-03,0.057,Widowed,0,,,Yes,,,Retired,47963.0,13326,Yes,0,,NA,1,Created
1887,2011-01-01,1887,Female,1,2010-05-10,0.00033999999999999997,Single,0,,,Yes,27.0,2037-07-03,Child,0.0,0,Yes,0,24.0,2034-05-23,1,Created
1888,2011-01-01,1888,Female,8,2003-12-23,2.9999999999999997e-05,Single,0,,,Yes,32.0,2035-11-14,Child,0.0,0,No,0,23.0,2026-03-22,1,Created
1889,2011-01-01,1889,Male,17,1994-09-21,0.00022999999999999998,Single,0,,,No,,,Child,0.0,0,No,0,,NA,1,Created
17957,2011-09-21,1889,Male,18,1994-09-21,0.00022999999999999998,Single,0,,,No,,,Permanent contract,24806.0,979882,No,0,,NA,1,Life event: Adulthood
1890,2011-01-01,1890,Male,35,1976-08-31,0.00055,Married,384,,2067-02-19,Yes,,,Permanent contract,34466.0,-47701,Yes,1,,NA,1,Created
1891,2011-01-01,1891,Female,30,1981-01-01,0.00027,Single,0,,,Yes,30.0,2011-07-13,Unemployed,46646.0,344,Yes,0,38.0,2019-06-02,1,Created
17643,2011-07-13,1891,Female,31,1981-01-01,0.00027,Married,3445,4,2015-09-17,Yes,30,2011-07-13,Unemployed,46646.0,344,Yes,0,38,2019-06-02,1,Life event: Married
1892,2011-01-01,1892,Male,45,1966-05-13,0.0014199999999999998,Married,385,,2025-11-10,No,,,Entrepreneur without personnel,1283.0,13099,No,1,,NA,1,Created
1893,2011-01-01,1893,Female,32,1979-10-17,0.00041,Single,0,,,No,,,Permanent contract,32477.0,15706,No,0,,NA,1,Created
1894,2011-01-01,1894,Female,8,2003-02-26,2.9999999999999997e-05,Single,0,,,No,,,Child,0.0,0,Yes,0,29.0,2032-11-12,1,Created
1895,2011-01-01,1895,Female,79,1932-08-07,0.03112,Widowed,0,,,Yes,,,Retired,33230.0,147906,No,0,,NA,1,Created
1896,2011-01-01,1896,Male,104,1907-12-30,1.0,Single,0,,,No,,,Retired,7666.0,215887,No,0,,NA,1,Created
18392,2012-01-02,1896,Male,105,1907-12-30,1.0,Single,0,,,No,,,Retired,7666.0,215887,No,0,,NA,0,Life event: Deceased
1897,2011-01-01,1897,Male,42,1969-05-04,0.00128,Married,386,,2018-11-12,Yes,,,Permanent contract,185053.0,4388,Yes,1,,NA,1,Created
1898,2011-01-01,1898,Male,54,1957-09-05,0.00404,Divorced,0,,,No,,,Permanent contract,13085.0,490883,Yes,0,,NA,1,Created
1899,2011-01-01,1899,Male,13,1998-02-03,0.00014,Single,0,,,No,,,Child,0.0,0,Yes,0,,NA,1,Created
1900,2011-01-01,1900,Female,18,1993-02-05,0.00023999999999999998,Single,0,,,No,,,Unemployed,26263.0,2611,No,0,36.0,2029-12-05,1,Created
1901,2011-01-01,1901,Male,73,1938-12-12,0.0262,Married,387,,2059-03-29,No,,,Retired,86.0,-123,Yes,1,,NA,1,Created
1902,2011-01-01,1902,Male,2,2009-10-21,0.00021,Single,0,,,No,,,Child,0.0,0,Yes,0,,NA,1,Created
1903,2011-01-01,1903,Female,12,1999-02-21,5e-05,Single,0,,,Yes,21.0,2020-05-07,Child,0.0,0,Yes,0,30.0,2029-11-07,1,Created
1904,2011-01-01,1904,Male,8,2003-06-26,9e-05,Single,0,,,Yes,94.0,2097-02-21,Child,0.0,0,No,0,,NA,1,Created
1905,2011-01-01,1905,Female,9,2002-12-22,2.9999999999999997e-05,Single,0,,,No,,,Child,0.0,0,No,0,29.0,2031-03-22,1,Created
1906,2011-01-01,1906,Male,20,1991-02-05,0.00045,Single,0,,,No,,,Permanent contract,4022.0,465,No,0,,NA,1,Created
1907,2011-01-01,1907,Male,16,1995-10-26,0.00029,Single,0,,,No,,,Child,0.0,0,No,0,,NA,1,Created
19191,2012-10-26,1907,Male,18,1995-10-26,0.00029,Single,0,,,No,,,Permanent contract,1477.0,464824,No,0,,NA,1,Life event: Adulthood
1908,2011-01-01,1908,Female,51,1960-06-25,0.0023899999999999998,Married,384,,2067-02-19,Yes,,,Unemployed,38647.0,52248,Yes,1,,NA,1,Created
1909,2011-01-01,1909,Male,49,1962-08-08,0.00242,Single,0,,,No,,,Permanent contract,56321.0,8328,Yes,0,,NA,1,Created
1910,2011-01-01,1910,Male,40,1971-12-08,0.0009400000000000001,Single,0,,,No,,,Permanent contract,25101.0,-35464,No,0,,NA,1,Created
1911,2011-01-01,1911,Female,31,1980-10-15,0.00029,Single,0,,,No,,,Permanent contract,90770.0,349443,No,0,35.0,2015-03-29,1,Created
1912,2011-01-01,1912,Male,58,1953-08-16,0.00603,Married,388,,2056-11-20,No,,,Flexible contract,162185.0,19961,No,2,,NA,1,Created
1913,2011-01-01,1913,Female,16,1995-04-21,8e-05,Single,0,,,No,,,Child,0.0,0,No,0,34.0,2029-11-14,1,Created
18686,2012-04-21,1913,Female,18,1995-04-21,8e-05,Single,0,,,Yes,34,2028-02-28,Permanent contract,2803.0,-1166,No,0,34,2029-11-14,1,Life event: Adulthood
1914,2011-01-01,1914,Male,11,2000-08-04,9e-05,Single,0,,,Yes,33.0,2033-07-17,Child,0.0,0,No,0,,NA,1,Created
1915,2011-01-01,1915,Male,6,2005-11-01,5.9999999999999995e-05,Single,0,,,No,,,Child,0.0,0,Yes,0,,NA,1,Created
1916,2011-01-01,1916,Male,14,1997-02-01,0.00014,Single,0,,,No,,,Child,0.0,0,Yes,0,,NA,1,Created
1917,2011-01-01,1917,Female,61,1950-10-22,0.00562,Divorced,0,,,Yes,,,Permanent contract,40309.0,780091,No,0,,NA,1,Created
1918,2011-01-01,1918,Female,54,1957-10-13,0.00313,Married,385,,2025-11-10,Yes,,,Permanent contract,11525.0,4732,No,1,,NA,1,Created
1919,2011-01-01,1919,Female,44,1967-03-23,0.00107,Married,386,,2018-11-12,Yes,,,Permanent contract,28513.0,127231,Yes,1,,NA,1,Created
1920,2011-01-01,1920,Male,0,2011-01-18,0.0036200000000000004,Single,0,,,Yes,42.0,2053-01-24,Child,0.0,0,Yes,0,,NA,1,Created
1921,2011-01-01,1921,Male,60,1951-06-09,0.006840000000000001,Married,389,,2027-08-02,Yes,,,Unemployed,28338.0,282354,No,1,,NA,1,Created
1922,2011-01-01,1922,Male,47,1964-07-16,0.00186,Married,390,,2032-06-18,No,,,Permanent contract,29902.0,-3304,No,2,,NA,1,Created
1923,2011-01-01,1923,Male,10,2001-01-22,0.00011999999999999999,Single,0,,,No,,,Child,0.0,0,No,0,,NA,1,Created
1924,2011-01-01,1924,Male,80,1931-07-25,0.05987000000000001,Widowed,0,,,No,,,Retired,16760.0,-33483,No,0,,NA,1,Created
1925,2011-01-01,1925,Female,25,1986-07-03,0.00022999999999999998,Single,0,,,No,,,Entrepreneur with personel,94718.0,37,Yes,0,28.0,2014-05-21,1,Created
1926,2011-01-01,1926,Female,40,1971-07-15,0.0006900000000000001,Married,387,,2059-03-29,No,,,Permanent contract,48650.0,785,Yes,1,,NA,1,Created
1927,2011-01-01,1927,Male,43,1968-11-25,0.00103,Married,391,,2016-03-30,No,,,Permanent contract,13011.0,39161,Yes,1,,NA,1,Created
1928,2011-01-01,1928,Male,22,1989-03-02,0.00041,Single,0,,,No,,,Entrepreneur without personnel,24878.0,307030,No,0,,NA,1,Created
1929,2011-01-01,1929,Male,53,1958-07-30,0.0033299999999999996,Married,392,,2048-10-13,Yes,,,Flexible contract,35986.0,-49820,Yes,2,,NA,1,Created
1930,2011-01-01,1930,Female,26,1985-02-19,1.0,Single,0,,,No,,,Family business,18825.0,220180,Yes,0,33.0,2018-06-06,1,Created
1931,2011-01-01,1931,Male,12,1999-10-15,0.00011,Single,0,,,No,,,Child,0.0,0,No,0,,NA,1,Created
1932,2011-01-01,1932,Male,14,1997-05-03,0.00014,Single,0,,,Yes,23.0,2020-09-07,Child,0.0,0,No,0,,NA,1,Created
1933,2011-01-01,1933,Female,55,1956-12-09,0.00372,Married,388,,2056-11-20,No,,,Unemployed,32503.0,-18635,No,2,,NA,1,Created
1934,2011-01-01,1934,Female,4,2007-04-03,5.9999999999999995e-05,Single,0,,,No,,,Child,0.0,0,No,0,31.0,2038-03-23,1,Created
1935,2011-01-01,1935,Female,17,1994-10-09,0.0001,Single,0,,,No,,,Child,0.0,0,No,0,24.0,2018-03-26,1,Created
18030,2011-10-09,1935,Female,18,1994-10-09,0.0001,Single,0,,,Yes,46,2039-10-08,Permanent contract,29756.0,67019,No,0,24,2018-03-26,1,Life event: Adulthood
1936,2011-01-01,1936,Male,50,1961-09-11,0.00257,Divorced,0,,,No,,,Permanent contract,112735.0,125112,No,0,,NA,1,Created
1937,2011-01-01,1937,Female,98,1913-08-10,0.27366999999999997,Widowed,0,,,Yes,,,Retired,12194.0,4081,Yes,0,,NA,1,Created
18537,2012-02-21,1937,Female,99,1913-08-10,0.27366999999999997,Widowed,0,,,Yes,,,Retired,12194.0,4081,Yes,0,,NA,0,Life event: Deceased
1938,2011-01-01,1938,Male,99,1912-11-17,0.39916999999999997,Widowed,0,,,No,,,Retired,29165.0,897,Yes,0,,NA,1,Created
17915,2011-09-12,1938,Male,99,1912-11-17,0.39916999999999997,Widowed,0,,,No,,,Retired,29165.0,897,Yes,0,,NA,0,Life event: Deceased
1939,2011-01-01,1939,Female,22,1989-11-21,0.00023999999999999998,Single,0,,,No,,,Permanent contract,28319.0,7328,Yes,0,32.0,2021-03-15,1,Created
1940,2011-01-01,1940,Male,40,1971-06-08,0.0009400000000000001,Divorced,0,,,No,,,Permanent contract,40053.0,5860,No,0,,NA,1,Created
1941,2011-01-01,1941,Male,53,1958-08-08,0.0033299999999999996,Married,393,,2050-08-07,No,,,Permanent contract,3342.0,438562,Yes,1,,NA,1,Created
19116,2012-09-21,1941,Male,55,1958-08-08,0.0033299999999999996,Married,393,,2050-08-07,No,,,Permanent contract,3342.0,438562,Yes,1,,NA,0,Life event: Deceased
1942,2011-01-01,1942,Male,77,1934-07-15,0.0418,Widowed,0,,,Yes,,,Retired,2016.0,99216,Yes,0,,NA,1,Created
1943,2011-01-01,1943,Female,40,1971-02-08,0.0006900000000000001,Married,389,,2027-08-02,Yes,,,Entrepreneur without personnel,37122.0,264632,No,1,,NA,1,Created
1944,2011-01-01,1944,Male,96,1915-07-06,0.30168,Widowed,0,,,No,,,Retired,33363.0,150255,Yes,0,,NA,1,Created
19307,2012-12-12,1944,Male,98,1915-07-06,0.30168,Widowed,0,,,No,,,Retired,33363.0,150255,Yes,0,,NA,0,Life event: Deceased
1945,2011-01-01,1945,Female,12,1999-02-22,5e-05,Single,0,,,No,,,Child,0.0,0,Yes,0,31.0,2030-01-28,1,Created
1946,2011-01-01,1946,Female,8,2003-07-03,2.9999999999999997e-05,Single,0,,,Yes,43.0,2046-03-15,Child,0.0,0,No,0,39.0,2042-05-17,1,Created
1947,2011-01-01,1947,Female,24,1987-02-05,0.00018999999999999998,Single,0,,,Yes,29.0,2016-10-08,Entrepreneur with personel,20349.0,121616,Yes,0,33.0,2020-11-06,1,Created
1948,2011-01-01,1948,Male,54,1957-01-24,0.00404,Divorced,0,,,Yes,,,Permanent contract,40967.0,67668,No,0,,NA,1,Created
1949,2011-01-01,1949,Female,45,1966-06-09,0.00134,Single,0,,,Yes,26.0,,Permanent contract,66328.0,753,No,0,,NA,1,Created
1950,2011-01-01,1950,Male,5,2006-04-12,9e-05,Single,0,,,No,,,Child,0.0,0,No,0,,NA,1,Created
1951,2011-01-01,1951,Female,30,1981-09-11,0.00027,Single,0,,,No,,,Permanent contract,25784.0,-29939,No,0,30.0,2011-03-29,1,Created
1952,2011-01-01,1952,Female,8,2003-03-22,2.9999999999999997e-05,Single,0,,,No,,,Child,0.0,0,Yes,0,24.0,2027-08-10,1,Created
1953,2011-01-01,1953,Male,31,1980-05-16,0.00041,Single,0,,,Yes,60.0,2040-10-18,Entrepreneur without personnel,20959.0,619,Yes,0,,NA,1,Created
1954,2011-01-01,1954,Female,44,1967-05-22,0.00107,Single,0,,,No,,,Flexible contract,35356.0,-4773,No,0,,NA,1,Created
1955,2011-01-01,1955,Female,50,1961-05-26,0.00225,Married,390,,2032-06-18,Yes,,,Flexible contract,39986.0,175285,No,2,,NA,1,Created
1956,2011-01-01,1956,Male,80,1931-05-04,0.05987000000000001,Married,394,,2031-05-29,No,,,Retired,877.0,700718,No,1,,NA,1,Created
1957,2011-01-01,1957,Female,40,1971-03-02,0.0006900000000000001,Single,0,,,Yes,40.0,2011-01-23,Permanent contract,16363.0,81721,Yes,0,,NA,1,Created
16784,2011-01-23,1957,Female,40,1971-03-02,0.0006900000000000001,Married,3421,42,2053-11-18,Yes,40,2011-01-23,Permanent contract,16363.0,81721,Yes,0,,NA,1,Life event: Married
1958,2011-01-01,1958,Male,4,2007-11-10,0.00011,Single,0,,,No,,,Child,0.0,0,Yes,0,,NA,1,Created
1959,2011-01-01,1959,Male,45,1966-10-11,0.0014199999999999998,Married,395,,2022-05-14,Yes,,,Permanent contract,3083.0,1701,Yes,2,,NA,1,Created
1960,2011-01-01,1960,Female,39,1972-07-02,0.00074,Married,391,,2016-03-30,Yes,,,Permanent contract,22040.0,-2683,Yes,1,,NA,1,Created
1961,2011-01-01,1961,Female,61,1950-08-26,0.00562,Divorced,0,,,Yes,,,Permanent contract,13326.0,-42346,Yes,0,,NA,1,Created
1962,2011-01-01,1962,Female,68,1943-07-06,0.00983,Divorced,0,,,Yes,,,Retired,18332.0,-46049,No,0,,NA,1,Created
1963,2011-01-01,1963,Male,43,1968-08-19,0.00103,Married,396,,2072-04-28,Yes,,,Flexible contract,795.0,255067,No,1,,NA,1,Created
1964,2011-01-01,1964,Male,40,1971-04-25,0.0009400000000000001,Married,397,,2017-03-09,Yes,,,Permanent contract,14190.0,17467,Yes,1,,NA,1,Created
17098,2011-03-21,1964,Male,40,1971-04-25,0.0009400000000000001,Widowed,397,,2017-03-09,Yes,,,Permanent contract,14190.0,17467,Yes,1,,NA,1,Life event: Widowed
1965,2011-01-01,1965,Male,65,1946-04-05,0.01141,Married,398,,2051-09-03,Yes,,,Permanent contract,39861.0,156,Yes,1,,NA,1,Created
17175,2011-04-05,1965,Male,66,1946-04-05,0.01141,Married,398,,2051-09-03,Yes,,,Retired,27902.699999999997,156,Yes,1,,NA,1,Life event: Retired
1966,2011-01-01,1966,Female,20,1991-07-27,0.00018,Single,0,,,Yes,46.0,2037-12-12,Flexible contract,41353.0,157118,Yes,0,30.0,2021-05-07,1,Created
1967,2011-01-01,1967,Male,36,1975-12-29,0.0006,Married,399,,2029-06-05,No,,,Permanent contract,7291.0,77049,Yes,3,,NA,1,Created
1968,2011-01-01,1968,Female,6,2005-10-02,8e-05,Single,0,,,No,,,Child,0.0,0,No,0,26.0,2031-12-23,1,Created
1969,2011-01-01,1969,Male,22,1989-06-07,0.00041,Married,400,,2020-02-07,Yes,,,Permanent contract,45933.0,48111,No,2,,NA,1,Created
1970,2011-01-01,1970,Female,78,1933-03-14,0.02817,Married,392,,2048-10-13,Yes,,,Retired,18557.0,137144,Yes,2,,NA,1,Created
1971,2011-01-01,1971,Male,17,1994-01-14,0.00022999999999999998,Single,0,,,Yes,26.0,2020-09-20,Child,0.0,0,Yes,0,,NA,1,Created
16737,2011-01-14,1971,Male,18,1994-01-14,0.00022999999999999998,Single,0,,,No,,,Permanent contract,35886.0,-47642,Yes,0,,NA,1,Life event: Adulthood
19337,2012-12-20,1971,Male,19,1994-01-14,0.00022999999999999998,Single,0,,,No,,,Permanent contract,35886.0,-47642,Yes,0,,NA,0,Life event: Deceased
1972,2011-01-01,1972,Female,46,1965-09-15,0.00134,Married,393,,2050-08-07,Yes,,,Permanent contract,38570.0,8253,Yes,1,,NA,1,Created
19117,2012-09-21,1972,Female,48,1965-09-15,0.00134,Widowed,393,,2050-08-07,Yes,,,Permanent contract,38570.0,8253,Yes,1,,NA,1,Life event: Widowed
1973,2011-01-01,1973,Male,50,1961-04-14,0.00257,Married,401,,2047-10-07,No,,,Permanent contract,16027.0,177952,No,1,,NA,1,Created
1974,2011-01-01,1974,Female,52,1959-03-19,0.00268,Single,0,,,Yes,31.0,,Flexible contract,869.0,613882,Yes,0,,NA,1,Created
1975,2011-01-01,1975,Male,64,1947-11-23,0.01097,Married,402,,2013-12-05,Yes,,,Flexible contract,19413.0,342081,Yes,3,,NA,1,Created
18213,2011-11-23,1975,Male,65,1947-11-23,0.01097,Married,402,,2013-12-05,Yes,,,Retired,13589.099999999999,342081,Yes,3,,NA,1,Life event: Retired
1976,2011-01-01,1976,Male,77,1934-05-23,0.0418,Widowed,0,,,Yes,,,Retired,90014.0,70919,Yes,0,,NA,1,Created
1977,2011-01-01,1977,Female,22,1989-09-07,0.00023999999999999998,Single,0,,,No,,,Permanent contract,69237.0,165320,No,0,38.0,2027-07-07,1,Created
1978,2011-01-01,1978,Male,0,2011-03-05,0.0036200000000000004,Single,0,,,No,,,Child,0.0,0,Yes,0,,NA,1,Created
1979,2011-01-01,1979,Female,52,1959-11-13,0.00268,Single,0,,,No,,,Permanent contract,31072.0,472488,No,0,,NA,1,Created
1980,2011-01-01,1980,Female,67,1944-07-03,0.00974,Widowed,0,,,No,,,Permanent contract,26555.0,261502,No,0,,NA,1,Created
17597,2011-07-03,1980,Female,68,1944-07-03,0.00974,Widowed,0,,,No,,,Retired,18588.5,261502,No,0,,NA,1,Life event: Retired
1981,2011-01-01,1981,Female,25,1986-09-03,0.00022999999999999998,Single,0,,,Yes,45.0,2031-06-25,Permanent contract,29676.0,584895,No,0,32.0,2018-01-04,1,Created
1982,2011-01-01,1982,Female,14,1997-03-27,9e-05,Single,0,,,Yes,38.0,2035-09-04,Child,0.0,0,Yes,0,32.0,2029-06-04,1,Created
1983,2011-01-01,1983,Female,58,1953-11-28,0.00448,Married,394,,2031-05-29,Yes,,,Flexible contract,17542.0,-45848,No,1,,NA,1,Created
1984,2011-01-01,1984,Female,32,1979-02-08,0.00041,Single,0,,,Yes,25.0,,Flexible contract,7688.0,256201,No,0,37.0,2016-12-06,1,Created
1985,2011-01-01,1985,Male,13,1998-08-22,0.00014,Single,0,,,No,,,Child,0.0,0,Yes,0,,NA,1,Created
1986,2011-01-01,1986,Female,105,1906-09-26,1.0,Widowed,0,,,No,,,Retired,27813.0,112111,No,0,,NA,1,Created
17527,2011-06-18,1986,Female,105,1906-09-26,1.0,Widowed,0,,,No,,,Retired,27813.0,112111,No,0,,NA,0,Life event: Deceased
1987,2011-01-01,1987,Female,32,1979-03-04,0.00041,Married,395,,2022-05-14,No,,,Permanent contract,8054.0,450780,Yes,2,38.0,2017-09-15,1,Created
1988,2011-01-01,1988,Female,20,1991-10-27,0.00018,Single,0,,,No,,,Permanent contract,57346.0,-31465,Yes,0,32.0,2023-04-25,1,Created
1989,2011-01-01,1989,Male,58,1953-09-17,0.00603,Divorced,0,,,No,,,Flexible contract,4638.0,3549028,No,0,,NA,1,Created
1990,2011-01-01,1990,Female,40,1971-07-21,0.0006900000000000001,Single,0,,,Yes,30.0,,Flexible contract,73309.0,3784,Yes,0,,NA,1,Created
1991,2011-01-01,1991,Male,31,1980-03-05,0.00041,Single,0,,,No,,,Permanent contract,28505.0,70314,Yes,0,,NA,1,Created
1992,2011-01-01,1992,Male,50,1961-10-22,0.00257,Married,403,,2063-01-27,Yes,,,Entrepreneur without personnel,21452.0,-4502,No,1,,NA,1,Created
1993,2011-01-01,1993,Female,99,1912-03-13,0.34497,Widowed,0,,,Yes,,,Retired,14800.0,25016,No,0,,NA,1,Created
1994,2011-01-01,1994,Female,48,1963-08-10,0.0018800000000000002,Married,396,,2072-04-28,No,,,Flexible contract,13029.0,179,No,1,,NA,1,Created
1995,2011-01-01,1995,Female,26,1985-12-07,1.0,Married,397,,2017-03-09,Yes,,,Permanent contract,26234.0,-15638,Yes,1,33.0,2018-11-13,1,Created
17097,2011-03-21,1995,Female,26,1985-12-07,1.0,Married,397,,2017-03-09,Yes,,,Permanent contract,26234.0,-15638,Yes,1,33,2018-11-13,0,Life event: Deceased
1996,2011-01-01,1996,Male,32,1979-07-26,0.00059,Married,404,,2012-01-25,Yes,,,Permanent contract,16076.0,432182,Yes,1,,NA,1,Created
18467,2012-01-25,1996,Male,33,1979-07-26,0.00059,Divorced,404,,2012-01-25,Yes,,,Permanent contract,16076.0,432182,Yes,1,,NA,1,Life event: Divorced
1997,2011-01-01,1997,Male,30,1981-01-15,0.00055,Single,0,,,No,,,Permanent contract,726.0,415325,Yes,0,,NA,1,Created
1998,2011-01-01,1998,Male,83,1928-01-04,0.08242999999999999,Widowed,0,,,No,,,Retired,16397.0,169998,Yes,0,,NA,1,Created
1999,2011-01-01,1999,Female,65,1946-04-23,0.007559999999999999,Married,398,,2051-09-03,Yes,,,Permanent contract,85757.0,19204,Yes,1,,NA,1,Created
17250,2011-04-23,1999,Female,66,1946-04-23,0.007559999999999999,Married,398,,2051-09-03,Yes,,,Retired,60029.899999999994,19204,Yes,1,,NA,1,Life event: Retired
2000,2011-01-01,2000,Female,8,2003-10-17,2.9999999999999997e-05,Single,0,,,No,,,Child,0.0,0,No,0,28.0,2031-01-26,1,Created
2001,2011-01-01,2001,Female,76,1935-02-13,0.02337,Married,399,,2029-06-05,Yes,,,Retired,26658.0,2128,Yes,3,,NA,1,Created
2002,2011-01-01,2002,Female,64,1947-02-17,0.00713,Married,400,,2020-02-07,No,,,Permanent contract,3926.0,614338,No,2,,NA,1,Created
16923,2011-02-17,2002,Female,65,1947-02-17,0.00713,Married,400,,2020-02-07,No,,,Retired,2748.2,614338,No,2,,NA,1,Life event: Retired
2003,2011-01-01,2003,Female,20,1991-08-05,0.00018,Single,0,,,No,,,Unemployed,45288.0,121192,No,0,21.0,2012-08-08,1,Created
2004,2011-01-01,2004,Female,14,1997-10-03,9e-05,Single,0,,,No,,,Child,0.0,0,No,0,34.0,2031-05-15,1,Created
2005,2011-01-01,2005,Male,103,1908-10-25,1.0,Single,0,,,Yes,35.0,,Retired,15465.0,-45381,Yes,0,,NA,1,Created
18606,2012-03-21,2005,Male,104,1908-10-25,1.0,Single,0,,,Yes,35,,Retired,15465.0,-45381,Yes,0,,NA,0,Life event: Deceased
2006,2011-01-01,2006,Male,43,1968-09-03,0.00103,Married,405,,2039-08-22,No,,,Permanent contract,13302.0,255681,Yes,1,,NA,1,Created
2007,2011-01-01,2007,Female,21,1990-11-15,0.00016,Single,0,,,Yes,47.0,2037-01-03,Permanent contract,22325.0,-47507,Yes,0,25.0,2015-04-27,1,Created
2008,2011-01-01,2008,Female,62,1949-08-22,0.0057399999999999994,Married,401,,2047-10-07,No,,,Permanent contract,27598.0,127147,No,1,,NA,1,Created
2009,2011-01-01,2009,Female,40,1971-09-15,0.0006900000000000001,Married,402,,2013-12-05,Yes,,,Permanent contract,18271.0,116134,Yes,3,,NA,1,Created
2010,2011-01-01,2010,Female,77,1934-05-24,0.0259,Widowed,0,,,Yes,,,Retired,12948.0,114649,Yes,0,,NA,1,Created
2011,2011-01-01,2011,Female,78,1933-05-23,0.02817,Widowed,0,,,No,,,Retired,10956.0,-26904,No,0,,NA,1,Created
2012,2011-01-01,2012,Female,20,1991-01-13,0.00018,Single,0,,,No,,,Flexible contract,35535.0,86407,Yes,0,30.0,2021-10-30,1,Created
2013,2011-01-01,2013,Male,53,1958-07-19,0.0033299999999999996,Married,406,,2052-02-18,Yes,,,Permanent contract,11612.0,154538,Yes,3,,NA,1,Created
2014,2011-01-01,2014,Male,24,1987-12-08,0.00047999999999999996,Single,0,,,Yes,44.0,2031-11-29,Entrepreneur without personnel,4591.0,155007,No,0,,NA,1,Created
2015,2011-01-01,2015,Female,12,1999-06-06,5e-05,Single,0,,,No,,,Child,0.0,0,Yes,0,32.0,2031-01-03,1,Created
2016,2011-01-01,2016,Female,31,1980-01-06,0.00029,Married,403,,2063-01-27,No,,,Permanent contract,50106.0,183897,No,1,33.0,2013-08-02,1,Created
2017,2011-01-01,2017,Male,7,2004-04-20,9e-05,Single,0,,,No,,,Child,0.0,0,Yes,0,,NA,1,Created
2018,2011-01-01,2018,Male,24,1987-09-24,0.00047999999999999996,Single,0,,,Yes,32.0,2019-07-25,Entrepreneur with personel,53616.0,234,Yes,0,,NA,1,Created
2019,2011-01-01,2019,Female,45,1966-09-18,0.00134,Married,404,,2012-01-25,Yes,,,Flexible contract,10595.0,53,Yes,1,,NA,1,Created
18468,2012-01-25,2019,Female,46,1966-09-18,0.00134,Divorced,404,,2012-01-25,Yes,,,Flexible contract,10595.0,53,Yes,1,,NA,1,Life event: Divorced
2020,2011-01-01,2020,Female,53,1958-07-21,0.00312,Divorced,0,,,Yes,,,Unemployed,2337.0,603091,Yes,0,,NA,1,Created
2021,2011-01-01,2021,Male,50,1961-12-05,0.00257,Married,407,,2054-11-06,Yes,,,Permanent contract,43373.0,414140,Yes,2,,NA,1,Created
2022,2011-01-01,2022,Female,72,1939-12-28,0.01411,Married,405,,2039-08-22,No,,,Retired,1788.0,87312,Yes,1,,NA,1,Created
2023,2011-01-01,2023,Male,55,1956-11-23,0.00419,Married,408,,2043-08-29,Yes,,,Entrepreneur without personnel,30402.0,168162,Yes,1,,NA,1,Created
2024,2011-01-01,2024,Female,31,1980-02-20,0.00029,Married,406,,2052-02-18,Yes,,,Entrepreneur without personnel,34981.0,67137,Yes,3,33.0,2013-09-29,1,Created
2025,2011-01-01,2025,Male,42,1969-10-03,0.00128,Divorced,0,,,Yes,,,Permanent contract,31338.0,54,No,0,,NA,1,Created
2026,2011-01-01,2026,Male,9,2002-11-06,0.00014,Single,0,,,Yes,26.0,2028-05-25,Child,0.0,0,Yes,0,,NA,1,Created
2027,2011-01-01,2027,Male,57,1954-06-21,0.00572,Married,409,,2049-10-18,Yes,,,Entrepreneur with personel,23769.0,42714,No,3,,NA,1,Created
2028,2011-01-01,2028,Male,43,1968-09-18,0.00103,Single,0,,,Yes,55.0,2023-09-27,Permanent contract,29453.0,459930,No,0,,NA,1,Created
2029,2011-01-01,2029,Male,9,2002-11-01,0.00014,Single,0,,,No,,,Child,0.0,0,No,0,,NA,1,Created
2030,2011-01-01,2030,Male,44,1967-02-10,0.0013599999999999999,Married,410,,2050-05-01,Yes,,,Permanent contract,20830.0,10728,Yes,2,,NA,1,Created
2031,2011-01-01,2031,Male,73,1938-10-16,0.0262,Married,411,,2013-02-01,No,,,Retired,831.0,424035,Yes,1,,NA,1,Created
2032,2011-01-01,2032,Male,51,1960-03-28,0.00301,Married,412,,2025-07-12,Yes,,,Permanent contract,34847.0,11855,No,2,,NA,1,Created
2033,2011-01-01,2033,Male,42,1969-08-28,0.00128,Married,413,,2049-07-02,Yes,,,Flexible contract,42195.0,388805,Yes,3,,NA,1,Created
2034,2011-01-01,2034,Male,20,1991-07-03,0.00045,Married,414,,2016-10-08,Yes,,,Permanent contract,6797.0,482611,Yes,3,,NA,1,Created
2035,2011-01-01,2035,Female,55,1956-10-18,0.00372,Married,407,,2054-11-06,Yes,,,Permanent contract,12463.0,80819,Yes,2,,NA,1,Created
2036,2011-01-01,2036,Female,9,2002-10-29,2.9999999999999997e-05,Single,0,,,Yes,49.0,2051-11-23,Child,0.0,0,Yes,0,28.0,2030-05-10,1,Created
2037,2011-01-01,2037,Male,41,1970-08-27,0.0008900000000000001,Married,415,,2048-11-28,Yes,,,Flexible contract,34064.0,-4694,Yes,3,,NA,1,Created
2038,2011-01-01,2038,Male,62,1949-05-22,0.008409999999999999,Divorced,0,,,No,,,Flexible contract,50083.0,169690,No,0,,NA,1,Created
2039,2011-01-01,2039,Male,32,1979-07-03,0.00059,Married,416,,2017-05-21,Yes,,,Permanent contract,44925.0,203,No,2,,NA,1,Created
2040,2011-01-01,2040,Female,69,1942-04-09,0.0108,Married,408,,2043-08-29,No,,,Retired,13332.0,-38453,Yes,1,,NA,1,Created
2041,2011-01-01,2041,Male,48,1963-04-20,0.0021100000000000003,Married,417,,2028-11-10,Yes,,,Flexible contract,33963.0,116,No,1,,NA,1,Created
2042,2011-01-01,2042,Male,68,1943-06-18,0.01522,Married,418,,2017-06-09,No,,,Retired,18624.0,11988,No,1,,NA,1,Created
2043,2011-01-01,2043,Female,56,1955-01-27,0.0041,Married,409,,2049-10-18,No,,,Permanent contract,64705.0,477859,No,3,,NA,1,Created
2044,2011-01-01,2044,Female,65,1946-09-27,0.007559999999999999,Single,0,,,Yes,25.0,,Permanent contract,29821.0,41152,No,0,,NA,1,Created
17980,2011-09-27,2044,Female,66,1946-09-27,0.007559999999999999,Single,0,,,Yes,25,,Retired,20874.699999999997,41152,No,0,,NA,1,Life event: Retired
2045,2011-01-01,2045,Male,33,1978-06-06,0.00047999999999999996,Single,0,,,No,,,Permanent contract,6908.0,719,No,0,,NA,1,Created
2046,2011-01-01,2046,Male,65,1946-05-10,0.01141,Married,419,,2037-12-01,Yes,,,Flexible contract,33506.0,350914,No,2,,NA,1,Created
17339,2011-05-10,2046,Male,66,1946-05-10,0.01141,Married,419,,2037-12-01,Yes,,,Retired,23454.199999999997,350914,No,2,,NA,1,Life event: Retired
2047,2011-01-01,2047,Female,21,1990-06-04,0.00016,Single,0,,,No,,,Permanent contract,9308.0,772,No,0,31.0,2021-07-12,1,Created
2048,2011-01-01,2048,Male,7,2004-01-29,9e-05,Single,0,,,No,,,Child,0.0,0,Yes,0,,NA,1,Created
2049,2011-01-01,2049,Female,29,1982-08-15,0.00032,Married,410,,2050-05-01,Yes,,,Flexible contract,31505.0,94563,Yes,2,33.0,2015-04-20,1,Created
2050,2011-01-01,2050,Female,75,1936-09-01,0.01986,Married,411,,2013-02-01,No,,,Retired,5424.0,73354,Yes,1,,NA,1,Created
2051,2011-01-01,2051,Female,18,1993-09-02,0.00023999999999999998,Single,0,,,No,,,Permanent contract,17706.0,1436,No,0,28.0,2021-05-08,1,Created
2052,2011-01-01,2052,Male,44,1967-02-15,0.0013599999999999999,Divorced,0,,,No,,,Entrepreneur with personel,18729.0,-41541,No,0,,NA,1,Created
2053,2011-01-01,2053,Male,35,1976-10-08,0.00055,Single,0,,,No,,,Permanent contract,23447.0,-45796,Yes,0,,NA,1,Created
2054,2011-01-01,2054,Female,60,1951-02-10,0.00541,Divorced,0,,,No,,,Permanent contract,4929.0,22072,Yes,0,,NA,1,Created
2055,2011-01-01,2055,Female,57,1954-10-25,0.00387,Married,412,,2025-07-12,Yes,,,Flexible contract,23794.0,7348,No,2,,NA,1,Created
2056,2011-01-01,2056,Female,6,2005-05-28,8e-05,Single,0,,,No,,,Child,0.0,0,No,0,31.0,2036-02-21,1,Created
2057,2011-01-01,2057,Female,75,1936-01-09,0.01986,Married,413,,2049-07-02,Yes,,,Retired,17222.0,-19353,Yes,3,,NA,1,Created
2058,2011-01-01,2058,Male,43,1968-10-18,0.00103,Married,420,,2051-05-06,No,,,Flexible contract,94694.0,962685,Yes,1,,NA,1,Created
2059,2011-01-01,2059,Male,60,1951-09-13,0.006840000000000001,Married,421,,2044-05-20,Yes,,,Permanent contract,1551.0,56007,Yes,2,,NA,1,Created
2060,2011-01-01,2060,Male,22,1989-03-31,0.00041,Single,0,,,Yes,42.0,2031-05-20,Flexible contract,120546.0,9365,No,0,,NA,1,Created
2061,2011-01-01,2061,Female,19,1992-03-03,0.00014,Single,0,,,Yes,21.0,2013-07-06,Permanent contract,27864.0,440031,Yes,0,34.0,2026-03-03,1,Created
2062,2011-01-01,2062,Female,75,1936-09-13,0.01986,Widowed,0,,,Yes,,,Retired,17275.0,-11857,No,0,,NA,1,Created
2063,2011-01-01,2063,Male,44,1967-06-24,0.0013599999999999999,Married,422,,2066-10-17,No,,,Entrepreneur without personnel,16172.0,813,Yes,2,,NA,1,Created
2064,2011-01-01,2064,Female,15,1996-10-01,8e-05,Single,0,,,Yes,25.0,2021-04-04,Child,0.0,0,Yes,0,32.0,2028-08-21,1,Created
2065,2011-01-01,2065,Male,20,1991-03-20,0.00045,Single,0,,,Yes,38.0,2029-03-19,Flexible contract,21320.0,3472105,Yes,0,,NA,1,Created
2066,2011-01-01,2066,Male,9,2002-02-19,0.00014,Single,0,,,No,,,Child,0.0,0,No,0,,NA,1,Created
2067,2011-01-01,2067,Male,2,2009-04-20,0.00021,Single,0,,,Yes,35.0,2044-12-05,Child,0.0,0,Yes,0,,NA,1,Created
2068,2011-01-01,2068,Male,10,2001-07-14,0.00011999999999999999,Single,0,,,Yes,58.0,2059-11-29,Child,0.0,0,Yes,0,,NA,1,Created
2069,2011-01-01,2069,Male,12,1999-02-01,0.00011,Single,0,,,No,,,Child,0.0,0,No,0,,NA,1,Created
2070,2011-01-01,2070,Female,38,1973-11-16,0.00063,Married,414,,2016-10-08,Yes,,,Permanent contract,34850.0,27735,Yes,3,,NA,1,Created
2071,2011-01-01,2071,Male,61,1950-03-15,0.00747,Widowed,0,,,Yes,,,Permanent contract,147744.0,-2834,No,0,,NA,1,Created
2072,2011-01-01,2072,Male,48,1963-06-21,0.0021100000000000003,Widowed,0,,,No,,,Permanent contract,40057.0,8135,No,0,,NA,1,Created
2073,2011-01-01,2073,Female,20,1991-11-09,0.00018,Single,0,,,No,,,Permanent contract,36801.0,58,Yes,0,35.0,2026-07-17,1,Created
2074,2011-01-01,2074,Male,36,1975-08-21,0.0006,Single,0,,,Yes,33.0,,Flexible contract,62997.0,615,Yes,0,,NA,1,Created
2075,2011-01-01,2075,Male,28,1983-12-15,0.00045,Single,0,,,No,,,Permanent contract,23742.0,183915,No,0,,NA,1,Created
2076,2011-01-01,2076,Female,102,1909-08-09,1.0,Widowed,0,,,No,,,Retired,48294.0,167187,No,0,,NA,1,Created
18277,2011-12-09,2076,Female,103,1909-08-09,1.0,Widowed,0,,,No,,,Retired,48294.0,167187,No,0,,NA,0,Life event: Deceased
2077,2011-01-01,2077,Male,62,1949-08-07,0.008409999999999999,Single,0,,,No,,,Permanent contract,26844.0,267993,No,0,,NA,1,Created
2078,2011-01-01,2078,Female,11,2000-06-23,7e-05,Single,0,,,Yes,38.0,2038-09-26,Child,0.0,0,Yes,0,30.0,2030-06-28,1,Created
2079,2011-01-01,2079,Female,80,1931-12-17,0.03682,Married,415,,2048-11-28,No,,,Retired,10207.0,194215,Yes,3,,NA,1,Created
2080,2011-01-01,2080,Male,78,1933-02-01,0.04668,Married,423,,2054-03-17,Yes,,,Retired,21267.0,139602,Yes,2,,NA,1,Created
2081,2011-01-01,2081,Male,65,1946-06-18,0.01141,Divorced,0,,,No,,,Permanent contract,129103.0,176667,Yes,0,,NA,1,Created
17528,2011-06-18,2081,Male,66,1946-06-18,0.01141,Divorced,0,,,No,,,Retired,90372.09999999999,176667,Yes,0,,NA,1,Life event: Retired
2082,2011-01-01,2082,Female,35,1976-01-20,0.00033999999999999997,Single,0,,,Yes,40.0,2016-01-25,Unemployed,86433.0,12645,Yes,0,,NA,1,Created
2083,2011-01-01,2083,Male,75,1936-06-14,0.033710000000000004,Single,0,,,No,,,Retired,18184.0,59300,Yes,0,,NA,1,Created
2084,2011-01-01,2084,Female,66,1945-03-26,0.009040000000000001,Married,416,,2017-05-21,Yes,,,Permanent contract,38933.0,117328,No,2,,NA,1,Created
17122,2011-03-26,2084,Female,67,1945-03-26,0.009040000000000001,Married,416,,2017-05-21,Yes,,,Retired,27253.1,117328,No,2,,NA,1,Life event: Retired
2085,2011-01-01,2085,Female,53,1958-03-10,0.00312,Married,417,,2028-11-10,Yes,,,Entrepreneur without personnel,4678.0,2642124,No,1,,NA,1,Created
2086,2011-01-01,2086,Female,74,1937-01-07,0.0185,Married,418,,2017-06-09,No,,,Retired,10268.0,-102,No,1,,NA,1,Created
2087,2011-01-01,2087,Male,59,1952-06-07,0.00717,Married,424,,2016-04-15,Yes,,,Permanent contract,4881.0,61377,Yes,3,,NA,1,Created
2088,2011-01-01,2088,Male,16,1995-05-01,0.00029,Single,0,,,No,,,Child,0.0,0,No,0,,NA,1,Created
18710,2012-05-01,2088,Male,18,1995-05-01,0.00029,Single,0,,,No,,,Permanent contract,8998.0,613924,No,0,,NA,1,Life event: Adulthood
2089,2011-01-01,2089,Male,63,1948-09-03,0.00945,Single,0,,,Yes,30.0,,Permanent contract,34556.0,440498,Yes,0,,NA,1,Created
19073,2012-09-03,2089,Male,65,1948-09-03,0.00945,Single,0,,,Yes,30,,Retired,24189.199999999997,440498,Yes,0,,NA,1,Life event: Retired
2090,2011-01-01,2090,Female,35,1976-08-21,0.00033999999999999997,Married,419,,2037-12-01,No,,,Flexible contract,13006.0,41325,No,2,39.0,2015-08-03,1,Created
2091,2011-01-01,2091,Male,46,1965-05-20,0.00172,Married,425,,2018-03-07,Yes,,,Permanent contract,19689.0,37843,No,2,,NA,1,Created
2092,2011-01-01,2092,Male,0,2011-10-06,0.0036200000000000004,Single,0,,,Yes,48.0,2059-08-17,Child,0.0,0,Yes,0,,NA,1,Created
2093,2011-01-01,2093,Male,56,1955-04-21,0.0052,Married,426,,2062-10-10,No,,,Permanent contract,14303.0,387327,Yes,3,,NA,1,Created
2094,2011-01-01,2094,Female,39,1972-04-01,0.00074,Single,0,,,No,,,Permanent contract,12304.0,36380,Yes,0,,NA,1,Created
2095,2011-01-01,2095,Male,47,1964-11-25,0.00186,Married,427,,2041-03-25,No,,,Permanent contract,24975.0,668586,No,2,,NA,1,Created
2096,2011-01-01,2096,Male,17,1994-08-06,0.00022999999999999998,Single,0,,,No,,,Child,0.0,0,No,0,,NA,1,Created
17749,2011-08-06,2096,Male,18,1994-08-06,0.00022999999999999998,Single,0,,,Yes,28,2021-09-11,Entrepreneur without personnel,7145.0,-2037,No,0,,NA,1,Life event: Adulthood
2097,2011-01-01,2097,Female,72,1939-01-27,0.01411,Widowed,0,,,Yes,,,Retired,2866.0,196535,Yes,0,,NA,1,Created
2098,2011-01-01,2098,Male,68,1943-11-14,0.01522,Married,428,,2046-03-05,No,,,Retired,94676.0,490447,Yes,2,,NA,1,Created
2099,2011-01-01,2099,Male,20,1991-06-13,0.00045,Single,0,,,Yes,59.0,2050-10-27,Entrepreneur without personnel,2997.0,-33430,Yes,0,,NA,1,Created
2100,2011-01-01,2100,Male,71,1940-05-13,0.02034,Widowed,0,,,No,,,Retired,50043.0,68328,Yes,0,,NA,1,Created
2101,2011-01-01,2101,Male,46,1965-08-11,0.00172,Married,429,,2048-01-09,No,,,Entrepreneur with personel,92628.0,42938,Yes,1,,NA,1,Created
2102,2011-01-01,2102,Male,23,1988-02-02,0.00039,Single,0,,,Yes,40.0,2028-12-12,Permanent contract,39838.0,1166,No,0,,NA,1,Created
2103,2011-01-01,2103,Female,76,1935-11-28,0.02337,Married,420,,2051-05-06,Yes,,,Retired,35551.0,16338,Yes,1,,NA,1,Created
2104,2011-01-01,2104,Female,61,1950-11-25,0.00562,Single,0,,,No,,,Permanent contract,1958.0,482746,No,0,,NA,1,Created
2105,2011-01-01,2105,Female,73,1938-12-27,0.01577,Married,421,,2044-05-20,Yes,,,Retired,23039.0,754562,Yes,2,,NA,1,Created
2106,2011-01-01,2106,Female,46,1965-07-09,0.00134,Married,422,,2066-10-17,No,,,Flexible contract,5471.0,125416,Yes,2,,NA,1,Created
2107,2011-01-01,2107,Female,54,1957-09-14,0.00313,Divorced,0,,,Yes,,,Entrepreneur with personel,35687.0,460458,Yes,0,,NA,1,Created
2108,2011-01-01,2108,Male,6,2005-04-30,5.9999999999999995e-05,Single,0,,,No,,,Child,0.0,0,Yes,0,,NA,1,Created
2109,2011-01-01,2109,Female,41,1970-09-12,0.0007700000000000001,Married,423,,2054-03-17,Yes,,,Unemployed,35668.0,76467,Yes,2,,NA,1,Created
2110,2011-01-01,2110,Female,73,1938-11-08,0.01577,Married,424,,2016-04-15,Yes,,,Retired,66863.0,-13243,Yes,3,,NA,1,Created
2111,2011-01-01,2111,Male,64,1947-05-29,0.01097,Married,430,,2016-06-17,Yes,,,Flexible contract,37590.0,2303,No,2,,NA,1,Created
17427,2011-05-29,2111,Male,65,1947-05-29,0.01097,Married,430,,2016-06-17,Yes,,,Retired,26313.0,2303,No,2,,NA,1,Life event: Retired
2112,2011-01-01,2112,Male,46,1965-08-29,0.00172,Married,431,,2060-03-22,No,,,Entrepreneur without personnel,48163.0,-46561,No,1,,NA,1,Created
2113,2011-01-01,2113,Female,57,1954-11-18,0.00387,Widowed,0,,,Yes,,,Permanent contract,13287.0,2217317,Yes,0,,NA,1,Created
2114,2011-01-01,2114,Male,60,1951-03-06,0.006840000000000001,Married,432,,2062-07-12,No,,,Permanent contract,13389.0,3475,No,1,,NA,1,Created
2115,2011-01-01,2115,Female,54,1957-01-03,0.00313,Married,425,,2018-03-07,No,,,Permanent contract,8812.0,177649,No,2,,NA,1,Created
2116,2011-01-01,2116,Female,12,1999-06-22,5e-05,Single,0,,,Yes,37.0,2036-05-05,Child,0.0,0,Yes,0,37.0,2036-05-02,1,Created
2117,2011-01-01,2117,Female,49,1962-09-20,0.00193,Married,426,,2062-10-10,Yes,,,Permanent contract,28549.0,116918,Yes,3,,NA,1,Created
2118,2011-01-01,2118,Female,30,1981-01-16,0.00027,Single,0,,,No,,,Permanent contract,11818.0,129381,Yes,0,,NA,1,Created
2119,2011-01-01,2119,Male,35,1976-01-02,0.00055,Married,433,,2042-11-20,Yes,,,Entrepreneur without personnel,71467.0,343041,Yes,2,,NA,1,Created
2120,2011-01-01,2120,Female,45,1966-10-03,0.00134,Married,427,,2041-03-25,No,,,Entrepreneur without personnel,46916.0,16696,No,2,,NA,1,Created
2121,2011-01-01,2121,Male,64,1947-04-04,0.01097,Married,434,,2028-12-10,No,,,Permanent contract,30672.0,2620,No,1,,NA,1,Created
17170,2011-04-04,2121,Male,65,1947-04-04,0.01097,Married,434,,2028-12-10,No,,,Retired,21470.399999999998,2620,No,1,,NA,1,Life event: Retired
2122,2011-01-01,2122,Female,69,1942-02-02,0.0108,Divorced,0,,,No,,,Retired,40259.0,393806,No,0,,NA,1,Created
2123,2011-01-01,2123,Male,19,1992-07-02,0.00033,Single,0,,,Yes,60.0,2052-10-12,Permanent contract,25887.0,394420,No,0,,NA,1,Created
2124,2011-01-01,2124,Female,48,1963-11-10,0.0018800000000000002,Married,428,,2046-03-05,Yes,,,Flexible contract,31034.0,489573,Yes,2,,NA,1,Created
2125,2011-01-01,2125,Female,46,1965-11-10,0.00134,Married,429,,2048-01-09,No,,,Permanent contract,1238.0,3570,Yes,1,,NA,1,Created
2126,2011-01-01,2126,Male,15,1996-02-03,0.00015,Single,0,,,Yes,45.0,2041-06-30,Child,0.0,0,Yes,0,,NA,1,Created
2127,2011-01-01,2127,Male,18,1993-01-09,0.00032,Single,0,,,No,,,Flexible contract,9740.0,4098,Yes,0,,NA,1,Created
2128,2011-01-01,2128,Female,22,1989-04-10,0.00023999999999999998,Single,0,,,Yes,30.0,2019-02-25,Permanent contract,24446.0,-9205,Yes,0,32.0,2021-09-28,1,Created
2129,2011-01-01,2129,Male,49,1962-08-06,0.00242,Single,0,,,Yes,43.0,,Entrepreneur without personnel,16782.0,21797,No,0,,NA,1,Created
2130,2011-01-01,2130,Female,4,2007-11-05,5.9999999999999995e-05,Single,0,,,Yes,28.0,2035-05-05,Child,0.0,0,Yes,0,31.0,2038-01-07,1,Created
2131,2011-01-01,2131,Female,31,1980-08-20,0.00029,Single,0,,,No,,,Permanent contract,34301.0,86756,Yes,0,,NA,1,Created
2132,2011-01-01,2132,Female,66,1945-10-05,0.009040000000000001,Divorced,0,,,No,,,Permanent contract,31910.0,175241,Yes,0,,NA,1,Created
18008,2011-10-05,2132,Female,67,1945-10-05,0.009040000000000001,Divorced,0,,,No,,,Retired,22337.0,175241,Yes,0,,NA,1,Life event: Retired
2133,2011-01-01,2133,Female,25,1986-08-07,0.00022999999999999998,Single,0,,,No,,,Flexible contract,20789.0,-34529,Yes,0,29.0,2015-06-28,1,Created
2134,2011-01-01,2134,Male,78,1933-01-04,0.04668,Divorced,0,,,Yes,,,Retired,15694.0,117885,No,0,,NA,1,Created
18604,2012-03-20,2134,Male,80,1933-01-04,0.04668,Divorced,0,,,Yes,,,Retired,15694.0,117885,No,0,,NA,0,Life event: Deceased
2135,2011-01-01,2135,Female,40,1971-07-12,0.0006900000000000001,Single,0,,,Yes,35.0,,Permanent contract,37835.0,3293,No,0,,NA,1,Created
2136,2011-01-01,2136,Male,6,2005-06-19,5.9999999999999995e-05,Single,0,,,Yes,35.0,2040-04-11,Child,0.0,0,No,0,,NA,1,Created
2137,2011-01-01,2137,Male,0,2011-07-01,0.0036200000000000004,Single,0,,,Yes,30.0,2041-10-16,Child,0.0,0,Yes,0,,NA,1,Created
2138,2011-01-01,2138,Female,14,1997-11-24,9e-05,Single,0,,,No,,,Child,0.0,0,No,0,27.0,2024-11-17,1,Created
2139,2011-01-01,2139,Female,61,1950-07-10,0.00562,Divorced,0,,,Yes,,,Permanent contract,17176.0,775011,Yes,0,,NA,1,Created
2140,2011-01-01,2140,Male,16,1995-09-24,0.00029,Single,0,,,No,,,Child,0.0,0,Yes,0,,NA,1,Created
19121,2012-09-24,2140,Male,18,1995-09-24,0.00029,Single,0,,,Yes,44,2038-07-29,Entrepreneur with personel,32963.0,-704,Yes,0,,NA,1,Life event: Adulthood
2141,2011-01-01,2141,Female,5,2006-05-19,4e-05,Single,0,,,No,,,Child,0.0,0,Yes,0,27.0,2033-11-29,1,Created
2142,2011-01-01,2142,Male,16,1995-02-17,0.00029,Single,0,,,Yes,35.0,2030-04-27,Child,0.0,0,No,0,,NA,1,Created
18524,2012-02-17,2142,Male,18,1995-02-17,0.00029,Single,0,,,Yes,38,2032-05-13,Permanent contract,23618.0,-32276,No,0,,NA,1,Life event: Adulthood
2143,2011-01-01,2143,Male,20,1991-10-26,0.00045,Single,0,,,No,,,Entrepreneur with personel,45922.0,305,No,0,,NA,1,Created
2144,2011-01-01,2144,Female,36,1975-04-25,0.00049,Married,430,,2016-06-17,No,,,Flexible contract,34374.0,722642,No,2,,NA,1,Created
2145,2011-01-01,2145,Female,65,1946-02-22,0.007559999999999999,Married,431,,2060-03-22,Yes,,,Permanent contract,4646.0,10566,No,1,,NA,1,Created
16950,2011-02-22,2145,Female,66,1946-02-22,0.007559999999999999,Married,431,,2060-03-22,Yes,,,Retired,3252.2,10566,No,1,,NA,1,Life event: Retired
2146,2011-01-01,2146,Female,34,1977-04-15,0.00037,Married,432,,2062-07-12,No,,,Permanent contract,18102.0,899677,No,1,,NA,1,Created
2147,2011-01-01,2147,Female,3,2008-03-15,0.00013000000000000002,Single,0,,,Yes,40.0,2048-05-11,Child,0.0,0,No,0,25.0,2033-09-04,1,Created
2148,2011-01-01,2148,Female,58,1953-04-21,0.00448,Married,433,,2042-11-20,Yes,,,Permanent contract,25376.0,140596,Yes,2,,NA,1,Created
2149,2011-01-01,2149,Male,44,1967-08-28,0.0013599999999999999,Single,0,,,Yes,25.0,,Permanent contract,12703.0,690892,Yes,0,,NA,1,Created
2150,2011-01-01,2150,Male,31,1980-05-05,0.00041,Single,0,,,No,,,Permanent contract,1101.0,346,No,0,,NA,1,Created
2151,2011-01-01,2151,Female,55,1956-06-30,0.00372,Married,434,,2028-12-10,No,,,Permanent contract,50931.0,220181,No,1,,NA,1,Created
2152,2011-01-01,2152,Male,28,1983-08-23,0.00045,Single,0,,,Yes,34.0,2017-12-09,Flexible contract,6278.0,4083,No,0,,NA,1,Created
2153,2011-01-01,2153,Male,65,1946-07-06,0.01141,Divorced,0,,,No,,,Entrepreneur with personel,34540.0,369373,Yes,0,,NA,1,Created
17611,2011-07-06,2153,Male,66,1946-07-06,0.01141,Divorced,0,,,No,,,Retired,24178.0,369373,Yes,0,,NA,1,Life event: Retired
2154,2011-01-01,2154,Female,54,1957-07-05,0.00313,Married,435,,2051-03-03,Yes,,,Permanent contract,49956.0,-2985,No,2,,NA,1,Created
2155,2011-01-01,2155,Male,33,1978-01-27,0.00047999999999999996,Married,435,,2051-03-03,Yes,,,Permanent contract,7909.0,19068,No,2,,NA,1,Created
2156,2011-01-01,2156,Female,53,1958-10-30,0.00312,Married,436,,2046-12-13,No,,,Permanent contract,66723.0,-95,Yes,1,,NA,1,Created
2157,2011-01-01,2157,Female,26,1985-10-16,1.0,Single,0,,,Yes,47.0,2032-11-21,Permanent contract,32219.0,58174,Yes,0,35.0,2020-08-24,1,Created
18058,2011-10-16,2157,Female,27,1985-10-16,1.0,Single,0,,,Yes,47,2032-11-21,Permanent contract,32219.0,58174,Yes,0,35,2020-08-24,0,Life event: Deceased
2158,2011-01-01,2158,Female,21,1990-02-02,0.00016,Single,0,,,No,,,Flexible contract,41351.0,-21764,Yes,0,34.0,2024-02-12,1,Created
2159,2011-01-01,2159,Female,47,1964-11-16,0.00168,Married,437,,2056-05-30,No,,,Flexible contract,3301.0,5698,No,1,,NA,1,Created
2160,2011-01-01,2160,Male,16,1995-07-15,0.00029,Single,0,,,Yes,30.0,2025-03-24,Child,0.0,0,No,0,,NA,1,Created
18933,2012-07-15,2160,Male,18,1995-07-15,0.00029,Single,0,,,No,,,Permanent contract,17254.0,-254,No,0,,NA,1,Life event: Adulthood
2161,2011-01-01,2161,Male,57,1954-03-04,0.00572,Married,436,,2046-12-13,No,,,Permanent contract,2695.0,-18000,Yes,1,,NA,1,Created
2162,2011-01-01,2162,Male,5,2006-02-03,9e-05,Single,0,,,No,,,Child,0.0,0,Yes,0,,NA,1,Created
2163,2011-01-01,2163,Male,5,2006-05-28,9e-05,Single,0,,,Yes,28.0,2034-10-20,Child,0.0,0,No,0,,NA,1,Created
2164,2011-01-01,2164,Female,24,1987-04-06,0.00018999999999999998,Married,438,,2064-05-26,No,,,Permanent contract,33356.0,9281,Yes,3,39.0,2026-01-08,1,Created
2165,2011-01-01,2165,Male,49,1962-07-16,0.00242,Married,437,,2056-05-30,No,,,Permanent contract,23060.0,-30672,No,1,,NA,1,Created
2166,2011-01-01,2166,Male,21,1990-05-09,0.00045,Single,0,,,No,,,Permanent contract,49306.0,238504,No,0,,NA,1,Created
2167,2011-01-01,2167,Female,0,2011-03-28,0.0028899999999999998,Single,0,,,Yes,45.0,2056-09-14,Child,0.0,0,Yes,0,36.0,2047-03-12,1,Created
2168,2011-01-01,2168,Male,74,1937-11-24,0.0295,Married,438,,2064-05-26,Yes,,,Retired,59631.0,34213,Yes,3,,NA,1,Created
2169,2011-01-01,2169,Female,65,1946-11-01,0.007559999999999999,Married,439,,2039-01-25,No,,,Permanent contract,30158.0,124647,Yes,3,,NA,1,Created
18122,2011-11-01,2169,Female,66,1946-11-01,0.007559999999999999,Married,439,,2039-01-25,No,,,Retired,21110.6,124647,Yes,3,,NA,1,Life event: Retired
2170,2011-01-01,2170,Male,15,1996-09-11,0.00015,Single,0,,,No,,,Child,0.0,0,Yes,0,,NA,1,Created
2171,2011-01-01,2171,Male,22,1989-06-29,0.00041,Single,0,,,Yes,40.0,2029-06-21,Permanent contract,110961.0,3515584,No,0,,NA,1,Created
2172,2011-01-01,2172,Female,77,1934-03-11,0.0259,Married,440,,2018-05-24,Yes,,,Retired,36950.0,99012,Yes,1,,NA,1,Created
2173,2011-01-01,2173,Male,46,1965-03-24,0.00172,Married,439,,2039-01-25,No,,,Permanent contract,30506.0,-23119,Yes,3,,NA,1,Created
2174,2011-01-01,2174,Female,54,1957-10-10,0.00313,Divorced,0,,,No,,,Family business,40829.0,3591,Yes,0,,NA,1,Created
2175,2011-01-01,2175,Female,70,1941-04-17,0.01252,Married,441,,2043-08-19,Yes,,,Retired,1973.0,191569,No,1,,NA,1,Created
2176,2011-01-01,2176,Male,22,1989-01-07,0.00041,Single,0,,,No,,,Permanent contract,16091.0,59664,Yes,0,,NA,1,Created
2177,2011-01-01,2177,Female,51,1960-04-03,0.0023899999999999998,Single,0,,,Yes,20.0,,Permanent contract,14440.0,13,Yes,0,,NA,1,Created
2178,2011-01-01,2178,Female,9,2002-08-27,2.9999999999999997e-05,Single,0,,,No,,,Child,0.0,0,Yes,0,30.0,2032-02-19,1,Created
2179,2011-01-01,2179,Male,74,1937-06-29,0.0295,Married,440,,2018-05-24,No,,,Retired,64676.0,-45461,Yes,1,,NA,1,Created
2180,2011-01-01,2180,Female,53,1958-04-10,0.00312,Married,442,,2012-12-19,Yes,,,Flexible contract,22577.0,57255,No,2,,NA,1,Created
19334,2012-12-19,2180,Female,55,1958-04-10,0.00312,Divorced,442,,2012-12-19,Yes,,,Flexible contract,22577.0,57255,No,2,,NA,1,Life event: Divorced
2181,2011-01-01,2181,Male,73,1938-11-05,0.0262,Married,441,,2043-08-19,No,,,Retired,93576.0,1117,No,1,,NA,1,Created
2182,2011-01-01,2182,Female,50,1961-11-20,0.00225,Married,443,,2026-08-09,Yes,,,Permanent contract,32936.0,98815,Yes,2,,NA,1,Created
2183,2011-01-01,2183,Male,58,1953-01-20,0.00603,Divorced,0,,,Yes,,,Permanent contract,42511.0,-2546,No,0,,NA,1,Created
2184,2011-01-01,2184,Male,56,1955-02-21,0.0052,Divorced,0,,,No,,,Permanent contract,8.0,31579,Yes,0,,NA,1,Created
2185,2011-01-01,2185,Female,76,1935-07-13,0.02337,Married,444,,2025-07-20,Yes,,,Retired,23133.0,14437,No,2,,NA,1,Created
2186,2011-01-01,2186,Male,78,1933-07-25,0.04668,Widowed,0,,,Yes,,,Retired,9715.0,159110,Yes,0,,NA,1,Created
2187,2011-01-01,2187,Female,21,1990-03-14,0.00016,Single,0,,,Yes,25.0,2015-07-23,Permanent contract,52501.0,338424,No,0,39.0,2029-09-29,1,Created
2188,2011-01-01,2188,Male,38,1973-08-05,0.0009599999999999999,Married,442,,2012-12-19,No,,,Permanent contract,15115.0,-41441,No,2,,NA,1,Created
19335,2012-12-19,2188,Male,40,1973-08-05,0.0009599999999999999,Divorced,442,,2012-12-19,No,,,Permanent contract,15115.0,-41441,No,2,,NA,1,Life event: Divorced
2189,2011-01-01,2189,Female,32,1979-09-06,0.00041,Married,445,,2070-07-02,No,,,Flexible contract,30709.0,450105,Yes,1,33.0,2012-12-25,1,Created
19351,2012-12-25,2189,Female,34,1979-09-06,0.00041,Married,445,,2070-07-02,No,,,Flexible contract,30709.0,450105,Yes,1,33,2012-12-25,1,Life event: Children born
2190,2011-01-01,2190,Female,43,1968-11-05,0.0009699999999999999,Single,0,,,Yes,32.0,,Permanent contract,28918.0,92055,Yes,0,,NA,1,Created
2191,2011-01-01,2191,Male,65,1946-08-14,0.01141,Married,443,,2026-08-09,No,,,Permanent contract,19867.0,8125,Yes,2,,NA,1,Created
17794,2011-08-14,2191,Male,66,1946-08-14,0.01141,Married,443,,2026-08-09,No,,,Retired,13906.9,8125,Yes,2,,NA,1,Life event: Retired
2192,2011-01-01,2192,Male,65,1946-07-17,0.01141,Married,444,,2025-07-20,Yes,,,Flexible contract,4226.0,-2600,No,2,,NA,1,Created
17660,2011-07-17,2192,Male,66,1946-07-17,0.01141,Married,444,,2025-07-20,Yes,,,Retired,2958.2,-2600,No,2,,NA,1,Life event: Retired
2193,2011-01-01,2193,Female,1,2010-01-17,0.00033999999999999997,Single,0,,,Yes,38.0,2048-10-24,Child,0.0,0,Yes,0,33.0,2043-05-18,1,Created
2194,2011-01-01,2194,Male,28,1983-06-28,0.00045,Single,0,,,No,,,Flexible contract,19301.0,399790,Yes,0,,NA,1,Created
2195,2011-01-01,2195,Female,13,1998-09-25,0.00011999999999999999,Single,0,,,Yes,24.0,2022-03-04,Child,0.0,0,Yes,0,36.0,2034-02-26,1,Created
2196,2011-01-01,2196,Male,26,1985-08-02,1.0,Single,0,,,No,,,Permanent contract,94638.0,19728,No,0,,NA,1,Created
17667,2011-07-18,2196,Male,26,1985-08-02,1.0,Single,0,,,No,,,Permanent contract,94638.0,19728,No,0,,NA,0,Life event: Deceased
2197,2011-01-01,2197,Female,101,1910-08-18,1.0,Widowed,0,,,No,,,Retired,25324.0,2998,No,0,,NA,1,Created
2198,2011-01-01,2198,Female,65,1946-08-10,0.007559999999999999,Married,446,,2045-03-06,Yes,,,Permanent contract,30633.0,-15039,No,1,,NA,1,Created
17772,2011-08-10,2198,Female,66,1946-08-10,0.007559999999999999,Married,446,,2045-03-06,Yes,,,Retired,21443.1,-15039,No,1,,NA,1,Life event: Retired
2199,2011-01-01,2199,Female,62,1949-03-10,0.0057399999999999994,Divorced,0,,,No,,,Flexible contract,603.0,37491,No,0,,NA,1,Created
2200,2011-01-01,2200,Female,67,1944-08-17,0.00974,Divorced,0,,,No,,,Permanent contract,24173.0,145,No,0,,NA,1,Created
17813,2011-08-17,2200,Female,68,1944-08-17,0.00974,Divorced,0,,,No,,,Retired,16921.1,145,No,0,,NA,1,Life event: Retired
19355,2012-12-29,2200,Female,69,1944-08-17,0.00974,Divorced,0,,,No,,,Retired,16921.1,145,No,0,,NA,0,Life event: Deceased
2201,2011-01-01,2201,Male,49,1962-07-27,0.00242,Married,445,,2070-07-02,Yes,,,Permanent contract,21539.0,106378,Yes,1,,NA,1,Created
2202,2011-01-01,2202,Female,48,1963-02-06,0.0018800000000000002,Married,447,,2041-03-22,Yes,,,Flexible contract,10823.0,195612,Yes,1,,NA,1,Created
2203,2011-01-01,2203,Male,46,1965-04-11,0.00172,Married,446,,2045-03-06,No,,,Permanent contract,170055.0,4053,No,1,,NA,1,Created
2204,2011-01-01,2204,Male,47,1964-05-17,0.00186,Married,447,,2041-03-22,No,,,Flexible contract,11673.0,-16485,Yes,1,,NA,1,Created
2205,2011-01-01,2205,Female,40,1971-03-11,0.0006900000000000001,Married,448,,2040-04-20,No,,,Permanent contract,20500.0,168284,Yes,2,,NA,1,Created
2206,2011-01-01,2206,Female,7,2004-08-13,7e-05,Single,0,,,Yes,25.0,2029-06-12,Child,0.0,0,No,0,42.0,2046-08-05,1,Created
2207,2011-01-01,2207,Male,62,1949-06-05,0.008409999999999999,Married,448,,2040-04-20,No,,,Family business,60650.0,-1073,Yes,2,,NA,1,Created
2208,2011-01-01,2208,Female,65,1946-05-01,0.007559999999999999,Married,449,,2033-03-31,No,,,Flexible contract,24341.0,247735,Yes,1,,NA,1,Created
17279,2011-05-01,2208,Female,66,1946-05-01,0.007559999999999999,Married,449,,2033-03-31,No,,,Retired,17038.7,247735,Yes,1,,NA,1,Life event: Retired
2209,2011-01-01,2209,Male,54,1957-10-13,0.00404,Single,0,,,Yes,23.0,,Permanent contract,33656.0,614361,Yes,0,,NA,1,Created
2210,2011-01-01,2210,Female,25,1986-02-14,0.00022999999999999998,Single,0,,,No,,,Entrepreneur without personnel,23819.0,314081,Yes,0,27.0,2013-01-15,1,Created
2211,2011-01-01,2211,Male,68,1943-07-30,0.01522,Married,449,,2033-03-31,Yes,,,Retired,26320.0,49816,Yes,1,,NA,1,Created
2212,2011-01-01,2212,Female,40,1971-10-07,0.0006900000000000001,Single,0,,,Yes,38.0,,Permanent contract,39784.0,313649,No,0,,NA,1,Created
2213,2011-01-01,2213,Male,50,1961-06-29,0.00257,Married,450,,2067-10-15,No,,,Permanent contract,27721.0,557996,Yes,1,,NA,1,Created
2214,2011-01-01,2214,Male,61,1950-06-07,0.00747,Divorced,0,,,No,,,Permanent contract,33804.0,41369,No,0,,NA,1,Created
2215,2011-01-01,2215,Female,28,1983-03-04,0.00025,Married,450,,2067-10-15,Yes,,,Entrepreneur without personnel,10797.0,5143,Yes,1,32.0,2015-12-13,1,Created
2216,2011-01-01,2216,Male,72,1939-08-10,0.02384,Widowed,0,,,No,,,Retired,10128.0,212527,Yes,0,,NA,1,Created
2217,2011-01-01,2217,Female,46,1965-01-18,0.00134,Married,451,,2049-06-23,No,,,Entrepreneur with personel,6053.0,336540,Yes,1,,NA,1,Created
2218,2011-01-01,2218,Male,48,1963-12-17,0.0021100000000000003,Married,451,,2049-06-23,No,,,Permanent contract,18324.0,62070,Yes,1,,NA,1,Created
2219,2011-01-01,2219,Male,86,1925-08-26,0.1126,Married,452,,2047-11-03,No,,,Retired,6544.0,13086,Yes,2,,NA,1,Created
2220,2011-01-01,2220,Male,44,1967-10-03,0.0013599999999999999,Married,453,,2042-10-15,Yes,,,Permanent contract,8457.0,195756,Yes,2,,NA,1,Created
2221,2011-01-01,2221,Female,60,1951-06-28,0.00541,Married,452,,2047-11-03,No,,,Permanent contract,2374.0,76940,Yes,2,,NA,1,Created
2222,2011-01-01,2222,Male,14,1997-03-10,0.00014,Single,0,,,Yes,81.0,2078-10-06,Child,0.0,0,No,0,,NA,1,Created
2223,2011-01-01,2223,Male,51,1960-06-24,0.00301,Single,0,,,Yes,28.0,,Permanent contract,684.0,37420,Yes,0,,NA,1,Created
2224,2011-01-01,2224,Female,1,2010-09-10,0.00033999999999999997,Single,0,,,Yes,33.0,2043-02-27,Child,0.0,0,Yes,0,37.0,2047-04-16,1,Created
2225,2011-01-01,2225,Male,41,1970-12-22,0.0008900000000000001,Divorced,0,,,Yes,,,Permanent contract,13738.0,103395,Yes,0,,NA,1,Created
2226,2011-01-01,2226,Male,35,1976-06-23,0.00055,Married,454,,2040-02-05,Yes,,,Permanent contract,7761.0,890580,No,1,,NA,1,Created
2227,2011-01-01,2227,Female,13,1998-10-19,0.00011999999999999999,Single,0,,,Yes,49.0,2047-07-03,Child,0.0,0,Yes,0,30.0,2028-01-09,1,Created
2228,2011-01-01,2228,Female,18,1993-10-02,0.00023999999999999998,Single,0,,,No,,,Entrepreneur without personnel,21454.0,902,No,0,30.0,2023-08-07,1,Created
2229,2011-01-01,2229,Male,47,1964-12-07,0.00186,Divorced,0,,,No,,,Flexible contract,56201.0,951306,Yes,0,,NA,1,Created
2230,2011-01-01,2230,Female,60,1951-09-11,0.00541,Married,453,,2042-10-15,No,,,Permanent contract,199500.0,-30501,Yes,2,,NA,1,Created
2231,2011-01-01,2231,Male,28,1983-08-03,0.00045,Single,0,,,No,,,Permanent contract,39605.0,272901,No,0,,NA,1,Created
2232,2011-01-01,2232,Female,64,1947-06-05,0.00713,Married,454,,2040-02-05,Yes,,,Permanent contract,16323.0,-36210,No,1,,NA,1,Created
17457,2011-06-05,2232,Female,65,1947-06-05,0.00713,Married,454,,2040-02-05,Yes,,,Retired,11426.099999999999,-36210,No,1,,NA,1,Life event: Retired
2233,2011-01-01,2233,Male,37,1974-05-08,0.00082,Married,455,,2049-03-25,No,,,Permanent contract,6434.0,-4539,Yes,2,,NA,1,Created
2234,2011-01-01,2234,Male,52,1959-10-09,0.00314,Divorced,0,,,No,,,Permanent contract,46711.0,-44765,No,0,,NA,1,Created
2235,2011-01-01,2235,Male,13,1998-01-18,0.00014,Single,0,,,Yes,60.0,2058-08-09,Child,0.0,0,No,0,,NA,1,Created
2236,2011-01-01,2236,Female,24,1987-06-04,0.00018999999999999998,Single,0,,,Yes,32.0,2019-05-05,Unemployed,19114.0,58685,Yes,0,,NA,1,Created
2237,2011-01-01,2237,Male,14,1997-11-12,0.00014,Single,0,,,Yes,40.0,2037-10-26,Child,0.0,0,Yes,0,,NA,1,Created
2238,2011-01-01,2238,Female,55,1956-02-04,0.00372,Divorced,0,,,No,,,Entrepreneur without personnel,11359.0,-3481,No,0,,NA,1,Created
2239,2011-01-01,2239,Female,68,1943-03-09,0.00983,Married,455,,2049-03-25,No,,,Retired,22309.0,829249,Yes,2,,NA,1,Created
2240,2011-01-01,2240,Female,65,1946-03-23,0.007559999999999999,Married,456,,2039-06-16,Yes,,,Permanent contract,10456.0,-24630,No,2,,NA,1,Created
17107,2011-03-23,2240,Female,66,1946-03-23,0.007559999999999999,Married,456,,2039-06-16,Yes,,,Retired,7319.2,-24630,No,2,,NA,1,Life event: Retired
2241,2011-01-01,2241,Male,64,1947-03-08,0.01097,Married,456,,2039-06-16,No,,,Flexible contract,64349.0,678394,No,2,,NA,1,Created
17032,2011-03-08,2241,Male,65,1947-03-08,0.01097,Married,456,,2039-06-16,No,,,Retired,45044.299999999996,678394,No,2,,NA,1,Life event: Retired
2242,2011-01-01,2242,Male,72,1939-03-03,0.02384,Married,457,,2045-11-11,Yes,,,Retired,12090.0,137235,Yes,1,,NA,1,Created
2243,2011-01-01,2243,Male,54,1957-08-22,0.00404,Married,458,,2055-02-18,No,,,Permanent contract,19386.0,146157,Yes,1,,NA,1,Created
2244,2011-01-01,2244,Male,37,1974-11-17,0.00082,Married,459,,2015-12-22,No,,,Unemployed,30609.0,37383,Yes,2,,NA,1,Created
2245,2011-01-01,2245,Male,72,1939-10-15,0.02384,Widowed,0,,,Yes,,,Retired,19646.0,4781,Yes,0,,NA,1,Created
2246,2011-01-01,2246,Female,17,1994-09-04,0.0001,Single,0,,,Yes,28.0,2022-01-06,Child,0.0,0,Yes,0,34.0,2028-03-10,1,Created
17888,2011-09-04,2246,Female,18,1994-09-04,0.0001,Single,0,,,No,,,Flexible contract,35862.0,53307,Yes,0,34,2028-03-10,1,Life event: Adulthood
2247,2011-01-01,2247,Female,17,1994-01-15,0.0001,Single,0,,,No,,,Child,0.0,0,No,0,30.0,2024-08-27,1,Created
16741,2011-01-15,2247,Female,18,1994-01-15,0.0001,Single,0,,,No,,,Permanent contract,19939.0,998,No,0,30,2024-08-27,1,Life event: Adulthood
2248,2011-01-01,2248,Female,77,1934-09-04,0.0259,Married,457,,2045-11-11,No,,,Retired,5346.0,374443,Yes,1,,NA,1,Created
2249,2011-01-01,2249,Male,27,1984-02-22,0.00044,Single,0,,,Yes,24.0,,Permanent contract,31625.0,4331847,Yes,0,,NA,1,Created
2250,2011-01-01,2250,Male,17,1994-05-04,0.00022999999999999998,Single,0,,,No,,,Child,0.0,0,Yes,0,,NA,1,Created
17299,2011-05-04,2250,Male,18,1994-05-04,0.00022999999999999998,Single,0,,,Yes,35,2028-12-15,Permanent contract,12326.0,-45423,Yes,0,,NA,1,Life event: Adulthood
2251,2011-01-01,2251,Female,76,1935-05-01,0.02337,Widowed,0,,,No,,,Retired,18658.0,3950,No,0,,NA,1,Created
2252,2011-01-01,2252,Female,7,2004-10-02,7e-05,Single,0,,,Yes,32.0,2036-08-01,Child,0.0,0,Yes,0,32.0,2036-03-10,1,Created
2253,2011-01-01,2253,Female,46,1965-06-17,0.00134,Married,458,,2055-02-18,Yes,,,Permanent contract,76266.0,145357,Yes,1,,NA,1,Created
2254,2011-01-01,2254,Female,65,1946-06-14,0.007559999999999999,Married,459,,2015-12-22,Yes,,,Unemployed,42209.0,151589,Yes,2,,NA,1,Created
17508,2011-06-14,2254,Female,66,1946-06-14,0.007559999999999999,Married,459,,2015-12-22,Yes,,,Retired,29546.3,151589,Yes,2,,NA,1,Life event: Retired
2255,2011-01-01,2255,Male,46,1965-12-22,0.00172,Married,460,,2033-02-10,Yes,,,Flexible contract,3749.0,-28292,Yes,2,,NA,1,Created
2256,2011-01-01,2256,Female,41,1970-02-22,0.0007700000000000001,Single,0,,,Yes,36.0,,Entrepreneur with personel,11462.0,4836,No,0,,NA,1,Created
2257,2011-01-01,2257,Male,42,1969-01-31,0.00128,Married,461,,2028-12-28,Yes,,,Flexible contract,47921.0,237950,Yes,2,,NA,1,Created
2258,2011-01-01,2258,Male,76,1935-02-09,0.0375,Widowed,0,,,Yes,,,Retired,87464.0,17593,Yes,0,,NA,1,Created
2259,2011-01-01,2259,Male,65,1946-04-19,0.01141,Married,462,,2049-09-10,Yes,,,Permanent contract,61646.0,122458,No,2,,NA,1,Created
17236,2011-04-19,2259,Male,66,1946-04-19,0.01141,Married,462,,2049-09-10,Yes,,,Retired,43152.2,122458,No,2,,NA,1,Life event: Retired
2260,2011-01-01,2260,Female,77,1934-10-08,0.0259,Married,460,,2033-02-10,Yes,,,Retired,19395.0,2648,Yes,2,,NA,1,Created
2261,2011-01-01,2261,Female,56,1955-08-22,0.0041,Divorced,0,,,No,,,Flexible contract,8318.0,8935,Yes,0,,NA,1,Created
2262,2011-01-01,2262,Female,67,1944-01-07,0.00974,Married,461,,2028-12-28,Yes,,,Permanent contract,17624.0,296392,Yes,2,,NA,1,Created
16686,2011-01-07,2262,Female,68,1944-01-07,0.00974,Married,461,,2028-12-28,Yes,,,Retired,12336.8,296392,Yes,2,,NA,1,Life event: Retired
2263,2011-01-01,2263,Male,18,1993-03-15,0.00032,Single,0,,,Yes,49.0,2042-05-15,Entrepreneur with personel,13108.0,284225,Yes,0,,NA,1,Created
2264,2011-01-01,2264,Female,20,1991-04-01,0.00018,Single,0,,,No,,,Permanent contract,6154.0,3514,No,0,26.0,2017-05-09,1,Created
2265,2011-01-01,2265,Female,73,1938-02-21,0.01577,Widowed,0,,,Yes,,,Retired,37070.0,143848,Yes,0,,NA,1,Created
2266,2011-01-01,2266,Female,45,1966-05-31,0.00134,Married,462,,2049-09-10,Yes,,,Flexible contract,4407.0,-4992,No,2,,NA,1,Created
2267,2011-01-01,2267,Female,21,1990-05-28,0.00016,Single,0,,,No,,,Permanent contract,6363.0,50682,Yes,0,33.0,2023-08-22,1,Created
2268,2011-01-01,2268,Female,48,1963-04-26,0.0018800000000000002,Married,463,,2049-09-19,No,,,Entrepreneur without personnel,32661.0,-599,Yes,2,,NA,1,Created
2269,2011-01-01,2269,Male,16,1995-09-19,0.00029,Single,0,,,No,,,Child,0.0,0,Yes,0,,NA,1,Created
19110,2012-09-19,2269,Male,18,1995-09-19,0.00029,Single,0,,,Yes,55,2049-07-05,Permanent contract,12102.0,160875,Yes,0,,NA,1,Life event: Adulthood
2270,2011-01-01,2270,Female,22,1989-01-20,0.00023999999999999998,Single,0,,,Yes,22.0,2011-05-27,Entrepreneur with personel,20768.0,914,Yes,0,29.0,2018-04-23,1,Created
17422,2011-05-27,2270,Female,23,1989-01-20,0.00023999999999999998,Married,3440,60,2071-11-16,Yes,22,2011-05-27,Entrepreneur with personel,20768.0,914,Yes,0,29,2018-04-23,1,Life event: Married
2271,2011-01-01,2271,Female,28,1983-04-11,0.00025,Single,0,,,Yes,35.0,2018-09-14,Permanent contract,139141.0,58716,No,0,33.0,2016-04-17,1,Created
2272,2011-01-01,2272,Female,55,1956-12-16,0.00372,Married,464,,2019-07-01,No,,,Permanent contract,31413.0,345,No,1,,NA,1,Created
2273,2011-01-01,2273,Male,16,1995-04-16,0.00029,Single,0,,,No,,,Child,0.0,0,No,0,,NA,1,Created
18675,2012-04-16,2273,Male,18,1995-04-16,0.00029,Single,0,,,No,,,Permanent contract,44661.0,-1408,No,0,,NA,1,Life event: Adulthood
2274,2011-01-01,2274,Female,32,1979-07-29,0.00041,Single,0,,,No,,,Permanent contract,9405.0,46115,No,0,,NA,1,Created
2275,2011-01-01,2275,Female,70,1941-10-26,0.01252,Widowed,0,,,Yes,,,Retired,42894.0,99487,Yes,0,,NA,1,Created
2276,2011-01-01,2276,Female,56,1955-11-14,0.0041,Married,465,,2032-05-22,No,,,Flexible contract,15491.0,-2386,No,3,,NA,1,Created
2277,2011-01-01,2277,Male,61,1950-10-28,0.00747,Married,463,,2049-09-19,No,,,Permanent contract,34797.0,189237,Yes,2,,NA,1,Created
2278,2011-01-01,2278,Male,4,2007-01-13,0.00011,Single,0,,,No,,,Child,0.0,0,Yes,0,,NA,1,Created
2279,2011-01-01,2279,Male,72,1939-09-09,0.02384,Divorced,0,,,No,,,Retired,33471.0,-40555,No,0,,NA,1,Created
2280,2011-01-01,2280,Male,55,1956-10-18,0.00419,Married,464,,2019-07-01,No,,,Permanent contract,168868.0,4542,No,1,,NA,1,Created
2281,2011-01-01,2281,Male,23,1988-12-12,0.00039,Single,0,,,No,,,Permanent contract,3034.0,250531,No,0,,NA,1,Created
2282,2011-01-01,2282,Female,65,1946-02-23,0.007559999999999999,Married,466,,2067-10-02,No,,,Permanent contract,3532.0,884,Yes,1,,NA,1,Created
16955,2011-02-23,2282,Female,66,1946-02-23,0.007559999999999999,Married,466,,2067-10-02,No,,,Retired,2472.3999999999996,884,Yes,1,,NA,1,Life event: Retired
2283,2011-01-01,2283,Male,1,2010-02-13,0.00056,Single,0,,,No,,,Child,0.0,0,Yes,0,,NA,1,Created
2284,2011-01-01,2284,Female,61,1950-08-14,0.00562,Married,467,,2037-01-18,No,,,Permanent contract,113949.0,6593,Yes,2,,NA,1,Created
2285,2011-01-01,2285,Female,56,1955-11-18,0.0041,Single,0,,,No,,,Flexible contract,12017.0,996022,No,0,,NA,1,Created
2286,2011-01-01,2286,Female,37,1974-05-13,0.00057,Married,468,,2060-03-01,No,,,Flexible contract,9450.0,37022,Yes,2,,NA,1,Created
2287,2011-01-01,2287,Male,2,2009-01-10,0.00021,Single,0,,,No,,,Child,0.0,0,No,0,,NA,1,Created
2288,2011-01-01,2288,Male,77,1934-05-30,0.0418,Married,465,,2032-05-22,Yes,,,Retired,7136.0,73378,No,3,,NA,1,Created
2289,2011-01-01,2289,Male,18,1993-09-13,0.00032,Single,0,,,No,,,Permanent contract,66814.0,429,Yes,0,,NA,1,Created
2290,2011-01-01,2290,Female,27,1984-02-11,0.00025,Single,0,,,No,,,Entrepreneur without personnel,33421.0,-19840,No,0,31.0,2015-11-20,1,Created
2291,2011-01-01,2291,Male,90,1921-04-24,0.16977,Widowed,0,,,Yes,,,Retired,18530.0,52533,No,0,,NA,1,Created
2292,2011-01-01,2292,Male,7,2004-06-09,9e-05,Single,0,,,No,,,Child,0.0,0,No,0,,NA,1,Created
2293,2011-01-01,2293,Male,13,1998-12-08,0.00014,Single,0,,,No,,,Child,0.0,0,No,0,,NA,1,Created
2294,2011-01-01,2294,Male,52,1959-02-04,0.00314,Married,466,,2067-10-02,Yes,,,Entrepreneur without personnel,6811.0,95193,Yes,1,,NA,1,Created
2295,2011-01-01,2295,Male,35,1976-04-24,0.00055,Married,467,,2037-01-18,No,,,Permanent contract,4059.0,6603,Yes,2,,NA,1,Created
2296,2011-01-01,2296,Male,27,1984-04-03,0.00044,Single,0,,,Yes,31.0,2015-11-25,Flexible contract,43497.0,805,Yes,0,,NA,1,Created
2297,2011-01-01,2297,Male,44,1967-09-29,0.0013599999999999999,Married,468,,2060-03-01,Yes,,,Permanent contract,16842.0,811,Yes,2,,NA,1,Created
2298,2011-01-01,2298,Female,41,1970-11-28,0.0007700000000000001,Married,469,,2025-03-04,No,,,Permanent contract,48013.0,-12485,Yes,1,,NA,1,Created
2299,2011-01-01,2299,Male,2,2009-04-27,0.00021,Single,0,,,No,,,Child,0.0,0,Yes,0,,NA,1,Created
2300,2011-01-01,2300,Male,64,1947-01-19,0.01097,Divorced,0,,,No,,,Permanent contract,30893.0,216410,Yes,0,,NA,1,Created
16763,2011-01-19,2300,Male,65,1947-01-19,0.01097,Divorced,0,,,No,,,Retired,21625.1,216410,Yes,0,,NA,1,Life event: Retired
2301,2011-01-01,2301,Male,89,1922-05-15,0.16272,Widowed,0,,,No,,,Retired,21773.0,129984,Yes,0,,NA,1,Created
18573,2012-03-07,2301,Male,90,1922-05-15,0.16272,Widowed,0,,,No,,,Retired,21773.0,129984,Yes,0,,NA,0,Life event: Deceased
2302,2011-01-01,2302,Male,24,1987-01-06,0.00047999999999999996,Single,0,,,No,,,Permanent contract,14805.0,6953,No,0,,NA,1,Created
2303,2011-01-01,2303,Female,72,1939-06-21,0.01411,Married,470,,2030-02-27,Yes,,,Retired,7008.0,82539,Yes,3,,NA,1,Created
2304,2011-01-01,2304,Female,51,1960-12-26,0.0023899999999999998,Married,471,,2026-11-25,Yes,,,Flexible contract,28747.0,993,No,1,,NA,1,Created
2305,2011-01-01,2305,Female,7,2004-04-22,7e-05,Single,0,,,Yes,50.0,2054-04-20,Child,0.0,0,No,0,30.0,2034-09-11,1,Created
2306,2011-01-01,2306,Male,48,1963-01-26,0.0021100000000000003,Married,469,,2025-03-04,Yes,,,Permanent contract,5862.0,77279,Yes,1,,NA,1,Created
2307,2011-01-01,2307,Male,22,1989-04-22,0.00041,Single,0,,,No,,,Entrepreneur with personel,9175.0,-15432,No,0,,NA,1,Created
2308,2011-01-01,2308,Male,48,1963-06-28,0.0021100000000000003,Married,470,,2030-02-27,No,,,Permanent contract,25703.0,126462,Yes,3,,NA,1,Created
2309,2011-01-01,2309,Male,52,1959-08-02,0.00314,Married,471,,2026-11-25,No,,,Unemployed,3336.0,19784,No,1,,NA,1,Created
2310,2011-01-01,2310,Male,35,1976-10-04,0.00055,Single,0,,,Yes,26.0,,Permanent contract,169068.0,121033,No,0,,NA,1,Created
2311,2011-01-01,2311,Female,4,2007-12-24,5.9999999999999995e-05,Single,0,,,No,,,Child,0.0,0,No,0,34.0,2041-09-04,1,Created
2312,2011-01-01,2312,Male,54,1957-08-04,0.00404,Single,0,,,No,,,Permanent contract,35680.0,-2225,Yes,0,,NA,1,Created
17395,2011-05-20,2312,Male,54,1957-08-04,0.00404,Single,0,,,No,,,Permanent contract,35680.0,-2225,Yes,0,,NA,0,Life event: Deceased
2313,2011-01-01,2313,Female,34,1977-04-27,0.00037,Single,0,,,No,,,Entrepreneur with personel,14999.0,355,No,0,,NA,1,Created
2314,2011-01-01,2314,Male,3,2008-01-11,0.0002,Single,0,,,Yes,34.0,2042-06-30,Child,0.0,0,No,0,,NA,1,Created
2315,2011-01-01,2315,Female,51,1960-05-12,0.0023899999999999998,Single,0,,,No,,,Entrepreneur without personnel,39218.0,-28229,Yes,0,,NA,1,Created
2316,2011-01-01,2316,Female,55,1956-10-12,0.00372,Divorced,0,,,Yes,,,Permanent contract,18229.0,7789,No,0,,NA,1,Created
2317,2011-01-01,2317,Female,42,1969-12-17,0.001,Married,472,,2047-09-30,Yes,,,Unemployed,87391.0,310592,No,1,,NA,1,Created
2318,2011-01-01,2318,Male,31,1980-09-17,0.00041,Single,0,,,No,,,Permanent contract,15037.0,-5296,Yes,0,,NA,1,Created
2319,2011-01-01,2319,Female,70,1941-04-05,0.01252,Married,473,,2032-03-14,Yes,,,Retired,15895.0,133298,Yes,1,,NA,1,Created
2320,2011-01-01,2320,Male,29,1982-04-18,0.0005200000000000001,Single,0,,,No,,,Entrepreneur without personnel,5112.0,781,Yes,0,,NA,1,Created
2321,2011-01-01,2321,Male,50,1961-07-07,0.00257,Married,472,,2047-09-30,Yes,,,Flexible contract,47159.0,119308,No,1,,NA,1,Created
2322,2011-01-01,2322,Male,22,1989-05-20,0.00041,Single,0,,,No,,,Permanent contract,7331.0,305689,Yes,0,,NA,1,Created
2323,2011-01-01,2323,Female,5,2006-01-25,4e-05,Single,0,,,Yes,47.0,2053-12-24,Child,0.0,0,Yes,0,31.0,2037-01-13,1,Created
2324,2011-01-01,2324,Female,68,1943-01-19,0.00983,Married,474,,2052-08-13,Yes,,,Retired,35699.0,443132,No,2,,NA,1,Created
18448,2012-01-20,2324,Female,70,1943-01-19,0.00983,Married,474,,2052-08-13,Yes,,,Retired,35699.0,443132,No,2,,NA,0,Life event: Deceased
2325,2011-01-01,2325,Female,98,1913-08-09,0.27366999999999997,Widowed,0,,,Yes,,,Retired,21648.0,214528,Yes,0,,NA,1,Created
2326,2011-01-01,2326,Female,26,1985-08-12,1.0,Single,0,,,No,,,Entrepreneur without personnel,39857.0,-29000,No,0,,NA,1,Created
18631,2012-03-30,2326,Female,27,1985-08-12,1.0,Single,0,,,No,,,Entrepreneur without personnel,39857.0,-29000,No,0,,NA,0,Life event: Deceased
2327,2011-01-01,2327,Female,39,1972-06-26,0.00074,Married,475,,2029-06-28,Yes,,,Permanent contract,54415.0,96371,Yes,3,,NA,1,Created
2328,2011-01-01,2328,Female,43,1968-06-23,0.0009699999999999999,Married,476,,2020-11-22,No,,,Permanent contract,13567.0,470575,Yes,3,,NA,1,Created
2329,2011-01-01,2329,Female,58,1953-02-07,0.00448,Married,477,,2039-03-08,No,,,Permanent contract,10115.0,212775,Yes,2,,NA,1,Created
2330,2011-01-01,2330,Female,20,1991-12-21,0.00018,Single,0,,,No,,,Permanent contract,28563.0,104959,Yes,0,29.0,2020-04-30,1,Created
2331,2011-01-01,2331,Male,78,1933-02-01,0.04668,Married,473,,2032-03-14,No,,,Retired,4149.0,234817,Yes,1,,NA,1,Created
2332,2011-01-01,2332,Male,18,1993-09-28,0.00032,Single,0,,,No,,,Entrepreneur with personel,35234.0,-33980,Yes,0,,NA,1,Created
2333,2011-01-01,2333,Male,51,1960-05-24,0.00301,Widowed,0,,,No,,,Permanent contract,23686.0,11458,Yes,0,,NA,1,Created
2334,2011-01-01,2334,Male,45,1966-07-24,0.0014199999999999998,Single,0,,,Yes,46.0,2012-07-12,Entrepreneur with personel,1708.0,76,Yes,0,,NA,1,Created
18920,2012-07-12,2334,Male,46,1966-07-24,0.0014199999999999998,Married,3488,18,2030-01-30,Yes,46,2012-07-12,Entrepreneur with personel,1708.0,76,Yes,0,,NA,1,Life event: Married
2335,2011-01-01,2335,Male,73,1938-01-05,0.0262,Married,474,,2052-08-13,Yes,,,Retired,6910.0,-18291,No,2,,NA,1,Created
18449,2012-01-20,2335,Male,75,1938-01-05,0.0262,Widowed,474,,2052-08-13,Yes,,,Retired,6910.0,-18291,No,2,,NA,1,Life event: Widowed
2336,2011-01-01,2336,Female,78,1933-03-10,0.02817,Married,478,,2026-09-23,Yes,,,Retired,18724.0,17300,Yes,1,,NA,1,Created
2337,2011-01-01,2337,Female,47,1964-11-27,0.00168,Divorced,0,,,Yes,,,Permanent contract,17982.0,95698,No,0,,NA,1,Created
2338,2011-01-01,2338,Male,58,1953-01-15,0.00603,Divorced,0,,,No,,,Permanent contract,17191.0,-5751,Yes,0,,NA,1,Created
2339,2011-01-01,2339,Male,49,1962-06-14,0.00242,Divorced,0,,,Yes,,,Permanent contract,15634.0,244245,Yes,0,,NA,1,Created
2340,2011-01-01,2340,Male,61,1950-08-06,0.00747,Married,475,,2029-06-28,No,,,Permanent contract,18131.0,140309,Yes,3,,NA,1,Created
2341,2011-01-01,2341,Female,42,1969-01-23,0.001,Married,479,,2059-02-14,Yes,,,Flexible contract,4804.0,65549,Yes,1,,NA,1,Created
2342,2011-01-01,2342,Male,66,1945-10-15,0.01401,Married,476,,2020-11-22,Yes,,,Permanent contract,19671.0,313053,Yes,3,,NA,1,Created
18052,2011-10-15,2342,Male,67,1945-10-15,0.01401,Married,476,,2020-11-22,Yes,,,Retired,13769.699999999999,313053,Yes,3,,NA,1,Life event: Retired
2343,2011-01-01,2343,Female,40,1971-09-26,0.0006900000000000001,Married,480,,2019-03-15,No,,,Permanent contract,15233.0,51276,No,3,41.0,2012-08-13,1,Created
19000,2012-08-13,2343,Female,41,1971-09-26,0.0006900000000000001,Married,480,,2019-03-15,No,,,Permanent contract,15233.0,51276,No,3,41,2012-08-13,1,Life event: Children born
2344,2011-01-01,2344,Male,52,1959-09-12,0.00314,Married,477,,2039-03-08,Yes,,,Entrepreneur without personnel,40336.0,-38610,Yes,2,,NA,1,Created
2345,2011-01-01,2345,Female,66,1945-04-29,0.009040000000000001,Married,481,,2041-05-13,No,,,Unemployed,4023.0,334979,No,2,,NA,1,Created
17270,2011-04-29,2345,Female,67,1945-04-29,0.009040000000000001,Married,481,,2041-05-13,No,,,Retired,2816.1,334979,No,2,,NA,1,Life event: Retired
2346,2011-01-01,2346,Male,8,2003-10-30,9e-05,Single,0,,,Yes,38.0,2041-08-07,Child,0.0,0,Yes,0,,NA,1,Created
2347,2011-01-01,2347,Male,104,1907-10-15,1.0,Widowed,0,,,No,,,Retired,36270.0,91731,Yes,0,,NA,1,Created
17116,2011-03-25,2347,Male,104,1907-10-15,1.0,Widowed,0,,,No,,,Retired,36270.0,91731,Yes,0,,NA,0,Life event: Deceased
2348,2011-01-01,2348,Male,54,1957-08-17,0.00404,Divorced,0,,,Yes,,,Permanent contract,13914.0,-4782,Yes,0,,NA,1,Created
2349,2011-01-01,2349,Male,65,1946-06-01,0.01141,Married,478,,2026-09-23,Yes,,,Entrepreneur without personnel,19459.0,147372,Yes,1,,NA,1,Created
17441,2011-06-01,2349,Male,66,1946-06-01,0.01141,Married,478,,2026-09-23,Yes,,,Retired,13621.3,147372,Yes,1,,NA,1,Life event: Retired
2350,2011-01-01,2350,Female,44,1967-07-12,0.00107,Divorced,0,,,No,,,Flexible contract,8146.0,21242,Yes,0,,NA,1,Created
2351,2011-01-01,2351,Female,12,1999-07-06,5e-05,Single,0,,,No,,,Child,0.0,0,Yes,0,24.0,2023-08-28,1,Created
2352,2011-01-01,2352,Male,30,1981-10-09,0.00055,Single,0,,,No,,,Permanent contract,15900.0,-8980,Yes,0,,NA,1,Created
2353,2011-01-01,2353,Female,47,1964-12-07,0.00168,Divorced,0,,,No,,,Entrepreneur without personnel,22788.0,54164,No,0,,NA,1,Created
2354,2011-01-01,2354,Female,0,2011-10-12,0.0028899999999999998,Single,0,,,Yes,30.0,2041-09-27,Child,0.0,0,No,0,31.0,2042-04-30,1,Created
2355,2011-01-01,2355,Female,30,1981-01-07,0.00027,Single,0,,,Yes,30.0,2011-03-10,Permanent contract,43528.0,283374,No,0,32.0,2013-12-13,1,Created
17038,2011-03-10,2355,Female,31,1981-01-07,0.00027,Married,3429,38,2049-04-10,Yes,30,2011-03-10,Permanent contract,43528.0,283374,No,0,32,2013-12-13,1,Life event: Married
2356,2011-01-01,2356,Female,78,1933-10-10,0.02817,Married,482,,2055-04-02,Yes,,,Retired,14896.0,39293,No,2,,NA,1,Created
2357,2011-01-01,2357,Male,64,1947-02-11,0.01097,Widowed,0,,,No,,,Permanent contract,14144.0,210376,No,0,,NA,1,Created
16888,2011-02-11,2357,Male,65,1947-02-11,0.01097,Widowed,0,,,No,,,Retired,9900.8,210376,No,0,,NA,1,Life event: Retired
2358,2011-01-01,2358,Male,58,1953-02-27,0.00603,Married,479,,2059-02-14,No,,,Permanent contract,1497.0,633330,Yes,1,,NA,1,Created
2359,2011-01-01,2359,Female,51,1960-06-24,0.0023899999999999998,Single,0,,,No,,,Permanent contract,14094.0,3087020,No,0,,NA,1,Created
2360,2011-01-01,2360,Male,88,1923-02-15,0.14094,Widowed,0,,,Yes,,,Retired,40593.0,135841,No,0,,NA,1,Created
2361,2011-01-01,2361,Female,69,1942-01-29,0.0108,Married,483,,2063-08-23,Yes,,,Retired,24253.0,238680,Yes,2,,NA,1,Created
2362,2011-01-01,2362,Female,57,1954-04-15,0.00387,Married,484,,2063-07-09,No,,,Permanent contract,86670.0,-24854,Yes,1,,NA,1,Created
2363,2011-01-01,2363,Female,79,1932-07-05,0.03112,Married,485,,2025-06-08,Yes,,,Retired,4961.0,18470,No,3,,NA,1,Created
2364,2011-01-01,2364,Male,42,1969-02-13,0.00128,Married,480,,2019-03-15,Yes,,,Permanent contract,2176.0,174637,No,3,,NA,1,Created
2365,2011-01-01,2365,Male,46,1965-06-09,0.00172,Married,481,,2041-05-13,No,,,Entrepreneur without personnel,12218.0,12102,No,2,,NA,1,Created
2366,2011-01-01,2366,Male,10,2001-04-25,0.00011999999999999999,Single,0,,,Yes,46.0,2047-01-11,Child,0.0,0,No,0,,NA,1,Created
2367,2011-01-01,2367,Male,79,1932-03-31,0.05364,Widowed,0,,,Yes,,,Retired,92520.0,376660,No,0,,NA,1,Created
2368,2011-01-01,2368,Female,57,1954-12-14,0.00387,Married,486,,2036-12-16,No,,,Permanent contract,18096.0,2987,No,1,,NA,1,Created
2369,2011-01-01,2369,Male,38,1973-01-29,0.0009599999999999999,Divorced,0,,,Yes,,,Permanent contract,11242.0,5884,Yes,0,,NA,1,Created
2370,2011-01-01,2370,Male,50,1961-02-03,0.00257,Married,482,,2055-04-02,Yes,,,Permanent contract,155574.0,2556,No,2,,NA,1,Created
2371,2011-01-01,2371,Male,76,1935-12-28,0.0375,Divorced,0,,,Yes,,,Retired,4671.0,282644,Yes,0,,NA,1,Created
2372,2011-01-01,2372,Male,14,1997-02-21,0.00014,Single,0,,,No,,,Child,0.0,0,Yes,0,,NA,1,Created
2373,2011-01-01,2373,Male,65,1946-02-25,0.01141,Married,483,,2063-08-23,Yes,,,Flexible contract,88805.0,40094,Yes,2,,NA,1,Created
16974,2011-02-25,2373,Male,66,1946-02-25,0.01141,Married,483,,2063-08-23,Yes,,,Retired,62163.49999999999,40094,Yes,2,,NA,1,Life event: Retired
2374,2011-01-01,2374,Female,22,1989-05-31,0.00023999999999999998,Single,0,,,Yes,28.0,2017-05-08,Permanent contract,33428.0,821612,No,0,35.0,2024-03-04,1,Created
2375,2011-01-01,2375,Male,22,1989-06-21,0.00041,Single,0,,,No,,,Entrepreneur without personnel,13493.0,4622,Yes,0,,NA,1,Created
2376,2011-01-01,2376,Female,40,1971-04-06,0.0006900000000000001,Divorced,0,,,Yes,,,Permanent contract,49295.0,-13087,No,0,,NA,1,Created
2377,2011-01-01,2377,Male,57,1954-07-19,0.00572,Married,484,,2063-07-09,No,,,Flexible contract,23120.0,323382,Yes,1,,NA,1,Created
2378,2011-01-01,2378,Female,52,1959-07-22,0.00268,Married,487,,2021-06-20,No,,,Permanent contract,98735.0,-20145,Yes,3,,NA,1,Created
2379,2011-01-01,2379,Female,39,1972-11-02,0.00074,Single,0,,,Yes,33.0,,Permanent contract,18346.0,-442,No,0,,NA,1,Created
2380,2011-01-01,2380,Male,1,2010-11-23,0.00056,Single,0,,,No,,,Child,0.0,0,No,0,,NA,1,Created
2381,2011-01-01,2381,Male,55,1956-05-16,0.00419,Divorced,0,,,No,,,Permanent contract,33646.0,786196,No,0,,NA,1,Created
2382,2011-01-01,2382,Male,37,1974-11-30,0.00082,Married,485,,2025-06-08,No,,,Flexible contract,27809.0,184,No,3,,NA,1,Created
2383,2011-01-01,2383,Male,25,1986-01-22,0.00033999999999999997,Single,0,,,Yes,30.0,2016-01-17,Entrepreneur without personnel,14718.0,-21262,Yes,0,,NA,1,Created
2384,2011-01-01,2384,Female,27,1984-06-01,0.00025,Single,0,,,Yes,50.0,2034-06-11,Permanent contract,43986.0,427107,No,0,39.0,2023-06-08,1,Created
2385,2011-01-01,2385,Female,49,1962-10-30,0.00193,Married,488,,2028-08-31,Yes,,,Flexible contract,23925.0,-3252,No,1,,NA,1,Created
2386,2011-01-01,2386,Male,83,1928-01-11,0.08242999999999999,Divorced,0,,,No,,,Retired,8571.0,806,Yes,0,,NA,1,Created
2387,2011-01-01,2387,Male,49,1962-03-19,0.00242,Married,486,,2036-12-16,No,,,Flexible contract,20394.0,2402,No,1,,NA,1,Created
2388,2011-01-01,2388,Male,40,1971-07-24,0.0009400000000000001,Married,487,,2021-06-20,Yes,,,Entrepreneur without personnel,5770.0,129930,Yes,3,,NA,1,Created
2389,2011-01-01,2389,Male,75,1936-11-15,0.033710000000000004,Widowed,0,,,No,,,Retired,85207.0,-20007,No,0,,NA,1,Created
2390,2011-01-01,2390,Female,44,1967-02-08,0.00107,Single,0,,,Yes,45.0,2012-03-11,Permanent contract,13382.0,-29694,Yes,0,,NA,1,Created
18583,2012-03-11,2390,Female,46,1967-02-08,0.00107,Married,3479,28,2040-09-28,Yes,45,2012-03-11,Permanent contract,13382.0,-29694,Yes,0,,NA,1,Life event: Married
2391,2011-01-01,2391,Female,65,1946-07-13,0.007559999999999999,Married,489,,2049-03-24,No,,,Permanent contract,3499.0,94,No,1,,NA,1,Created
17645,2011-07-13,2391,Female,66,1946-07-13,0.007559999999999999,Married,489,,2049-03-24,No,,,Retired,2449.2999999999997,94,No,1,,NA,1,Life event: Retired
2392,2011-01-01,2392,Male,17,1994-08-15,0.00022999999999999998,Single,0,,,No,,,Child,0.0,0,No,0,,NA,1,Created
17802,2011-08-15,2392,Male,18,1994-08-15,0.00022999999999999998,Single,0,,,No,,,Unemployed,152848.0,35160,No,0,,NA,1,Life event: Adulthood
2393,2011-01-01,2393,Male,6,2005-03-11,5.9999999999999995e-05,Single,0,,,No,,,Child,0.0,0,Yes,0,,NA,1,Created
2394,2011-01-01,2394,Female,77,1934-08-07,0.0259,Married,490,,2031-01-09,No,,,Retired,36240.0,1580,No,1,,NA,1,Created
2395,2011-01-01,2395,Male,26,1985-08-06,1.0,Single,0,,,No,,,Permanent contract,2235.0,279227,Yes,0,,NA,1,Created
17292,2011-05-03,2395,Male,26,1985-08-06,1.0,Single,0,,,No,,,Permanent contract,2235.0,279227,Yes,0,,NA,0,Life event: Deceased
2396,2011-01-01,2396,Female,68,1943-11-23,0.00983,Divorced,0,,,No,,,Retired,7344.0,375,No,0,,NA,1,Created
2397,2011-01-01,2397,Male,27,1984-12-04,0.00044,Single,0,,,Yes,40.0,2024-06-11,Flexible contract,8757.0,-4696,Yes,0,,NA,1,Created
2398,2011-01-01,2398,Female,44,1967-07-27,0.00107,Married,491,,2035-04-24,No,,,Flexible contract,17357.0,1091,Yes,1,,NA,1,Created
2399,2011-01-01,2399,Male,80,1931-08-08,0.05987000000000001,Married,488,,2028-08-31,No,,,Retired,10366.0,17228,No,1,,NA,1,Created
2400,2011-01-01,2400,Male,62,1949-12-25,0.008409999999999999,Single,0,,,Yes,21.0,,Unemployed,5588.0,6345,Yes,0,,NA,1,Created
2401,2011-01-01,2401,Male,104,1907-01-21,1.0,Widowed,0,,,Yes,,,Retired,14017.0,178586,No,0,,NA,1,Created
18424,2012-01-14,2401,Male,105,1907-01-21,1.0,Widowed,0,,,Yes,,,Retired,14017.0,178586,No,0,,NA,0,Life event: Deceased
2402,2011-01-01,2402,Female,61,1950-11-30,0.00562,Married,492,,2076-08-15,No,,,Entrepreneur with personel,3964.0,31746,Yes,2,,NA,1,Created
2403,2011-01-01,2403,Female,16,1995-02-16,8e-05,Single,0,,,Yes,45.0,2040-03-01,Child,0.0,0,No,0,27.0,2022-04-11,1,Created
18520,2012-02-16,2403,Female,18,1995-02-16,8e-05,Single,0,,,Yes,28,2022-04-09,Entrepreneur without personnel,72543.0,387036,No,0,27,2022-04-11,1,Life event: Adulthood
2404,2011-01-01,2404,Female,47,1964-03-05,0.00168,Single,0,,,No,,,Permanent contract,22615.0,14251,No,0,,NA,1,Created
2405,2011-01-01,2405,Male,33,1978-10-20,0.00047999999999999996,Married,489,,2049-03-24,No,,,Flexible contract,28002.0,-31720,No,1,,NA,1,Created
2406,2011-01-01,2406,Male,27,1984-11-16,0.00044,Single,0,,,No,,,Permanent contract,17247.0,-4454,Yes,0,,NA,1,Created
2407,2011-01-01,2407,Female,18,1993-07-30,0.00023999999999999998,Single,0,,,No,,,Permanent contract,7373.0,271624,No,0,35.0,2028-03-26,1,Created
2408,2011-01-01,2408,Male,69,1942-11-01,0.01804,Married,490,,2031-01-09,No,,,Retired,44724.0,107619,No,1,,NA,1,Created
2409,2011-01-01,2409,Male,9,2002-01-19,0.00014,Single,0,,,No,,,Child,0.0,0,Yes,0,,NA,1,Created
2410,2011-01-01,2410,Female,22,1989-09-20,0.00023999999999999998,Single,0,,,No,,,Flexible contract,16234.0,306392,Yes,0,31.0,2020-07-08,1,Created
2411,2011-01-01,2411,Male,61,1950-11-17,0.00747,Married,491,,2035-04-24,Yes,,,Permanent contract,49102.0,11070,Yes,1,,NA,1,Created
2412,2011-01-01,2412,Male,8,2003-12-18,9e-05,Single,0,,,Yes,27.0,2030-04-30,Child,0.0,0,No,0,,NA,1,Created
2413,2011-01-01,2413,Male,76,1935-03-28,0.0375,Single,0,,,Yes,53.0,,Retired,38930.0,7461,Yes,0,,NA,1,Created
2414,2011-01-01,2414,Female,4,2007-01-12,5.9999999999999995e-05,Single,0,,,Yes,25.0,2032-08-19,Child,0.0,0,Yes,0,32.0,2039-10-04,1,Created
2415,2011-01-01,2415,Female,35,1976-07-22,0.00033999999999999997,Single,0,,,No,,,Permanent contract,19611.0,49523,No,0,,NA,1,Created
2416,2011-01-01,2416,Male,27,1984-11-04,0.00044,Single,0,,,No,,,Permanent contract,27511.0,885,Yes,0,,NA,1,Created
2417,2011-01-01,2417,Female,24,1987-09-29,0.00018999999999999998,Single,0,,,No,,,Permanent contract,14090.0,343,No,0,,NA,1,Created
2418,2011-01-01,2418,Female,54,1957-08-25,0.00313,Divorced,0,,,Yes,,,Permanent contract,82691.0,319839,Yes,0,,NA,1,Created
2419,2011-01-01,2419,Male,11,2000-10-08,9e-05,Single,0,,,Yes,62.0,2062-04-16,Child,0.0,0,Yes,0,,NA,1,Created
2420,2011-01-01,2420,Female,55,1956-07-29,0.00372,Single,0,,,No,,,Entrepreneur without personnel,33217.0,133,No,0,,NA,1,Created
18538,2012-02-22,2420,Female,56,1956-07-29,0.00372,Single,0,,,No,,,Entrepreneur without personnel,33217.0,133,No,0,,NA,0,Life event: Deceased
2421,2011-01-01,2421,Female,2,2009-08-27,0.00015,Single,0,,,No,,,Child,0.0,0,No,0,30.0,2039-05-04,1,Created
2422,2011-01-01,2422,Male,65,1946-02-28,0.01141,Married,492,,2076-08-15,Yes,,,Entrepreneur with personel,66195.0,879934,Yes,2,,NA,1,Created
16993,2011-02-28,2422,Male,66,1946-02-28,0.01141,Married,492,,2076-08-15,Yes,,,Retired,46336.5,879934,Yes,2,,NA,1,Life event: Retired
2423,2011-01-01,2423,Female,73,1938-07-13,0.01577,Married,493,,2027-03-21,No,,,Retired,22925.0,-39924,Yes,1,,NA,1,Created
2424,2011-01-01,2424,Female,44,1967-06-28,0.00107,Married,494,,2019-05-17,Yes,,,Flexible contract,37774.0,11148,Yes,1,,NA,1,Created
2425,2011-01-01,2425,Female,63,1948-09-21,0.00672,Married,495,,2029-11-30,No,,,Flexible contract,75057.0,79828,No,1,,NA,1,Created
19118,2012-09-21,2425,Female,65,1948-09-21,0.00672,Married,495,,2029-11-30,No,,,Retired,52539.899999999994,79828,No,1,,NA,1,Life event: Retired
2426,2011-01-01,2426,Male,19,1992-03-05,0.00033,Single,0,,,No,,,Permanent contract,340.0,16102,Yes,0,,NA,1,Created
2427,2011-01-01,2427,Male,19,1992-08-20,0.00033,Single,0,,,No,,,Unemployed,39553.0,97891,No,0,,NA,1,Created
2428,2011-01-01,2428,Female,20,1991-12-18,0.00018,Single,0,,,No,,,Permanent contract,4759.0,77,Yes,0,31.0,2022-10-04,1,Created
2429,2011-01-01,2429,Female,13,1998-12-08,0.00011999999999999999,Single,0,,,No,,,Child,0.0,0,Yes,0,27.0,2025-04-21,1,Created
2430,2011-01-01,2430,Female,60,1951-12-06,0.00541,Married,496,,2018-12-18,No,,,Permanent contract,12129.0,124073,Yes,1,,NA,1,Created
2431,2011-01-01,2431,Female,57,1954-08-08,0.00387,Married,497,,2018-03-10,No,,,Permanent contract,1826.0,17292,Yes,1,,NA,1,Created
2432,2011-01-01,2432,Female,63,1948-01-17,0.00672,Single,0,,,No,,,Entrepreneur without personnel,13806.0,4131618,Yes,0,,NA,1,Created
18437,2012-01-17,2432,Female,65,1948-01-17,0.00672,Single,0,,,No,,,Retired,9664.199999999999,4131618,Yes,0,,NA,1,Life event: Retired
2433,2011-01-01,2433,Female,56,1955-07-09,0.0041,Married,498,,2032-02-29,No,,,Entrepreneur without personnel,28095.0,643,Yes,1,,NA,1,Created
2434,2011-01-01,2434,Female,25,1986-10-08,0.00022999999999999998,Single,0,,,Yes,38.0,2024-02-21,Entrepreneur without personnel,64318.0,15741,Yes,0,29.0,2015-10-05,1,Created
2435,2011-01-01,2435,Male,35,1976-10-16,0.00055,Married,493,,2027-03-21,Yes,,,Permanent contract,36756.0,8043,Yes,1,,NA,1,Created
2436,2011-01-01,2436,Female,24,1987-10-12,0.00018999999999999998,Single,0,,,No,,,Flexible contract,82040.0,23565,No,0,31.0,2018-01-01,1,Created
2437,2011-01-01,2437,Male,42,1969-06-27,0.00128,Single,0,,,No,,,Permanent contract,15234.0,616397,No,0,,NA,1,Created
2438,2011-01-01,2438,Male,41,1970-11-27,0.0008900000000000001,Single,0,,,No,,,Permanent contract,9788.0,2121,Yes,0,,NA,1,Created
2439,2011-01-01,2439,Female,56,1955-06-26,0.0041,Divorced,0,,,No,,,Entrepreneur without personnel,10335.0,-26230,Yes,0,,NA,1,Created
2440,2011-01-01,2440,Female,74,1937-04-28,0.0185,Married,499,,2026-07-27,No,,,Retired,39537.0,158330,No,2,,NA,1,Created
2441,2011-01-01,2441,Female,42,1969-12-17,0.001,Single,0,,,Yes,28.0,,Permanent contract,1864.0,124401,No,0,,NA,1,Created
2442,2011-01-01,2442,Female,58,1953-07-15,0.00448,Divorced,0,,,No,,,Unemployed,32007.0,45172,No,0,,NA,1,Created
2443,2011-01-01,2443,Female,57,1954-11-13,0.00387,Single,0,,,No,,,Permanent contract,14823.0,1671404,Yes,0,,NA,1,Created
2444,2011-01-01,2444,Female,44,1967-10-04,0.00107,Married,500,,2038-12-23,Yes,,,Entrepreneur without personnel,45660.0,363449,No,1,,NA,1,Created
2445,2011-01-01,2445,Male,9,2002-03-13,0.00014,Single,0,,,No,,,Child,0.0,0,No,0,,NA,1,Created
2446,2011-01-01,2446,Female,52,1959-03-01,0.00268,Single,0,,,Yes,60.0,2019-01-04,Permanent contract,9860.0,1384,No,0,,NA,1,Created
2447,2011-01-01,2447,Male,46,1965-08-27,0.00172,Single,0,,,Yes,36.0,,Flexible contract,16419.0,259219,Yes,0,,NA,1,Created
2448,2011-01-01,2448,Female,2,2009-09-26,0.00015,Single,0,,,No,,,Child,0.0,0,No,0,36.0,2045-07-04,1,Created
2449,2011-01-01,2449,Male,20,1991-04-18,0.00045,Single,0,,,No,,,Permanent contract,22591.0,297384,No,0,,NA,1,Created
2450,2011-01-01,2450,Female,38,1973-04-18,0.00063,Married,501,,2053-10-16,No,,,Permanent contract,8918.0,603721,No,2,39.0,2012-09-17,1,Created
19108,2012-09-17,2450,Female,40,1973-04-18,0.00063,Married,501,,2053-10-16,No,,,Permanent contract,8918.0,603721,No,1,39,2012-09-17,1,Life event: Children born
2451,2011-01-01,2451,Male,99,1912-02-15,0.39916999999999997,Married,494,,2019-05-17,Yes,,,Retired,20010.0,1142,Yes,1,,NA,1,Created
2452,2011-01-01,2452,Male,26,1985-12-05,1.0,Single,0,,,No,,,Flexible contract,6057.0,119204,No,0,,NA,1,Created
2453,2011-01-01,2453,Male,65,1946-04-22,0.01141,Married,495,,2029-11-30,Yes,,,Flexible contract,14935.0,261494,No,1,,NA,1,Created
17244,2011-04-22,2453,Male,66,1946-04-22,0.01141,Married,495,,2029-11-30,Yes,,,Retired,10454.5,261494,No,1,,NA,1,Life event: Retired
2454,2011-01-01,2454,Female,60,1951-09-28,0.00541,Widowed,0,,,Yes,,,Permanent contract,35415.0,411318,Yes,0,,NA,1,Created
2455,2011-01-01,2455,Male,6,2005-06-14,5.9999999999999995e-05,Single,0,,,No,,,Child,0.0,0,Yes,0,,NA,1,Created
2456,2011-01-01,2456,Female,23,1988-08-18,0.0001,Single,0,,,No,,,Permanent contract,38147.0,29399,Yes,0,31.0,2019-06-28,1,Created
2457,2011-01-01,2457,Male,13,1998-05-19,0.00014,Single,0,,,Yes,33.0,2031-01-20,Child,0.0,0,No,0,,NA,1,Created
2458,2011-01-01,2458,Female,64,1947-02-25,0.00713,Single,0,,,No,,,Permanent contract,5302.0,76773,Yes,0,,NA,1,Created
16975,2011-02-25,2458,Female,65,1947-02-25,0.00713,Single,0,,,No,,,Retired,3711.3999999999996,76773,Yes,0,,NA,1,Life event: Retired
2459,2011-01-01,2459,Female,5,2006-05-24,4e-05,Single,0,,,No,,,Child,0.0,0,Yes,0,34.0,2040-04-13,1,Created
2460,2011-01-01,2460,Male,41,1970-11-16,0.0008900000000000001,Divorced,0,,,Yes,,,Permanent contract,84671.0,-37890,No,0,,NA,1,Created
2461,2011-01-01,2461,Female,36,1975-01-06,0.00049,Single,0,,,No,,,Entrepreneur without personnel,42701.0,3876,No,0,,NA,1,Created
2462,2011-01-01,2462,Female,47,1964-11-26,0.00168,Married,502,,2024-03-19,Yes,,,Permanent contract,955.0,-22663,Yes,1,,NA,1,Created
2463,2011-01-01,2463,Male,40,1971-04-22,0.0009400000000000001,Married,496,,2018-12-18,Yes,,,Permanent contract,26465.0,5645,Yes,1,,NA,1,Created
2464,2011-01-01,2464,Female,73,1938-01-02,0.01577,Married,503,,2020-08-27,No,,,Retired,9291.0,-4786,No,2,,NA,1,Created
2465,2011-01-01,2465,Male,57,1954-01-02,0.00572,Divorced,0,,,No,,,Permanent contract,33895.0,23054,No,0,,NA,1,Created
2466,2011-01-01,2466,Male,65,1946-10-29,0.01141,Married,497,,2018-03-10,No,,,Flexible contract,51035.0,22076,Yes,1,,NA,1,Created
18109,2011-10-29,2466,Male,66,1946-10-29,0.01141,Married,497,,2018-03-10,No,,,Retired,35724.5,22076,Yes,1,,NA,1,Life event: Retired
2467,2011-01-01,2467,Female,63,1948-10-24,0.00672,Married,504,,2021-11-18,Yes,,,Permanent contract,17346.0,7549,Yes,3,,NA,1,Created
19186,2012-10-24,2467,Female,65,1948-10-24,0.00672,Married,504,,2021-11-18,Yes,,,Retired,12142.199999999999,7549,Yes,3,,NA,1,Life event: Retired
2468,2011-01-01,2468,Female,0,2011-12-15,0.0028899999999999998,Single,0,,,Yes,29.0,2040-04-15,Child,0.0,0,No,0,32.0,2043-12-29,1,Created
2469,2011-01-01,2469,Male,46,1965-10-18,0.00172,Married,498,,2032-02-29,Yes,,,Flexible contract,26289.0,-32116,Yes,1,,NA,1,Created
2470,2011-01-01,2470,Female,57,1954-03-04,0.00387,Married,505,,2065-06-19,No,,,Permanent contract,29960.0,5247,No,2,,NA,1,Created
2471,2011-01-01,2471,Female,58,1953-09-27,0.00448,Married,506,,2021-02-08,Yes,,,Permanent contract,32578.0,91437,No,1,,NA,1,Created
2472,2011-01-01,2472,Female,42,1969-07-26,0.001,Married,507,,2050-08-18,No,,,Permanent contract,13395.0,330,Yes,2,,NA,1,Created
2473,2011-01-01,2473,Female,39,1972-11-12,0.00074,Divorced,0,,,No,,,Permanent contract,15857.0,27,No,0,,NA,1,Created
2474,2011-01-01,2474,Female,28,1983-05-30,0.00025,Single,0,,,Yes,52.0,2035-10-23,Flexible contract,17120.0,-2330,Yes,0,37.0,2020-05-21,1,Created
2475,2011-01-01,2475,Female,5,2006-02-19,4e-05,Single,0,,,Yes,25.0,2031-05-01,Child,0.0,0,No,0,29.0,2035-01-12,1,Created
2476,2011-01-01,2476,Male,4,2007-03-21,0.00011,Single,0,,,No,,,Child,0.0,0,Yes,0,,NA,1,Created
2477,2011-01-01,2477,Male,61,1950-10-03,0.00747,Married,499,,2026-07-27,Yes,,,Flexible contract,10079.0,847984,No,2,,NA,1,Created
2478,2011-01-01,2478,Female,6,2005-03-07,8e-05,Single,0,,,No,,,Child,0.0,0,No,0,34.0,2039-09-15,1,Created
2479,2011-01-01,2479,Female,2,2009-12-22,0.00015,Single,0,,,Yes,33.0,2042-07-29,Child,0.0,0,No,0,26.0,2035-11-01,1,Created
2480,2011-01-01,2480,Male,38,1973-03-26,0.0009599999999999999,Married,500,,2038-12-23,Yes,,,Permanent contract,12578.0,-27032,No,1,,NA,1,Created
2481,2011-01-01,2481,Male,33,1978-08-17,0.00047999999999999996,Single,0,,,No,,,Permanent contract,24661.0,-798,No,0,,NA,1,Created
2482,2011-01-01,2482,Female,26,1985-01-23,1.0,Married,508,,2042-01-08,No,,,Permanent contract,99905.0,335710,No,2,26.0,2011-07-22,1,Created
16711,2011-01-10,2482,Female,26,1985-01-23,1.0,Married,508,,2042-01-08,No,,,Permanent contract,99905.0,335710,No,2,26,2011-07-22,0,Life event: Deceased
2483,2011-01-01,2483,Male,26,1985-09-05,1.0,Single,0,,,Yes,55.0,2040-09-05,Permanent contract,51025.0,4543,Yes,0,,NA,1,Created
18651,2012-04-07,2483,Male,27,1985-09-05,1.0,Single,0,,,Yes,55,2040-09-05,Permanent contract,51025.0,4543,Yes,0,,NA,0,Life event: Deceased
2484,2011-01-01,2484,Male,13,1998-03-09,0.00014,Single,0,,,No,,,Child,0.0,0,Yes,0,,NA,1,Created
2485,2011-01-01,2485,Female,41,1970-05-23,0.0007700000000000001,Married,509,,2018-04-28,No,,,Permanent contract,42625.0,288931,No,2,,NA,1,Created
2486,2011-01-01,2486,Male,30,1981-07-21,0.00055,Single,0,,,No,,,Permanent contract,37605.0,9052,Yes,0,,NA,1,Created
2487,2011-01-01,2487,Female,39,1972-09-22,0.00074,Married,510,,2031-05-04,No,,,Flexible contract,86389.0,796,No,2,,NA,1,Created
2488,2011-01-01,2488,Male,40,1971-10-19,0.0009400000000000001,Single,0,,,No,,,Entrepreneur without personnel,72793.0,49,No,0,,NA,1,Created
2489,2011-01-01,2489,Female,12,1999-10-19,5e-05,Single,0,,,No,,,Child,0.0,0,No,0,30.0,2029-01-07,1,Created
2490,2011-01-01,2490,Female,63,1948-12-04,0.00672,Married,511,,2058-03-07,Yes,,,Permanent contract,97818.0,278868,No,3,,NA,1,Created
19290,2012-12-04,2490,Female,65,1948-12-04,0.00672,Married,511,,2058-03-07,Yes,,,Retired,68472.59999999999,278868,No,3,,NA,1,Life event: Retired
2491,2011-01-01,2491,Male,1,2010-05-21,0.00056,Single,0,,,No,,,Child,0.0,0,No,0,,NA,1,Created
2492,2011-01-01,2492,Female,50,1961-01-16,0.00225,Married,512,,2012-02-20,Yes,,,Flexible contract,29389.0,85,No,2,,NA,1,Created
18532,2012-02-20,2492,Female,52,1961-01-16,0.00225,Divorced,512,,2012-02-20,Yes,,,Flexible contract,29389.0,85,No,2,,NA,1,Life event: Divorced
2493,2011-01-01,2493,Male,16,1995-11-27,0.00029,Single,0,,,No,,,Child,0.0,0,Yes,0,,NA,1,Created
19277,2012-11-27,2493,Male,18,1995-11-27,0.00029,Single,0,,,Yes,41,2035-12-30,Permanent contract,22281.0,599,Yes,0,,NA,1,Life event: Adulthood
2494,2011-01-01,2494,Male,17,1994-06-15,0.00022999999999999998,Single,0,,,No,,,Child,0.0,0,No,0,,NA,1,Created
17513,2011-06-15,2494,Male,18,1994-06-15,0.00022999999999999998,Single,0,,,No,,,Permanent contract,2738.0,9304,No,0,,NA,1,Life event: Adulthood
2495,2011-01-01,2495,Female,50,1961-01-16,0.00225,Single,0,,,No,,,Flexible contract,12566.0,3418857,Yes,0,,NA,1,Created
2496,2011-01-01,2496,Female,78,1933-10-19,0.02817,Single,0,,,No,,,Retired,24630.0,8764,No,0,,NA,1,Created
2497,2011-01-01,2497,Male,18,1993-04-27,0.00032,Single,0,,,Yes,35.0,2028-07-22,Permanent contract,47386.0,87731,No,0,,NA,1,Created
2498,2011-01-01,2498,Female,67,1944-12-02,0.00974,Married,513,,2057-02-12,Yes,,,Unemployed,1064.0,306225,No,2,,NA,1,Created
18250,2011-12-02,2498,Female,68,1944-12-02,0.00974,Married,513,,2057-02-12,Yes,,,Retired,744.8,306225,No,2,,NA,1,Life event: Retired
2499,2011-01-01,2499,Female,55,1956-12-25,0.00372,Married,514,,2011-08-12,Yes,,,Permanent contract,18749.0,-3472,No,1,,NA,1,Created
17784,2011-08-12,2499,Female,55,1956-12-25,0.00372,Divorced,514,,2011-08-12,Yes,,,Permanent contract,18749.0,-3472,No,1,,NA,1,Life event: Divorced
2500,2011-01-01,2500,Male,37,1974-03-23,0.00082,Single,0,,,Yes,31.0,,Permanent contract,25199.0,18770,Yes,0,,NA,1,Created
2501,2011-01-01,2501,Male,75,1936-10-23,0.033710000000000004,Married,501,,2053-10-16,Yes,,,Retired,90547.0,9465,No,2,,NA,1,Created
2502,2011-01-01,2502,Female,58,1953-09-13,0.00448,Married,515,,2052-12-19,No,,,Entrepreneur without personnel,13159.0,968734,No,1,,NA,1,Created
2503,2011-01-01,2503,Female,39,1972-05-10,0.00074,Married,516,,2054-04-24,No,,,Permanent contract,1114.0,162949,Yes,1,,NA,1,Created
2504,2011-01-01,2504,Female,72,1939-07-26,0.01411,Married,517,,2032-12-19,Yes,,,Retired,17599.0,318,Yes,1,,NA,1,Created
18789,2012-05-28,2504,Female,73,1939-07-26,0.01411,Married,517,,2032-12-19,Yes,,,Retired,17599.0,318,Yes,1,,NA,0,Life event: Deceased
2505,2011-01-01,2505,Male,29,1982-08-31,0.0005200000000000001,Married,502,,2024-03-19,No,,,Permanent contract,3804.0,2778,Yes,1,,NA,1,Created
2506,2011-01-01,2506,Female,74,1937-07-16,0.0185,Married,518,,2012-05-09,Yes,,,Retired,12034.0,278662,Yes,1,,NA,1,Created
18734,2012-05-09,2506,Female,75,1937-07-16,0.0185,Divorced,518,,2012-05-09,Yes,,,Retired,12034.0,278662,Yes,1,,NA,1,Life event: Divorced
2507,2011-01-01,2507,Female,59,1952-08-05,0.00479,Married,519,,2015-09-11,No,,,Permanent contract,744.0,-21428,Yes,1,,NA,1,Created
2508,2011-01-01,2508,Male,54,1957-02-10,0.00404,Married,503,,2020-08-27,No,,,Flexible contract,54238.0,2748827,No,2,,NA,1,Created
2509,2011-01-01,2509,Male,8,2003-08-25,9e-05,Single,0,,,No,,,Child,0.0,0,Yes,0,,NA,1,Created
2510,2011-01-01,2510,Female,28,1983-09-25,0.00025,Single,0,,,No,,,Flexible contract,8860.0,938456,Yes,0,30.0,2013-05-12,1,Created
2511,2011-01-01,2511,Female,19,1992-03-13,0.00014,Single,0,,,No,,,Permanent contract,44248.0,86190,No,0,34.0,2026-07-26,1,Created
2512,2011-01-01,2512,Male,88,1923-06-19,0.14094,Married,504,,2021-11-18,No,,,Retired,12893.0,10574,Yes,3,,NA,1,Created
2513,2011-01-01,2513,Male,40,1971-08-01,0.0009400000000000001,Married,505,,2065-06-19,No,,,Permanent contract,3974.0,43470,No,2,,NA,1,Created
2514,2011-01-01,2514,Male,16,1995-01-29,0.00029,Single,0,,,No,,,Child,0.0,0,No,0,,NA,1,Created
18476,2012-01-29,2514,Male,18,1995-01-29,0.00029,Single,0,,,Yes,82,2076-12-14,Flexible contract,80423.0,3026,No,0,,NA,1,Life event: Adulthood
2515,2011-01-01,2515,Female,12,1999-09-22,5e-05,Single,0,,,Yes,50.0,2049-06-21,Child,0.0,0,Yes,0,34.0,2033-01-23,1,Created
2516,2011-01-01,2516,Female,78,1933-03-03,0.02817,Widowed,0,,,Yes,,,Retired,27041.0,-37682,No,0,,NA,1,Created
2517,2011-01-01,2517,Female,36,1975-07-21,0.00049,Single,0,,,No,,,Permanent contract,5558.0,722989,Yes,0,,NA,1,Created
2518,2011-01-01,2518,Female,75,1936-09-26,0.01986,Married,520,,2022-11-14,No,,,Retired,15992.0,437,Yes,2,,NA,1,Created
2519,2011-01-01,2519,Male,60,1951-09-07,0.006840000000000001,Married,506,,2021-02-08,No,,,Permanent contract,48080.0,6195,No,1,,NA,1,Created
2520,2011-01-01,2520,Female,16,1995-04-14,8e-05,Single,0,,,Yes,32.0,2027-05-05,Child,0.0,0,No,0,22.0,2017-08-04,1,Created
18667,2012-04-14,2520,Female,18,1995-04-14,8e-05,Single,0,,,Yes,28,2022-10-07,Permanent contract,835.0,11821,No,0,22,2017-08-04,1,Life event: Adulthood
2521,2011-01-01,2521,Female,39,1972-03-31,0.00074,Married,521,,2054-03-20,Yes,,,Permanent contract,34197.0,161701,No,1,42.0,2014-12-14,1,Created
19004,2012-08-14,2521,Female,41,1972-03-31,0.00074,Widowed,521,,2054-03-20,Yes,,,Permanent contract,34197.0,161701,No,1,42,2014-12-14,1,Life event: Widowed
2522,2011-01-01,2522,Male,49,1962-05-19,0.00242,Divorced,0,,,No,,,Permanent contract,37080.0,19838,No,0,,NA,1,Created
2523,2011-01-01,2523,Female,15,1996-01-15,8e-05,Single,0,,,Yes,35.0,2031-07-21,Child,0.0,0,No,0,35.0,2031-07-12,1,Created
2524,2011-01-01,2524,Male,48,1963-08-26,0.0021100000000000003,Married,507,,2050-08-18,Yes,,,Permanent contract,70046.0,182579,Yes,2,,NA,1,Created
2525,2011-01-01,2525,Female,52,1959-04-06,0.00268,Divorced,0,,,No,,,Permanent contract,12916.0,-48660,Yes,0,,NA,1,Created
2526,2011-01-01,2526,Female,1,2010-05-23,0.00033999999999999997,Single,0,,,Yes,25.0,2035-05-21,Child,0.0,0,Yes,0,41.0,2051-02-14,1,Created
2527,2011-01-01,2527,Female,77,1934-11-11,0.0259,Divorced,0,,,Yes,,,Retired,37869.0,-2054,Yes,0,,NA,1,Created
2528,2011-01-01,2528,Male,65,1946-08-07,0.01141,Married,508,,2042-01-08,Yes,,,Unemployed,29455.0,184499,No,2,,NA,1,Created
16712,2011-01-10,2528,Male,65,1946-08-07,0.01141,Widowed,508,,2042-01-08,Yes,,,Unemployed,29455.0,184499,No,2,,NA,1,Life event: Widowed
17752,2011-08-07,2528,Male,66,1946-08-07,0.01141,Widowed,508,,2042-01-08,Yes,,,Retired,20618.5,184499,No,2,,NA,1,Life event: Retired
18935,2012-07-16,2528,Male,66,1946-08-07,0.01141,Widowed,508,,2042-01-08,Yes,,,Retired,20618.5,184499,No,2,,NA,0,Life event: Deceased
2529,2011-01-01,2529,Male,15,1996-11-27,0.00015,Single,0,,,Yes,30.0,2026-07-11,Child,0.0,0,Yes,0,,NA,1,Created
2530,2011-01-01,2530,Male,60,1951-04-28,0.006840000000000001,Married,509,,2018-04-28,No,,,Permanent contract,32821.0,285,No,2,,NA,1,Created
2531,2011-01-01,2531,Male,33,1978-08-31,0.00047999999999999996,Single,0,,,Yes,36.0,2014-08-05,Flexible contract,4783.0,-47306,Yes,0,,NA,1,Created
2532,2011-01-01,2532,Male,69,1942-10-25,0.01804,Widowed,0,,,Yes,,,Retired,30468.0,370708,No,0,,NA,1,Created
2533,2011-01-01,2533,Male,12,1999-05-18,0.00011,Single,0,,,No,,,Child,0.0,0,No,0,,NA,1,Created
2534,2011-01-01,2534,Male,50,1961-06-28,0.00257,Married,510,,2031-05-04,Yes,,,Flexible contract,37982.0,3336090,No,2,,NA,1,Created
2535,2011-01-01,2535,Male,35,1976-06-17,0.00055,Married,511,,2058-03-07,No,,,Permanent contract,8077.0,3469,No,3,,NA,1,Created
2536,2011-01-01,2536,Male,60,1951-01-11,0.006840000000000001,Married,512,,2012-02-20,Yes,,,Permanent contract,17899.0,133390,No,2,,NA,1,Created
18533,2012-02-20,2536,Male,62,1951-01-11,0.006840000000000001,Divorced,512,,2012-02-20,Yes,,,Permanent contract,17899.0,133390,No,2,,NA,1,Life event: Divorced
2537,2011-01-01,2537,Male,52,1959-06-17,0.00314,Married,513,,2057-02-12,Yes,,,Permanent contract,2573.0,147879,No,2,,NA,1,Created
2538,2011-01-01,2538,Female,36,1975-12-19,0.00049,Single,0,,,Yes,26.0,,Entrepreneur without personnel,45154.0,-22150,Yes,0,37.0,2012-07-23,1,Created
2539,2011-01-01,2539,Female,68,1943-10-03,0.00983,Married,522,,2052-11-13,Yes,,,Retired,7677.0,12266,No,2,,NA,1,Created
2540,2011-01-01,2540,Female,63,1948-02-29,0.00672,Married,523,,2042-12-02,Yes,,,Permanent contract,25657.0,266,Yes,2,,NA,1,Created
2541,2011-01-01,2541,Male,10,2001-08-11,0.00011999999999999999,Single,0,,,Yes,33.0,2034-11-20,Child,0.0,0,Yes,0,,NA,1,Created
2542,2011-01-01,2542,Female,17,1994-01-08,0.0001,Single,0,,,Yes,34.0,2028-03-16,Child,0.0,0,No,0,20.0,2014-04-02,1,Created
16696,2011-01-08,2542,Female,18,1994-01-08,0.0001,Single,0,,,Yes,23,2016-07-01,Permanent contract,9973.0,4336,No,0,20,2014-04-02,1,Life event: Adulthood
2543,2011-01-01,2543,Male,43,1968-04-16,0.00103,Single,0,,,No,,,Permanent contract,15755.0,306004,Yes,0,,NA,1,Created
2544,2011-01-01,2544,Male,60,1951-11-23,0.006840000000000001,Divorced,0,,,Yes,,,Permanent contract,29926.0,58249,Yes,0,,NA,1,Created
2545,2011-01-01,2545,Female,65,1946-08-09,0.007559999999999999,Married,524,,2028-09-27,Yes,,,Entrepreneur without personnel,44321.0,-2921,No,1,,NA,1,Created
17764,2011-08-09,2545,Female,66,1946-08-09,0.007559999999999999,Married,524,,2028-09-27,Yes,,,Retired,31024.699999999997,-2921,No,1,,NA,1,Life event: Retired
2546,2011-01-01,2546,Female,52,1959-02-05,0.00268,Married,525,,2032-02-29,No,,,Permanent contract,13596.0,130661,No,2,,NA,1,Created
2547,2011-01-01,2547,Male,68,1943-08-19,0.01522,Married,514,,2011-08-12,Yes,,,Retired,16052.0,3433934,No,1,,NA,1,Created
17785,2011-08-12,2547,Male,68,1943-08-19,0.01522,Divorced,514,,2011-08-12,Yes,,,Retired,16052.0,3433934,No,1,,NA,1,Life event: Divorced
2548,2011-01-01,2548,Female,6,2005-02-26,8e-05,Single,0,,,Yes,23.0,2028-01-16,Child,0.0,0,Yes,0,42.0,2047-12-27,1,Created
2549,2011-01-01,2549,Male,72,1939-10-27,0.02384,Widowed,0,,,No,,,Retired,22722.0,70,No,0,,NA,1,Created
2550,2011-01-01,2550,Female,59,1952-06-26,0.00479,Married,526,,2064-04-28,Yes,,,Permanent contract,13393.0,556354,No,1,,NA,1,Created
2551,2011-01-01,2551,Female,25,1986-11-18,0.00022999999999999998,Married,527,,2021-05-23,No,,,Flexible contract,33197.0,59100,Yes,1,25.0,2011-01-01,1,Created
16655,2011-01-01,2551,Female,25,1986-11-18,0.00022999999999999998,Married,527,,2021-05-23,No,,,Flexible contract,33197.0,59100,Yes,1,25.0,2011-01-01,1,Life event: Children born
2552,2011-01-01,2552,Female,4,2007-09-09,5.9999999999999995e-05,Single,0,,,No,,,Child,0.0,0,Yes,0,40.0,2047-03-07,1,Created
2553,2011-01-01,2553,Male,53,1958-12-08,0.0033299999999999996,Single,0,,,No,,,Permanent contract,34646.0,282894,No,0,,NA,1,Created
2554,2011-01-01,2554,Female,33,1978-04-23,0.00035,Single,0,,,No,,,Permanent contract,11667.0,-15851,No,0,,NA,1,Created
2555,2011-01-01,2555,Male,64,1947-06-19,0.01097,Married,515,,2052-12-19,Yes,,,Permanent contract,24819.0,175814,No,1,,NA,1,Created
17533,2011-06-19,2555,Male,65,1947-06-19,0.01097,Married,515,,2052-12-19,Yes,,,Retired,17373.3,175814,No,1,,NA,1,Life event: Retired
2556,2011-01-01,2556,Male,105,1906-01-22,1.0,Single,0,,,Yes,35.0,,Retired,13901.0,13745,No,0,,NA,1,Created
18485,2012-01-31,2556,Male,107,1906-01-22,1.0,Single,0,,,Yes,35,,Retired,13901.0,13745,No,0,,NA,0,Life event: Deceased
2557,2011-01-01,2557,Male,40,1971-11-29,0.0009400000000000001,Married,516,,2054-04-24,No,,,Permanent contract,8680.0,7400,Yes,1,,NA,1,Created
2558,2011-01-01,2558,Female,63,1948-01-22,0.00672,Married,528,,2057-10-26,No,,,Permanent contract,27546.0,207308,No,1,,NA,1,Created
18460,2012-01-22,2558,Female,65,1948-01-22,0.00672,Married,528,,2057-10-26,No,,,Retired,19282.199999999997,207308,No,1,,NA,1,Life event: Retired
2559,2011-01-01,2559,Female,48,1963-05-24,0.0018800000000000002,Divorced,0,,,No,,,Permanent contract,85526.0,-42069,No,0,,NA,1,Created
2560,2011-01-01,2560,Female,39,1972-02-21,0.00074,Single,0,,,Yes,27.0,,Permanent contract,37439.0,468,No,0,,NA,1,Created
2561,2011-01-01,2561,Female,66,1945-03-01,0.009040000000000001,Married,529,,2017-04-08,No,,,Permanent contract,14374.0,56178,Yes,1,,NA,1,Created
17000,2011-03-01,2561,Female,67,1945-03-01,0.009040000000000001,Married,529,,2017-04-08,No,,,Retired,10061.8,56178,Yes,1,,NA,1,Life event: Retired
2562,2011-01-01,2562,Female,4,2007-12-10,5.9999999999999995e-05,Single,0,,,No,,,Child,0.0,0,No,0,33.0,2040-12-16,1,Created
2563,2011-01-01,2563,Female,57,1954-03-31,0.00387,Married,530,,2053-11-30,Yes,,,Unemployed,26206.0,127821,No,3,,NA,1,Created
2564,2011-01-01,2564,Female,40,1971-09-05,0.0006900000000000001,Divorced,0,,,No,,,Permanent contract,12872.0,14258,No,0,,NA,1,Created
2565,2011-01-01,2565,Female,42,1969-04-03,0.001,Divorced,0,,,Yes,,,Unemployed,1906.0,862,Yes,0,,NA,1,Created
2566,2011-01-01,2566,Female,39,1972-11-28,0.00074,Married,531,,2014-06-07,Yes,,,Permanent contract,20692.0,6119,No,2,,NA,1,Created
2567,2011-01-01,2567,Female,16,1995-02-11,8e-05,Single,0,,,Yes,26.0,2021-02-20,Child,0.0,0,No,0,33.0,2028-07-27,1,Created
18512,2012-02-11,2567,Female,18,1995-02-11,8e-05,Single,0,,,No,,,Permanent contract,31917.0,417085,No,0,33,2028-07-27,1,Life event: Adulthood
2568,2011-01-01,2568,Male,20,1991-03-27,0.00045,Single,0,,,Yes,30.0,2021-05-21,Flexible contract,27637.0,555731,No,0,,NA,1,Created
2569,2011-01-01,2569,Male,63,1948-03-22,0.00945,Married,517,,2032-12-19,No,,,Permanent contract,48029.0,948,Yes,1,,NA,1,Created
18611,2012-03-22,2569,Male,65,1948-03-22,0.00945,Married,517,,2032-12-19,No,,,Retired,33620.299999999996,948,Yes,1,,NA,1,Life event: Retired
18790,2012-05-28,2569,Male,65,1948-03-22,0.00945,Widowed,517,,2032-12-19,No,,,Retired,33620.299999999996,948,Yes,1,,NA,1,Life event: Widowed
2570,2011-01-01,2570,Male,50,1961-07-01,0.00257,Married,518,,2012-05-09,Yes,,,Flexible contract,69668.0,149327,Yes,1,,NA,1,Created
18735,2012-05-09,2570,Male,51,1961-07-01,0.00257,Divorced,518,,2012-05-09,Yes,,,Flexible contract,69668.0,149327,Yes,1,,NA,1,Life event: Divorced
2571,2011-01-01,2571,Female,80,1931-02-06,0.03682,Single,0,,,No,,,Retired,317946.0,89220,No,0,,NA,1,Created
2572,2011-01-01,2572,Female,20,1991-12-08,0.00018,Single,0,,,Yes,20.0,2011-02-24,Entrepreneur without personnel,1847.0,14483,Yes,0,38.0,2029-11-15,1,Created
16961,2011-02-24,2572,Female,20,1991-12-08,0.00018,Married,3425,45,2056-06-28,Yes,20,2011-02-24,Entrepreneur without personnel,1847.0,14483,Yes,0,38,2029-11-15,1,Life event: Married
2573,2011-01-01,2573,Male,32,1979-01-02,0.00059,Single,0,,,No,,,Entrepreneur without personnel,70254.0,18764,Yes,0,,NA,1,Created
2574,2011-01-01,2574,Female,81,1930-07-04,0.04307,Widowed,0,,,Yes,,,Retired,37076.0,2347512,No,0,,NA,1,Created
2575,2011-01-01,2575,Female,0,2011-09-11,0.0028899999999999998,Single,0,,,Yes,35.0,2046-07-16,Child,0.0,0,Yes,0,28.0,2039-01-27,1,Created
2576,2011-01-01,2576,Female,13,1998-08-15,0.00011999999999999999,Single,0,,,No,,,Child,0.0,0,Yes,0,21.0,2019-06-04,1,Created
2577,2011-01-01,2577,Female,24,1987-08-01,0.00018999999999999998,Single,0,,,No,,,Entrepreneur without personnel,5690.0,114596,Yes,0,35.0,2022-02-01,1,Created
2578,2011-01-01,2578,Female,23,1988-08-21,0.0001,Single,0,,,Yes,33.0,2021-10-26,Permanent contract,7006.0,6344,Yes,0,30.0,2018-10-18,1,Created
2579,2011-01-01,2579,Male,48,1963-06-18,0.0021100000000000003,Married,519,,2015-09-11,Yes,,,Permanent contract,29363.0,126104,Yes,1,,NA,1,Created
2580,2011-01-01,2580,Male,64,1947-12-24,0.01097,Divorced,0,,,No,,,Permanent contract,30908.0,163671,Yes,0,,NA,1,Created
18352,2011-12-24,2580,Male,65,1947-12-24,0.01097,Divorced,0,,,No,,,Retired,21635.6,163671,Yes,0,,NA,1,Life event: Retired
2581,2011-01-01,2581,Male,14,1997-01-01,0.00014,Single,0,,,No,,,Child,0.0,0,No,0,,NA,1,Created
2582,2011-01-01,2582,Male,62,1949-11-19,0.008409999999999999,Widowed,0,,,Yes,,,Permanent contract,99755.0,140574,Yes,0,,NA,1,Created
2583,2011-01-01,2583,Male,40,1971-03-05,0.0009400000000000001,Single,0,,,Yes,74.0,2045-04-11,Permanent contract,7365.0,460509,No,0,,NA,1,Created
2584,2011-01-01,2584,Male,26,1985-11-26,1.0,Single,0,,,Yes,59.0,2044-06-18,Permanent contract,16505.0,6926,No,0,,NA,1,Created
16770,2011-01-20,2584,Male,26,1985-11-26,1.0,Single,0,,,Yes,59,2044-06-18,Permanent contract,16505.0,6926,No,0,,NA,0,Life event: Deceased
2585,2011-01-01,2585,Male,55,1956-05-09,0.00419,Married,520,,2022-11-14,Yes,,,Permanent contract,97478.0,48781,Yes,2,,NA,1,Created
2586,2011-01-01,2586,Female,33,1978-10-09,0.00035,Single,0,,,No,,,Unemployed,5548.0,-24408,Yes,0,,NA,1,Created
2587,2011-01-01,2587,Female,49,1962-06-21,0.00193,Married,532,,2035-09-24,Yes,,,Permanent contract,1176.0,7296,No,1,,NA,1,Created
2588,2011-01-01,2588,Female,29,1982-08-31,0.00032,Single,0,,,No,,,Permanent contract,33309.0,196497,Yes,0,34.0,2016-08-02,1,Created
2589,2011-01-01,2589,Male,32,1979-10-28,0.00059,Single,0,,,No,,,Entrepreneur without personnel,38423.0,19041,Yes,0,,NA,1,Created
2590,2011-01-01,2590,Male,49,1962-04-07,0.00242,Divorced,0,,,No,,,Permanent contract,21656.0,377985,Yes,0,,NA,1,Created
2591,2011-01-01,2591,Male,8,2003-11-18,9e-05,Single,0,,,No,,,Child,0.0,0,Yes,0,,NA,1,Created
2592,2011-01-01,2592,Female,9,2002-04-02,2.9999999999999997e-05,Single,0,,,No,,,Child,0.0,0,No,0,24.0,2026-07-08,1,Created
2593,2011-01-01,2593,Male,71,1940-12-14,0.02034,Married,521,,2054-03-20,No,,,Retired,10217.0,9047,No,1,,NA,1,Created
19003,2012-08-14,2593,Male,72,1940-12-14,0.02034,Married,521,,2054-03-20,No,,,Retired,10217.0,9047,No,1,,NA,0,Life event: Deceased
2594,2011-01-01,2594,Female,33,1978-01-20,0.00035,Single,0,,,No,,,Entrepreneur with personel,3340.0,422695,Yes,0,40.0,2018-07-11,1,Created
2595,2011-01-01,2595,Male,31,1980-10-03,0.00041,Single,0,,,No,,,Permanent contract,29888.0,95489,Yes,0,,NA,1,Created
2596,2011-01-01,2596,Male,55,1956-04-06,0.00419,Single,0,,,Yes,53.0,,Permanent contract,7832.0,46873,Yes,0,,NA,1,Created
2597,2011-01-01,2597,Female,56,1955-07-31,0.0041,Married,533,,2019-10-23,Yes,,,Entrepreneur with personel,54325.0,339,No,2,,NA,1,Created
2598,2011-01-01,2598,Male,29,1982-05-24,0.0005200000000000001,Single,0,,,Yes,31.0,2013-09-04,Permanent contract,25485.0,373,Yes,0,,NA,1,Created
2599,2011-01-01,2599,Male,41,1970-11-22,0.0008900000000000001,Single,0,,,Yes,41.0,2011-09-19,Permanent contract,14192.0,75217,Yes,0,,NA,1,Created
17943,2011-09-19,2599,Male,41,1970-11-22,0.0008900000000000001,Married,3455,20,2031-04-11,Yes,41,2011-09-19,Permanent contract,14192.0,75217,Yes,0,,NA,1,Life event: Married
2600,2011-01-01,2600,Female,2,2009-12-10,0.00015,Single,0,,,No,,,Child,0.0,0,No,0,25.0,2034-02-10,1,Created
2601,2011-01-01,2601,Female,62,1949-01-05,0.0057399999999999994,Married,534,,2012-12-18,Yes,,,Flexible contract,31964.0,6181,No,1,,NA,1,Created
19330,2012-12-18,2601,Female,64,1949-01-05,0.0057399999999999994,Divorced,534,,2012-12-18,Yes,,,Flexible contract,31964.0,6181,No,1,,NA,1,Life event: Divorced
2602,2011-01-01,2602,Female,23,1988-07-23,0.0001,Single,0,,,No,,,Permanent contract,32058.0,6051,Yes,0,33.0,2021-09-21,1,Created
2603,2011-01-01,2603,Female,45,1966-12-19,0.00134,Divorced,0,,,Yes,,,Entrepreneur without personnel,31514.0,2136,Yes,0,,NA,1,Created
2604,2011-01-01,2604,Female,18,1993-05-04,0.00023999999999999998,Single,0,,,No,,,Permanent contract,46943.0,39341,Yes,0,40.0,2033-10-17,1,Created
2605,2011-01-01,2605,Female,17,1994-02-16,0.0001,Single,0,,,Yes,32.0,2026-02-04,Child,0.0,0,Yes,0,24.0,2018-06-13,1,Created
16919,2011-02-16,2605,Female,18,1994-02-16,0.0001,Single,0,,,Yes,30,2023-02-15,Permanent contract,24625.0,3649,Yes,0,24,2018-06-13,1,Life event: Adulthood
2606,2011-01-01,2606,Female,36,1975-02-22,0.00049,Married,535,,2031-01-26,Yes,,,Entrepreneur with personel,14717.0,965475,No,1,,NA,1,Created
2607,2011-01-01,2607,Female,16,1995-05-29,8e-05,Single,0,,,Yes,49.0,2044-01-06,Child,0.0,0,No,0,23.0,2018-02-08,1,Created
18794,2012-05-29,2607,Female,18,1995-05-29,8e-05,Single,0,,,No,,,Entrepreneur without personnel,37134.0,413278,No,0,23,2018-02-08,1,Life event: Adulthood
2608,2011-01-01,2608,Female,4,2007-05-24,5.9999999999999995e-05,Single,0,,,Yes,31.0,2038-03-21,Child,0.0,0,No,0,39.0,2046-09-21,1,Created
2609,2011-01-01,2609,Female,61,1950-05-08,0.00562,Married,536,,2046-07-03,No,,,Permanent contract,16231.0,33990,Yes,2,,NA,1,Created
2610,2011-01-01,2610,Female,48,1963-01-20,0.0018800000000000002,Married,537,,2057-02-21,Yes,,,Permanent contract,37506.0,2349,Yes,1,,NA,1,Created
2611,2011-01-01,2611,Male,29,1982-06-19,0.0005200000000000001,Single,0,,,No,,,Permanent contract,8236.0,27082,No,0,,NA,1,Created
2612,2011-01-01,2612,Male,54,1957-11-16,0.00404,Married,522,,2052-11-13,No,,,Permanent contract,34371.0,217058,No,2,,NA,1,Created
2613,2011-01-01,2613,Female,20,1991-10-07,0.00018,Single,0,,,Yes,30.0,2021-06-06,Permanent contract,42639.0,95917,Yes,0,31.0,2022-04-02,1,Created
2614,2011-01-01,2614,Male,24,1987-11-05,0.00047999999999999996,Single,0,,,Yes,29.0,2016-08-01,Permanent contract,11005.0,79329,Yes,0,,NA,1,Created
2615,2011-01-01,2615,Male,52,1959-08-16,0.00314,Married,523,,2042-12-02,No,,,Permanent contract,63242.0,-10328,Yes,2,,NA,1,Created
2616,2011-01-01,2616,Male,79,1932-06-26,0.05364,Widowed,0,,,No,,,Retired,22790.0,763537,Yes,0,,NA,1,Created
2617,2011-01-01,2617,Male,30,1981-03-11,0.00055,Single,0,,,No,,,Permanent contract,37362.0,11624,Yes,0,,NA,1,Created
2618,2011-01-01,2618,Female,20,1991-10-02,0.00018,Single,0,,,Yes,23.0,2014-02-16,Flexible contract,11454.0,178823,No,0,33.0,2024-01-29,1,Created
2619,2011-01-01,2619,Female,23,1988-08-20,0.0001,Single,0,,,No,,,Permanent contract,14990.0,364625,No,0,34.0,2022-01-10,1,Created
2620,2011-01-01,2620,Female,22,1989-07-31,0.00023999999999999998,Single,0,,,No,,,Entrepreneur without personnel,37204.0,13721,Yes,0,36.0,2025-08-18,1,Created
2621,2011-01-01,2621,Female,105,1906-02-18,1.0,Widowed,0,,,Yes,,,Retired,193311.0,1775,No,0,,NA,1,Created
17475,2011-06-09,2621,Female,106,1906-02-18,1.0,Widowed,0,,,Yes,,,Retired,193311.0,1775,No,0,,NA,0,Life event: Deceased
2622,2011-01-01,2622,Female,4,2007-09-28,5.9999999999999995e-05,Single,0,,,Yes,28.0,2035-05-28,Child,0.0,0,No,0,39.0,2046-08-23,1,Created
2623,2011-01-01,2623,Female,11,2000-06-06,7e-05,Single,0,,,No,,,Child,0.0,0,Yes,0,43.0,2043-11-24,1,Created
2624,2011-01-01,2624,Female,71,1940-02-22,0.013009999999999999,Widowed,0,,,Yes,,,Retired,13466.0,741,No,0,,NA,1,Created
2625,2011-01-01,2625,Male,53,1958-08-03,0.0033299999999999996,Single,0,,,No,,,Permanent contract,41150.0,140494,Yes,0,,NA,1,Created
2626,2011-01-01,2626,Male,56,1955-05-09,0.0052,Married,524,,2028-09-27,Yes,,,Entrepreneur without personnel,20509.0,504352,No,1,,NA,1,Created
2627,2011-01-01,2627,Female,36,1975-02-13,0.00049,Single,0,,,Yes,40.0,2015-07-13,Entrepreneur without personnel,13407.0,2678,No,0,,NA,1,Created
2628,2011-01-01,2628,Female,47,1964-02-01,0.00168,Married,538,,2017-09-07,No,,,Permanent contract,78865.0,250403,No,2,,NA,1,Created
2629,2011-01-01,2629,Male,7,2004-12-16,9e-05,Single,0,,,No,,,Child,0.0,0,Yes,0,,NA,1,Created
2630,2011-01-01,2630,Male,27,1984-09-28,0.00044,Single,0,,,Yes,33.0,2017-06-25,Permanent contract,15316.0,108250,Yes,0,,NA,1,Created
2631,2011-01-01,2631,Male,95,1916-07-09,0.25144,Widowed,0,,,No,,,Retired,44718.0,135004,No,0,,NA,1,Created
2632,2011-01-01,2632,Female,59,1952-02-22,0.00479,Married,539,,2030-07-17,Yes,,,Permanent contract,752.0,104570,Yes,1,,NA,1,Created
2633,2011-01-01,2633,Male,45,1966-04-03,0.0014199999999999998,Divorced,0,,,No,,,Unemployed,157542.0,190934,Yes,0,,NA,1,Created
2634,2011-01-01,2634,Female,78,1933-03-31,0.02817,Widowed,0,,,No,,,Retired,16728.0,32742,Yes,0,,NA,1,Created
2635,2011-01-01,2635,Male,30,1981-03-11,0.00055,Single,0,,,No,,,Flexible contract,8203.0,164339,No,0,,NA,1,Created
2636,2011-01-01,2636,Female,2,2009-08-31,0.00015,Single,0,,,No,,,Child,0.0,0,Yes,0,42.0,2051-10-20,1,Created
2637,2011-01-01,2637,Male,20,1991-02-12,0.00045,Single,0,,,Yes,25.0,2016-11-16,Flexible contract,34539.0,683,Yes,0,,NA,1,Created
2638,2011-01-01,2638,Male,4,2007-08-15,0.00011,Single,0,,,Yes,50.0,2057-08-14,Child,0.0,0,No,0,,NA,1,Created
2639,2011-01-01,2639,Male,72,1939-11-23,0.02384,Married,525,,2032-02-29,Yes,,,Retired,53421.0,326260,No,2,,NA,1,Created
2640,2011-01-01,2640,Male,4,2007-07-20,0.00011,Single,0,,,No,,,Child,0.0,0,No,0,,NA,1,Created
2641,2011-01-01,2641,Female,52,1959-08-22,0.00268,Married,540,,2029-05-13,No,,,Permanent contract,6109.0,34590,No,2,,NA,1,Created
2642,2011-01-01,2642,Female,65,1946-01-15,0.007559999999999999,Single,0,,,Yes,32.0,,Permanent contract,40517.0,235211,Yes,0,,NA,1,Created
16742,2011-01-15,2642,Female,66,1946-01-15,0.007559999999999999,Single,0,,,Yes,32,,Retired,28361.899999999998,235211,Yes,0,,NA,1,Life event: Retired
2643,2011-01-01,2643,Male,100,1911-10-20,1.0,Widowed,0,,,Yes,,,Retired,14434.0,235868,No,0,,NA,1,Created
2644,2011-01-01,2644,Male,44,1967-05-03,0.0013599999999999999,Married,526,,2064-04-28,Yes,,,Flexible contract,5758.0,-4312,No,1,,NA,1,Created
2645,2011-01-01,2645,Male,80,1931-07-05,0.05987000000000001,Widowed,0,,,Yes,,,Retired,88105.0,51578,No,0,,NA,1,Created
2646,2011-01-01,2646,Female,53,1958-06-26,0.00312,Divorced,0,,,No,,,Permanent contract,2491.0,-37404,Yes,0,,NA,1,Created
2647,2011-01-01,2647,Female,22,1989-09-28,0.00023999999999999998,Single,0,,,No,,,Permanent contract,157402.0,447551,No,0,28.0,2017-08-26,1,Created
2648,2011-01-01,2648,Male,33,1978-09-22,0.00047999999999999996,Single,0,,,Yes,32.0,,Entrepreneur without personnel,8401.0,447352,Yes,0,,NA,1,Created
2649,2011-01-01,2649,Female,12,1999-10-11,5e-05,Single,0,,,No,,,Child,0.0,0,No,0,27.0,2026-11-08,1,Created
2650,2011-01-01,2650,Female,47,1964-08-04,0.00168,Married,541,,2015-08-07,No,,,Permanent contract,38822.0,31311,Yes,1,,NA,1,Created
2651,2011-01-01,2651,Male,82,1929-05-25,0.07771,Widowed,0,,,No,,,Retired,18476.0,564,No,0,,NA,1,Created
2652,2011-01-01,2652,Female,44,1967-04-27,0.00107,Married,542,,2042-09-12,Yes,,,Flexible contract,19622.0,2083,No,2,,NA,1,Created
2653,2011-01-01,2653,Male,43,1968-12-16,0.00103,Married,527,,2021-05-23,No,,,Flexible contract,13235.0,3243,Yes,1,,NA,1,Created
2654,2011-01-01,2654,Male,99,1912-02-17,0.39916999999999997,Widowed,0,,,Yes,,,Retired,4485.0,406149,No,0,,NA,1,Created
17152,2011-04-02,2654,Male,100,1912-02-17,0.39916999999999997,Widowed,0,,,Yes,,,Retired,4485.0,406149,No,0,,NA,0,Life event: Deceased
2655,2011-01-01,2655,Female,63,1948-10-10,0.00672,Married,543,,2075-09-21,Yes,,,Permanent contract,14402.0,20090,No,2,,NA,1,Created
19151,2012-10-10,2655,Female,65,1948-10-10,0.00672,Married,543,,2075-09-21,Yes,,,Retired,10081.4,20090,No,2,,NA,1,Life event: Retired
2656,2011-01-01,2656,Female,26,1985-11-14,1.0,Single,0,,,No,,,Permanent contract,34385.0,379211,Yes,0,29.0,2014-04-10,1,Created
17194,2011-04-10,2656,Female,26,1985-11-14,1.0,Single,0,,,No,,,Permanent contract,34385.0,379211,Yes,0,29,2014-04-10,0,Life event: Deceased
2657,2011-01-01,2657,Female,48,1963-04-21,0.0018800000000000002,Married,544,,2018-01-01,No,,,Entrepreneur without personnel,11274.0,18683,Yes,3,,NA,1,Created
2658,2011-01-01,2658,Male,36,1975-01-16,0.0006,Married,528,,2057-10-26,No,,,Entrepreneur without personnel,20107.0,11593,No,1,,NA,1,Created
2659,2011-01-01,2659,Male,60,1951-09-18,0.006840000000000001,Married,529,,2017-04-08,Yes,,,Permanent contract,12313.0,172800,Yes,1,,NA,1,Created
2660,2011-01-01,2660,Male,14,1997-11-25,0.00014,Single,0,,,No,,,Child,0.0,0,No,0,,NA,1,Created
2661,2011-01-01,2661,Male,70,1941-03-01,0.01932,Married,530,,2053-11-30,Yes,,,Retired,6556.0,710522,No,3,,NA,1,Created
2662,2011-01-01,2662,Male,7,2004-03-05,9e-05,Single,0,,,No,,,Child,0.0,0,No,0,,NA,1,Created
2663,2011-01-01,2663,Male,4,2007-01-02,0.00011,Single,0,,,Yes,35.0,2042-01-23,Child,0.0,0,No,0,,NA,1,Created
2664,2011-01-01,2664,Male,35,1976-08-17,0.00055,Single,0,,,No,,,Permanent contract,39748.0,199673,No,0,,NA,1,Created
2665,2011-01-01,2665,Male,5,2006-10-13,9e-05,Single,0,,,No,,,Child,0.0,0,Yes,0,,NA,1,Created
2666,2011-01-01,2666,Female,64,1947-01-29,0.00713,Married,545,,2048-06-14,Yes,,,Permanent contract,12608.0,2573208,Yes,2,,NA,1,Created
16816,2011-01-29,2666,Female,65,1947-01-29,0.00713,Married,545,,2048-06-14,Yes,,,Retired,8825.599999999999,2573208,Yes,2,,NA,1,Life event: Retired
2667,2011-01-01,2667,Female,58,1953-02-23,0.00448,Married,546,,2025-06-15,Yes,,,Unemployed,8486.0,13814,Yes,2,,NA,1,Created
2668,2011-01-01,2668,Male,77,1934-08-01,0.0418,Married,531,,2014-06-07,Yes,,,Retired,13978.0,11330,No,2,,NA,1,Created
2669,2011-01-01,2669,Male,79,1932-05-09,0.05364,Married,532,,2035-09-24,No,,,Retired,19730.0,384,No,1,,NA,1,Created
2670,2011-01-01,2670,Male,36,1975-06-06,0.0006,Married,533,,2019-10-23,Yes,,,Permanent contract,9383.0,177524,No,2,,NA,1,Created
2671,2011-01-01,2671,Female,8,2003-08-13,2.9999999999999997e-05,Single,0,,,No,,,Child,0.0,0,Yes,0,32.0,2035-05-02,1,Created
2672,2011-01-01,2672,Male,64,1947-05-06,0.01097,Single,0,,,Yes,27.0,,Flexible contract,37197.0,253485,Yes,0,,NA,1,Created
17308,2011-05-06,2672,Male,65,1947-05-06,0.01097,Single,0,,,Yes,27,,Retired,26037.899999999998,253485,Yes,0,,NA,1,Life event: Retired
2673,2011-01-01,2673,Male,34,1977-04-25,0.00067,Single,0,,,No,,,Permanent contract,43426.0,72094,No,0,,NA,1,Created
2674,2011-01-01,2674,Male,45,1966-08-05,0.0014199999999999998,Married,534,,2012-12-18,Yes,,,Entrepreneur without personnel,12592.0,43989,No,1,,NA,1,Created
19331,2012-12-18,2674,Male,47,1966-08-05,0.0014199999999999998,Divorced,534,,2012-12-18,Yes,,,Entrepreneur without personnel,12592.0,43989,No,1,,NA,1,Life event: Divorced
2675,2011-01-01,2675,Male,20,1991-09-06,0.00045,Single,0,,,Yes,30.0,2021-07-26,Permanent contract,44547.0,260525,No,0,,NA,1,Created
2676,2011-01-01,2676,Female,28,1983-02-22,0.00025,Single,0,,,Yes,25.0,,Permanent contract,34073.0,135954,Yes,0,31.0,2014-09-23,1,Created
2677,2011-01-01,2677,Female,46,1965-09-24,0.00134,Single,0,,,Yes,37.0,,Permanent contract,17631.0,17610,No,0,,NA,1,Created
2678,2011-01-01,2678,Male,43,1968-08-01,0.00103,Married,535,,2031-01-26,No,,,Permanent contract,5138.0,107928,No,1,,NA,1,Created
2679,2011-01-01,2679,Female,8,2003-11-12,2.9999999999999997e-05,Single,0,,,Yes,23.0,2026-08-07,Child,0.0,0,No,0,33.0,2036-08-11,1,Created
2680,2011-01-01,2680,Male,65,1946-02-17,0.01141,Widowed,0,,,No,,,Permanent contract,67767.0,-2126,No,0,,NA,1,Created
16924,2011-02-17,2680,Male,66,1946-02-17,0.01141,Widowed,0,,,No,,,Retired,47436.899999999994,-2126,No,0,,NA,1,Life event: Retired
2681,2011-01-01,2681,Female,14,1997-07-04,9e-05,Single,0,,,Yes,30.0,2027-01-22,Child,0.0,0,Yes,0,29.0,2026-01-28,1,Created
2682,2011-01-01,2682,Female,42,1969-03-07,0.001,Married,547,,2040-07-13,No,,,Permanent contract,1451.0,35571,No,3,,NA,1,Created
2683,2011-01-01,2683,Female,39,1972-02-26,0.00074,Married,548,,2050-02-15,No,,,Permanent contract,34054.0,1931,No,1,,NA,1,Created
2684,2011-01-01,2684,Female,32,1979-10-25,0.00041,Single,0,,,Yes,30.0,,Flexible contract,12091.0,284629,No,0,,NA,1,Created
2685,2011-01-01,2685,Male,65,1946-11-13,0.01141,Married,536,,2046-07-03,No,,,Permanent contract,21649.0,44,Yes,2,,NA,1,Created
18176,2011-11-13,2685,Male,66,1946-11-13,0.01141,Married,536,,2046-07-03,No,,,Retired,15154.3,44,Yes,2,,NA,1,Life event: Retired
2686,2011-01-01,2686,Male,27,1984-09-29,0.00044,Married,537,,2057-02-21,No,,,Flexible contract,3055.0,114624,Yes,1,,NA,1,Created
2687,2011-01-01,2687,Female,31,1980-03-01,0.00029,Single,0,,,No,,,Permanent contract,15746.0,125205,No,0,32.0,2012-11-06,1,Created
2688,2011-01-01,2688,Female,52,1959-06-18,0.00268,Married,549,,2060-08-27,No,,,Entrepreneur with personel,6941.0,156265,Yes,2,,NA,1,Created
2689,2011-01-01,2689,Male,35,1976-08-14,0.00055,Single,0,,,Yes,31.0,,Permanent contract,9755.0,-32880,No,0,,NA,1,Created
2690,2011-01-01,2690,Female,60,1951-07-05,0.00541,Divorced,0,,,No,,,Permanent contract,26984.0,992357,No,0,,NA,1,Created
2691,2011-01-01,2691,Female,1,2010-05-16,0.00033999999999999997,Single,0,,,No,,,Child,0.0,0,No,0,28.0,2038-02-04,1,Created
2692,2011-01-01,2692,Female,14,1997-12-21,9e-05,Single,0,,,No,,,Child,0.0,0,Yes,0,29.0,2026-08-07,1,Created
2693,2011-01-01,2693,Female,4,2007-03-05,5.9999999999999995e-05,Single,0,,,Yes,28.0,2035-01-03,Child,0.0,0,Yes,0,25.0,2032-08-15,1,Created
2694,2011-01-01,2694,Female,70,1941-12-07,0.01252,Married,550,,2050-05-18,Yes,,,Retired,22406.0,330010,Yes,2,,NA,1,Created
2695,2011-01-01,2695,Male,0,2011-08-12,0.0036200000000000004,Single,0,,,No,,,Child,0.0,0,No,0,,NA,1,Created
2696,2011-01-01,2696,Female,37,1974-03-14,0.00057,Divorced,0,,,No,,,Permanent contract,4154.0,-5822,No,0,37.0,2011-04-06,1,Created
2697,2011-01-01,2697,Female,28,1983-10-30,0.00025,Single,0,,,Yes,4.0,,Permanent contract,2693.0,2299,No,0,35.0,2018-11-22,1,Created
2698,2011-01-01,2698,Female,15,1996-05-30,8e-05,Single,0,,,Yes,33.0,2029-05-26,Child,0.0,0,No,0,27.0,2023-10-02,1,Created
2699,2011-01-01,2699,Female,59,1952-11-23,0.00479,Married,551,,2011-06-02,Yes,,,Flexible contract,41725.0,81564,No,2,,NA,1,Created
17448,2011-06-02,2699,Female,59,1952-11-23,0.00479,Divorced,551,,2011-06-02,Yes,,,Flexible contract,41725.0,81564,No,2,,NA,1,Life event: Divorced
2700,2011-01-01,2700,Female,50,1961-09-22,0.00225,Married,552,,2049-11-07,No,,,Entrepreneur with personel,21835.0,108767,Yes,3,,NA,1,Created
2701,2011-01-01,2701,Male,21,1990-10-11,0.00045,Single,0,,,No,,,Permanent contract,20642.0,-8892,No,0,,NA,1,Created
2702,2011-01-01,2702,Female,73,1938-12-13,0.01577,Married,553,,2037-09-21,No,,,Retired,643.0,854,Yes,3,,NA,1,Created
2703,2011-01-01,2703,Female,28,1983-07-27,0.00025,Married,554,,2033-04-27,Yes,,,Permanent contract,41031.0,66401,No,2,29.0,2012-04-14,1,Created
18668,2012-04-14,2703,Female,29,1983-07-27,0.00025,Married,554,,2033-04-27,Yes,,,Permanent contract,41031.0,66401,No,2,29,2012-04-14,1,Life event: Children born
2704,2011-01-01,2704,Female,62,1949-09-24,0.0057399999999999994,Married,555,,2020-04-09,No,,,Flexible contract,28245.0,37648,No,1,,NA,1,Created
2705,2011-01-01,2705,Female,43,1968-04-18,0.0009699999999999999,Single,0,,,Yes,30.0,,Entrepreneur with personel,36383.0,8300,Yes,0,,NA,1,Created
2706,2011-01-01,2706,Male,56,1955-05-22,0.0052,Married,538,,2017-09-07,No,,,Permanent contract,19524.0,346332,No,2,,NA,1,Created
2707,2011-01-01,2707,Male,81,1930-08-24,0.06966,Widowed,0,,,No,,,Retired,1836.0,-14931,No,0,,NA,1,Created
2708,2011-01-01,2708,Female,79,1932-02-01,0.03112,Married,556,,2037-07-07,No,,,Retired,6242.0,622,No,2,,NA,1,Created
2709,2011-01-01,2709,Female,10,2001-04-18,0.0001,Single,0,,,No,,,Child,0.0,0,Yes,0,33.0,2034-12-01,1,Created
2710,2011-01-01,2710,Female,17,1994-05-06,0.0001,Single,0,,,No,,,Child,0.0,0,Yes,0,30.0,2024-05-14,1,Created
17309,2011-05-06,2710,Female,18,1994-05-06,0.0001,Single,0,,,No,,,Permanent contract,3877.0,76290,Yes,0,30,2024-05-14,1,Life event: Adulthood
2711,2011-01-01,2711,Female,20,1991-09-03,0.00018,Single,0,,,No,,,Flexible contract,16465.0,-4396,No,0,39.0,2030-01-17,1,Created
2712,2011-01-01,2712,Male,53,1958-09-09,0.0033299999999999996,Married,539,,2030-07-17,No,,,Permanent contract,18174.0,36220,Yes,1,,NA,1,Created
2713,2011-01-01,2713,Female,14,1997-07-24,9e-05,Single,0,,,No,,,Child,0.0,0,No,0,36.0,2033-04-15,1,Created
2714,2011-01-01,2714,Male,62,1949-05-18,0.008409999999999999,Widowed,0,,,Yes,,,Flexible contract,7685.0,293488,No,0,,NA,1,Created
2715,2011-01-01,2715,Male,44,1967-06-14,0.0013599999999999999,Married,540,,2029-05-13,Yes,,,Permanent contract,28222.0,319063,No,2,,NA,1,Created
2716,2011-01-01,2716,Female,64,1947-02-01,0.00713,Married,557,,2041-04-03,Yes,,,Permanent contract,80578.0,128132,Yes,1,,NA,1,Created
16832,2011-02-01,2716,Female,65,1947-02-01,0.00713,Married,557,,2041-04-03,Yes,,,Retired,56404.6,128132,Yes,1,,NA,1,Life event: Retired
2717,2011-01-01,2717,Female,8,2003-05-27,2.9999999999999997e-05,Single,0,,,No,,,Child,0.0,0,No,0,17.0,2020-10-02,1,Created
2718,2011-01-01,2718,Female,48,1963-01-01,0.0018800000000000002,Married,558,,2042-03-17,No,,,Flexible contract,7453.0,-19266,Yes,2,,NA,1,Created
19075,2012-09-03,2718,Female,50,1963-01-01,0.0018800000000000002,Widowed,558,,2042-03-17,No,,,Flexible contract,7453.0,-19266,Yes,2,,NA,1,Life event: Widowed
2719,2011-01-01,2719,Female,15,1996-10-15,8e-05,Single,0,,,Yes,49.0,2045-11-09,Child,0.0,0,Yes,0,31.0,2027-02-13,1,Created
2720,2011-01-01,2720,Male,12,1999-03-03,0.00011,Single,0,,,No,,,Child,0.0,0,No,0,,NA,1,Created
2721,2011-01-01,2721,Male,10,2001-06-28,0.00011999999999999999,Single,0,,,No,,,Child,0.0,0,Yes,0,,NA,1,Created
2722,2011-01-01,2722,Female,56,1955-04-08,0.0041,Married,559,,2061-01-15,No,,,Permanent contract,4769.0,628106,Yes,2,,NA,1,Created
2723,2011-01-01,2723,Male,18,1993-10-05,0.00032,Single,0,,,Yes,39.0,2032-04-25,Entrepreneur without personnel,30727.0,72311,No,0,,NA,1,Created
2724,2011-01-01,2724,Female,68,1943-11-06,0.00983,Married,560,,2050-09-25,Yes,,,Retired,373.0,815,Yes,2,,NA,1,Created
2725,2011-01-01,2725,Male,56,1955-11-20,0.0052,Married,541,,2015-08-07,No,,,Permanent contract,31579.0,2623,Yes,1,,NA,1,Created
2726,2011-01-01,2726,Male,54,1957-11-30,0.00404,Single,0,,,No,,,Flexible contract,46394.0,30640,No,0,,NA,1,Created
2727,2011-01-01,2727,Female,44,1967-02-03,0.00107,Single,0,,,Yes,27.0,,Permanent contract,8099.0,157616,No,0,,NA,1,Created
2728,2011-01-01,2728,Male,2,2009-01-05,0.00021,Single,0,,,Yes,70.0,2079-10-13,Child,0.0,0,Yes,0,,NA,1,Created
2729,2011-01-01,2729,Male,24,1987-08-31,0.00047999999999999996,Single,0,,,No,,,Permanent contract,28427.0,-32525,No,0,,NA,1,Created
2730,2011-01-01,2730,Male,34,1977-08-21,0.00067,Married,542,,2042-09-12,No,,,Flexible contract,14966.0,448138,No,2,,NA,1,Created
2731,2011-01-01,2731,Male,27,1984-06-10,0.00044,Single,0,,,Yes,30.0,2014-01-28,Entrepreneur without personnel,47028.0,2579916,No,0,,NA,1,Created
2732,2011-01-01,2732,Male,65,1946-03-27,0.01141,Married,543,,2075-09-21,No,,,Permanent contract,59387.0,32084,No,2,,NA,1,Created
17128,2011-03-27,2732,Male,66,1946-03-27,0.01141,Married,543,,2075-09-21,No,,,Retired,41570.899999999994,32084,No,2,,NA,1,Life event: Retired
2733,2011-01-01,2733,Male,33,1978-11-26,0.00047999999999999996,Single,0,,,No,,,Flexible contract,1028.0,11616,Yes,0,,NA,1,Created
2734,2011-01-01,2734,Male,74,1937-03-31,0.0295,Divorced,0,,,Yes,,,Retired,19019.0,38360,No,0,,NA,1,Created
2735,2011-01-01,2735,Male,34,1977-10-10,0.00067,Married,544,,2018-01-01,Yes,,,Permanent contract,38354.0,312387,Yes,3,,NA,1,Created
2736,2011-01-01,2736,Female,42,1969-01-02,0.001,Single,0,,,No,,,Permanent contract,35442.0,43299,Yes,0,,NA,1,Created
2737,2011-01-01,2737,Male,51,1960-04-17,0.00301,Married,545,,2048-06-14,Yes,,,Flexible contract,8079.0,269403,Yes,2,,NA,1,Created
2738,2011-01-01,2738,Male,45,1966-09-02,0.0014199999999999998,Married,546,,2025-06-15,Yes,,,Flexible contract,48034.0,174063,Yes,2,,NA,1,Created
2739,2011-01-01,2739,Male,22,1989-02-07,0.00041,Single,0,,,Yes,25.0,2014-12-18,Flexible contract,16523.0,68364,Yes,0,,NA,1,Created
2740,2011-01-01,2740,Male,14,1997-02-04,0.00014,Single,0,,,No,,,Child,0.0,0,Yes,0,,NA,1,Created
2741,2011-01-01,2741,Male,10,2001-04-27,0.00011999999999999999,Single,0,,,No,,,Child,0.0,0,Yes,0,,NA,1,Created
2742,2011-01-01,2742,Female,79,1932-07-23,0.03112,Married,561,,2022-07-01,No,,,Retired,46074.0,467243,No,2,,NA,1,Created
2743,2011-01-01,2743,Female,43,1968-10-20,0.0009699999999999999,Married,562,,2051-07-02,No,,,Permanent contract,33015.0,33073,Yes,1,,NA,1,Created
2744,2011-01-01,2744,Male,32,1979-05-07,0.00059,Single,0,,,No,,,Permanent contract,4280.0,4670,No,0,,NA,1,Created
2745,2011-01-01,2745,Male,78,1933-06-14,0.04668,Widowed,0,,,Yes,,,Retired,8927.0,5686,No,0,,NA,1,Created
2746,2011-01-01,2746,Male,58,1953-01-10,0.00603,Single,0,,,No,,,Permanent contract,37998.0,935026,No,0,,NA,1,Created
2747,2011-01-01,2747,Male,40,1971-10-10,0.0009400000000000001,Divorced,0,,,No,,,Flexible contract,14085.0,-38347,No,0,,NA,1,Created
2748,2011-01-01,2748,Male,74,1937-01-02,0.0295,Married,547,,2040-07-13,Yes,,,Retired,4703.0,428027,No,3,,NA,1,Created
2749,2011-01-01,2749,Male,13,1998-06-15,0.00014,Single,0,,,Yes,33.0,2031-01-17,Child,0.0,0,Yes,0,,NA,1,Created
2750,2011-01-01,2750,Female,14,1997-11-09,9e-05,Single,0,,,Yes,23.0,2020-04-04,Child,0.0,0,Yes,0,33.0,2030-09-17,1,Created
2751,2011-01-01,2751,Male,57,1954-07-14,0.00572,Married,548,,2050-02-15,No,,,Permanent contract,36739.0,468616,No,1,,NA,1,Created
2752,2011-01-01,2752,Female,61,1950-02-02,0.00562,Divorced,0,,,No,,,Permanent contract,49861.0,463,No,0,,NA,1,Created
2753,2011-01-01,2753,Male,65,1946-05-31,0.01141,Married,549,,2060-08-27,No,,,Unemployed,4999.0,-25846,Yes,2,,NA,1,Created
17432,2011-05-31,2753,Male,66,1946-05-31,0.01141,Married,549,,2060-08-27,No,,,Retired,3499.2999999999997,-25846,Yes,2,,NA,1,Life event: Retired
2754,2011-01-01,2754,Female,60,1951-07-31,0.00541,Married,563,,2057-09-30,No,,,Permanent contract,23626.0,-2067,No,1,,NA,1,Created
2755,2011-01-01,2755,Male,9,2002-10-19,0.00014,Single,0,,,No,,,Child,0.0,0,Yes,0,,NA,1,Created
2756,2011-01-01,2756,Female,18,1993-08-12,0.00023999999999999998,Single,0,,,Yes,22.0,2015-02-15,Entrepreneur with personel,40447.0,979043,No,0,31.0,2024-09-16,1,Created
2757,2011-01-01,2757,Male,16,1995-12-17,0.00029,Single,0,,,Yes,31.0,2026-10-28,Child,0.0,0,Yes,0,,NA,1,Created
19326,2012-12-17,2757,Male,18,1995-12-17,0.00029,Single,0,,,No,,,Permanent contract,46430.0,492,Yes,0,,NA,1,Life event: Adulthood
2758,2011-01-01,2758,Male,0,2011-02-24,0.0036200000000000004,Single,0,,,Yes,26.0,2037-06-24,Child,0.0,0,No,0,,NA,1,Created
2759,2011-01-01,2759,Male,33,1978-03-11,0.00047999999999999996,Single,0,,,Yes,30.0,,Flexible contract,33001.0,451867,Yes,0,,NA,1,Created
2760,2011-01-01,2760,Female,54,1957-05-24,0.00313,Married,564,,2021-01-28,No,,,Permanent contract,32544.0,-4308,No,1,,NA,1,Created
2761,2011-01-01,2761,Female,53,1958-09-26,0.00312,Married,565,,2025-09-09,No,,,Permanent contract,18122.0,2569,Yes,2,,NA,1,Created
2762,2011-01-01,2762,Male,25,1986-01-12,0.00033999999999999997,Married,550,,2050-05-18,No,,,Permanent contract,20886.0,9118,Yes,2,,NA,1,Created
2763,2011-01-01,2763,Female,5,2006-01-12,4e-05,Single,0,,,No,,,Child,0.0,0,Yes,0,21.0,2027-09-05,1,Created
2764,2011-01-01,2764,Female,39,1972-04-12,0.00074,Married,566,,2013-12-22,No,,,Permanent contract,42726.0,179559,Yes,2,41.0,2013-12-29,1,Created
2765,2011-01-01,2765,Male,49,1962-08-18,0.00242,Married,551,,2011-06-02,No,,,Permanent contract,17311.0,43393,No,2,,NA,1,Created
17449,2011-06-02,2765,Male,49,1962-08-18,0.00242,Divorced,551,,2011-06-02,No,,,Permanent contract,17311.0,43393,No,2,,NA,1,Life event: Divorced
2766,2011-01-01,2766,Female,44,1967-06-14,0.00107,Married,567,,2011-05-09,No,,,Permanent contract,1989.0,48663,No,1,,NA,1,Created
17331,2011-05-09,2766,Female,44,1967-06-14,0.00107,Divorced,567,,2011-05-09,No,,,Permanent contract,1989.0,48663,No,1,,NA,1,Life event: Divorced
2767,2011-01-01,2767,Female,55,1956-01-19,0.00372,Single,0,,,No,,,Permanent contract,47892.0,4568,No,0,,NA,1,Created
2768,2011-01-01,2768,Male,53,1958-12-26,0.0033299999999999996,Divorced,0,,,Yes,,,Permanent contract,36506.0,64845,No,0,,NA,1,Created
2769,2011-01-01,2769,Female,20,1991-07-23,0.00018,Single,0,,,Yes,37.0,2028-03-14,Permanent contract,528.0,121138,Yes,0,31.0,2022-04-21,1,Created
2770,2011-01-01,2770,Male,80,1931-01-26,0.05987000000000001,Married,552,,2049-11-07,No,,,Retired,28075.0,2064,Yes,3,,NA,1,Created
2771,2011-01-01,2771,Female,60,1951-03-31,0.00541,Married,568,,2033-06-26,No,,,Unemployed,31888.0,475144,Yes,1,,NA,1,Created
2772,2011-01-01,2772,Male,28,1983-01-26,0.00045,Single,0,,,Yes,39.0,2022-04-27,Unemployed,6856.0,-15536,No,0,,NA,1,Created
2773,2011-01-01,2773,Female,5,2006-12-26,4e-05,Single,0,,,No,,,Child,0.0,0,Yes,0,35.0,2041-05-12,1,Created
2774,2011-01-01,2774,Male,12,1999-02-02,0.00011,Single,0,,,Yes,25.0,2024-09-14,Child,0.0,0,Yes,0,,NA,1,Created
2775,2011-01-01,2775,Male,11,2000-05-29,9e-05,Single,0,,,No,,,Child,0.0,0,No,0,,NA,1,Created
2776,2011-01-01,2776,Female,38,1973-02-28,0.00063,Single,0,,,No,,,Permanent contract,48268.0,179957,Yes,0,,NA,1,Created
2777,2011-01-01,2777,Female,73,1938-10-21,0.01577,Married,569,,2060-07-01,No,,,Retired,6849.0,374,No,1,,NA,1,Created
2778,2011-01-01,2778,Female,102,1909-12-06,1.0,Widowed,0,,,No,,,Retired,37782.0,233295,No,0,,NA,1,Created
18033,2011-10-10,2778,Female,102,1909-12-06,1.0,Widowed,0,,,No,,,Retired,37782.0,233295,No,0,,NA,0,Life event: Deceased
2779,2011-01-01,2779,Male,46,1965-03-07,0.00172,Married,553,,2037-09-21,No,,,Flexible contract,60979.0,213994,Yes,3,,NA,1,Created
2780,2011-01-01,2780,Female,57,1954-07-16,0.00387,Married,570,,2035-08-09,Yes,,,Permanent contract,38962.0,80906,No,1,,NA,1,Created
2781,2011-01-01,2781,Male,19,1992-05-02,0.00033,Single,0,,,No,,,Flexible contract,23542.0,483359,Yes,0,,NA,1,Created
2782,2011-01-01,2782,Male,18,1993-04-25,0.00032,Single,0,,,Yes,32.0,2025-08-04,Flexible contract,34225.0,2024,No,0,,NA,1,Created
2783,2011-01-01,2783,Male,51,1960-06-07,0.00301,Married,554,,2033-04-27,Yes,,,Permanent contract,83859.0,79594,No,2,,NA,1,Created
2784,2011-01-01,2784,Male,0,2011-06-16,0.0036200000000000004,Single,0,,,No,,,Child,0.0,0,Yes,0,,NA,1,Created
2785,2011-01-01,2785,Female,23,1988-09-10,0.0001,Single,0,,,No,,,Permanent contract,57273.0,8208,Yes,0,24.0,2012-12-16,1,Created
2786,2011-01-01,2786,Male,40,1971-08-22,0.0009400000000000001,Married,555,,2020-04-09,No,,,Permanent contract,50686.0,-36213,No,1,,NA,1,Created
2787,2011-01-01,2787,Male,32,1979-08-20,0.00059,Married,556,,2037-07-07,Yes,,,Permanent contract,25033.0,659297,No,2,,NA,1,Created
2788,2011-01-01,2788,Female,13,1998-05-29,0.00011999999999999999,Single,0,,,Yes,53.0,2051-11-29,Child,0.0,0,Yes,0,35.0,2033-01-18,1,Created
2789,2011-01-01,2789,Male,65,1946-06-06,0.01141,Divorced,0,,,No,,,Flexible contract,2138.0,191322,No,0,,NA,1,Created
17460,2011-06-06,2789,Male,66,1946-06-06,0.01141,Divorced,0,,,No,,,Retired,1496.6,191322,No,0,,NA,1,Life event: Retired
2790,2011-01-01,2790,Female,13,1998-07-01,0.00011999999999999999,Single,0,,,No,,,Child,0.0,0,Yes,0,30.0,2028-05-17,1,Created
2791,2011-01-01,2791,Male,72,1939-05-22,0.02384,Married,557,,2041-04-03,Yes,,,Retired,17486.0,1028,Yes,1,,NA,1,Created
2792,2011-01-01,2792,Male,49,1962-08-09,0.00242,Single,0,,,Yes,37.0,,Flexible contract,771.0,19367,No,0,,NA,1,Created
2793,2011-01-01,2793,Male,77,1934-05-05,0.0418,Married,558,,2042-03-17,No,,,Retired,30997.0,255387,Yes,2,,NA,1,Created
19074,2012-09-03,2793,Male,79,1934-05-05,0.0418,Married,558,,2042-03-17,No,,,Retired,30997.0,255387,Yes,2,,NA,0,Life event: Deceased
2794,2011-01-01,2794,Female,23,1988-09-08,0.0001,Single,0,,,Yes,25.0,2013-05-30,Flexible contract,10283.0,884,No,0,29.0,2017-04-28,1,Created
2795,2011-01-01,2795,Female,86,1925-05-02,0.08317000000000001,Married,571,,2068-03-21,Yes,,,Retired,43030.0,237207,Yes,1,,NA,1,Created
2796,2011-01-01,2796,Male,48,1963-09-23,0.0021100000000000003,Divorced,0,,,No,,,Permanent contract,12169.0,13581,No,0,,NA,1,Created
2797,2011-01-01,2797,Male,17,1994-05-19,0.00022999999999999998,Single,0,,,No,,,Child,0.0,0,No,0,,NA,1,Created
17392,2011-05-19,2797,Male,18,1994-05-19,0.00022999999999999998,Single,0,,,No,,,Unemployed,13773.0,-42174,No,0,,NA,1,Life event: Adulthood
2798,2011-01-01,2798,Female,103,1908-12-12,1.0,Widowed,0,,,Yes,,,Retired,27260.0,445498,No,0,,NA,1,Created
18825,2012-06-09,2798,Female,104,1908-12-12,1.0,Widowed,0,,,Yes,,,Retired,27260.0,445498,No,0,,NA,0,Life event: Deceased
2799,2011-01-01,2799,Male,59,1952-12-12,0.00717,Married,559,,2061-01-15,No,,,Permanent contract,30878.0,52878,Yes,2,,NA,1,Created
2800,2011-01-01,2800,Male,6,2005-11-14,5.9999999999999995e-05,Single,0,,,Yes,57.0,2062-01-02,Child,0.0,0,No,0,,NA,1,Created
2801,2011-01-01,2801,Male,61,1950-01-12,0.00747,Married,560,,2050-09-25,No,,,Permanent contract,15223.0,-1002,Yes,2,,NA,1,Created
2802,2011-01-01,2802,Male,40,1971-09-29,0.0009400000000000001,Married,561,,2022-07-01,Yes,,,Permanent contract,1558.0,57399,No,2,,NA,1,Created
2803,2011-01-01,2803,Female,48,1963-06-21,0.0018800000000000002,Married,572,,2061-06-22,No,,,Permanent contract,14359.0,247,No,1,,NA,1,Created
2804,2011-01-01,2804,Female,98,1913-08-29,0.27366999999999997,Widowed,0,,,No,,,Retired,17676.0,58193,Yes,0,,NA,1,Created
2805,2011-01-01,2805,Female,64,1947-01-16,0.00713,Widowed,0,,,Yes,,,Entrepreneur without personnel,5794.0,255622,Yes,0,,NA,1,Created
16749,2011-01-16,2805,Female,65,1947-01-16,0.00713,Widowed,0,,,Yes,,,Retired,4055.7999999999997,255622,Yes,0,,NA,1,Life event: Retired
2806,2011-01-01,2806,Female,59,1952-11-30,0.00479,Married,573,,2056-04-17,No,,,Permanent contract,41884.0,4837,No,1,,NA,1,Created
2807,2011-01-01,2807,Male,77,1934-12-11,0.0418,Married,562,,2051-07-02,No,,,Retired,21125.0,-3914,Yes,1,,NA,1,Created
2808,2011-01-01,2808,Female,63,1948-06-21,0.00672,Married,574,,2011-03-29,No,,,Permanent contract,787.0,15572,No,1,,NA,1,Created
17138,2011-03-29,2808,Female,63,1948-06-21,0.00672,Divorced,574,,2011-03-29,No,,,Permanent contract,787.0,15572,No,1,,NA,1,Life event: Divorced
18869,2012-06-21,2808,Female,65,1948-06-21,0.00672,Divorced,574,,2011-03-29,No,,,Retired,550.9,15572,No,1,,NA,1,Life event: Retired
2809,2011-01-01,2809,Male,53,1958-12-25,0.0033299999999999996,Married,563,,2057-09-30,Yes,,,Permanent contract,116391.0,944074,No,1,,NA,1,Created
2810,2011-01-01,2810,Female,46,1965-12-21,0.00134,Married,575,,2042-06-21,Yes,,,Permanent contract,83943.0,216736,No,1,,NA,1,Created
2811,2011-01-01,2811,Female,70,1941-12-11,0.01252,Married,576,,2012-11-06,Yes,,,Retired,2925.0,1137056,Yes,1,,NA,1,Created
19221,2012-11-06,2811,Female,71,1941-12-11,0.01252,Divorced,576,,2012-11-06,Yes,,,Retired,2925.0,1137056,Yes,1,,NA,1,Life event: Divorced
2812,2011-01-01,2812,Female,22,1989-09-06,0.00023999999999999998,Single,0,,,Yes,98.0,2087-12-18,Permanent contract,3864.0,11127,No,0,39.0,2028-03-23,1,Created
2813,2011-01-01,2813,Female,40,1971-10-10,0.0006900000000000001,Single,0,,,No,,,Permanent contract,26527.0,-4079,Yes,0,,NA,1,Created
2814,2011-01-01,2814,Male,35,1976-01-24,0.00055,Single,0,,,No,,,Permanent contract,1671.0,88414,No,0,,NA,1,Created
2815,2011-01-01,2815,Female,3,2008-11-19,0.00013000000000000002,Single,0,,,No,,,Child,0.0,0,Yes,0,35.0,2043-10-18,1,Created
2816,2011-01-01,2816,Female,44,1967-12-27,0.00107,Divorced,0,,,No,,,Permanent contract,21972.0,608756,No,0,,NA,1,Created
2817,2011-01-01,2817,Male,38,1973-09-28,0.0009599999999999999,Single,0,,,Yes,42.0,2015-10-15,Permanent contract,15882.0,73207,No,0,,NA,1,Created
2818,2011-01-01,2818,Female,47,1964-06-03,0.00168,Married,577,,2054-07-14,Yes,,,Permanent contract,14889.0,-34909,Yes,2,,NA,1,Created
2819,2011-01-01,2819,Female,52,1959-03-11,0.00268,Married,578,,2023-03-17,Yes,,,Permanent contract,45956.0,1188,Yes,1,,NA,1,Created
2820,2011-01-01,2820,Female,20,1991-11-21,0.00018,Single,0,,,Yes,49.0,2040-09-17,Permanent contract,12882.0,-20920,Yes,0,23.0,2014-12-20,1,Created
2821,2011-01-01,2821,Male,31,1980-04-29,0.00041,Married,564,,2021-01-28,Yes,,,Unemployed,11428.0,-21751,No,1,,NA,1,Created
2822,2011-01-01,2822,Female,35,1976-09-18,0.00033999999999999997,Single,0,,,No,,,Permanent contract,67277.0,26845,No,0,,NA,1,Created
2823,2011-01-01,2823,Male,59,1952-07-05,0.00717,Married,565,,2025-09-09,Yes,,,Entrepreneur without personnel,30086.0,60654,Yes,2,,NA,1,Created
2824,2011-01-01,2824,Male,39,1972-12-25,0.0008699999999999999,Divorced,0,,,Yes,,,Permanent contract,39420.0,419876,No,0,,NA,1,Created
2825,2011-01-01,2825,Female,58,1953-09-05,0.00448,Married,579,,2039-12-14,Yes,,,Permanent contract,1441.0,9433,Yes,2,,NA,1,Created
2826,2011-01-01,2826,Male,53,1958-12-06,0.0033299999999999996,Married,566,,2013-12-22,Yes,,,Permanent contract,78158.0,842214,Yes,2,,NA,1,Created
2827,2011-01-01,2827,Female,38,1973-09-26,0.00063,Married,580,,2027-03-01,Yes,,,Permanent contract,22811.0,116352,Yes,1,,NA,1,Created
2828,2011-01-01,2828,Male,40,1971-01-04,0.0009400000000000001,Married,567,,2011-05-09,Yes,,,Entrepreneur without personnel,38160.0,12940,No,1,,NA,1,Created
17332,2011-05-09,2828,Male,41,1971-01-04,0.0009400000000000001,Divorced,567,,2011-05-09,Yes,,,Entrepreneur without personnel,38160.0,12940,No,1,,NA,1,Life event: Divorced
2829,2011-01-01,2829,Female,40,1971-07-11,0.0006900000000000001,Single,0,,,Yes,35.0,,Entrepreneur with personel,24661.0,1216,No,0,,NA,1,Created
2830,2011-01-01,2830,Female,66,1945-06-07,0.009040000000000001,Married,581,,2016-08-26,No,,,Entrepreneur without personnel,16629.0,757,No,2,,NA,1,Created
17464,2011-06-07,2830,Female,67,1945-06-07,0.009040000000000001,Married,581,,2016-08-26,No,,,Retired,11640.3,757,No,2,,NA,1,Life event: Retired
2831,2011-01-01,2831,Male,61,1950-06-11,0.00747,Married,568,,2033-06-26,No,,,Flexible contract,49972.0,184,Yes,1,,NA,1,Created
2832,2011-01-01,2832,Female,15,1996-11-02,8e-05,Single,0,,,Yes,35.0,2031-03-09,Child,0.0,0,Yes,0,31.0,2027-08-26,1,Created
2833,2011-01-01,2833,Female,0,2011-05-21,0.0028899999999999998,Single,0,,,Yes,29.0,2040-11-13,Child,0.0,0,Yes,0,34.0,2045-01-07,1,Created
2834,2011-01-01,2834,Female,41,1970-01-22,0.0007700000000000001,Single,0,,,No,,,Flexible contract,44346.0,18736,Yes,0,,NA,1,Created
2835,2011-01-01,2835,Male,4,2007-11-30,0.00011,Single,0,,,Yes,32.0,2039-08-13,Child,0.0,0,Yes,0,,NA,1,Created
2836,2011-01-01,2836,Female,15,1996-02-22,8e-05,Single,0,,,No,,,Child,0.0,0,Yes,0,36.0,2032-12-25,1,Created
2837,2011-01-01,2837,Female,56,1955-01-27,0.0041,Married,582,,2024-08-03,No,,,Permanent contract,9661.0,36175,Yes,1,,NA,1,Created
2838,2011-01-01,2838,Female,62,1949-04-07,0.0057399999999999994,Married,583,,2028-01-28,Yes,,,Flexible contract,12963.0,223205,Yes,1,,NA,1,Created
2839,2011-01-01,2839,Female,32,1979-07-17,0.00041,Married,584,,2025-10-17,Yes,,,Permanent contract,16574.0,2946,Yes,3,,NA,1,Created
2840,2011-01-01,2840,Male,37,1974-08-16,0.00082,Single,0,,,Yes,25.0,,Entrepreneur without personnel,6436.0,77351,No,0,,NA,1,Created
18829,2012-06-10,2840,Male,38,1974-08-16,0.00082,Single,0,,,Yes,25,,Entrepreneur without personnel,6436.0,77351,No,0,,NA,0,Life event: Deceased
2841,2011-01-01,2841,Female,54,1957-07-05,0.00313,Married,585,,2025-02-08,No,,,Permanent contract,20657.0,25705,No,1,,NA,1,Created
2842,2011-01-01,2842,Female,17,1994-03-22,0.0001,Single,0,,,No,,,Child,0.0,0,Yes,0,36.0,2030-09-26,1,Created
17105,2011-03-22,2842,Female,18,1994-03-22,0.0001,Single,0,,,No,,,Permanent contract,26507.0,141660,Yes,0,36,2030-09-26,1,Life event: Adulthood
2843,2011-01-01,2843,Female,96,1915-12-17,0.24602,Widowed,0,,,No,,,Retired,8834.0,237273,No,0,,NA,1,Created
2844,2011-01-01,2844,Male,0,2011-11-28,0.0036200000000000004,Single,0,,,Yes,22.0,2033-12-09,Child,0.0,0,Yes,0,,NA,1,Created
2845,2011-01-01,2845,Female,5,2006-11-14,4e-05,Single,0,,,Yes,22.0,2028-09-13,Child,0.0,0,Yes,0,35.0,2041-10-23,1,Created
2846,2011-01-01,2846,Female,24,1987-01-20,0.00018999999999999998,Single,0,,,No,,,Permanent contract,19903.0,954382,Yes,0,31.0,2018-12-27,1,Created
2847,2011-01-01,2847,Female,43,1968-06-22,0.0009699999999999999,Married,586,,2015-05-17,Yes,,,Unemployed,14173.0,92654,Yes,2,,NA,1,Created
2848,2011-01-01,2848,Female,60,1951-12-04,0.00541,Married,587,,2025-05-17,No,,,Permanent contract,8745.0,809928,No,1,,NA,1,Created
2849,2011-01-01,2849,Male,80,1931-11-08,0.05987000000000001,Widowed,0,,,No,,,Retired,21441.0,793801,No,0,,NA,1,Created
2850,2011-01-01,2850,Male,10,2001-12-25,0.00011999999999999999,Single,0,,,No,,,Child,0.0,0,No,0,,NA,1,Created
2851,2011-01-01,2851,Female,7,2004-01-26,7e-05,Single,0,,,Yes,37.0,2041-06-23,Child,0.0,0,Yes,0,31.0,2035-09-06,1,Created
2852,2011-01-01,2852,Female,69,1942-11-11,0.0108,Married,588,,2012-01-14,No,,,Retired,85395.0,6896,Yes,1,,NA,1,Created
18425,2012-01-14,2852,Female,70,1942-11-11,0.0108,Divorced,588,,2012-01-14,No,,,Retired,85395.0,6896,Yes,1,,NA,1,Life event: Divorced
2853,2011-01-01,2853,Female,28,1983-04-13,0.00025,Single,0,,,Yes,33.0,2016-11-22,Permanent contract,5543.0,220521,No,0,37.0,2020-01-14,1,Created
2854,2011-01-01,2854,Female,57,1954-11-10,0.00387,Married,589,,2014-12-22,Yes,,,Permanent contract,7292.0,706690,No,1,,NA,1,Created
2855,2011-01-01,2855,Female,56,1955-11-08,0.0041,Married,590,,2058-10-13,No,,,Permanent contract,14193.0,61353,No,2,,NA,1,Created
2856,2011-01-01,2856,Male,23,1988-10-13,0.00039,Single,0,,,Yes,28.0,2016-03-02,Permanent contract,96809.0,147220,Yes,0,,NA,1,Created
2857,2011-01-01,2857,Male,25,1986-02-06,0.00033999999999999997,Married,569,,2060-07-01,Yes,,,Permanent contract,48094.0,60421,No,1,,NA,1,Created
2858,2011-01-01,2858,Male,21,1990-05-14,0.00045,Single,0,,,No,,,Permanent contract,1655.0,745,Yes,0,,NA,1,Created
2859,2011-01-01,2859,Female,47,1964-08-22,0.00168,Divorced,0,,,No,,,Permanent contract,9552.0,3002,Yes,0,,NA,1,Created
2860,2011-01-01,2860,Male,31,1980-10-28,0.00041,Single,0,,,Yes,44.0,2024-01-06,Permanent contract,48125.0,113382,No,0,,NA,1,Created
2861,2011-01-01,2861,Female,17,1994-04-15,0.0001,Single,0,,,Yes,25.0,2019-01-04,Child,0.0,0,No,0,34.0,2028-05-19,1,Created
17213,2011-04-15,2861,Female,18,1994-04-15,0.0001,Single,0,,,No,,,Permanent contract,29484.0,2262946,No,0,34,2028-05-19,1,Life event: Adulthood
2862,2011-01-01,2862,Male,25,1986-02-18,0.00033999999999999997,Single,0,,,No,,,Permanent contract,34001.0,-47881,No,0,,NA,1,Created
2863,2011-01-01,2863,Male,59,1952-02-07,0.00717,Married,570,,2035-08-09,Yes,,,Permanent contract,13359.0,316053,No,1,,NA,1,Created
2864,2011-01-01,2864,Female,77,1934-08-19,0.0259,Married,591,,2046-09-16,Yes,,,Retired,12453.0,248586,No,2,,NA,1,Created
18548,2012-02-26,2864,Female,78,1934-08-19,0.0259,Widowed,591,,2046-09-16,Yes,,,Retired,12453.0,248586,No,2,,NA,1,Life event: Widowed
2865,2011-01-01,2865,Male,54,1957-12-11,0.00404,Married,571,,2068-03-21,No,,,Flexible contract,669.0,316,Yes,1,,NA,1,Created
2866,2011-01-01,2866,Male,43,1968-08-28,0.00103,Married,572,,2061-06-22,No,,,Permanent contract,77801.0,10184,No,1,,NA,1,Created
2867,2011-01-01,2867,Male,10,2001-03-31,0.00011999999999999999,Single,0,,,Yes,30.0,2031-09-25,Child,0.0,0,No,0,,NA,1,Created
2868,2011-01-01,2868,Female,30,1981-08-31,0.00027,Single,0,,,Yes,32.0,2013-04-16,Permanent contract,18156.0,3497,Yes,0,,NA,1,Created
2869,2011-01-01,2869,Female,50,1961-07-19,0.00225,Married,592,,2026-10-05,Yes,,,Flexible contract,32531.0,24836,Yes,2,,NA,1,Created
2870,2011-01-01,2870,Male,27,1984-01-24,0.00044,Single,0,,,Yes,49.0,2033-09-14,Entrepreneur without personnel,21071.0,117969,No,0,,NA,1,Created
2871,2011-01-01,2871,Male,25,1986-02-17,0.00033999999999999997,Single,0,,,No,,,Permanent contract,9925.0,-1436,Yes,0,,NA,1,Created
2872,2011-01-01,2872,Female,37,1974-10-28,0.00057,Married,593,,2027-03-23,Yes,,,Permanent contract,29519.0,16896,No,1,,NA,1,Created
2873,2011-01-01,2873,Male,61,1950-10-04,0.00747,Married,573,,2056-04-17,No,,,Flexible contract,45035.0,400,No,1,,NA,1,Created
2874,2011-01-01,2874,Male,41,1970-06-02,0.0008900000000000001,Divorced,0,,,Yes,,,Flexible contract,32790.0,387,Yes,0,,NA,1,Created
2875,2011-01-01,2875,Female,11,2000-05-31,7e-05,Single,0,,,Yes,28.0,2028-06-15,Child,0.0,0,Yes,0,24.0,2024-10-10,1,Created
2876,2011-01-01,2876,Female,91,1920-02-12,0.14715,Widowed,0,,,Yes,,,Retired,26783.0,416894,Yes,0,,NA,1,Created
2877,2011-01-01,2877,Male,29,1982-09-21,0.0005200000000000001,Single,0,,,No,,,Entrepreneur without personnel,6158.0,329,Yes,0,,NA,1,Created
2878,2011-01-01,2878,Female,82,1929-02-17,0.0493,Widowed,0,,,No,,,Retired,7576.0,37520,No,0,,NA,1,Created
2879,2011-01-01,2879,Female,19,1992-02-05,0.00014,Single,0,,,No,,,Permanent contract,49586.0,24620,Yes,0,26.0,2018-07-12,1,Created
2880,2011-01-01,2880,Female,59,1952-04-27,0.00479,Divorced,0,,,No,,,Permanent contract,45425.0,872,Yes,0,,NA,1,Created
2881,2011-01-01,2881,Female,94,1917-01-03,0.20800000000000002,Widowed,0,,,Yes,,,Retired,18958.0,12445,Yes,0,,NA,1,Created
17557,2011-06-24,2881,Female,95,1917-01-03,0.20800000000000002,Widowed,0,,,Yes,,,Retired,18958.0,12445,Yes,0,,NA,0,Life event: Deceased
2882,2011-01-01,2882,Male,52,1959-12-31,0.00314,Married,574,,2011-03-29,Yes,,,Flexible contract,17729.0,4859014,No,1,,NA,1,Created
17139,2011-03-29,2882,Male,52,1959-12-31,0.00314,Divorced,574,,2011-03-29,Yes,,,Flexible contract,17729.0,4859014,No,1,,NA,1,Life event: Divorced
2883,2011-01-01,2883,Male,31,1980-02-03,0.00041,Married,575,,2042-06-21,Yes,,,Unemployed,23273.0,-46513,No,1,,NA,1,Created
2884,2011-01-01,2884,Male,25,1986-02-23,0.00033999999999999997,Single,0,,,Yes,45.0,2031-04-09,Permanent contract,15605.0,4611609,No,0,,NA,1,Created
2885,2011-01-01,2885,Female,35,1976-10-02,0.00033999999999999997,Married,594,,2037-04-29,Yes,,,Entrepreneur without personnel,25613.0,12059,Yes,1,,NA,1,Created
17904,2011-09-09,2885,Female,35,1976-10-02,0.00033999999999999997,Widowed,594,,2037-04-29,Yes,,,Entrepreneur without personnel,25613.0,12059,Yes,1,,NA,1,Life event: Widowed
2886,2011-01-01,2886,Male,34,1977-08-26,0.00067,Single,0,,,No,,,Flexible contract,36614.0,225967,No,0,,NA,1,Created
2887,2011-01-01,2887,Female,19,1992-01-01,0.00014,Single,0,,,No,,,Permanent contract,17511.0,-11009,Yes,0,27.0,2019-09-25,1,Created
2888,2011-01-01,2888,Male,47,1964-04-19,0.00186,Married,576,,2012-11-06,Yes,,,Flexible contract,92630.0,-49057,Yes,1,,NA,1,Created
19222,2012-11-06,2888,Male,49,1964-04-19,0.00186,Divorced,576,,2012-11-06,Yes,,,Flexible contract,92630.0,-49057,Yes,1,,NA,1,Life event: Divorced
2889,2011-01-01,2889,Male,5,2006-07-13,9e-05,Single,0,,,Yes,33.0,2039-06-23,Child,0.0,0,No,0,,NA,1,Created
2890,2011-01-01,2890,Male,58,1953-08-11,0.00603,Divorced,0,,,Yes,,,Permanent contract,13213.0,59897,Yes,0,,NA,1,Created
2891,2011-01-01,2891,Male,64,1947-01-09,0.01097,Divorced,0,,,No,,,Permanent contract,14868.0,119799,No,0,,NA,1,Created
16703,2011-01-09,2891,Male,65,1947-01-09,0.01097,Divorced,0,,,No,,,Retired,10407.599999999999,119799,No,0,,NA,1,Life event: Retired
2892,2011-01-01,2892,Male,85,1926-02-11,0.10312,Widowed,0,,,Yes,,,Retired,4551.0,-23446,No,0,,NA,1,Created
18826,2012-06-09,2892,Male,87,1926-02-11,0.10312,Widowed,0,,,Yes,,,Retired,4551.0,-23446,No,0,,NA,0,Life event: Deceased
2893,2011-01-01,2893,Female,59,1952-10-05,0.00479,Married,595,,2031-08-09,Yes,,,Permanent contract,41301.0,-39917,No,2,,NA,1,Created
2894,2011-01-01,2894,Female,56,1955-09-23,0.0041,Married,596,,2038-07-10,No,,,Permanent contract,35609.0,52704,No,2,,NA,1,Created
2895,2011-01-01,2895,Male,33,1978-11-15,0.00047999999999999996,Married,577,,2054-07-14,Yes,,,Permanent contract,83220.0,197950,Yes,2,,NA,1,Created
2896,2011-01-01,2896,Female,39,1972-10-26,0.00074,Married,597,,2037-08-10,Yes,,,Permanent contract,26510.0,465,Yes,1,,NA,1,Created
2897,2011-01-01,2897,Female,52,1959-12-24,0.00268,Married,598,,2046-07-18,Yes,,,Permanent contract,32872.0,-5960,Yes,1,,NA,1,Created
2898,2011-01-01,2898,Female,18,1993-12-12,0.00023999999999999998,Single,0,,,Yes,44.0,2037-01-12,Permanent contract,38550.0,464882,Yes,0,34.0,2027-09-07,1,Created
2899,2011-01-01,2899,Female,6,2005-01-26,8e-05,Single,0,,,No,,,Child,0.0,0,Yes,0,26.0,2031-06-25,1,Created
2900,2011-01-01,2900,Female,40,1971-08-08,0.0006900000000000001,Single,0,,,Yes,33.0,,Entrepreneur without personnel,14453.0,712108,Yes,0,,NA,1,Created
2901,2011-01-01,2901,Female,56,1955-12-01,0.0041,Married,599,,2025-02-06,No,,,Permanent contract,78684.0,315433,Yes,2,,NA,1,Created
2902,2011-01-01,2902,Male,54,1957-04-06,0.00404,Divorced,0,,,No,,,Entrepreneur without personnel,7366.0,131497,No,0,,NA,1,Created
2903,2011-01-01,2903,Female,40,1971-06-19,0.0006900000000000001,Married,600,,2027-07-07,Yes,,,Entrepreneur with personel,49029.0,242446,No,2,,NA,1,Created
2904,2011-01-01,2904,Female,74,1937-12-13,0.0185,Married,601,,2059-11-03,No,,,Retired,51623.0,78162,No,1,,NA,1,Created
2905,2011-01-01,2905,Male,11,2000-06-17,9e-05,Single,0,,,No,,,Child,0.0,0,No,0,,NA,1,Created
2906,2011-01-01,2906,Male,2,2009-06-16,0.00021,Single,0,,,Yes,35.0,2044-03-18,Child,0.0,0,Yes,0,,NA,1,Created
2907,2011-01-01,2907,Female,27,1984-03-29,0.00025,Single,0,,,No,,,Permanent contract,83551.0,-25293,Yes,0,32.0,2016-09-19,1,Created
2908,2011-01-01,2908,Male,30,1981-01-21,0.00055,Single,0,,,No,,,Flexible contract,19558.0,104487,No,0,,NA,1,Created
2909,2011-01-01,2909,Female,17,1994-02-08,0.0001,Single,0,,,Yes,30.0,2024-04-05,Child,0.0,0,No,0,28.0,2022-08-02,1,Created
16869,2011-02-08,2909,Female,18,1994-02-08,0.0001,Single,0,,,No,,,Permanent contract,38393.0,237133,No,0,28,2022-08-02,1,Life event: Adulthood
2910,2011-01-01,2910,Male,4,2007-03-28,0.00011,Single,0,,,No,,,Child,0.0,0,No,0,,NA,1,Created
2911,2011-01-01,2911,Female,11,2000-01-22,7e-05,Single,0,,,Yes,55.0,2055-08-02,Child,0.0,0,Yes,0,30.0,2030-12-25,1,Created
2912,2011-01-01,2912,Female,28,1983-04-21,0.00025,Single,0,,,Yes,39.0,2022-05-13,Unemployed,14849.0,133208,Yes,0,34.0,2017-07-13,1,Created
2913,2011-01-01,2913,Female,32,1979-03-08,0.00041,Married,602,,2035-09-26,Yes,,,Entrepreneur without personnel,24880.0,546,Yes,1,33.0,2012-09-16,1,Created
19106,2012-09-16,2913,Female,34,1979-03-08,0.00041,Married,602,,2035-09-26,Yes,,,Entrepreneur without personnel,24880.0,546,Yes,2,33,2012-09-16,1,Life event: Children born
2914,2011-01-01,2914,Male,17,1994-10-09,0.00022999999999999998,Single,0,,,No,,,Child,0.0,0,Yes,0,,NA,1,Created
18031,2011-10-09,2914,Male,18,1994-10-09,0.00022999999999999998,Single,0,,,No,,,Permanent contract,5141.0,40452,Yes,0,,NA,1,Life event: Adulthood
2915,2011-01-01,2915,Male,34,1977-01-09,0.00067,Married,578,,2023-03-17,Yes,,,Permanent contract,8852.0,-49975,Yes,1,,NA,1,Created
2916,2011-01-01,2916,Female,53,1958-06-23,0.00312,Married,603,,2013-08-24,No,,,Permanent contract,16405.0,-42201,No,1,,NA,1,Created
2917,2011-01-01,2917,Female,9,2002-04-25,2.9999999999999997e-05,Single,0,,,Yes,32.0,2034-06-07,Child,0.0,0,Yes,0,24.0,2026-08-17,1,Created
2918,2011-01-01,2918,Male,39,1972-01-06,0.0008699999999999999,Single,0,,,Yes,48.0,2020-06-20,Flexible contract,47520.0,189189,No,0,,NA,1,Created
2919,2011-01-01,2919,Male,26,1985-07-07,1.0,Single,0,,,Yes,55.0,2040-11-02,Entrepreneur without personnel,17082.0,468935,No,0,,NA,1,Created
2920,2011-01-01,2920,Female,46,1965-02-05,0.00134,Married,604,,2042-09-23,Yes,,,Permanent contract,15842.0,475731,Yes,2,,NA,1,Created
2921,2011-01-01,2921,Female,51,1960-11-13,0.0023899999999999998,Married,605,,2051-06-14,No,,,Permanent contract,97239.0,4735410,No,2,,NA,1,Created
2922,2011-01-01,2922,Male,76,1935-07-16,0.0375,Divorced,0,,,Yes,,,Retired,67281.0,182675,Yes,0,,NA,1,Created
2923,2011-01-01,2923,Male,55,1956-06-18,0.00419,Married,579,,2039-12-14,No,,,Family business,64515.0,55355,Yes,2,,NA,1,Created
2924,2011-01-01,2924,Male,45,1966-12-17,0.0014199999999999998,Married,580,,2027-03-01,No,,,Permanent contract,42324.0,19284,Yes,1,,NA,1,Created
2925,2011-01-01,2925,Male,39,1972-10-14,0.0008699999999999999,Married,581,,2016-08-26,No,,,Flexible contract,16607.0,82394,No,2,,NA,1,Created
2926,2011-01-01,2926,Female,55,1956-12-02,0.00372,Widowed,0,,,No,,,Permanent contract,24058.0,32,No,0,,NA,1,Created
2927,2011-01-01,2927,Male,1,2010-07-31,0.00056,Single,0,,,No,,,Child,0.0,0,Yes,0,,NA,1,Created
2928,2011-01-01,2928,Female,51,1960-03-09,0.0023899999999999998,Divorced,0,,,No,,,Permanent contract,34231.0,242578,Yes,0,,NA,1,Created
2929,2011-01-01,2929,Male,49,1962-11-18,0.00242,Single,0,,,No,,,Permanent contract,36899.0,482646,No,0,,NA,1,Created
2930,2011-01-01,2930,Male,26,1985-08-06,1.0,Single,0,,,Yes,35.0,2020-02-11,Permanent contract,47695.0,172347,No,0,,NA,1,Created
17753,2011-08-07,2930,Male,27,1985-08-06,1.0,Single,0,,,Yes,35,2020-02-11,Permanent contract,47695.0,172347,No,0,,NA,0,Life event: Deceased
2931,2011-01-01,2931,Male,56,1955-03-08,0.0052,Married,582,,2024-08-03,Yes,,,Unemployed,8629.0,290028,Yes,1,,NA,1,Created
2932,2011-01-01,2932,Female,51,1960-02-27,0.0023899999999999998,Married,606,,2039-10-20,Yes,,,Flexible contract,9927.0,7305,Yes,2,,NA,1,Created
2933,2011-01-01,2933,Male,22,1989-04-29,0.00041,Single,0,,,No,,,Entrepreneur with personel,14686.0,261364,Yes,0,,NA,1,Created
2934,2011-01-01,2934,Male,21,1990-08-06,0.00045,Single,0,,,Yes,96.0,2086-05-21,Permanent contract,22088.0,-18038,No,0,,NA,1,Created
2935,2011-01-01,2935,Female,49,1962-05-11,0.00193,Married,607,,2049-04-03,Yes,,,Permanent contract,31205.0,-26912,Yes,2,,NA,1,Created
2936,2011-01-01,2936,Male,30,1981-06-23,0.00055,Single,0,,,Yes,35.0,2016-01-05,Permanent contract,111016.0,18871,No,0,,NA,1,Created
2937,2011-01-01,2937,Male,37,1974-03-21,0.00082,Married,583,,2028-01-28,Yes,,,Permanent contract,26802.0,363930,Yes,1,,NA,1,Created
2938,2011-01-01,2938,Female,59,1952-03-10,0.00479,Widowed,0,,,No,,,Permanent contract,15084.0,14205,No,0,,NA,1,Created
2939,2011-01-01,2939,Female,103,1908-05-03,1.0,Widowed,0,,,No,,,Retired,340.0,340257,Yes,0,,NA,1,Created
17817,2011-08-18,2939,Female,104,1908-05-03,1.0,Widowed,0,,,No,,,Retired,340.0,340257,Yes,0,,NA,0,Life event: Deceased
2940,2011-01-01,2940,Male,39,1972-01-01,0.0008699999999999999,Divorced,0,,,No,,,Permanent contract,14677.0,310750,No,0,,NA,1,Created
2941,2011-01-01,2941,Female,1,2010-05-28,0.00033999999999999997,Single,0,,,Yes,25.0,2035-01-29,Child,0.0,0,Yes,0,35.0,2045-08-08,1,Created
2942,2011-01-01,2942,Female,26,1985-09-07,1.0,Married,608,,2031-01-23,Yes,,,Permanent contract,30527.0,435421,No,2,29.0,2014-11-10,1,Created
2943,2011-01-01,2943,Female,52,1959-07-04,0.00268,Married,609,,2072-04-19,No,,,Permanent contract,6275.0,221106,No,1,,NA,1,Created
2944,2011-01-01,2944,Female,54,1957-03-14,0.00313,Single,0,,,Yes,23.0,,Permanent contract,7340.0,-23619,No,0,,NA,1,Created
2945,2011-01-01,2945,Female,65,1946-05-02,0.007559999999999999,Single,0,,,Yes,48.0,,Permanent contract,10144.0,106554,Yes,0,,NA,1,Created
17283,2011-05-02,2945,Female,66,1946-05-02,0.007559999999999999,Single,0,,,Yes,48,,Retired,7100.799999999999,106554,Yes,0,,NA,1,Life event: Retired
2946,2011-01-01,2946,Male,2,2009-06-11,0.00021,Single,0,,,No,,,Child,0.0,0,Yes,0,,NA,1,Created
2947,2011-01-01,2947,Female,0,2011-06-04,0.0028899999999999998,Single,0,,,No,,,Child,0.0,0,No,0,31.0,2042-01-22,1,Created
2948,2011-01-01,2948,Male,73,1938-12-18,0.0262,Married,584,,2025-10-17,No,,,Retired,31701.0,751188,Yes,3,,NA,1,Created
2949,2011-01-01,2949,Female,61,1950-01-20,0.00562,Married,610,,2021-11-20,Yes,,,Permanent contract,556.0,25599,No,2,,NA,1,Created
2950,2011-01-01,2950,Female,57,1954-06-11,0.00387,Divorced,0,,,Yes,,,Flexible contract,21550.0,971534,Yes,0,,NA,1,Created
2951,2011-01-01,2951,Male,42,1969-12-06,0.00128,Married,585,,2025-02-08,Yes,,,Flexible contract,43011.0,-35229,No,1,,NA,1,Created
2952,2011-01-01,2952,Male,43,1968-12-14,0.00103,Married,586,,2015-05-17,Yes,,,Permanent contract,24865.0,133843,Yes,2,,NA,1,Created
2953,2011-01-01,2953,Female,12,1999-10-26,5e-05,Single,0,,,No,,,Child,0.0,0,No,0,39.0,2038-12-19,1,Created
2954,2011-01-01,2954,Female,65,1946-04-30,0.007559999999999999,Divorced,0,,,No,,,Permanent contract,15474.0,10840,Yes,0,,NA,1,Created
17272,2011-04-30,2954,Female,66,1946-04-30,0.007559999999999999,Divorced,0,,,No,,,Retired,10831.8,10840,Yes,0,,NA,1,Life event: Retired
2955,2011-01-01,2955,Male,55,1956-03-20,0.00419,Married,587,,2025-05-17,Yes,,,Permanent contract,19820.0,23071,No,1,,NA,1,Created
2956,2011-01-01,2956,Female,52,1959-01-16,0.00268,Married,611,,2043-06-09,Yes,,,Entrepreneur without personnel,21581.0,29155,No,2,,NA,1,Created
2957,2011-01-01,2957,Male,60,1951-03-20,0.006840000000000001,Married,588,,2012-01-14,Yes,,,Permanent contract,37650.0,19762,Yes,1,,NA,1,Created
18426,2012-01-14,2957,Male,61,1951-03-20,0.006840000000000001,Divorced,588,,2012-01-14,Yes,,,Permanent contract,37650.0,19762,Yes,1,,NA,1,Life event: Divorced
2958,2011-01-01,2958,Male,0,2011-07-07,0.0036200000000000004,Single,0,,,Yes,32.0,2043-08-11,Child,0.0,0,Yes,0,,NA,1,Created
2959,2011-01-01,2959,Female,9,2002-04-09,2.9999999999999997e-05,Single,0,,,Yes,34.0,2036-11-09,Child,0.0,0,Yes,0,25.0,2027-09-17,1,Created
2960,2011-01-01,2960,Female,14,1997-09-14,9e-05,Single,0,,,No,,,Child,0.0,0,No,0,32.0,2029-11-07,1,Created
2961,2011-01-01,2961,Female,49,1962-07-10,0.00193,Single,0,,,No,,,Permanent contract,25547.0,444425,Yes,0,,NA,1,Created
2962,2011-01-01,2962,Female,13,1998-03-18,0.00011999999999999999,Single,0,,,Yes,50.0,2048-10-05,Child,0.0,0,No,0,34.0,2032-02-13,1,Created
2963,2011-01-01,2963,Female,2,2009-07-21,0.00015,Single,0,,,Yes,35.0,2044-02-27,Child,0.0,0,Yes,0,34.0,2043-02-01,1,Created
2964,2011-01-01,2964,Female,22,1989-02-20,0.00023999999999999998,Single,0,,,No,,,Permanent contract,12381.0,493273,No,0,31.0,2020-09-19,1,Created
2965,2011-01-01,2965,Female,54,1957-03-25,0.00313,Married,612,,2049-01-06,Yes,,,Permanent contract,17681.0,2253,No,3,,NA,1,Created
2966,2011-01-01,2966,Female,55,1956-10-06,0.00372,Married,613,,2025-02-15,Yes,,,Flexible contract,27227.0,116311,Yes,2,,NA,1,Created
2967,2011-01-01,2967,Female,45,1966-06-12,0.00134,Married,614,,2015-02-25,No,,,Flexible contract,13820.0,264416,Yes,2,,NA,1,Created
2968,2011-01-01,2968,Male,40,1971-08-22,0.0009400000000000001,Married,589,,2014-12-22,No,,,Permanent contract,15712.0,142159,No,1,,NA,1,Created
2969,2011-01-01,2969,Male,20,1991-09-16,0.00045,Single,0,,,No,,,Unemployed,91143.0,88873,No,0,,NA,1,Created
2970,2011-01-01,2970,Male,40,1971-11-24,0.0009400000000000001,Single,0,,,Yes,37.0,,Permanent contract,5286.0,356087,No,0,,NA,1,Created
2971,2011-01-01,2971,Male,46,1965-07-23,0.00172,Single,0,,,No,,,Unemployed,55509.0,323831,No,0,,NA,1,Created
2972,2011-01-01,2972,Female,24,1987-09-17,0.00018999999999999998,Single,0,,,Yes,30.0,2017-09-12,Flexible contract,25874.0,432838,No,0,30.0,2017-03-02,1,Created
2973,2011-01-01,2973,Male,42,1969-04-17,0.00128,Married,590,,2058-10-13,Yes,,,Permanent contract,22910.0,198573,No,2,,NA,1,Created
2974,2011-01-01,2974,Female,21,1990-01-05,0.00016,Single,0,,,No,,,Permanent contract,7262.0,185475,Yes,0,42.0,2032-02-16,1,Created
2975,2011-01-01,2975,Male,62,1949-01-06,0.008409999999999999,Married,591,,2046-09-16,Yes,,,Flexible contract,12623.0,13280,No,2,,NA,1,Created
18547,2012-02-26,2975,Male,64,1949-01-06,0.008409999999999999,Married,591,,2046-09-16,Yes,,,Flexible contract,12623.0,13280,No,2,,NA,0,Life event: Deceased
2976,2011-01-01,2976,Male,80,1931-02-21,0.05987000000000001,Widowed,0,,,No,,,Retired,14013.0,-8556,Yes,0,,NA,1,Created
2977,2011-01-01,2977,Female,72,1939-09-06,0.01411,Married,615,,2051-05-28,Yes,,,Retired,30644.0,402982,Yes,2,,NA,1,Created
2978,2011-01-01,2978,Male,63,1948-05-15,0.00945,Married,592,,2026-10-05,Yes,,,Permanent contract,48769.0,-34010,Yes,2,,NA,1,Created
18752,2012-05-15,2978,Male,65,1948-05-15,0.00945,Married,592,,2026-10-05,Yes,,,Retired,34138.299999999996,-34010,Yes,2,,NA,1,Life event: Retired
2979,2011-01-01,2979,Female,69,1942-01-27,0.0108,Divorced,0,,,Yes,,,Retired,18402.0,348362,Yes,0,,NA,1,Created
2980,2011-01-01,2980,Male,44,1967-08-26,0.0013599999999999999,Married,593,,2027-03-23,Yes,,,Permanent contract,40269.0,-34012,No,1,,NA,1,Created
2981,2011-01-01,2981,Male,75,1936-09-12,0.033710000000000004,Widowed,0,,,Yes,,,Retired,19136.0,426844,No,0,,NA,1,Created
2982,2011-01-01,2982,Male,86,1925-06-04,0.1126,Widowed,0,,,No,,,Retired,35286.0,23940,Yes,0,,NA,1,Created
2983,2011-01-01,2983,Male,35,1976-01-21,0.00055,Married,594,,2037-04-29,No,,,Permanent contract,7613.0,21986,Yes,1,,NA,1,Created
17903,2011-09-09,2983,Male,36,1976-01-21,0.00055,Married,594,,2037-04-29,No,,,Permanent contract,7613.0,21986,Yes,1,,NA,0,Life event: Deceased
2984,2011-01-01,2984,Female,57,1954-12-15,0.00387,Married,616,,2032-01-08,No,,,Permanent contract,35472.0,2586,No,2,,NA,1,Created
2985,2011-01-01,2985,Male,58,1953-02-01,0.00603,Single,0,,,No,,,Permanent contract,27315.0,1514918,Yes,0,,NA,1,Created
2986,2011-01-01,2986,Female,44,1967-07-06,0.00107,Single,0,,,Yes,40.0,,Entrepreneur without personnel,359.0,11737,Yes,0,,NA,1,Created
2987,2011-01-01,2987,Male,20,1991-02-11,0.00045,Single,0,,,No,,,Permanent contract,20609.0,647,No,0,,NA,1,Created
2988,2011-01-01,2988,Female,56,1955-07-15,0.0041,Married,617,,2043-04-02,No,,,Entrepreneur with personel,67051.0,3479,Yes,1,,NA,1,Created
2989,2011-01-01,2989,Female,55,1956-10-31,0.00372,Married,618,,2019-03-03,No,,,Permanent contract,3054.0,28759,Yes,2,,NA,1,Created
2990,2011-01-01,2990,Male,7,2004-06-06,9e-05,Single,0,,,No,,,Child,0.0,0,No,0,,NA,1,Created
2991,2011-01-01,2991,Female,62,1949-10-18,0.0057399999999999994,Married,619,,2071-10-02,Yes,,,Permanent contract,91173.0,22994,Yes,1,,NA,1,Created
2992,2011-01-01,2992,Female,65,1946-10-18,0.007559999999999999,Married,620,,2019-01-12,Yes,,,Permanent contract,12470.0,162647,No,1,,NA,1,Created
18067,2011-10-18,2992,Female,66,1946-10-18,0.007559999999999999,Married,620,,2019-01-12,Yes,,,Retired,8729.0,162647,No,1,,NA,1,Life event: Retired
2993,2011-01-01,2993,Male,31,1980-04-10,0.00041,Married,595,,2031-08-09,Yes,,,Permanent contract,25461.0,295224,No,2,,NA,1,Created
2994,2011-01-01,2994,Male,12,1999-07-14,0.00011,Single,0,,,Yes,28.0,2027-05-24,Child,0.0,0,Yes,0,,NA,1,Created
2995,2011-01-01,2995,Female,69,1942-07-30,0.0108,Divorced,0,,,Yes,,,Retired,6812.0,16427,No,0,,NA,1,Created
2996,2011-01-01,2996,Female,56,1955-09-16,0.0041,Married,621,,2033-12-15,Yes,,,Permanent contract,10255.0,6950,No,2,,NA,1,Created
2997,2011-01-01,2997,Female,63,1948-05-26,0.00672,Married,622,,2046-12-22,Yes,,,Permanent contract,12352.0,319050,Yes,1,,NA,1,Created
18785,2012-05-26,2997,Female,65,1948-05-26,0.00672,Married,622,,2046-12-22,Yes,,,Retired,8646.4,319050,Yes,1,,NA,1,Life event: Retired
2998,2011-01-01,2998,Female,25,1986-08-03,0.00022999999999999998,Single,0,,,No,,,Permanent contract,3689.0,34759,Yes,0,37.0,2023-11-01,1,Created
2999,2011-01-01,2999,Male,9,2002-06-23,0.00014,Single,0,,,No,,,Child,0.0,0,No,0,,NA,1,Created
3000,2011-01-01,3000,Female,50,1961-11-21,0.00225,Married,623,,2054-03-16,No,,,Unemployed,18723.0,167841,No,2,,NA,1,Created
3001,2011-01-01,3001,Male,3,2008-01-18,0.0002,Single,0,,,Yes,55.0,2063-04-18,Child,0.0,0,Yes,0,,NA,1,Created
3002,2011-01-01,3002,Male,42,1969-08-16,0.00128,Married,596,,2038-07-10,Yes,,,Permanent contract,34442.0,36509,No,2,,NA,1,Created
3003,2011-01-01,3003,Female,55,1956-09-15,0.00372,Divorced,0,,,No,,,Permanent contract,31726.0,24867,Yes,0,,NA,1,Created
3004,2011-01-01,3004,Male,25,1986-09-16,0.00033999999999999997,Single,0,,,Yes,33.0,2019-04-24,Unemployed,24453.0,30440,No,0,,NA,1,Created
3005,2011-01-01,3005,Male,53,1958-01-11,0.0033299999999999996,Married,597,,2037-08-10,Yes,,,Permanent contract,74649.0,127099,Yes,1,,NA,1,Created
3006,2011-01-01,3006,Female,36,1975-01-26,0.00049,Single,0,,,No,,,Permanent contract,42035.0,153074,Yes,0,,NA,1,Created
3007,2011-01-01,3007,Male,34,1977-08-19,0.00067,Single,0,,,Yes,33.0,,Permanent contract,11747.0,19987,No,0,,NA,1,Created
3008,2011-01-01,3008,Male,64,1947-07-28,0.01097,Divorced,0,,,Yes,,,Permanent contract,19522.0,12610,No,0,,NA,1,Created
17711,2011-07-28,3008,Male,65,1947-07-28,0.01097,Divorced,0,,,Yes,,,Retired,13665.4,12610,No,0,,NA,1,Life event: Retired
3009,2011-01-01,3009,Male,7,2004-12-12,9e-05,Single,0,,,Yes,30.0,2034-03-11,Child,0.0,0,Yes,0,,NA,1,Created
3010,2011-01-01,3010,Female,46,1965-01-29,0.00134,Married,624,,2062-12-02,Yes,,,Entrepreneur without personnel,32895.0,352203,No,1,,NA,1,Created
3011,2011-01-01,3011,Male,61,1950-06-24,0.00747,Married,598,,2046-07-18,No,,,Flexible contract,55049.0,196749,Yes,1,,NA,1,Created
3012,2011-01-01,3012,Female,26,1985-05-08,1.0,Single,0,,,Yes,27.0,2012-09-29,Permanent contract,46990.0,-4759,Yes,0,31.0,2016-07-24,1,Created
18417,2012-01-12,3012,Female,27,1985-05-08,1.0,Single,0,,,Yes,27,2012-09-29,Permanent contract,46990.0,-4759,Yes,0,31,2016-07-24,0,Life event: Deceased
3013,2011-01-01,3013,Male,22,1989-03-29,0.00041,Single,0,,,No,,,Permanent contract,4954.0,106697,Yes,0,,NA,1,Created
3014,2011-01-01,3014,Female,16,1995-08-07,8e-05,Single,0,,,No,,,Child,0.0,0,Yes,0,33.0,2028-08-16,1,Created
18989,2012-08-07,3014,Female,18,1995-08-07,8e-05,Single,0,,,Yes,62,2056-05-20,Flexible contract,32936.0,513654,Yes,0,33,2028-08-16,1,Life event: Adulthood
3015,2011-01-01,3015,Male,2,2009-10-27,0.00021,Single,0,,,Yes,40.0,2049-07-05,Child,0.0,0,Yes,0,,NA,1,Created
3016,2011-01-01,3016,Female,70,1941-12-07,0.01252,Married,625,,2028-01-24,No,,,Retired,24841.0,2151054,Yes,1,,NA,1,Created
3017,2011-01-01,3017,Female,60,1951-03-26,0.00541,Married,626,,2018-07-17,No,,,Entrepreneur with personel,48573.0,8834,No,1,,NA,1,Created
3018,2011-01-01,3018,Female,63,1948-11-06,0.00672,Married,627,,2022-03-23,Yes,,,Entrepreneur with personel,79978.0,9547,Yes,2,,NA,1,Created
19223,2012-11-06,3018,Female,65,1948-11-06,0.00672,Married,627,,2022-03-23,Yes,,,Retired,55984.6,9547,Yes,2,,NA,1,Life event: Retired
3019,2011-01-01,3019,Female,11,2000-03-10,7e-05,Single,0,,,No,,,Child,0.0,0,Yes,0,30.0,2030-08-03,1,Created
3020,2011-01-01,3020,Male,1,2010-03-06,0.00056,Single,0,,,Yes,34.0,2044-01-19,Child,0.0,0,Yes,0,,NA,1,Created
3021,2011-01-01,3021,Female,45,1966-07-16,0.00134,Single,0,,,No,,,Permanent contract,59872.0,-19253,Yes,0,,NA,1,Created
3022,2011-01-01,3022,Male,35,1976-03-18,0.00055,Married,599,,2025-02-06,No,,,Flexible contract,28207.0,46091,Yes,2,,NA,1,Created
3023,2011-01-01,3023,Female,0,2011-11-16,0.0028899999999999998,Single,0,,,No,,,Child,0.0,0,Yes,0,29.0,2040-03-26,1,Created
3024,2011-01-01,3024,Male,29,1982-05-27,0.0005200000000000001,Single,0,,,Yes,45.0,2027-09-24,Permanent contract,22761.0,615,No,0,,NA,1,Created
3025,2011-01-01,3025,Female,51,1960-12-21,0.0023899999999999998,Single,0,,,No,,,Permanent contract,24836.0,124808,No,0,,NA,1,Created
3026,2011-01-01,3026,Male,1,2010-01-08,0.00056,Single,0,,,No,,,Child,0.0,0,Yes,0,,NA,1,Created
3027,2011-01-01,3027,Male,63,1948-06-02,0.00945,Single,0,,,No,,,Permanent contract,41026.0,465474,No,0,,NA,1,Created
18807,2012-06-02,3027,Male,65,1948-06-02,0.00945,Single,0,,,No,,,Retired,28718.199999999997,465474,No,0,,NA,1,Life event: Retired
3028,2011-01-01,3028,Female,12,1999-12-17,5e-05,Single,0,,,Yes,30.0,2029-08-28,Child,0.0,0,No,0,34.0,2033-12-13,1,Created
3029,2011-01-01,3029,Male,46,1965-03-16,0.00172,Divorced,0,,,No,,,Entrepreneur with personel,14266.0,919,Yes,0,,NA,1,Created
3030,2011-01-01,3030,Female,65,1946-04-01,0.007559999999999999,Single,0,,,Yes,33.0,,Permanent contract,19770.0,209295,Yes,0,,NA,1,Created
17150,2011-04-01,3030,Female,66,1946-04-01,0.007559999999999999,Single,0,,,Yes,33,,Retired,13839.0,209295,Yes,0,,NA,1,Life event: Retired
3031,2011-01-01,3031,Male,60,1951-01-21,0.006840000000000001,Divorced,0,,,Yes,,,Permanent contract,20414.0,145045,No,0,,NA,1,Created
3032,2011-01-01,3032,Female,11,2000-03-07,7e-05,Single,0,,,No,,,Child,0.0,0,Yes,0,34.0,2034-12-02,1,Created
3033,2011-01-01,3033,Male,53,1958-06-19,0.0033299999999999996,Married,600,,2027-07-07,No,,,Permanent contract,18233.0,79176,No,2,,NA,1,Created
3034,2011-01-01,3034,Female,14,1997-01-12,9e-05,Single,0,,,No,,,Child,0.0,0,Yes,0,28.0,2025-09-26,1,Created
3035,2011-01-01,3035,Female,29,1982-11-17,0.00032,Married,628,,2027-05-05,Yes,,,Permanent contract,40492.0,40347,No,1,,NA,1,Created
3036,2011-01-01,3036,Male,65,1946-12-03,0.01141,Widowed,0,,,No,,,Permanent contract,26467.0,-10819,Yes,0,,NA,1,Created
18255,2011-12-03,3036,Male,66,1946-12-03,0.01141,Widowed,0,,,No,,,Retired,18526.899999999998,-10819,Yes,0,,NA,1,Life event: Retired
3037,2011-01-01,3037,Female,40,1971-12-05,0.0006900000000000001,Married,629,,2016-11-11,Yes,,,Permanent contract,16183.0,43322,No,2,,NA,1,Created
3038,2011-01-01,3038,Male,36,1975-09-14,0.0006,Single,0,,,Yes,28.0,,Permanent contract,54711.0,3667837,No,0,,NA,1,Created
3039,2011-01-01,3039,Male,30,1981-05-01,0.00055,Married,601,,2059-11-03,No,,,Entrepreneur without personnel,23607.0,94974,No,1,,NA,1,Created
3040,2011-01-01,3040,Female,16,1995-05-28,8e-05,Single,0,,,No,,,Child,0.0,0,No,0,41.0,2036-12-23,1,Created
18791,2012-05-28,3040,Female,18,1995-05-28,8e-05,Single,0,,,Yes,49,2043-12-15,Permanent contract,69512.0,75245,No,0,41,2036-12-23,1,Life event: Adulthood
3041,2011-01-01,3041,Female,64,1947-10-14,0.00713,Widowed,0,,,No,,,Permanent contract,24339.0,8996,No,0,,NA,1,Created
18048,2011-10-14,3041,Female,65,1947-10-14,0.00713,Widowed,0,,,No,,,Retired,17037.3,8996,No,0,,NA,1,Life event: Retired
3042,2011-01-01,3042,Female,68,1943-05-11,0.00983,Married,630,,2057-03-02,No,,,Retired,47492.0,79233,Yes,3,,NA,1,Created
3043,2011-01-01,3043,Male,40,1971-02-26,0.0009400000000000001,Married,602,,2035-09-26,Yes,,,Permanent contract,43694.0,72310,Yes,1,,NA,1,Created
3044,2011-01-01,3044,Female,37,1974-08-26,0.00057,Single,0,,,Yes,35.0,,Permanent contract,31483.0,365702,No,0,,NA,1,Created
3045,2011-01-01,3045,Male,47,1964-11-04,0.00186,Divorced,0,,,No,,,Permanent contract,28338.0,702984,No,0,,NA,1,Created
3046,2011-01-01,3046,Female,38,1973-09-22,0.00063,Single,0,,,Yes,31.0,,Permanent contract,23224.0,324942,Yes,0,,NA,1,Created
3047,2011-01-01,3047,Male,66,1945-10-21,0.01401,Married,603,,2013-08-24,Yes,,,Flexible contract,30303.0,690014,No,1,,NA,1,Created
18075,2011-10-21,3047,Male,67,1945-10-21,0.01401,Married,603,,2013-08-24,Yes,,,Retired,21212.1,690014,No,1,,NA,1,Life event: Retired
3048,2011-01-01,3048,Male,96,1915-07-17,0.30168,Divorced,0,,,No,,,Retired,2774.0,18112,No,0,,NA,1,Created
3049,2011-01-01,3049,Male,24,1987-03-29,0.00047999999999999996,Single,0,,,No,,,Permanent contract,44847.0,19354,No,0,,NA,1,Created
3050,2011-01-01,3050,Female,11,2000-06-28,7e-05,Single,0,,,Yes,45.0,2045-04-21,Child,0.0,0,Yes,0,24.0,2024-07-20,1,Created
3051,2011-01-01,3051,Male,65,1946-10-23,0.01141,Married,604,,2042-09-23,Yes,,,Permanent contract,15981.0,36334,Yes,2,,NA,1,Created
18088,2011-10-23,3051,Male,66,1946-10-23,0.01141,Married,604,,2042-09-23,Yes,,,Retired,11186.699999999999,36334,Yes,2,,NA,1,Life event: Retired
3052,2011-01-01,3052,Male,24,1987-04-30,0.00047999999999999996,Single,0,,,Yes,45.0,2032-06-10,Permanent contract,45267.0,7341,No,0,,NA,1,Created
3053,2011-01-01,3053,Female,0,2011-05-22,0.0028899999999999998,Single,0,,,No,,,Child,0.0,0,Yes,0,37.0,2048-10-13,1,Created
3054,2011-01-01,3054,Female,17,1994-08-14,0.0001,Single,0,,,Yes,44.0,2038-03-30,Child,0.0,0,No,0,31.0,2025-02-10,1,Created
17795,2011-08-14,3054,Female,18,1994-08-14,0.0001,Single,0,,,No,,,Flexible contract,52204.0,3270,No,0,31,2025-02-10,1,Life event: Adulthood
3055,2011-01-01,3055,Male,16,1995-05-24,0.00029,Single,0,,,No,,,Child,0.0,0,No,0,,NA,1,Created
18781,2012-05-24,3055,Male,18,1995-05-24,0.00029,Single,0,,,Yes,44,2038-10-16,Flexible contract,41934.0,308555,No,0,,NA,1,Life event: Adulthood
3056,2011-01-01,3056,Male,28,1983-10-19,0.00045,Single,0,,,No,,,Permanent contract,37378.0,134355,Yes,0,,NA,1,Created
3057,2011-01-01,3057,Male,65,1946-10-03,0.01141,Married,605,,2051-06-14,No,,,Permanent contract,6030.0,315960,No,2,,NA,1,Created
17999,2011-10-03,3057,Male,66,1946-10-03,0.01141,Married,605,,2051-06-14,No,,,Retired,4221.0,315960,No,2,,NA,1,Life event: Retired
3058,2011-01-01,3058,Male,90,1921-11-26,0.16977,Widowed,0,,,No,,,Retired,28952.0,513,No,0,,NA,1,Created
18950,2012-07-21,3058,Male,91,1921-11-26,0.16977,Widowed,0,,,No,,,Retired,28952.0,513,No,0,,NA,0,Life event: Deceased
3059,2011-01-01,3059,Male,16,1995-02-12,0.00029,Single,0,,,Yes,32.0,2027-12-07,Child,0.0,0,Yes,0,,NA,1,Created
18514,2012-02-12,3059,Male,18,1995-02-12,0.00029,Single,0,,,Yes,26,2020-02-07,Permanent contract,33377.0,140628,Yes,0,,NA,1,Life event: Adulthood
3060,2011-01-01,3060,Male,13,1998-01-14,0.00014,Single,0,,,No,,,Child,0.0,0,Yes,0,,NA,1,Created
3061,2011-01-01,3061,Male,5,2006-11-30,9e-05,Single,0,,,Yes,38.0,2044-05-15,Child,0.0,0,Yes,0,,NA,1,Created
3062,2011-01-01,3062,Male,13,1998-09-20,0.00014,Single,0,,,No,,,Child,0.0,0,Yes,0,,NA,1,Created
3063,2011-01-01,3063,Female,79,1932-08-30,0.03112,Widowed,0,,,No,,,Retired,29568.0,1972211,Yes,0,,NA,1,Created
3064,2011-01-01,3064,Female,3,2008-11-07,0.00013000000000000002,Single,0,,,Yes,63.0,2071-07-27,Child,0.0,0,No,0,32.0,2040-02-22,1,Created
3065,2011-01-01,3065,Male,41,1970-02-22,0.0008900000000000001,Single,0,,,No,,,Permanent contract,17635.0,338521,No,0,,NA,1,Created
3066,2011-01-01,3066,Female,0,2011-06-01,0.0028899999999999998,Single,0,,,No,,,Child,0.0,0,Yes,0,28.0,2039-10-06,1,Created
3067,2011-01-01,3067,Male,33,1978-02-24,0.00047999999999999996,Single,0,,,Yes,31.0,,Permanent contract,19898.0,204610,Yes,0,,NA,1,Created
3068,2011-01-01,3068,Female,36,1975-03-11,0.00049,Single,0,,,Yes,30.0,,Permanent contract,27109.0,265998,No,0,36.0,2011-06-13,1,Created
3069,2011-01-01,3069,Female,15,1996-03-27,8e-05,Single,0,,,No,,,Child,0.0,0,Yes,0,25.0,2021-02-11,1,Created
3070,2011-01-01,3070,Male,38,1973-06-29,0.0009599999999999999,Single,0,,,Yes,29.0,,Permanent contract,24905.0,-32047,Yes,0,,NA,1,Created
3071,2011-01-01,3071,Female,4,2007-06-21,5.9999999999999995e-05,Single,0,,,Yes,27.0,2034-02-17,Child,0.0,0,Yes,0,34.0,2041-08-13,1,Created
3072,2011-01-01,3072,Male,21,1990-10-20,0.00045,Single,0,,,Yes,56.0,2046-08-30,Permanent contract,18980.0,29349,Yes,0,,NA,1,Created
3073,2011-01-01,3073,Female,53,1958-11-19,0.00312,Married,631,,2049-04-02,No,,,Permanent contract,5834.0,8367,No,3,,NA,1,Created
3074,2011-01-01,3074,Male,48,1963-01-24,0.0021100000000000003,Divorced,0,,,No,,,Permanent contract,47574.0,461,No,0,,NA,1,Created
3075,2011-01-01,3075,Female,6,2005-01-12,8e-05,Single,0,,,No,,,Child,0.0,0,Yes,0,36.0,2041-10-03,1,Created
3076,2011-01-01,3076,Female,49,1962-10-12,0.00193,Single,0,,,Yes,30.0,,Permanent contract,21246.0,-36728,No,0,,NA,1,Created
3077,2011-01-01,3077,Male,13,1998-07-09,0.00014,Single,0,,,No,,,Child,0.0,0,No,0,,NA,1,Created
3078,2011-01-01,3078,Female,67,1944-02-14,0.00974,Married,632,,2035-03-01,Yes,,,Flexible contract,21606.0,-4255,Yes,1,,NA,1,Created
16910,2011-02-14,3078,Female,68,1944-02-14,0.00974,Married,632,,2035-03-01,Yes,,,Retired,15124.199999999999,-4255,Yes,1,,NA,1,Life event: Retired
3079,2011-01-01,3079,Female,25,1986-05-26,0.00022999999999999998,Single,0,,,No,,,Permanent contract,954.0,18903,No,0,28.0,2014-08-18,1,Created
3080,2011-01-01,3080,Male,54,1957-03-15,0.00404,Married,606,,2039-10-20,Yes,,,Unemployed,8086.0,-34835,Yes,2,,NA,1,Created
3081,2011-01-01,3081,Male,46,1965-11-10,0.00172,Divorced,0,,,No,,,Permanent contract,1714.0,37262,Yes,0,,NA,1,Created
3082,2011-01-01,3082,Male,49,1962-09-24,0.00242,Married,607,,2049-04-03,No,,,Flexible contract,10929.0,85992,Yes,2,,NA,1,Created
3083,2011-01-01,3083,Female,24,1987-11-17,0.00018999999999999998,Single,0,,,No,,,Flexible contract,45663.0,33787,Yes,0,36.0,2023-09-20,1,Created
3084,2011-01-01,3084,Male,32,1979-08-23,0.00059,Single,0,,,No,,,Permanent contract,7237.0,14739,Yes,0,,NA,1,Created
3085,2011-01-01,3085,Female,64,1947-07-18,0.00713,Married,633,,2050-02-16,Yes,,,Permanent contract,36245.0,21459,No,1,,NA,1,Created
17668,2011-07-18,3085,Female,65,1947-07-18,0.00713,Married,633,,2050-02-16,Yes,,,Retired,25371.5,21459,No,1,,NA,1,Life event: Retired
3086,2011-01-01,3086,Female,61,1950-11-08,0.00562,Married,634,,2018-06-19,Yes,,,Permanent contract,70055.0,949120,Yes,3,,NA,1,Created
3087,2011-01-01,3087,Male,54,1957-09-14,0.00404,Married,608,,2031-01-23,Yes,,,Permanent contract,60558.0,-13777,No,2,,NA,1,Created
3088,2011-01-01,3088,Male,17,1994-07-11,0.00022999999999999998,Single,0,,,No,,,Child,0.0,0,Yes,0,,NA,1,Created
17633,2011-07-11,3088,Male,18,1994-07-11,0.00022999999999999998,Single,0,,,Yes,26,2019-08-05,Entrepreneur without personnel,129.0,10999,Yes,0,,NA,1,Life event: Adulthood
3089,2011-01-01,3089,Male,18,1993-12-21,0.00032,Single,0,,,Yes,35.0,2028-02-25,Permanent contract,152753.0,715957,Yes,0,,NA,1,Created
3090,2011-01-01,3090,Female,48,1963-08-19,0.0018800000000000002,Married,635,,2014-01-30,Yes,,,Permanent contract,11730.0,7435,Yes,3,,NA,1,Created
3091,2011-01-01,3091,Male,59,1952-12-05,0.00717,Married,609,,2072-04-19,Yes,,,Permanent contract,2869.0,3796,No,1,,NA,1,Created
3092,2011-01-01,3092,Male,73,1938-03-01,0.0262,Married,610,,2021-11-20,Yes,,,Retired,11146.0,623841,No,2,,NA,1,Created
3093,2011-01-01,3093,Female,46,1965-03-08,0.00134,Married,636,,2022-06-24,Yes,,,Permanent contract,78285.0,-16839,Yes,1,,NA,1,Created
3094,2011-01-01,3094,Male,3,2008-01-29,0.0002,Single,0,,,No,,,Child,0.0,0,Yes,0,,NA,1,Created
3095,2011-01-01,3095,Female,58,1953-09-14,0.00448,Married,637,,2046-07-06,No,,,Permanent contract,4584.0,45743,No,2,,NA,1,Created
3096,2011-01-01,3096,Male,37,1974-03-19,0.00082,Single,0,,,No,,,Permanent contract,12260.0,469459,No,0,,NA,1,Created
3097,2011-01-01,3097,Female,13,1998-04-28,0.00011999999999999999,Single,0,,,No,,,Child,0.0,0,Yes,0,41.0,2039-05-25,1,Created
3098,2011-01-01,3098,Male,65,1946-07-03,0.01141,Married,611,,2043-06-09,No,,,Entrepreneur without personnel,11009.0,475152,No,2,,NA,1,Created
17598,2011-07-03,3098,Male,66,1946-07-03,0.01141,Married,611,,2043-06-09,No,,,Retired,7706.299999999999,475152,No,2,,NA,1,Life event: Retired
3099,2011-01-01,3099,Male,6,2005-08-15,5.9999999999999995e-05,Single,0,,,Yes,42.0,2047-07-14,Child,0.0,0,Yes,0,,NA,1,Created
3100,2011-01-01,3100,Female,62,1949-01-30,0.0057399999999999994,Divorced,0,,,No,,,Entrepreneur without personnel,11141.0,43712,Yes,0,,NA,1,Created
3101,2011-01-01,3101,Male,27,1984-04-02,0.00044,Single,0,,,Yes,40.0,2024-06-26,Flexible contract,19690.0,10139,No,0,,NA,1,Created
3102,2011-01-01,3102,Male,70,1941-04-21,0.01932,Married,612,,2049-01-06,No,,,Retired,86630.0,434234,No,3,,NA,1,Created
3103,2011-01-01,3103,Male,7,2004-10-15,9e-05,Single,0,,,Yes,28.0,2032-10-19,Child,0.0,0,Yes,0,,NA,1,Created
3104,2011-01-01,3104,Female,8,2003-07-02,2.9999999999999997e-05,Single,0,,,No,,,Child,0.0,0,Yes,0,31.0,2034-04-22,1,Created
3105,2011-01-01,3105,Female,49,1962-11-07,0.00193,Married,638,,2054-02-14,Yes,,,Entrepreneur with personel,1854.0,18625,No,1,,NA,1,Created
3106,2011-01-01,3106,Female,74,1937-01-11,0.0185,Married,639,,2016-05-27,No,,,Retired,20694.0,442546,No,1,,NA,1,Created
3107,2011-01-01,3107,Female,41,1970-08-01,0.0007700000000000001,Married,640,,2013-07-24,No,,,Permanent contract,11451.0,-9033,No,2,,NA,1,Created
3108,2011-01-01,3108,Female,48,1963-01-26,0.0018800000000000002,Married,641,,2011-08-19,Yes,,,Permanent contract,48679.0,110363,Yes,2,,NA,1,Created
17807,2011-08-16,3108,Female,49,1963-01-26,0.0018800000000000002,Widowed,641,,2011-08-19,Yes,,,Permanent contract,48679.0,110363,Yes,2,,NA,1,Life event: Widowed
17825,2011-08-19,3108,Female,49,1963-01-26,0.0018800000000000002,Divorced,641,,2011-08-19,Yes,,,Permanent contract,48679.0,110363,Yes,2,,NA,1,Life event: Divorced
3109,2011-01-01,3109,Female,11,2000-11-29,7e-05,Single,0,,,No,,,Child,0.0,0,Yes,0,30.0,2030-01-06,1,Created
3110,2011-01-01,3110,Male,57,1954-07-06,0.00572,Married,613,,2025-02-15,Yes,,,Permanent contract,38526.0,7824,Yes,2,,NA,1,Created
3111,2011-01-01,3111,Female,35,1976-10-26,0.00033999999999999997,Single,0,,,Yes,52.0,2028-02-05,Entrepreneur without personnel,28269.0,248313,No,0,35.0,2011-05-12,1,Created
3112,2011-01-01,3112,Female,20,1991-10-06,0.00018,Single,0,,,No,,,Flexible contract,16948.0,100824,No,0,30.0,2021-09-24,1,Created
3113,2011-01-01,3113,Female,2,2009-04-19,0.00015,Single,0,,,No,,,Child,0.0,0,Yes,0,30.0,2039-08-27,1,Created
3114,2011-01-01,3114,Female,73,1938-09-09,0.01577,Married,642,,2051-10-23,No,,,Retired,11058.0,353193,Yes,2,,NA,1,Created
3115,2011-01-01,3115,Female,65,1946-09-14,0.007559999999999999,Married,643,,2028-05-23,Yes,,,Permanent contract,7679.0,-20401,Yes,2,,NA,1,Created
17919,2011-09-14,3115,Female,66,1946-09-14,0.007559999999999999,Married,643,,2028-05-23,Yes,,,Retired,5375.299999999999,-20401,Yes,2,,NA,1,Life event: Retired
3116,2011-01-01,3116,Male,74,1937-02-15,0.0295,Married,614,,2015-02-25,Yes,,,Retired,24867.0,-7673,Yes,2,,NA,1,Created
3117,2011-01-01,3117,Male,2,2009-12-04,0.00021,Single,0,,,No,,,Child,0.0,0,Yes,0,,NA,1,Created
3118,2011-01-01,3118,Male,2,2009-10-29,0.00021,Single,0,,,No,,,Child,0.0,0,Yes,0,,NA,1,Created
3119,2011-01-01,3119,Female,54,1957-12-17,0.00313,Married,644,,2050-07-11,No,,,Permanent contract,19343.0,63446,No,2,,NA,1,Created
3120,2011-01-01,3120,Male,4,2007-09-05,0.00011,Single,0,,,No,,,Child,0.0,0,No,0,,NA,1,Created
3121,2011-01-01,3121,Male,37,1974-08-11,0.00082,Single,0,,,Yes,42.0,2016-12-01,Entrepreneur with personel,29351.0,30352,Yes,0,,NA,1,Created
3122,2011-01-01,3122,Male,34,1977-03-18,0.00067,Single,0,,,Yes,44.0,2021-09-02,Permanent contract,18393.0,-33369,No,0,,NA,1,Created
3123,2011-01-01,3123,Male,25,1986-07-11,0.00033999999999999997,Single,0,,,Yes,44.0,2030-06-29,Permanent contract,531.0,7423,Yes,0,,NA,1,Created
3124,2011-01-01,3124,Female,77,1934-10-27,0.0259,Widowed,0,,,Yes,,,Retired,22605.0,307498,Yes,0,,NA,1,Created
17875,2011-08-30,3124,Female,77,1934-10-27,0.0259,Widowed,0,,,Yes,,,Retired,22605.0,307498,Yes,0,,NA,0,Life event: Deceased
3125,2011-01-01,3125,Female,13,1998-09-11,0.00011999999999999999,Single,0,,,No,,,Child,0.0,0,Yes,0,27.0,2025-05-12,1,Created
3126,2011-01-01,3126,Male,63,1948-03-28,0.00945,Married,615,,2051-05-28,No,,,Permanent contract,4789.0,51722,Yes,2,,NA,1,Created
18626,2012-03-28,3126,Male,65,1948-03-28,0.00945,Married,615,,2051-05-28,No,,,Retired,3352.2999999999997,51722,Yes,2,,NA,1,Life event: Retired
3127,2011-01-01,3127,Male,29,1982-06-30,0.0005200000000000001,Single,0,,,No,,,Permanent contract,64279.0,921,Yes,0,,NA,1,Created
3128,2011-01-01,3128,Male,25,1986-05-02,0.00033999999999999997,Single,0,,,Yes,28.0,2014-01-01,Permanent contract,3512.0,194056,No,0,,NA,1,Created
3129,2011-01-01,3129,Female,14,1997-12-04,9e-05,Single,0,,,No,,,Child,0.0,0,Yes,0,21.0,2018-04-04,1,Created
3130,2011-01-01,3130,Male,52,1959-03-30,0.00314,Married,616,,2032-01-08,Yes,,,Permanent contract,9233.0,26652,No,2,,NA,1,Created
3131,2011-01-01,3131,Male,89,1922-03-18,0.16272,Widowed,0,,,No,,,Retired,22051.0,84478,Yes,0,,NA,1,Created
18553,2012-02-27,3131,Male,90,1922-03-18,0.16272,Widowed,0,,,No,,,Retired,22051.0,84478,Yes,0,,NA,0,Life event: Deceased
3132,2011-01-01,3132,Male,41,1970-07-05,0.0008900000000000001,Single,0,,,Yes,28.0,,Permanent contract,27879.0,35968,No,0,,NA,1,Created
3133,2011-01-01,3133,Female,20,1991-08-22,0.00018,Single,0,,,No,,,Entrepreneur without personnel,10526.0,963967,Yes,0,28.0,2019-06-14,1,Created
3134,2011-01-01,3134,Male,29,1982-08-24,0.0005200000000000001,Single,0,,,No,,,Flexible contract,15661.0,-38029,Yes,0,,NA,1,Created
3135,2011-01-01,3135,Male,64,1947-07-24,0.01097,Widowed,0,,,Yes,,,Permanent contract,31651.0,22908,No,0,,NA,1,Created
17696,2011-07-24,3135,Male,65,1947-07-24,0.01097,Widowed,0,,,Yes,,,Retired,22155.699999999997,22908,No,0,,NA,1,Life event: Retired
3136,2011-01-01,3136,Female,20,1991-04-04,0.00018,Single,0,,,Yes,35.0,2026-10-24,Permanent contract,19691.0,9917,Yes,0,31.0,2022-05-27,1,Created
3137,2011-01-01,3137,Male,56,1955-04-12,0.0052,Married,617,,2043-04-02,No,,,Permanent contract,16538.0,198125,Yes,1,,NA,1,Created
3138,2011-01-01,3138,Female,49,1962-12-31,0.00193,Single,0,,,No,,,Permanent contract,17373.0,4408,Yes,0,,NA,1,Created
3139,2011-01-01,3139,Female,87,1924-06-07,0.09331,Widowed,0,,,Yes,,,Retired,4830.0,180832,No,0,,NA,1,Created
3140,2011-01-01,3140,Female,22,1989-08-28,0.00023999999999999998,Single,0,,,Yes,45.0,2034-06-14,Entrepreneur without personnel,16866.0,2347,No,0,36.0,2025-09-09,1,Created
3141,2011-01-01,3141,Female,28,1983-09-27,0.00025,Single,0,,,No,,,Permanent contract,10422.0,61887,Yes,0,,NA,1,Created
3142,2011-01-01,3142,Female,56,1955-01-03,0.0041,Single,0,,,No,,,Permanent contract,52084.0,-1321,Yes,0,,NA,1,Created
3143,2011-01-01,3143,Male,46,1965-02-07,0.00172,Single,0,,,Yes,37.0,,Flexible contract,35214.0,3374,No,0,,NA,1,Created
3144,2011-01-01,3144,Female,44,1967-01-02,0.00107,Married,645,,2017-05-16,No,,,Permanent contract,12682.0,-4734,Yes,1,,NA,1,Created
3145,2011-01-01,3145,Female,14,1997-07-19,9e-05,Single,0,,,No,,,Child,0.0,0,Yes,0,22.0,2019-05-27,1,Created
3146,2011-01-01,3146,Female,3,2008-06-26,0.00013000000000000002,Single,0,,,Yes,26.0,2034-05-07,Child,0.0,0,Yes,0,31.0,2039-05-24,1,Created
3147,2011-01-01,3147,Male,36,1975-03-10,0.0006,Divorced,0,,,Yes,,,Entrepreneur with personel,32057.0,768922,Yes,0,,NA,1,Created
3148,2011-01-01,3148,Male,64,1947-09-15,0.01097,Single,0,,,Yes,27.0,,Entrepreneur without personnel,10073.0,4397,No,0,,NA,1,Created
17920,2011-09-15,3148,Male,65,1947-09-15,0.01097,Single,0,,,Yes,27,,Retired,7051.099999999999,4397,No,0,,NA,1,Life event: Retired
3149,2011-01-01,3149,Male,10,2001-10-14,0.00011999999999999999,Single,0,,,No,,,Child,0.0,0,No,0,,NA,1,Created
3150,2011-01-01,3150,Female,62,1949-06-30,0.0057399999999999994,Widowed,0,,,Yes,,,Flexible contract,21725.0,1031439,Yes,0,,NA,1,Created
3151,2011-01-01,3151,Male,33,1978-06-06,0.00047999999999999996,Single,0,,,Yes,30.0,,Flexible contract,27342.0,9955,No,0,,NA,1,Created
3152,2011-01-01,3152,Male,37,1974-05-12,0.00082,Married,618,,2019-03-03,No,,,Permanent contract,29861.0,-49531,Yes,2,,NA,1,Created
3153,2011-01-01,3153,Female,20,1991-02-13,0.00018,Single,0,,,No,,,Permanent contract,23620.0,446196,Yes,0,33.0,2024-08-09,1,Created
3154,2011-01-01,3154,Female,26,1985-11-27,1.0,Single,0,,,No,,,Entrepreneur without personnel,41461.0,-20791,No,0,36.0,2021-02-15,1,Created
3155,2011-01-01,3155,Female,44,1967-08-19,0.00107,Single,0,,,No,,,Permanent contract,46545.0,302584,No,0,,NA,1,Created
3156,2011-01-01,3156,Female,53,1958-01-30,0.00312,Married,646,,2031-10-09,Yes,,,Permanent contract,3995.0,15638,No,1,,NA,1,Created
3157,2011-01-01,3157,Female,43,1968-08-12,0.0009699999999999999,Single,0,,,No,,,Flexible contract,39697.0,19357,No,0,,NA,1,Created
3158,2011-01-01,3158,Female,36,1975-03-17,0.00049,Single,0,,,Yes,28.0,,Permanent contract,38017.0,38170,No,0,,NA,1,Created
3159,2011-01-01,3159,Male,2,2009-10-03,0.00021,Single,0,,,Yes,50.0,2059-10-30,Child,0.0,0,Yes,0,,NA,1,Created
3160,2011-01-01,3160,Male,15,1996-10-09,0.00015,Single,0,,,Yes,60.0,2056-05-26,Child,0.0,0,No,0,,NA,1,Created
3161,2011-01-01,3161,Female,59,1952-04-03,0.00479,Married,647,,2064-05-09,Yes,,,Permanent contract,16634.0,1245,No,1,,NA,1,Created
3162,2011-01-01,3162,Male,101,1910-08-11,1.0,Widowed,0,,,No,,,Retired,18623.0,329573,No,0,,NA,1,Created
19172,2012-10-19,3162,Male,103,1910-08-11,1.0,Widowed,0,,,No,,,Retired,18623.0,329573,No,0,,NA,0,Life event: Deceased
3163,2011-01-01,3163,Female,37,1974-11-16,0.00057,Married,648,,2043-01-20,Yes,,,Permanent contract,32456.0,4942,No,2,,NA,1,Created
3164,2011-01-01,3164,Male,0,2011-01-27,0.0036200000000000004,Single,0,,,No,,,Child,0.0,0,Yes,0,,NA,1,Created
3165,2011-01-01,3165,Male,14,1997-02-27,0.00014,Single,0,,,Yes,22.0,2019-01-04,Child,0.0,0,No,0,,NA,1,Created
3166,2011-01-01,3166,Female,0,2011-02-19,0.0028899999999999998,Single,0,,,No,,,Child,0.0,0,No,0,27.0,2038-12-21,1,Created
3167,2011-01-01,3167,Female,104,1907-02-23,1.0,Widowed,0,,,No,,,Retired,26949.0,-3609,No,0,,NA,1,Created
17184,2011-04-07,3167,Female,105,1907-02-23,1.0,Widowed,0,,,No,,,Retired,26949.0,-3609,No,0,,NA,0,Life event: Deceased
3168,2011-01-01,3168,Male,44,1967-09-28,0.0013599999999999999,Married,619,,2071-10-02,No,,,Flexible contract,17536.0,17937,Yes,1,,NA,1,Created
3169,2011-01-01,3169,Male,51,1960-03-14,0.00301,Married,620,,2019-01-12,Yes,,,Permanent contract,8781.0,132129,No,1,,NA,1,Created
3170,2011-01-01,3170,Female,31,1980-07-21,0.00029,Married,649,,2019-12-13,Yes,,,Permanent contract,20861.0,3969,No,1,31.0,2011-06-14,1,Created
17509,2011-06-14,3170,Female,31,1980-07-21,0.00029,Married,649,,2019-12-13,Yes,,,Permanent contract,20861.0,3969,No,2,31,2011-06-14,1,Life event: Children born
3171,2011-01-01,3171,Male,63,1948-10-13,0.00945,Divorced,0,,,No,,,Unemployed,6739.0,-42618,Yes,0,,NA,1,Created
19155,2012-10-13,3171,Male,65,1948-10-13,0.00945,Divorced,0,,,No,,,Retired,4717.299999999999,-42618,Yes,0,,NA,1,Life event: Retired
3172,2011-01-01,3172,Female,35,1976-01-02,0.00033999999999999997,Married,650,,2044-09-06,No,,,Permanent contract,28989.0,2885,No,2,,NA,1,Created
3173,2011-01-01,3173,Female,45,1966-07-02,0.00134,Married,651,,2060-01-05,No,,,Entrepreneur without personnel,2023.0,937,No,2,,NA,1,Created
3174,2011-01-01,3174,Male,29,1982-08-27,0.0005200000000000001,Single,0,,,No,,,Flexible contract,95199.0,5659,No,0,,NA,1,Created
3175,2011-01-01,3175,Female,27,1984-06-17,0.00025,Single,0,,,No,,,Permanent contract,24745.0,12454,Yes,0,36.0,2020-09-11,1,Created
3176,2011-01-01,3176,Male,86,1925-10-19,0.1126,Widowed,0,,,No,,,Retired,8765.0,1091,No,0,,NA,1,Created
3177,2011-01-01,3177,Female,41,1970-12-01,0.0007700000000000001,Married,652,,2028-02-13,Yes,,,Permanent contract,49713.0,100079,Yes,1,,NA,1,Created
3178,2011-01-01,3178,Female,72,1939-09-20,0.01411,Widowed,0,,,Yes,,,Retired,43848.0,438457,Yes,0,,NA,1,Created
3179,2011-01-01,3179,Male,27,1984-03-08,0.00044,Single,0,,,No,,,Entrepreneur without personnel,37155.0,238256,No,0,,NA,1,Created
3180,2011-01-01,3180,Female,50,1961-05-16,0.00225,Married,653,,2049-01-08,No,,,Unemployed,64772.0,486663,Yes,1,,NA,1,Created
3181,2011-01-01,3181,Female,72,1939-08-30,0.01411,Widowed,0,,,No,,,Retired,18345.0,-35330,Yes,0,,NA,1,Created
3182,2011-01-01,3182,Female,43,1968-09-01,0.0009699999999999999,Divorced,0,,,Yes,,,Permanent contract,19271.0,3807,No,0,,NA,1,Created
3183,2011-01-01,3183,Female,1,2010-05-05,0.00033999999999999997,Single,0,,,No,,,Child,0.0,0,No,0,32.0,2042-06-01,1,Created
3184,2011-01-01,3184,Female,51,1960-07-27,0.0023899999999999998,Married,654,,2056-11-20,No,,,Permanent contract,5801.0,322600,Yes,2,,NA,1,Created
3185,2011-01-01,3185,Female,24,1987-03-24,0.00018999999999999998,Single,0,,,No,,,Permanent contract,16318.0,185747,No,0,32.0,2019-03-29,1,Created
3186,2011-01-01,3186,Female,80,1931-05-21,0.03682,Widowed,0,,,No,,,Retired,75139.0,-6041,Yes,0,,NA,1,Created
3187,2011-01-01,3187,Female,45,1966-07-06,0.00134,Married,655,,2013-07-03,No,,,Permanent contract,13852.0,123954,Yes,1,,NA,1,Created
3188,2011-01-01,3188,Male,68,1943-12-14,0.01522,Divorced,0,,,No,,,Retired,21210.0,106815,Yes,0,,NA,1,Created
3189,2011-01-01,3189,Female,100,1911-09-29,1.0,Widowed,0,,,Yes,,,Retired,57977.0,63112,No,0,,NA,1,Created
17077,2011-03-17,3189,Female,100,1911-09-29,1.0,Widowed,0,,,Yes,,,Retired,57977.0,63112,No,0,,NA,0,Life event: Deceased
3190,2011-01-01,3190,Male,51,1960-11-05,0.00301,Married,621,,2033-12-15,Yes,,,Entrepreneur without personnel,14163.0,2258,No,2,,NA,1,Created
3191,2011-01-01,3191,Female,65,1946-10-31,0.007559999999999999,Married,656,,2023-03-22,Yes,,,Entrepreneur without personnel,37805.0,41374,Yes,2,,NA,1,Created
18120,2011-10-31,3191,Female,66,1946-10-31,0.007559999999999999,Married,656,,2023-03-22,Yes,,,Retired,26463.5,41374,Yes,2,,NA,1,Life event: Retired
3192,2011-01-01,3192,Male,35,1976-09-02,0.00055,Single,0,,,Yes,25.0,,Permanent contract,3371.0,638216,Yes,0,,NA,1,Created
3193,2011-01-01,3193,Male,67,1944-07-12,0.01396,Married,622,,2046-12-22,Yes,,,Entrepreneur without personnel,17631.0,1190,Yes,1,,NA,1,Created
17639,2011-07-12,3193,Male,68,1944-07-12,0.01396,Married,622,,2046-12-22,Yes,,,Retired,12341.699999999999,1190,Yes,1,,NA,1,Life event: Retired
3194,2011-01-01,3194,Female,46,1965-03-11,0.00134,Divorced,0,,,No,,,Flexible contract,19023.0,51,No,0,,NA,1,Created
3195,2011-01-01,3195,Female,53,1958-09-25,0.00312,Single,0,,,No,,,Entrepreneur without personnel,48100.0,162942,No,0,,NA,1,Created
3196,2011-01-01,3196,Male,30,1981-04-06,0.00055,Single,0,,,No,,,Permanent contract,6315.0,8913,Yes,0,,NA,1,Created
3197,2011-01-01,3197,Male,55,1956-02-14,0.00419,Married,623,,2054-03-16,Yes,,,Entrepreneur without personnel,71048.0,78207,No,2,,NA,1,Created
3198,2011-01-01,3198,Female,51,1960-09-08,0.0023899999999999998,Married,657,,2013-08-08,Yes,,,Entrepreneur without personnel,4948.0,141,No,1,,NA,1,Created
3199,2011-01-01,3199,Male,58,1953-07-12,0.00603,Married,624,,2062-12-02,Yes,,,Permanent contract,42909.0,-2633,No,1,,NA,1,Created
3200,2011-01-01,3200,Female,23,1988-05-18,0.0001,Single,0,,,Yes,31.0,2019-02-09,Permanent contract,2294.0,2247073,Yes,0,24.0,2012-09-06,1,Created
3201,2011-01-01,3201,Female,33,1978-02-27,0.00035,Single,0,,,No,,,Permanent contract,7859.0,285338,No,0,,NA,1,Created
3202,2011-01-01,3202,Female,51,1960-05-02,0.0023899999999999998,Married,658,,2060-11-29,Yes,,,Permanent contract,22444.0,429195,Yes,2,,NA,1,Created
3203,2011-01-01,3203,Female,25,1986-11-18,0.00022999999999999998,Single,0,,,No,,,Flexible contract,98258.0,39443,No,0,27.0,2013-05-16,1,Created
3204,2011-01-01,3204,Female,40,1971-04-22,0.0006900000000000001,Married,659,,2042-04-28,Yes,,,Permanent contract,29966.0,186376,No,2,,NA,1,Created
3205,2011-01-01,3205,Male,27,1984-12-06,0.00044,Divorced,0,,,Yes,,,Flexible contract,22793.0,153,Yes,0,,NA,1,Created
3206,2011-01-01,3206,Female,67,1944-02-10,0.00974,Married,660,,2035-08-18,No,,,Permanent contract,11014.0,16995,No,3,,NA,1,Created
16882,2011-02-10,3206,Female,68,1944-02-10,0.00974,Married,660,,2035-08-18,No,,,Retired,7709.799999999999,16995,No,3,,NA,1,Life event: Retired
3207,2011-01-01,3207,Female,12,1999-09-10,5e-05,Single,0,,,Yes,36.0,2035-03-09,Child,0.0,0,No,0,37.0,2036-08-08,1,Created
3208,2011-01-01,3208,Male,54,1957-05-19,0.00404,Single,0,,,No,,,Permanent contract,49122.0,-49729,Yes,0,,NA,1,Created
3209,2011-01-01,3209,Female,40,1971-07-09,0.0006900000000000001,Married,661,,2013-11-08,No,,,Permanent contract,34156.0,470196,No,1,,NA,1,Created
3210,2011-01-01,3210,Male,61,1950-06-24,0.00747,Married,625,,2028-01-24,Yes,,,Permanent contract,29730.0,224102,Yes,1,,NA,1,Created
3211,2011-01-01,3211,Female,76,1935-06-02,0.02337,Widowed,0,,,Yes,,,Retired,39197.0,260853,No,0,,NA,1,Created
3212,2011-01-01,3212,Male,64,1947-01-18,0.01097,Married,626,,2018-07-17,Yes,,,Flexible contract,9395.0,5062,No,1,,NA,1,Created
16758,2011-01-18,3212,Male,65,1947-01-18,0.01097,Married,626,,2018-07-17,Yes,,,Retired,6576.5,5062,No,1,,NA,1,Life event: Retired
3213,2011-01-01,3213,Male,20,1991-06-13,0.00045,Single,0,,,Yes,34.0,2025-10-07,Permanent contract,14426.0,132941,No,0,,NA,1,Created
3214,2011-01-01,3214,Female,53,1958-08-07,0.00312,Married,662,,2011-01-27,Yes,,,Entrepreneur without personnel,9704.0,-18431,Yes,1,,NA,1,Created
16810,2011-01-27,3214,Female,53,1958-08-07,0.00312,Divorced,662,,2011-01-27,Yes,,,Entrepreneur without personnel,9704.0,-18431,Yes,1,,NA,1,Life event: Divorced
3215,2011-01-01,3215,Male,66,1945-08-06,0.01401,Single,0,,,No,,,Entrepreneur without personnel,1957.0,546251,Yes,0,,NA,1,Created
17750,2011-08-06,3215,Male,67,1945-08-06,0.01401,Single,0,,,No,,,Retired,1369.8999999999999,546251,Yes,0,,NA,1,Life event: Retired
3216,2011-01-01,3216,Female,24,1987-12-31,0.00018999999999999998,Single,0,,,No,,,Flexible contract,86910.0,275468,No,0,28.0,2015-05-08,1,Created
3217,2011-01-01,3217,Female,29,1982-02-05,0.00032,Single,0,,,No,,,Permanent contract,87503.0,47542,No,0,35.0,2017-06-17,1,Created
3218,2011-01-01,3218,Female,4,2007-03-07,5.9999999999999995e-05,Single,0,,,Yes,22.0,2029-09-16,Child,0.0,0,Yes,0,31.0,2038-01-07,1,Created
3219,2011-01-01,3219,Female,68,1943-09-20,0.00983,Married,663,,2016-02-10,Yes,,,Retired,48272.0,3665,No,3,,NA,1,Created
3220,2011-01-01,3220,Female,20,1991-08-02,0.00018,Single,0,,,Yes,40.0,2031-03-03,Flexible contract,23263.0,365171,No,0,40.0,2031-02-04,1,Created
3221,2011-01-01,3221,Male,48,1963-10-27,0.0021100000000000003,Divorced,0,,,Yes,,,Permanent contract,25161.0,116873,No,0,,NA,1,Created
3222,2011-01-01,3222,Male,3,2008-12-13,0.0002,Single,0,,,No,,,Child,0.0,0,No,0,,NA,1,Created
3223,2011-01-01,3223,Female,56,1955-02-01,0.0041,Married,664,,2030-10-25,Yes,,,Permanent contract,4741.0,17578,Yes,1,,NA,1,Created
3224,2011-01-01,3224,Male,49,1962-12-30,0.00242,Married,627,,2022-03-23,No,,,Permanent contract,6986.0,554175,Yes,2,,NA,1,Created
3225,2011-01-01,3225,Female,56,1955-03-20,0.0041,Married,665,,2059-06-29,No,,,Permanent contract,16651.0,960,No,2,,NA,1,Created
3226,2011-01-01,3226,Male,79,1932-05-29,0.05364,Married,628,,2027-05-05,No,,,Retired,10232.0,267718,No,1,,NA,1,Created
3227,2011-01-01,3227,Male,27,1984-01-17,0.00044,Married,629,,2016-11-11,Yes,,,Flexible contract,28855.0,-34571,No,2,,NA,1,Created
3228,2011-01-01,3228,Male,51,1960-07-08,0.00301,Divorced,0,,,Yes,,,Permanent contract,10116.0,33226,Yes,0,,NA,1,Created
3229,2011-01-01,3229,Male,57,1954-12-13,0.00572,Married,630,,2057-03-02,Yes,,,Permanent contract,49729.0,115070,Yes,3,,NA,1,Created
3230,2011-01-01,3230,Male,56,1955-03-31,0.0052,Married,631,,2049-04-02,No,,,Permanent contract,9526.0,2965,No,3,,NA,1,Created
3231,2011-01-01,3231,Female,69,1942-03-16,0.0108,Married,666,,2051-02-28,Yes,,,Retired,17526.0,429,Yes,3,,NA,1,Created
3232,2011-01-01,3232,Female,43,1968-06-17,0.0009699999999999999,Married,667,,2025-12-30,Yes,,,Permanent contract,60479.0,1676455,No,2,,NA,1,Created
3233,2011-01-01,3233,Male,13,1998-11-13,0.00014,Single,0,,,No,,,Child,0.0,0,Yes,0,,NA,1,Created
3234,2011-01-01,3234,Female,43,1968-07-08,0.0009699999999999999,Married,668,,2054-02-07,No,,,Flexible contract,8569.0,197583,Yes,2,,NA,1,Created
3235,2011-01-01,3235,Female,62,1949-12-26,0.0057399999999999994,Married,669,,2016-08-06,No,,,Flexible contract,16347.0,132111,No,1,,NA,1,Created
3236,2011-01-01,3236,Male,34,1977-02-06,0.00067,Married,632,,2035-03-01,No,,,Unemployed,32588.0,171143,Yes,1,,NA,1,Created
3237,2011-01-01,3237,Female,27,1984-07-05,0.00025,Married,670,,2039-04-15,Yes,,,Permanent contract,5.0,-29742,Yes,2,,NA,1,Created
18566,2012-03-05,3237,Female,28,1984-07-05,0.00025,Widowed,670,,2039-04-15,Yes,,,Permanent contract,5.0,-29742,Yes,2,,NA,1,Life event: Widowed
3238,2011-01-01,3238,Male,59,1952-01-15,0.00717,Widowed,0,,,No,,,Entrepreneur with personel,98773.0,53082,Yes,0,,NA,1,Created
3239,2011-01-01,3239,Female,61,1950-12-16,0.00562,Married,671,,2056-11-26,Yes,,,Permanent contract,41195.0,647152,No,1,,NA,1,Created
3240,2011-01-01,3240,Male,36,1975-05-24,0.0006,Single,0,,,No,,,Permanent contract,49964.0,164743,Yes,0,,NA,1,Created
3241,2011-01-01,3241,Male,54,1957-09-24,0.00404,Single,0,,,Yes,33.0,,Entrepreneur without personnel,17745.0,186857,Yes,0,,NA,1,Created
3242,2011-01-01,3242,Female,32,1979-11-15,0.00041,Married,672,,2049-05-26,No,,,Entrepreneur without personnel,21590.0,499348,No,1,,NA,1,Created
3243,2011-01-01,3243,Male,93,1918-08-13,0.22959000000000002,Widowed,0,,,Yes,,,Retired,33460.0,704580,Yes,0,,NA,1,Created
3244,2011-01-01,3244,Female,15,1996-12-01,8e-05,Single,0,,,No,,,Child,0.0,0,Yes,0,26.0,2022-06-23,1,Created
3245,2011-01-01,3245,Female,55,1956-01-11,0.00372,Divorced,0,,,No,,,Flexible contract,26268.0,1123,No,0,,NA,1,Created
3246,2011-01-01,3246,Male,42,1969-04-15,0.00128,Married,633,,2050-02-16,Yes,,,Permanent contract,6741.0,2461870,No,1,,NA,1,Created
3247,2011-01-01,3247,Male,22,1989-02-15,0.00041,Single,0,,,Yes,43.0,2032-02-20,Permanent contract,33000.0,425183,Yes,0,,NA,1,Created
3248,2011-01-01,3248,Male,45,1966-09-27,0.0014199999999999998,Married,634,,2018-06-19,Yes,,,Permanent contract,41374.0,53,Yes,3,,NA,1,Created
3249,2011-01-01,3249,Male,14,1997-06-21,0.00014,Single,0,,,Yes,30.0,2027-04-24,Child,0.0,0,No,0,,NA,1,Created
3250,2011-01-01,3250,Female,68,1943-01-14,0.00983,Married,673,,2060-06-10,No,,,Retired,21491.0,44516,Yes,2,,NA,1,Created
3251,2011-01-01,3251,Male,57,1954-05-27,0.00572,Married,635,,2014-01-30,Yes,,,Unemployed,2846.0,243674,Yes,3,,NA,1,Created
3252,2011-01-01,3252,Female,3,2008-02-25,0.00013000000000000002,Single,0,,,No,,,Child,0.0,0,Yes,0,34.0,2042-08-19,1,Created
3253,2011-01-01,3253,Female,93,1918-10-03,0.18566,Widowed,0,,,No,,,Retired,29054.0,317803,No,0,,NA,1,Created
3254,2011-01-01,3254,Female,26,1985-01-28,1.0,Single,0,,,Yes,31.0,2016-07-20,Unemployed,80231.0,22152,Yes,0,35.0,2020-01-22,1,Created
3255,2011-01-01,3255,Female,66,1945-03-31,0.009040000000000001,Divorced,0,,,Yes,,,Flexible contract,76518.0,6143,No,0,,NA,1,Created
17145,2011-03-31,3255,Female,67,1945-03-31,0.009040000000000001,Divorced,0,,,Yes,,,Retired,53562.6,6143,No,0,,NA,1,Life event: Retired
3256,2011-01-01,3256,Male,11,2000-04-14,9e-05,Single,0,,,Yes,33.0,2033-03-15,Child,0.0,0,Yes,0,,NA,1,Created
3257,2011-01-01,3257,Female,58,1953-12-27,0.00448,Widowed,0,,,No,,,Flexible contract,39544.0,1547,Yes,0,,NA,1,Created
3258,2011-01-01,3258,Female,62,1949-08-17,0.0057399999999999994,Single,0,,,Yes,30.0,,Permanent contract,85536.0,51181,Yes,0,,NA,1,Created
3259,2011-01-01,3259,Female,42,1969-03-11,0.001,Married,674,,2025-08-16,No,,,Permanent contract,42029.0,315538,Yes,1,,NA,1,Created
3260,2011-01-01,3260,Male,74,1937-09-29,0.0295,Married,636,,2022-06-24,Yes,,,Retired,13480.0,3240145,Yes,1,,NA,1,Created
3261,2011-01-01,3261,Male,36,1975-01-29,0.0006,Single,0,,,Yes,33.0,,Flexible contract,17043.0,344,No,0,,NA,1,Created
3262,2011-01-01,3262,Female,42,1969-10-21,0.001,Married,675,,2018-03-28,No,,,Permanent contract,21937.0,-3034,Yes,1,,NA,1,Created
3263,2011-01-01,3263,Female,27,1984-09-02,0.00025,Single,0,,,Yes,28.0,2012-10-14,Permanent contract,32672.0,77099,No,0,32.0,2016-09-14,1,Created
19157,2012-10-14,3263,Female,29,1984-09-02,0.00025,Married,3496,10,2022-06-19,Yes,28,2012-10-14,Permanent contract,32672.0,77099,No,0,32,2016-09-14,1,Life event: Married
3264,2011-01-01,3264,Male,59,1952-07-19,0.00717,Married,637,,2046-07-06,Yes,,,Permanent contract,42340.0,177912,No,2,,NA,1,Created
3265,2011-01-01,3265,Male,15,1996-01-11,0.00015,Single,0,,,No,,,Child,0.0,0,No,0,,NA,1,Created
3266,2011-01-01,3266,Female,37,1974-10-04,0.00057,Single,0,,,No,,,Flexible contract,27181.0,15519,No,0,,NA,1,Created
3267,2011-01-01,3267,Female,40,1971-05-30,0.0006900000000000001,Single,0,,,No,,,Unemployed,47618.0,16480,Yes,0,,NA,1,Created
3268,2011-01-01,3268,Male,100,1911-03-09,1.0,Widowed,0,,,No,,,Retired,32176.0,4593,Yes,0,,NA,1,Created
17237,2011-04-19,3268,Male,101,1911-03-09,1.0,Widowed,0,,,No,,,Retired,32176.0,4593,Yes,0,,NA,0,Life event: Deceased
3269,2011-01-01,3269,Male,59,1952-09-02,0.00717,Married,638,,2054-02-14,Yes,,,Permanent contract,39808.0,193624,No,1,,NA,1,Created
3270,2011-01-01,3270,Female,40,1971-08-25,0.0006900000000000001,Divorced,0,,,No,,,Permanent contract,34951.0,193243,No,0,,NA,1,Created
3271,2011-01-01,3271,Female,25,1986-09-27,0.00022999999999999998,Single,0,,,No,,,Permanent contract,20344.0,419,Yes,0,26.0,2012-12-28,1,Created
3272,2011-01-01,3272,Male,60,1951-12-30,0.006840000000000001,Married,639,,2016-05-27,Yes,,,Permanent contract,8488.0,29315,No,1,,NA,1,Created
3273,2011-01-01,3273,Female,52,1959-02-13,0.00268,Married,676,,2035-03-27,No,,,Permanent contract,86455.0,88418,No,3,,NA,1,Created
3274,2011-01-01,3274,Male,3,2008-08-10,0.0002,Single,0,,,No,,,Child,0.0,0,Yes,0,,NA,1,Created
3275,2011-01-01,3275,Female,60,1951-05-26,0.00541,Widowed,0,,,Yes,,,Flexible contract,12328.0,33057,No,0,,NA,1,Created
3276,2011-01-01,3276,Female,26,1985-01-23,1.0,Single,0,,,No,,,Flexible contract,10544.0,-1681,Yes,0,31.0,2016-10-11,1,Created
18947,2012-07-20,3276,Female,28,1985-01-23,1.0,Single,0,,,No,,,Flexible contract,10544.0,-1681,Yes,0,31,2016-10-11,0,Life event: Deceased
3277,2011-01-01,3277,Male,46,1965-03-19,0.00172,Married,640,,2013-07-24,No,,,Permanent contract,52949.0,483390,No,2,,NA,1,Created
3278,2011-01-01,3278,Male,78,1933-02-14,0.04668,Married,641,,2011-08-19,Yes,,,Retired,49152.0,-1761,Yes,2,,NA,1,Created
17806,2011-08-16,3278,Male,79,1933-02-14,0.04668,Married,641,,2011-08-19,Yes,,,Retired,49152.0,-1761,Yes,2,,NA,0,Life event: Deceased
3279,2011-01-01,3279,Female,27,1984-07-25,0.00025,Single,0,,,Yes,21.0,,Permanent contract,68583.0,623,Yes,0,36.0,2020-11-30,1,Created
3280,2011-01-01,3280,Male,76,1935-03-16,0.0375,Widowed,0,,,Yes,,,Retired,20352.0,32786,Yes,0,,NA,1,Created
3281,2011-01-01,3281,Male,20,1991-07-01,0.00045,Single,0,,,No,,,Permanent contract,28619.0,-48358,No,0,,NA,1,Created
3282,2011-01-01,3282,Male,30,1981-06-21,0.00055,Single,0,,,Yes,30.0,2011-10-06,Unemployed,19002.0,226221,Yes,0,,NA,1,Created
18014,2011-10-06,3282,Male,31,1981-06-21,0.00055,Married,3460,17,2028-05-02,Yes,30,2011-10-06,Unemployed,19002.0,226221,Yes,0,,NA,1,Life event: Married
3283,2011-01-01,3283,Male,25,1986-05-19,0.00033999999999999997,Married,642,,2051-10-23,Yes,,,Flexible contract,23806.0,424,Yes,2,,NA,1,Created
3284,2011-01-01,3284,Male,21,1990-02-25,0.00045,Single,0,,,No,,,Permanent contract,5832.0,-46791,Yes,0,,NA,1,Created
3285,2011-01-01,3285,Male,28,1983-05-11,0.00045,Single,0,,,Yes,31.0,2014-07-26,Permanent contract,12499.0,35145,Yes,0,,NA,1,Created
3286,2011-01-01,3286,Male,13,1998-03-28,0.00014,Single,0,,,No,,,Child,0.0,0,Yes,0,,NA,1,Created
3287,2011-01-01,3287,Male,47,1964-10-20,0.00186,Married,643,,2028-05-23,No,,,Permanent contract,29647.0,35917,Yes,2,,NA,1,Created
3288,2011-01-01,3288,Female,17,1994-05-07,0.0001,Single,0,,,Yes,35.0,2029-08-13,Child,0.0,0,No,0,36.0,2030-09-08,1,Created
17316,2011-05-07,3288,Female,18,1994-05-07,0.0001,Single,0,,,Yes,20,2013-01-04,Permanent contract,16209.0,99024,No,0,36,2030-09-08,1,Life event: Adulthood
3289,2011-01-01,3289,Female,60,1951-10-17,0.00541,Single,0,,,No,,,Flexible contract,23402.0,65778,Yes,0,,NA,1,Created
3290,2011-01-01,3290,Female,29,1982-03-05,0.00032,Single,0,,,Yes,32.0,2014-02-27,Flexible contract,36282.0,476370,Yes,0,32.0,2014-11-05,1,Created
3291,2011-01-01,3291,Female,66,1945-12-16,0.009040000000000001,Married,677,,2012-04-15,Yes,,,Entrepreneur without personnel,9969.0,34056,Yes,1,,NA,1,Created
18304,2011-12-16,3291,Female,67,1945-12-16,0.009040000000000001,Married,677,,2012-04-15,Yes,,,Retired,6978.299999999999,34056,Yes,1,,NA,1,Life event: Retired
18670,2012-04-15,3291,Female,67,1945-12-16,0.009040000000000001,Divorced,677,,2012-04-15,Yes,,,Retired,6978.299999999999,34056,Yes,1,,NA,1,Life event: Divorced
3292,2011-01-01,3292,Male,77,1934-10-11,0.0418,Widowed,0,,,No,,,Retired,11434.0,283901,No,0,,NA,1,Created
3293,2011-01-01,3293,Female,29,1982-09-29,0.00032,Single,0,,,Yes,34.0,2016-09-14,Permanent contract,1756.0,450119,No,0,34.0,2016-04-08,1,Created
3294,2011-01-01,3294,Female,44,1967-03-13,0.00107,Married,678,,2025-06-06,Yes,,,Permanent contract,2867.0,-29089,Yes,1,,NA,1,Created
3295,2011-01-01,3295,Female,58,1953-09-06,0.00448,Married,679,,2059-09-18,No,,,Permanent contract,30724.0,-19207,Yes,1,,NA,1,Created
3296,2011-01-01,3296,Male,39,1972-02-13,0.0008699999999999999,Married,644,,2050-07-11,No,,,Permanent contract,31937.0,195994,No,2,,NA,1,Created
3297,2011-01-01,3297,Female,40,1971-10-22,0.0006900000000000001,Married,680,,2063-08-31,No,,,Entrepreneur without personnel,17316.0,287511,Yes,1,,NA,1,Created
3298,2011-01-01,3298,Female,78,1933-11-08,0.02817,Married,681,,2049-11-02,Yes,,,Retired,4458.0,-3889,Yes,3,,NA,1,Created
3299,2011-01-01,3299,Female,36,1975-01-23,0.00049,Married,682,,2039-06-27,Yes,,,Permanent contract,191600.0,308473,No,1,,NA,1,Created
3300,2011-01-01,3300,Male,60,1951-03-06,0.006840000000000001,Widowed,0,,,No,,,Entrepreneur without personnel,7213.0,3673,Yes,0,,NA,1,Created
3301,2011-01-01,3301,Male,9,2002-08-08,0.00014,Single,0,,,No,,,Child,0.0,0,Yes,0,,NA,1,Created
3302,2011-01-01,3302,Male,21,1990-08-27,0.00045,Single,0,,,No,,,Permanent contract,37467.0,187927,Yes,0,,NA,1,Created
3303,2011-01-01,3303,Female,36,1975-10-23,0.00049,Divorced,0,,,No,,,Flexible contract,6788.0,434123,No,0,,NA,1,Created
3304,2011-01-01,3304,Male,76,1935-09-13,0.0375,Married,645,,2017-05-16,Yes,,,Retired,16233.0,378784,Yes,1,,NA,1,Created
3305,2011-01-01,3305,Female,16,1995-01-01,8e-05,Single,0,,,Yes,47.0,2042-05-08,Child,0.0,0,No,0,32.0,2027-09-18,1,Created
18387,2012-01-01,3305,Female,18,1995-01-01,8e-05,Single,0,,,No,,,Permanent contract,31638.0,808825,No,0,32,2027-09-18,1,Life event: Adulthood
3306,2011-01-01,3306,Male,70,1941-01-08,0.01932,Married,646,,2031-10-09,No,,,Retired,22800.0,3223,No,1,,NA,1,Created
3307,2011-01-01,3307,Female,32,1979-12-05,0.00041,Single,0,,,No,,,Permanent contract,14193.0,410661,Yes,0,,NA,1,Created
3308,2011-01-01,3308,Male,69,1942-12-28,0.01804,Divorced,0,,,No,,,Retired,1728.0,185970,No,0,,NA,1,Created
3309,2011-01-01,3309,Female,75,1936-06-23,0.01986,Married,683,,2047-03-06,No,,,Retired,29924.0,377,Yes,1,,NA,1,Created
3310,2011-01-01,3310,Female,71,1940-05-05,0.013009999999999999,Divorced,0,,,Yes,,,Retired,8733.0,-5750,No,0,,NA,1,Created
3311,2011-01-01,3311,Male,48,1963-08-14,0.0021100000000000003,Divorced,0,,,No,,,Permanent contract,17977.0,1913,No,0,,NA,1,Created
3312,2011-01-01,3312,Male,9,2002-10-17,0.00014,Single,0,,,Yes,50.0,2052-12-05,Child,0.0,0,Yes,0,,NA,1,Created
3313,2011-01-01,3313,Male,3,2008-09-14,0.0002,Single,0,,,No,,,Child,0.0,0,Yes,0,,NA,1,Created
3314,2011-01-01,3314,Male,25,1986-10-08,0.00033999999999999997,Single,0,,,No,,,Flexible contract,40931.0,127971,Yes,0,,NA,1,Created
3315,2011-01-01,3315,Male,24,1987-01-20,0.00047999999999999996,Single,0,,,Yes,26.0,2013-05-26,Flexible contract,30847.0,17314,Yes,0,,NA,1,Created
3316,2011-01-01,3316,Male,27,1984-04-06,0.00044,Married,647,,2064-05-09,No,,,Permanent contract,73111.0,9796,No,1,,NA,1,Created
3317,2011-01-01,3317,Male,65,1946-03-25,0.01141,Married,648,,2043-01-20,Yes,,,Permanent contract,27309.0,138861,No,2,,NA,1,Created
17117,2011-03-25,3317,Male,66,1946-03-25,0.01141,Married,648,,2043-01-20,Yes,,,Retired,19116.3,138861,No,2,,NA,1,Life event: Retired
3318,2011-01-01,3318,Male,20,1991-02-12,0.00045,Single,0,,,No,,,Flexible contract,4882.0,-39079,No,0,,NA,1,Created
3319,2011-01-01,3319,Female,48,1963-07-25,0.0018800000000000002,Single,0,,,No,,,Permanent contract,49176.0,822478,Yes,0,,NA,1,Created
3320,2011-01-01,3320,Female,46,1965-01-06,0.00134,Married,684,,2016-09-28,No,,,Flexible contract,32034.0,26619,No,2,,NA,1,Created
3321,2011-01-01,3321,Male,45,1966-09-28,0.0014199999999999998,Married,649,,2019-12-13,No,,,Permanent contract,79216.0,311942,No,1,,NA,1,Created
3322,2011-01-01,3322,Male,53,1958-11-17,0.0033299999999999996,Married,650,,2044-09-06,No,,,Flexible contract,22706.0,454118,No,2,,NA,1,Created
3323,2011-01-01,3323,Female,3,2008-03-24,0.00013000000000000002,Single,0,,,Yes,37.0,2045-09-12,Child,0.0,0,Yes,0,34.0,2042-06-16,1,Created
3324,2011-01-01,3324,Female,48,1963-03-25,0.0018800000000000002,Married,685,,2038-03-09,No,,,Permanent contract,69600.0,53,Yes,2,,NA,1,Created
3325,2011-01-01,3325,Male,71,1940-09-28,0.02034,Married,651,,2060-01-05,Yes,,,Retired,18393.0,2851,No,2,,NA,1,Created
3326,2011-01-01,3326,Male,25,1986-04-07,0.00033999999999999997,Married,652,,2028-02-13,No,,,Permanent contract,29772.0,193756,Yes,1,,NA,1,Created
3327,2011-01-01,3327,Female,90,1921-07-04,0.13302999999999998,Widowed,0,,,No,,,Retired,8329.0,13153,No,0,,NA,1,Created
19173,2012-10-19,3327,Female,92,1921-07-04,0.13302999999999998,Widowed,0,,,No,,,Retired,8329.0,13153,No,0,,NA,0,Life event: Deceased
3328,2011-01-01,3328,Female,62,1949-06-10,0.0057399999999999994,Widowed,0,,,No,,,Entrepreneur with personel,41466.0,842,No,0,,NA,1,Created
3329,2011-01-01,3329,Male,0,2011-05-23,0.0036200000000000004,Single,0,,,Yes,30.0,2041-10-05,Child,0.0,0,No,0,,NA,1,Created
3330,2011-01-01,3330,Female,84,1927-11-12,0.06362999999999999,Widowed,0,,,Yes,,,Retired,32473.0,48965,Yes,0,,NA,1,Created
3331,2011-01-01,3331,Female,40,1971-12-03,0.0006900000000000001,Married,686,,2074-11-02,No,,,Permanent contract,3482.0,125447,Yes,1,,NA,1,Created
3332,2011-01-01,3332,Male,55,1956-06-24,0.00419,Divorced,0,,,No,,,Permanent contract,30526.0,63283,Yes,0,,NA,1,Created
3333,2011-01-01,3333,Male,58,1953-06-29,0.00603,Married,653,,2049-01-08,No,,,Entrepreneur without personnel,45579.0,141903,Yes,1,,NA,1,Created
3334,2011-01-01,3334,Female,18,1993-08-10,0.00023999999999999998,Single,0,,,Yes,37.0,2030-12-02,Permanent contract,6894.0,48153,No,0,38.0,2031-09-27,1,Created
3335,2011-01-01,3335,Female,49,1962-08-08,0.00193,Divorced,0,,,Yes,,,Permanent contract,31007.0,773,Yes,0,,NA,1,Created
3336,2011-01-01,3336,Male,18,1993-09-01,0.00032,Single,0,,,Yes,31.0,2024-12-04,Entrepreneur without personnel,3368.0,10885,No,0,,NA,1,Created
3337,2011-01-01,3337,Female,6,2005-11-10,8e-05,Single,0,,,No,,,Child,0.0,0,No,0,27.0,2032-04-22,1,Created
3338,2011-01-01,3338,Female,31,1980-01-05,0.00029,Single,0,,,Yes,31.0,2011-01-07,Entrepreneur without personnel,23869.0,220155,Yes,0,33.0,2013-03-26,1,Created
16687,2011-01-07,3338,Female,32,1980-01-05,0.00029,Married,3418,1,2012-04-02,Yes,31,2011-01-07,Entrepreneur without personnel,23869.0,220155,Yes,0,33,2013-03-26,1,Life event: Married
18637,2012-04-02,3338,Female,33,1980-01-05,0.00029,Divorced,3418,1,2012-04-02,Yes,31,2011-01-07,Entrepreneur without personnel,23869.0,220155,Yes,0,33,2013-03-26,1,Life event: Divorced
3339,2011-01-01,3339,Female,61,1950-01-26,0.00562,Married,687,,2012-08-25,No,,,Permanent contract,45127.0,-3129,No,2,,NA,1,Created
19033,2012-08-25,3339,Female,63,1950-01-26,0.00562,Divorced,687,,2012-08-25,No,,,Permanent contract,45127.0,-3129,No,2,,NA,1,Life event: Divorced
3340,2011-01-01,3340,Female,60,1951-03-09,0.00541,Married,688,,2052-04-02,No,,,Permanent contract,1316.0,5619,No,1,,NA,1,Created
3341,2011-01-01,3341,Male,7,2004-07-04,9e-05,Single,0,,,Yes,32.0,2036-01-31,Child,0.0,0,Yes,0,,NA,1,Created
3342,2011-01-01,3342,Female,20,1991-04-30,0.00018,Single,0,,,No,,,Permanent contract,10434.0,135,No,0,29.0,2020-07-01,1,Created
3343,2011-01-01,3343,Male,56,1955-03-26,0.0052,Married,654,,2056-11-20,No,,,Permanent contract,50577.0,1711,Yes,2,,NA,1,Created
3344,2011-01-01,3344,Female,1,2010-10-15,0.00033999999999999997,Single,0,,,Yes,34.0,2044-05-24,Child,0.0,0,Yes,0,25.0,2035-06-05,1,Created
3345,2011-01-01,3345,Female,36,1975-12-25,0.00049,Married,689,,2017-05-21,Yes,,,Permanent contract,75523.0,15723,No,3,,NA,1,Created
3346,2011-01-01,3346,Male,44,1967-11-13,0.0013599999999999999,Divorced,0,,,No,,,Permanent contract,4367.0,889,Yes,0,,NA,1,Created
3347,2011-01-01,3347,Female,16,1995-11-22,8e-05,Single,0,,,No,,,Child,0.0,0,No,0,37.0,2032-01-10,1,Created
19264,2012-11-22,3347,Female,18,1995-11-22,8e-05,Single,0,,,Yes,32,2026-11-24,Permanent contract,1629.0,16532,No,0,37,2032-01-10,1,Life event: Adulthood
3348,2011-01-01,3348,Male,63,1948-10-26,0.00945,Divorced,0,,,Yes,,,Permanent contract,26765.0,19501,Yes,0,,NA,1,Created
19192,2012-10-26,3348,Male,65,1948-10-26,0.00945,Divorced,0,,,Yes,,,Retired,18735.5,19501,Yes,0,,NA,1,Life event: Retired
3349,2011-01-01,3349,Female,3,2008-10-09,0.00013000000000000002,Single,0,,,Yes,39.0,2047-07-22,Child,0.0,0,No,0,45.0,2053-08-24,1,Created
3350,2011-01-01,3350,Female,55,1956-05-09,0.00372,Married,690,,2033-10-15,No,,,Permanent contract,3412.0,28,Yes,1,,NA,1,Created
3351,2011-01-01,3351,Male,24,1987-05-13,0.00047999999999999996,Single,0,,,Yes,26.0,2013-10-26,Permanent contract,23632.0,4305,Yes,0,,NA,1,Created
3352,2011-01-01,3352,Male,100,1911-01-02,1.0,Widowed,0,,,Yes,,,Retired,34897.0,454536,No,0,,NA,1,Created
18353,2011-12-24,3352,Male,101,1911-01-02,1.0,Widowed,0,,,Yes,,,Retired,34897.0,454536,No,0,,NA,0,Life event: Deceased
3353,2011-01-01,3353,Male,65,1946-06-20,0.01141,Married,655,,2013-07-03,Yes,,,Permanent contract,36751.0,321,Yes,1,,NA,1,Created
17537,2011-06-20,3353,Male,66,1946-06-20,0.01141,Married,655,,2013-07-03,Yes,,,Retired,25725.699999999997,321,Yes,1,,NA,1,Life event: Retired
3354,2011-01-01,3354,Female,20,1991-08-15,0.00018,Single,0,,,Yes,34.0,2025-01-18,Permanent contract,20428.0,79838,No,0,33.0,2024-08-24,1,Created
3355,2011-01-01,3355,Female,67,1944-04-28,0.00974,Married,691,,2048-02-21,No,,,Flexible contract,15312.0,69551,No,2,,NA,1,Created
17267,2011-04-28,3355,Female,68,1944-04-28,0.00974,Married,691,,2048-02-21,No,,,Retired,10718.4,69551,No,2,,NA,1,Life event: Retired
3356,2011-01-01,3356,Female,78,1933-08-24,0.02817,Widowed,0,,,No,,,Retired,2059.0,456142,No,0,,NA,1,Created
3357,2011-01-01,3357,Female,51,1960-04-15,0.0023899999999999998,Single,0,,,No,,,Permanent contract,13521.0,21439,Yes,0,,NA,1,Created
3358,2011-01-01,3358,Female,37,1974-01-05,0.00057,Single,0,,,Yes,30.0,,Entrepreneur without personnel,36959.0,-31654,No,0,,NA,1,Created
3359,2011-01-01,3359,Male,20,1991-02-25,0.00045,Single,0,,,No,,,Permanent contract,4961.0,474031,No,0,,NA,1,Created
3360,2011-01-01,3360,Male,79,1932-10-28,0.05364,Widowed,0,,,Yes,,,Retired,1040.0,7571,Yes,0,,NA,1,Created
3361,2011-01-01,3361,Male,46,1965-05-22,0.00172,Single,0,,,No,,,Flexible contract,49127.0,5360,No,0,,NA,1,Created
3362,2011-01-01,3362,Male,41,1970-06-02,0.0008900000000000001,Married,656,,2023-03-22,Yes,,,Permanent contract,25884.0,403682,Yes,2,,NA,1,Created
3363,2011-01-01,3363,Female,33,1978-10-26,0.00035,Single,0,,,Yes,30.0,,Unemployed,13987.0,111669,Yes,0,,NA,1,Created
3364,2011-01-01,3364,Male,58,1953-11-08,0.00603,Married,657,,2013-08-08,No,,,Permanent contract,28407.0,341077,No,1,,NA,1,Created
3365,2011-01-01,3365,Male,48,1963-09-10,0.0021100000000000003,Married,658,,2060-11-29,No,,,Permanent contract,22549.0,-4556,Yes,2,,NA,1,Created
3366,2011-01-01,3366,Male,37,1974-02-11,0.00082,Single,0,,,No,,,Permanent contract,39398.0,4010,Yes,0,,NA,1,Created
3367,2011-01-01,3367,Male,9,2002-10-14,0.00014,Single,0,,,No,,,Child,0.0,0,No,0,,NA,1,Created
3368,2011-01-01,3368,Female,64,1947-07-23,0.00713,Married,692,,2019-04-29,No,,,Permanent contract,82505.0,325603,No,2,,NA,1,Created
17690,2011-07-23,3368,Female,65,1947-07-23,0.00713,Married,692,,2019-04-29,No,,,Retired,57753.49999999999,325603,No,2,,NA,1,Life event: Retired
18358,2011-12-25,3368,Female,65,1947-07-23,0.00713,Widowed,692,,2019-04-29,No,,,Retired,57753.49999999999,325603,No,2,,NA,1,Life event: Widowed
3369,2011-01-01,3369,Male,38,1973-08-29,0.0009599999999999999,Married,659,,2042-04-28,No,,,Permanent contract,2135.0,37496,No,2,,NA,1,Created
3370,2011-01-01,3370,Male,14,1997-03-20,0.00014,Single,0,,,No,,,Child,0.0,0,No,0,,NA,1,Created
3371,2011-01-01,3371,Male,13,1998-04-10,0.00014,Single,0,,,No,,,Child,0.0,0,No,0,,NA,1,Created
3372,2011-01-01,3372,Male,18,1993-08-15,0.00032,Single,0,,,Yes,46.0,2039-07-24,Permanent contract,10088.0,2384,Yes,0,,NA,1,Created
3373,2011-01-01,3373,Male,57,1954-02-04,0.00572,Single,0,,,No,,,Permanent contract,66579.0,115063,Yes,0,,NA,1,Created
3374,2011-01-01,3374,Male,38,1973-12-20,0.0009599999999999999,Married,660,,2035-08-18,No,,,Flexible contract,36112.0,-31431,No,3,,NA,1,Created
3375,2011-01-01,3375,Male,64,1947-09-15,0.01097,Married,661,,2013-11-08,Yes,,,Entrepreneur without personnel,159115.0,299560,No,1,,NA,1,Created
17921,2011-09-15,3375,Male,65,1947-09-15,0.01097,Married,661,,2013-11-08,Yes,,,Retired,111380.5,299560,No,1,,NA,1,Life event: Retired
3376,2011-01-01,3376,Male,41,1970-01-25,0.0008900000000000001,Single,0,,,Yes,40.0,,Permanent contract,33048.0,303385,Yes,0,,NA,1,Created
3377,2011-01-01,3377,Male,31,1980-11-12,0.00041,Married,662,,2011-01-27,Yes,,,Flexible contract,14652.0,171650,Yes,1,,NA,1,Created
16811,2011-01-27,3377,Male,31,1980-11-12,0.00041,Divorced,662,,2011-01-27,Yes,,,Flexible contract,14652.0,171650,Yes,1,,NA,1,Life event: Divorced
3378,2011-01-01,3378,Female,91,1920-08-29,0.14715,Widowed,0,,,Yes,,,Retired,12807.0,35124,Yes,0,,NA,1,Created
3379,2011-01-01,3379,Female,12,1999-11-22,5e-05,Single,0,,,Yes,31.0,2030-04-17,Child,0.0,0,Yes,0,39.0,2038-04-05,1,Created
3380,2011-01-01,3380,Male,15,1996-03-12,0.00015,Single,0,,,Yes,27.0,2023-09-19,Child,0.0,0,Yes,0,,NA,1,Created
3381,2011-01-01,3381,Male,24,1987-04-12,0.00047999999999999996,Single,0,,,Yes,31.0,2018-05-11,Permanent contract,13476.0,355020,No,0,,NA,1,Created
3382,2011-01-01,3382,Female,45,1966-03-13,0.00134,Married,693,,2030-02-21,No,,,Permanent contract,14574.0,-33372,No,2,,NA,1,Created
3383,2011-01-01,3383,Female,29,1982-06-29,0.00032,Single,0,,,Yes,21.0,,Entrepreneur without personnel,24243.0,63712,No,0,29.0,2011-11-28,1,Created
3384,2011-01-01,3384,Male,35,1976-08-19,0.00055,Single,0,,,No,,,Permanent contract,40678.0,-2834,Yes,0,,NA,1,Created
3385,2011-01-01,3385,Male,56,1955-07-23,0.0052,Married,663,,2016-02-10,Yes,,,Flexible contract,16096.0,1066808,No,3,,NA,1,Created
3386,2011-01-01,3386,Female,49,1962-07-08,0.00193,Married,694,,2021-11-26,No,,,Flexible contract,29983.0,49693,No,3,,NA,1,Created
3387,2011-01-01,3387,Male,59,1952-02-20,0.00717,Married,664,,2030-10-25,Yes,,,Entrepreneur with personel,2742.0,27768,Yes,1,,NA,1,Created
3388,2011-01-01,3388,Male,51,1960-05-02,0.00301,Married,665,,2059-06-29,No,,,Entrepreneur with personel,28350.0,251290,No,2,,NA,1,Created
3389,2011-01-01,3389,Female,15,1996-06-27,8e-05,Single,0,,,Yes,26.0,2022-07-23,Child,0.0,0,No,0,31.0,2027-10-19,1,Created
3390,2011-01-01,3390,Male,13,1998-08-30,0.00014,Single,0,,,No,,,Child,0.0,0,No,0,,NA,1,Created
3391,2011-01-01,3391,Female,44,1967-10-04,0.00107,Married,695,,2071-06-10,No,,,Family business,31617.0,2289185,No,2,,NA,1,Created
3392,2011-01-01,3392,Male,19,1992-05-28,0.00033,Single,0,,,No,,,Permanent contract,194.0,847845,No,0,,NA,1,Created
3393,2011-01-01,3393,Female,56,1955-10-22,0.0041,Married,696,,2035-06-27,No,,,Permanent contract,25096.0,121092,Yes,2,,NA,1,Created
3394,2011-01-01,3394,Female,103,1908-04-27,1.0,Widowed,0,,,No,,,Retired,29310.0,-26993,No,0,,NA,1,Created
17992,2011-10-01,3394,Female,104,1908-04-27,1.0,Widowed,0,,,No,,,Retired,29310.0,-26993,No,0,,NA,0,Life event: Deceased
3395,2011-01-01,3395,Male,48,1963-03-15,0.0021100000000000003,Married,666,,2051-02-28,Yes,,,Entrepreneur without personnel,3832.0,467435,Yes,3,,NA,1,Created
3396,2011-01-01,3396,Male,33,1978-10-28,0.00047999999999999996,Married,667,,2025-12-30,No,,,Permanent contract,5488.0,146366,No,2,,NA,1,Created
3397,2011-01-01,3397,Male,51,1960-01-09,0.00301,Single,0,,,No,,,Entrepreneur without personnel,17974.0,380183,Yes,0,,NA,1,Created
3398,2011-01-01,3398,Male,64,1947-01-06,0.01097,Married,668,,2054-02-07,No,,,Unemployed,11372.0,2022,Yes,2,,NA,1,Created
16681,2011-01-06,3398,Male,65,1947-01-06,0.01097,Married,668,,2054-02-07,No,,,Retired,7960.4,2022,Yes,2,,NA,1,Life event: Retired
3399,2011-01-01,3399,Female,28,1983-07-14,0.00025,Married,697,,2053-09-27,Yes,,,Permanent contract,27800.0,330995,No,2,35.0,2018-08-11,1,Created
3400,2011-01-01,3400,Male,7,2004-04-29,9e-05,Single,0,,,Yes,25.0,2029-11-23,Child,0.0,0,No,0,,NA,1,Created
3401,2011-01-01,3401,Female,75,1936-02-23,0.01986,Married,698,,2022-08-22,No,,,Retired,36993.0,89514,Yes,2,,NA,1,Created
3402,2011-01-01,3402,Male,49,1962-06-19,0.00242,Married,669,,2016-08-06,No,,,Entrepreneur without personnel,27623.0,17740,No,1,,NA,1,Created
3403,2011-01-01,3403,Female,4,2007-05-24,5.9999999999999995e-05,Single,0,,,Yes,63.0,2070-02-14,Child,0.0,0,No,0,23.0,2030-07-26,1,Created
3404,2011-01-01,3404,Male,64,1947-06-14,0.01097,Married,670,,2039-04-15,Yes,,,Entrepreneur without personnel,8799.0,942450,Yes,2,,NA,1,Created
17510,2011-06-14,3404,Male,65,1947-06-14,0.01097,Married,670,,2039-04-15,Yes,,,Retired,6159.299999999999,942450,Yes,2,,NA,1,Life event: Retired
18565,2012-03-05,3404,Male,65,1947-06-14,0.01097,Married,670,,2039-04-15,Yes,,,Retired,6159.299999999999,942450,Yes,2,,NA,0,Life event: Deceased
3405,2011-01-01,3405,Male,52,1959-05-24,0.00314,Married,671,,2056-11-26,No,,,Permanent contract,6974.0,35912,No,1,,NA,1,Created
3406,2011-01-01,3406,Female,9,2002-10-03,2.9999999999999997e-05,Single,0,,,No,,,Child,0.0,0,No,0,30.0,2032-07-10,1,Created
3407,2011-01-01,3407,Male,21,1990-01-17,0.00045,Single,0,,,No,,,Permanent contract,4772.0,-35712,No,0,,NA,1,Created
3408,2011-01-01,3408,Female,61,1950-12-23,0.00562,Widowed,0,,,Yes,,,Flexible contract,25625.0,-2006,Yes,0,,NA,1,Created
3409,2011-01-01,3409,Male,47,1964-03-22,0.00186,Married,672,,2049-05-26,Yes,,,Permanent contract,45881.0,166843,No,1,,NA,1,Created
3410,2011-01-01,3410,Male,19,1992-01-25,0.00033,Single,0,,,Yes,30.0,2022-06-22,Flexible contract,2650.0,186771,No,0,,NA,1,Created
3411,2011-01-01,3411,Female,31,1980-05-10,0.00029,Divorced,0,,,Yes,,,Permanent contract,49576.0,-46873,Yes,0,,NA,1,Created
3412,2011-01-01,3412,Male,51,1960-05-28,0.00301,Married,673,,2060-06-10,No,,,Unemployed,26331.0,13781,Yes,2,,NA,1,Created
3413,2011-01-01,3413,Female,57,1954-05-09,0.00387,Divorced,0,,,No,,,Permanent contract,47998.0,276742,Yes,0,,NA,1,Created
3414,2011-01-01,3414,Female,44,1967-05-14,0.00107,Single,0,,,Yes,56.0,2023-11-30,Permanent contract,33557.0,392085,No,0,,NA,1,Created
3415,2011-01-01,3415,Male,58,1953-06-05,0.00603,Married,674,,2025-08-16,No,,,Permanent contract,31354.0,670474,Yes,1,,NA,1,Created
3416,2011-01-01,3416,Male,79,1932-09-29,0.05364,Married,675,,2018-03-28,Yes,,,Retired,8503.0,8029,Yes,1,,NA,1,Created
3417,2011-01-01,3417,Male,17,1994-12-23,0.00022999999999999998,Single,0,,,No,,,Child,0.0,0,No,0,,NA,1,Created
18344,2011-12-23,3417,Male,18,1994-12-23,0.00022999999999999998,Single,0,,,No,,,Permanent contract,32580.0,925401,No,0,,NA,1,Life event: Adulthood
3418,2011-01-01,3418,Male,7,2004-01-12,9e-05,Single,0,,,Yes,54.0,2058-08-14,Child,0.0,0,Yes,0,,NA,1,Created
3419,2011-01-01,3419,Female,83,1928-06-03,0.057,Widowed,0,,,Yes,,,Retired,186474.0,-9371,Yes,0,,NA,1,Created
3420,2011-01-01,3420,Male,35,1976-09-02,0.00055,Single,0,,,Yes,86.0,2062-12-26,Permanent contract,71852.0,4676,Yes,0,,NA,1,Created
3421,2011-01-01,3421,Male,22,1989-01-31,0.00041,Single,0,,,No,,,Entrepreneur without personnel,22680.0,73107,Yes,0,,NA,1,Created
3422,2011-01-01,3422,Female,67,1944-09-08,0.00974,Widowed,0,,,No,,,Entrepreneur without personnel,4869.0,7076,Yes,0,,NA,1,Created
17900,2011-09-08,3422,Female,68,1944-09-08,0.00974,Widowed,0,,,No,,,Retired,3408.2999999999997,7076,Yes,0,,NA,1,Life event: Retired
3423,2011-01-01,3423,Female,78,1933-04-27,0.02817,Married,699,,2019-11-01,Yes,,,Retired,2478.0,44014,No,2,,NA,1,Created
3424,2011-01-01,3424,Male,4,2007-06-04,0.00011,Single,0,,,No,,,Child,0.0,0,Yes,0,,NA,1,Created
3425,2011-01-01,3425,Male,73,1938-08-09,0.0262,Married,676,,2035-03-27,Yes,,,Retired,37897.0,45526,No,3,,NA,1,Created
3426,2011-01-01,3426,Female,52,1959-03-31,0.00268,Married,700,,2018-06-23,Yes,,,Permanent contract,121923.0,17285,No,3,,NA,1,Created
3427,2011-01-01,3427,Female,78,1933-02-20,0.02817,Married,701,,2058-01-15,Yes,,,Retired,39359.0,794812,Yes,2,,NA,1,Created
3428,2011-01-01,3428,Male,23,1988-06-12,0.00039,Single,0,,,No,,,Permanent contract,32094.0,419032,Yes,0,,NA,1,Created
3429,2011-01-01,3429,Female,60,1951-12-17,0.00541,Married,702,,2023-01-03,Yes,,,Permanent contract,17958.0,454991,No,3,,NA,1,Created
3430,2011-01-01,3430,Male,6,2005-10-14,5.9999999999999995e-05,Single,0,,,Yes,44.0,2049-10-29,Child,0.0,0,Yes,0,,NA,1,Created
3431,2011-01-01,3431,Female,64,1947-08-25,0.00713,Married,703,,2016-08-24,No,,,Permanent contract,21922.0,-13953,Yes,2,,NA,1,Created
17852,2011-08-25,3431,Female,65,1947-08-25,0.00713,Married,703,,2016-08-24,No,,,Retired,15345.4,-13953,Yes,2,,NA,1,Life event: Retired
3432,2011-01-01,3432,Female,19,1992-11-13,0.00014,Single,0,,,No,,,Permanent contract,803.0,935,Yes,0,34.0,2026-02-02,1,Created
3433,2011-01-01,3433,Female,49,1962-02-05,0.00193,Married,704,,2034-08-03,Yes,,,Permanent contract,17930.0,23068,Yes,1,,NA,1,Created
3434,2011-01-01,3434,Male,104,1907-11-07,1.0,Married,677,,2012-04-15,Yes,,,Retired,21914.0,14936,Yes,1,,NA,1,Created
18671,2012-04-15,3434,Male,105,1907-11-07,1.0,Divorced,677,,2012-04-15,Yes,,,Retired,21914.0,14936,Yes,1,,NA,1,Life event: Divorced
3435,2011-01-01,3435,Male,59,1952-07-16,0.00717,Married,678,,2025-06-06,No,,,Entrepreneur without personnel,37002.0,127163,Yes,1,,NA,1,Created
3436,2011-01-01,3436,Female,63,1948-10-24,0.00672,Divorced,0,,,No,,,Flexible contract,27081.0,1000,Yes,0,,NA,1,Created
19187,2012-10-24,3436,Female,65,1948-10-24,0.00672,Divorced,0,,,No,,,Retired,18956.699999999997,1000,Yes,0,,NA,1,Life event: Retired
3437,2011-01-01,3437,Male,13,1998-03-03,0.00014,Single,0,,,No,,,Child,0.0,0,Yes,0,,NA,1,Created
3438,2011-01-01,3438,Female,73,1938-04-05,0.01577,Married,705,,2027-07-02,No,,,Retired,25566.0,625388,Yes,2,,NA,1,Created
3439,2011-01-01,3439,Female,33,1978-08-17,0.00035,Married,706,,2030-01-05,Yes,,,Permanent contract,9924.0,176907,Yes,3,,NA,1,Created
3440,2011-01-01,3440,Female,5,2006-01-26,4e-05,Single,0,,,Yes,32.0,2038-09-04,Child,0.0,0,No,0,24.0,2030-10-01,1,Created
3441,2011-01-01,3441,Female,3,2008-07-28,0.00013000000000000002,Single,0,,,Yes,29.0,2037-09-10,Child,0.0,0,No,0,28.0,2036-01-17,1,Created
3442,2011-01-01,3442,Male,66,1945-06-25,0.01401,Married,679,,2059-09-18,No,,,Flexible contract,6412.0,303751,Yes,1,,NA,1,Created
17564,2011-06-25,3442,Male,67,1945-06-25,0.01401,Married,679,,2059-09-18,No,,,Retired,4488.4,303751,Yes,1,,NA,1,Life event: Retired
3443,2011-01-01,3443,Male,19,1992-03-21,0.00033,Single,0,,,Yes,27.0,2019-12-31,Flexible contract,1321.0,96221,No,0,,NA,1,Created
3444,2011-01-01,3444,Male,60,1951-09-20,0.006840000000000001,Married,680,,2063-08-31,Yes,,,Permanent contract,174898.0,128263,Yes,1,,NA,1,Created
3445,2011-01-01,3445,Female,24,1987-08-21,0.00018999999999999998,Single,0,,,No,,,Permanent contract,83964.0,4947,No,0,,NA,1,Created
3446,2011-01-01,3446,Female,60,1951-03-11,0.00541,Married,707,,2027-01-07,No,,,Permanent contract,5454.0,-17820,Yes,1,,NA,1,Created
3447,2011-01-01,3447,Female,78,1933-06-18,0.02817,Married,708,,2073-03-28,No,,,Retired,19153.0,-41853,Yes,2,,NA,1,Created
3448,2011-01-01,3448,Female,5,2006-01-19,4e-05,Single,0,,,No,,,Child,0.0,0,Yes,0,22.0,2028-08-27,1,Created
3449,2011-01-01,3449,Male,57,1954-03-30,0.00572,Married,681,,2049-11-02,No,,,Permanent contract,955.0,509,Yes,3,,NA,1,Created
3450,2011-01-01,3450,Male,28,1983-07-11,0.00045,Single,0,,,No,,,Permanent contract,16225.0,-14354,No,0,,NA,1,Created
3451,2011-01-01,3451,Female,17,1994-02-06,0.0001,Single,0,,,Yes,26.0,2020-10-19,Child,0.0,0,No,0,26.0,2020-06-27,1,Created
16856,2011-02-06,3451,Female,18,1994-02-06,0.0001,Single,0,,,No,,,Permanent contract,45587.0,162565,No,0,26,2020-06-27,1,Life event: Adulthood
3452,2011-01-01,3452,Female,22,1989-10-29,0.00023999999999999998,Single,0,,,No,,,Flexible contract,331.0,1217,Yes,0,23.0,2012-12-04,1,Created
3453,2011-01-01,3453,Male,11,2000-05-19,9e-05,Single,0,,,Yes,48.0,2048-02-23,Child,0.0,0,No,0,,NA,1,Created
3454,2011-01-01,3454,Male,59,1952-11-14,0.00717,Single,0,,,No,,,Permanent contract,26959.0,194282,No,0,,NA,1,Created
3455,2011-01-01,3455,Male,38,1973-05-14,0.0009599999999999999,Single,0,,,No,,,Permanent contract,47210.0,4274,Yes,0,,NA,1,Created
3456,2011-01-01,3456,Male,53,1958-06-06,0.0033299999999999996,Married,682,,2039-06-27,No,,,Permanent contract,31374.0,49363,No,1,,NA,1,Created
3457,2011-01-01,3457,Female,27,1984-10-06,0.00025,Single,0,,,Yes,57.0,2041-04-24,Permanent contract,36876.0,200731,Yes,0,,NA,1,Created
3458,2011-01-01,3458,Female,6,2005-01-21,8e-05,Single,0,,,Yes,27.0,2032-07-10,Child,0.0,0,No,0,27.0,2032-11-26,1,Created
3459,2011-01-01,3459,Male,63,1948-11-17,0.00945,Married,683,,2047-03-06,No,,,Flexible contract,31370.0,-4280,Yes,1,,NA,1,Created
19251,2012-11-17,3459,Male,65,1948-11-17,0.00945,Married,683,,2047-03-06,No,,,Retired,21959.0,-4280,Yes,1,,NA,1,Life event: Retired
3460,2011-01-01,3460,Female,6,2005-01-21,8e-05,Single,0,,,Yes,27.0,2032-03-15,Child,0.0,0,No,0,27.0,2032-01-12,1,Created
3461,2011-01-01,3461,Male,62,1949-08-02,0.008409999999999999,Married,684,,2016-09-28,No,,,Entrepreneur without personnel,14843.0,197558,No,2,,NA,1,Created
3462,2011-01-01,3462,Female,63,1948-03-18,0.00672,Married,709,,2037-02-16,No,,,Flexible contract,19610.0,276265,Yes,2,,NA,1,Created
18598,2012-03-18,3462,Female,65,1948-03-18,0.00672,Married,709,,2037-02-16,No,,,Retired,13727.0,276265,Yes,2,,NA,1,Life event: Retired
3463,2011-01-01,3463,Male,30,1981-01-03,0.00055,Single,0,,,Yes,32.0,2013-06-28,Permanent contract,97588.0,14423,Yes,0,,NA,1,Created
3464,2011-01-01,3464,Female,75,1936-11-27,0.01986,Divorced,0,,,Yes,,,Retired,47209.0,164541,No,0,,NA,1,Created
3465,2011-01-01,3465,Male,57,1954-09-30,0.00572,Divorced,0,,,No,,,Entrepreneur without personnel,19031.0,101535,No,0,,NA,1,Created
3466,2011-01-01,3466,Male,51,1960-03-15,0.00301,Married,685,,2038-03-09,Yes,,,Permanent contract,8205.0,183330,Yes,2,,NA,1,Created
3467,2011-01-01,3467,Male,21,1990-05-14,0.00045,Single,0,,,No,,,Flexible contract,28039.0,301505,Yes,0,,NA,1,Created
3468,2011-01-01,3468,Female,17,1994-06-24,0.0001,Single,0,,,No,,,Child,0.0,0,No,0,34.0,2028-12-09,1,Created
17558,2011-06-24,3468,Female,18,1994-06-24,0.0001,Single,0,,,Yes,30,2023-09-30,Permanent contract,3416.0,-871,No,0,34,2028-12-09,1,Life event: Adulthood
3469,2011-01-01,3469,Male,18,1993-05-23,0.00032,Single,0,,,No,,,Flexible contract,4047.0,497444,Yes,0,,NA,1,Created
3470,2011-01-01,3470,Male,65,1946-09-30,0.01141,Married,686,,2074-11-02,Yes,,,Flexible contract,38008.0,320597,Yes,1,,NA,1,Created
17990,2011-09-30,3470,Male,66,1946-09-30,0.01141,Married,686,,2074-11-02,Yes,,,Retired,26605.6,320597,Yes,1,,NA,1,Life event: Retired
3471,2011-01-01,3471,Male,34,1977-10-24,0.00067,Single,0,,,Yes,33.0,,Entrepreneur with personel,29710.0,-31294,No,0,,NA,1,Created
3472,2011-01-01,3472,Female,59,1952-02-14,0.00479,Single,0,,,No,,,Permanent contract,53602.0,117236,No,0,,NA,1,Created
3473,2011-01-01,3473,Female,53,1958-10-20,0.00312,Married,710,,2052-12-08,Yes,,,Permanent contract,65851.0,118308,No,1,,NA,1,Created
3474,2011-01-01,3474,Female,83,1928-05-03,0.057,Widowed,0,,,No,,,Retired,32577.0,34349,Yes,0,,NA,1,Created
3475,2011-01-01,3475,Female,51,1960-04-03,0.0023899999999999998,Married,711,,2056-11-17,Yes,,,Flexible contract,69265.0,177220,No,2,,NA,1,Created
3476,2011-01-01,3476,Male,36,1975-05-07,0.0006,Married,687,,2012-08-25,No,,,Permanent contract,77451.0,305418,No,2,,NA,1,Created
19034,2012-08-25,3476,Male,38,1975-05-07,0.0006,Divorced,687,,2012-08-25,No,,,Permanent contract,77451.0,305418,No,2,,NA,1,Life event: Divorced
3477,2011-01-01,3477,Male,61,1950-12-25,0.00747,Married,688,,2052-04-02,No,,,Flexible contract,5747.0,175317,No,1,,NA,1,Created
3478,2011-01-01,3478,Male,14,1997-03-06,0.00014,Single,0,,,No,,,Child,0.0,0,Yes,0,,NA,1,Created
3479,2011-01-01,3479,Male,38,1973-02-12,0.0009599999999999999,Married,689,,2017-05-21,No,,,Flexible contract,13644.0,185782,No,3,,NA,1,Created
3480,2011-01-01,3480,Male,34,1977-04-23,0.00067,Married,690,,2033-10-15,No,,,Permanent contract,35105.0,3314,Yes,1,,NA,1,Created
3481,2011-01-01,3481,Male,14,1997-06-14,0.00014,Single,0,,,Yes,35.0,2032-09-28,Child,0.0,0,No,0,,NA,1,Created
3482,2011-01-01,3482,Male,14,1997-02-21,0.00014,Single,0,,,Yes,57.0,2054-05-19,Child,0.0,0,Yes,0,,NA,1,Created
3483,2011-01-01,3483,Female,75,1936-01-08,0.01986,Widowed,0,,,No,,,Retired,11235.0,-6051,Yes,0,,NA,1,Created
3484,2011-01-01,3484,Female,28,1983-04-10,0.00025,Single,0,,,Yes,34.0,2017-08-13,Entrepreneur with personel,24967.0,144950,No,0,36.0,2019-03-06,1,Created
3485,2011-01-01,3485,Male,88,1923-05-24,0.14094,Married,691,,2048-02-21,No,,,Retired,22781.0,46332,No,2,,NA,1,Created
3486,2011-01-01,3486,Male,58,1953-05-01,0.00603,Single,0,,,No,,,Permanent contract,4008.0,-4376,Yes,0,,NA,1,Created
3487,2011-01-01,3487,Male,26,1985-05-15,1.0,Married,692,,2019-04-29,Yes,,,Flexible contract,33604.0,86,No,2,,NA,1,Created
18357,2011-12-25,3487,Male,27,1985-05-15,1.0,Married,692,,2019-04-29,Yes,,,Flexible contract,33604.0,86,No,2,,NA,0,Life event: Deceased
3488,2011-01-01,3488,Female,48,1963-10-18,0.0018800000000000002,Divorced,0,,,No,,,Permanent contract,48924.0,27998,No,0,,NA,1,Created
3489,2011-01-01,3489,Female,85,1926-02-25,0.07042999999999999,Widowed,0,,,Yes,,,Retired,46579.0,-21485,No,0,,NA,1,Created
3490,2011-01-01,3490,Male,42,1969-07-19,0.00128,Married,693,,2030-02-21,Yes,,,Permanent contract,38506.0,8683,No,2,,NA,1,Created
3491,2011-01-01,3491,Male,3,2008-04-11,0.0002,Single,0,,,No,,,Child,0.0,0,Yes,0,,NA,1,Created
3492,2011-01-01,3492,Male,32,1979-04-06,0.00059,Single,0,,,No,,,Permanent contract,4778.0,589,No,0,,NA,1,Created
3493,2011-01-01,3493,Male,36,1975-11-16,0.0006,Married,694,,2021-11-26,Yes,,,Permanent contract,30965.0,184671,No,3,,NA,1,Created
3494,2011-01-01,3494,Male,29,1982-06-25,0.0005200000000000001,Single,0,,,No,,,Unemployed,75449.0,2875,No,0,,NA,1,Created
3495,2011-01-01,3495,Male,32,1979-04-14,0.00059,Single,0,,,No,,,Flexible contract,56441.0,280274,Yes,0,,NA,1,Created
3496,2011-01-01,3496,Female,17,1994-05-04,0.0001,Single,0,,,Yes,28.0,2022-01-03,Child,0.0,0,Yes,0,29.0,2023-01-23,1,Created
17300,2011-05-04,3496,Female,18,1994-05-04,0.0001,Single,0,,,Yes,41,2034-06-13,Entrepreneur with personel,57175.0,33539,Yes,0,29,2023-01-23,1,Life event: Adulthood
3497,2011-01-01,3497,Female,7,2004-01-28,7e-05,Single,0,,,No,,,Child,0.0,0,No,0,30.0,2034-08-12,1,Created
3498,2011-01-01,3498,Male,42,1969-06-09,0.00128,Married,695,,2071-06-10,No,,,Permanent contract,29503.0,8457,No,2,,NA,1,Created
3499,2011-01-01,3499,Male,21,1990-07-31,0.00045,Single,0,,,No,,,Permanent contract,23590.0,-1665,No,0,,NA,1,Created
3500,2011-01-01,3500,Female,19,1992-06-24,0.00014,Single,0,,,No,,,Permanent contract,1830.0,193853,Yes,0,38.0,2030-12-19,1,Created
3501,2011-01-01,3501,Male,52,1959-11-07,0.00314,Married,696,,2035-06-27,No,,,Permanent contract,58881.0,2612,Yes,2,,NA,1,Created
3502,2011-01-01,3502,Male,7,2004-07-08,9e-05,Single,0,,,No,,,Child,0.0,0,Yes,0,,NA,1,Created
3503,2011-01-01,3503,Male,63,1948-05-03,0.00945,Married,697,,2053-09-27,No,,,Permanent contract,249.0,490340,No,2,,NA,1,Created
18718,2012-05-03,3503,Male,65,1948-05-03,0.00945,Married,697,,2053-09-27,No,,,Retired,174.29999999999998,490340,No,2,,NA,1,Life event: Retired
3504,2011-01-01,3504,Female,20,1991-08-12,0.00018,Single,0,,,No,,,Flexible contract,3781.0,-21639,Yes,0,32.0,2023-01-28,1,Created
3505,2011-01-01,3505,Male,69,1942-06-15,0.01804,Married,698,,2022-08-22,No,,,Retired,16772.0,872,Yes,2,,NA,1,Created
3506,2011-01-01,3506,Male,75,1936-11-27,0.033710000000000004,Single,0,,,Yes,40.0,,Retired,22409.0,1963,Yes,0,,NA,1,Created
3507,2011-01-01,3507,Female,68,1943-06-08,0.00983,Divorced,0,,,Yes,,,Retired,13653.0,52156,Yes,0,,NA,1,Created
3508,2011-01-01,3508,Male,74,1937-12-22,0.0295,Married,699,,2019-11-01,Yes,,,Retired,43139.0,542,No,2,,NA,1,Created
3509,2011-01-01,3509,Male,51,1960-02-18,0.00301,Married,700,,2018-06-23,No,,,Flexible contract,497.0,79509,No,3,,NA,1,Created
3510,2011-01-01,3510,Male,8,2003-08-14,9e-05,Single,0,,,Yes,26.0,2029-07-24,Child,0.0,0,No,0,,NA,1,Created
3511,2011-01-01,3511,Male,25,1986-08-11,0.00033999999999999997,Single,0,,,No,,,Flexible contract,48493.0,36601,No,0,,NA,1,Created
3512,2011-01-01,3512,Female,14,1997-12-10,9e-05,Single,0,,,Yes,22.0,2019-09-10,Child,0.0,0,No,0,27.0,2024-05-12,1,Created
3513,2011-01-01,3513,Male,44,1967-07-12,0.0013599999999999999,Married,701,,2058-01-15,Yes,,,Permanent contract,2677.0,115882,Yes,2,,NA,1,Created
3514,2011-01-01,3514,Female,17,1994-06-09,0.0001,Single,0,,,Yes,20.0,2014-11-27,Child,0.0,0,Yes,0,28.0,2022-04-03,1,Created
17476,2011-06-09,3514,Female,18,1994-06-09,0.0001,Single,0,,,Yes,36,2029-04-25,Permanent contract,49942.0,410354,Yes,0,28,2022-04-03,1,Life event: Adulthood
3515,2011-01-01,3515,Female,42,1969-07-09,0.001,Married,712,,2015-04-24,No,,,Entrepreneur without personnel,1358.0,-28939,Yes,1,,NA,1,Created
3516,2011-01-01,3516,Male,49,1962-12-24,0.00242,Single,0,,,Yes,35.0,,Flexible contract,2023.0,-4298,Yes,0,,NA,1,Created
3517,2011-01-01,3517,Male,38,1973-06-08,0.0009599999999999999,Single,0,,,No,,,Unemployed,95643.0,130029,No,0,,NA,1,Created
3518,2011-01-01,3518,Female,94,1917-07-24,0.20800000000000002,Widowed,0,,,No,,,Retired,8942.0,403231,Yes,0,,NA,1,Created
3519,2011-01-01,3519,Male,11,2000-08-04,9e-05,Single,0,,,Yes,44.0,2044-02-23,Child,0.0,0,No,0,,NA,1,Created
3520,2011-01-01,3520,Male,9,2002-10-15,0.00014,Single,0,,,Yes,32.0,2034-10-26,Child,0.0,0,No,0,,NA,1,Created
3521,2011-01-01,3521,Female,5,2006-05-06,4e-05,Single,0,,,Yes,32.0,2038-05-24,Child,0.0,0,Yes,0,37.0,2043-11-13,1,Created
3522,2011-01-01,3522,Female,1,2010-02-24,0.00033999999999999997,Single,0,,,No,,,Child,0.0,0,Yes,0,28.0,2038-05-01,1,Created
3523,2011-01-01,3523,Female,43,1968-08-10,0.0009699999999999999,Married,713,,2030-12-12,No,,,Flexible contract,79809.0,12826,No,1,,NA,1,Created
3524,2011-01-01,3524,Female,20,1991-02-05,0.00018,Single,0,,,No,,,Permanent contract,78632.0,465600,No,0,36.0,2027-06-05,1,Created
3525,2011-01-01,3525,Male,17,1994-04-23,0.00022999999999999998,Single,0,,,No,,,Child,0.0,0,No,0,,NA,1,Created
17251,2011-04-23,3525,Male,18,1994-04-23,0.00022999999999999998,Single,0,,,Yes,44,2037-05-29,Flexible contract,30651.0,242930,No,0,,NA,1,Life event: Adulthood
3526,2011-01-01,3526,Female,66,1945-09-02,0.009040000000000001,Married,714,,2062-05-03,Yes,,,Entrepreneur with personel,27261.0,35461,No,2,,NA,1,Created
17311,2011-05-06,3526,Female,66,1945-09-02,0.009040000000000001,Widowed,714,,2062-05-03,Yes,,,Entrepreneur with personel,27261.0,35461,No,2,,NA,1,Life event: Widowed
17883,2011-09-02,3526,Female,67,1945-09-02,0.009040000000000001,Widowed,714,,2062-05-03,Yes,,,Retired,19082.699999999997,35461,No,2,,NA,1,Life event: Retired
3527,2011-01-01,3527,Male,3,2008-07-27,0.0002,Single,0,,,Yes,29.0,2037-08-29,Child,0.0,0,No,0,,NA,1,Created
3528,2011-01-01,3528,Male,60,1951-04-24,0.006840000000000001,Married,702,,2023-01-03,Yes,,,Permanent contract,4991.0,112158,No,3,,NA,1,Created
3529,2011-01-01,3529,Female,53,1958-07-05,0.00312,Married,715,,2024-12-13,Yes,,,Flexible contract,15666.0,258038,No,1,,NA,1,Created
3530,2011-01-01,3530,Male,49,1962-01-01,0.00242,Divorced,0,,,Yes,,,Permanent contract,174556.0,3178,Yes,0,,NA,1,Created
3531,2011-01-01,3531,Female,36,1975-04-03,0.00049,Single,0,,,No,,,Flexible contract,39582.0,-12395,Yes,0,,NA,1,Created
3532,2011-01-01,3532,Male,79,1932-07-01,0.05364,Single,0,,,No,,,Retired,894.0,21610,Yes,0,,NA,1,Created
3533,2011-01-01,3533,Male,33,1978-06-01,0.00047999999999999996,Single,0,,,No,,,Entrepreneur with personel,2199.0,467011,Yes,0,,NA,1,Created
3534,2011-01-01,3534,Male,13,1998-04-30,0.00014,Single,0,,,Yes,32.0,2030-07-14,Child,0.0,0,No,0,,NA,1,Created
3535,2011-01-01,3535,Male,20,1991-07-05,0.00045,Single,0,,,No,,,Flexible contract,63042.0,264769,Yes,0,,NA,1,Created
3536,2011-01-01,3536,Female,6,2005-10-26,8e-05,Single,0,,,Yes,37.0,2042-03-14,Child,0.0,0,No,0,32.0,2037-05-08,1,Created
3537,2011-01-01,3537,Male,69,1942-08-07,0.01804,Divorced,0,,,No,,,Retired,21322.0,170262,Yes,0,,NA,1,Created
3538,2011-01-01,3538,Male,45,1966-12-24,0.0014199999999999998,Single,0,,,No,,,Flexible contract,364821.0,29932,Yes,0,,NA,1,Created
3539,2011-01-01,3539,Female,63,1948-02-22,0.00672,Married,716,,2049-01-21,No,,,Permanent contract,65157.0,44313,Yes,2,,NA,1,Created
18539,2012-02-22,3539,Female,65,1948-02-22,0.00672,Married,716,,2049-01-21,No,,,Retired,45609.899999999994,44313,Yes,2,,NA,1,Life event: Retired
19345,2012-12-22,3539,Female,65,1948-02-22,0.00672,Widowed,716,,2049-01-21,No,,,Retired,45609.899999999994,44313,Yes,2,,NA,1,Life event: Widowed
3540,2011-01-01,3540,Female,55,1956-11-09,0.00372,Married,717,,2050-08-20,No,,,Permanent contract,4091.0,-38739,Yes,2,,NA,1,Created
18541,2012-02-22,3540,Female,56,1956-11-09,0.00372,Widowed,717,,2050-08-20,No,,,Permanent contract,4091.0,-38739,Yes,2,,NA,1,Life event: Widowed
3541,2011-01-01,3541,Female,8,2003-04-21,2.9999999999999997e-05,Single,0,,,No,,,Child,0.0,0,No,0,38.0,2041-11-14,1,Created
3542,2011-01-01,3542,Male,60,1951-11-02,0.006840000000000001,Divorced,0,,,No,,,Permanent contract,34925.0,-26773,Yes,0,,NA,1,Created
3543,2011-01-01,3543,Male,32,1979-05-15,0.00059,Single,0,,,Yes,44.0,2023-02-16,Entrepreneur without personnel,18740.0,171,Yes,0,,NA,1,Created
3544,2011-01-01,3544,Male,50,1961-09-02,0.00257,Married,703,,2016-08-24,Yes,,,Permanent contract,33507.0,273551,Yes,2,,NA,1,Created
3545,2011-01-01,3545,Male,49,1962-01-10,0.00242,Single,0,,,No,,,Permanent contract,44102.0,-34950,Yes,0,,NA,1,Created
3546,2011-01-01,3546,Female,21,1990-12-03,0.00016,Single,0,,,Yes,27.0,2017-03-14,Permanent contract,7690.0,729,Yes,0,42.0,2032-01-28,1,Created
3547,2011-01-01,3547,Male,12,1999-10-30,0.00011,Single,0,,,No,,,Child,0.0,0,Yes,0,,NA,1,Created
3548,2011-01-01,3548,Male,13,1998-02-08,0.00014,Single,0,,,No,,,Child,0.0,0,Yes,0,,NA,1,Created
3549,2011-01-01,3549,Male,12,1999-10-28,0.00011,Single,0,,,Yes,22.0,2021-11-11,Child,0.0,0,No,0,,NA,1,Created
3550,2011-01-01,3550,Male,49,1962-02-03,0.00242,Married,704,,2034-08-03,No,,,Entrepreneur with personel,15687.0,-21681,Yes,1,,NA,1,Created
3551,2011-01-01,3551,Male,35,1976-10-28,0.00055,Married,705,,2027-07-02,No,,,Entrepreneur without personnel,13195.0,283042,Yes,2,,NA,1,Created
3552,2011-01-01,3552,Male,50,1961-08-03,0.00257,Single,0,,,Yes,30.0,,Flexible contract,55835.0,-4281,Yes,0,,NA,1,Created
3553,2011-01-01,3553,Male,68,1943-01-22,0.01522,Widowed,0,,,No,,,Retired,11156.0,428189,Yes,0,,NA,1,Created
3554,2011-01-01,3554,Male,15,1996-09-05,0.00015,Single,0,,,No,,,Child,0.0,0,No,0,,NA,1,Created
3555,2011-01-01,3555,Male,20,1991-03-07,0.00045,Single,0,,,Yes,50.0,2041-06-23,Permanent contract,34309.0,-6326,No,0,,NA,1,Created
3556,2011-01-01,3556,Female,39,1972-05-06,0.00074,Married,718,,2011-03-28,No,,,Permanent contract,56086.0,363467,Yes,1,,NA,1,Created
17131,2011-03-28,3556,Female,39,1972-05-06,0.00074,Divorced,718,,2011-03-28,No,,,Permanent contract,56086.0,363467,Yes,1,,NA,1,Life event: Divorced
3557,2011-01-01,3557,Female,87,1924-05-22,0.09331,Widowed,0,,,Yes,,,Retired,6654.0,782,No,0,,NA,1,Created
3558,2011-01-01,3558,Male,2,2009-01-09,0.00021,Single,0,,,No,,,Child,0.0,0,Yes,0,,NA,1,Created
3559,2011-01-01,3559,Male,56,1955-03-14,0.0052,Divorced,0,,,No,,,Permanent contract,17991.0,397768,No,0,,NA,1,Created
3560,2011-01-01,3560,Female,33,1978-06-04,0.00035,Single,0,,,Yes,24.0,,Permanent contract,14466.0,31062,No,0,38.0,2016-04-30,1,Created
3561,2011-01-01,3561,Male,30,1981-08-08,0.00055,Single,0,,,No,,,Permanent contract,7022.0,75217,Yes,0,,NA,1,Created
3562,2011-01-01,3562,Female,8,2003-02-20,2.9999999999999997e-05,Single,0,,,No,,,Child,0.0,0,Yes,0,29.0,2032-05-15,1,Created
3563,2011-01-01,3563,Male,40,1971-12-13,0.0009400000000000001,Married,706,,2030-01-05,No,,,Permanent contract,15125.0,-3029,Yes,3,,NA,1,Created
3564,2011-01-01,3564,Male,3,2008-07-11,0.0002,Single,0,,,No,,,Child,0.0,0,Yes,0,,NA,1,Created
3565,2011-01-01,3565,Female,65,1946-03-03,0.007559999999999999,Married,719,,2036-07-14,No,,,Permanent contract,8715.0,257410,No,2,,NA,1,Created
17012,2011-03-03,3565,Female,66,1946-03-03,0.007559999999999999,Married,719,,2036-07-14,No,,,Retired,6100.5,257410,No,2,,NA,1,Life event: Retired
3566,2011-01-01,3566,Female,60,1951-10-14,0.00541,Married,720,,2056-11-21,No,,,Permanent contract,26240.0,190126,Yes,1,,NA,1,Created
3567,2011-01-01,3567,Female,9,2002-06-27,2.9999999999999997e-05,Single,0,,,No,,,Child,0.0,0,No,0,25.0,2027-08-25,1,Created
3568,2011-01-01,3568,Female,41,1970-05-05,0.0007700000000000001,Single,0,,,Yes,26.0,,Permanent contract,43531.0,-48341,No,0,,NA,1,Created
3569,2011-01-01,3569,Male,11,2000-12-28,9e-05,Single,0,,,No,,,Child,0.0,0,No,0,,NA,1,Created
3570,2011-01-01,3570,Female,20,1991-12-03,0.00018,Single,0,,,No,,,Permanent contract,4355.0,188974,No,0,28.0,2019-09-10,1,Created
3571,2011-01-01,3571,Male,68,1943-11-11,0.01522,Married,707,,2027-01-07,No,,,Retired,14011.0,-28402,Yes,1,,NA,1,Created
3572,2011-01-01,3572,Female,37,1974-05-08,0.00057,Married,721,,2027-09-19,No,,,Permanent contract,17367.0,27883,No,3,,NA,1,Created
3573,2011-01-01,3573,Male,14,1997-06-18,0.00014,Single,0,,,No,,,Child,0.0,0,No,0,,NA,1,Created
3574,2011-01-01,3574,Female,79,1932-08-15,0.03112,Widowed,0,,,Yes,,,Retired,34554.0,-4225,Yes,0,,NA,1,Created
3575,2011-01-01,3575,Female,8,2003-05-02,2.9999999999999997e-05,Single,0,,,No,,,Child,0.0,0,Yes,0,32.0,2035-10-07,1,Created
3576,2011-01-01,3576,Male,39,1972-01-02,0.0008699999999999999,Divorced,0,,,Yes,,,Permanent contract,37313.0,59320,Yes,0,,NA,1,Created
3577,2011-01-01,3577,Female,56,1955-07-05,0.0041,Married,722,,2014-06-06,No,,,Permanent contract,40562.0,105921,Yes,2,,NA,1,Created
3578,2011-01-01,3578,Female,44,1967-01-23,0.00107,Married,723,,2022-05-18,No,,,Permanent contract,185369.0,156737,Yes,2,,NA,1,Created
3579,2011-01-01,3579,Female,22,1989-04-07,0.00023999999999999998,Single,0,,,Yes,22.0,2011-11-10,Permanent contract,9673.0,5509,No,0,32.0,2021-08-06,1,Created
18162,2011-11-10,3579,Female,23,1989-04-07,0.00023999999999999998,Married,3467,1,2012-10-18,Yes,22,2011-11-10,Permanent contract,9673.0,5509,No,0,32,2021-08-06,1,Life event: Married
19169,2012-10-18,3579,Female,24,1989-04-07,0.00023999999999999998,Divorced,3467,1,2012-10-18,Yes,22,2011-11-10,Permanent contract,9673.0,5509,No,0,32,2021-08-06,1,Life event: Divorced
3580,2011-01-01,3580,Male,48,1963-08-22,0.0021100000000000003,Married,708,,2073-03-28,Yes,,,Entrepreneur without personnel,3950.0,41509,Yes,2,,NA,1,Created
3581,2011-01-01,3581,Female,56,1955-12-12,0.0041,Married,724,,2016-08-19,No,,,Permanent contract,20022.0,3309,No,3,,NA,1,Created
3582,2011-01-01,3582,Female,32,1979-10-22,0.00041,Married,725,,2050-03-14,No,,,Permanent contract,10327.0,184254,No,1,,NA,1,Created
3583,2011-01-01,3583,Male,50,1961-07-02,0.00257,Single,0,,,Yes,29.0,,Permanent contract,23140.0,207038,Yes,0,,NA,1,Created
3584,2011-01-01,3584,Female,52,1959-12-18,0.00268,Married,726,,2038-10-10,No,,,Flexible contract,15328.0,-9290,No,1,,NA,1,Created
3585,2011-01-01,3585,Male,35,1976-12-15,0.00055,Married,709,,2037-02-16,No,,,Entrepreneur without personnel,36956.0,2311,Yes,2,,NA,1,Created
3586,2011-01-01,3586,Male,43,1968-08-26,0.00103,Married,710,,2052-12-08,No,,,Permanent contract,21688.0,388024,No,1,,NA,1,Created
3587,2011-01-01,3587,Male,74,1937-01-21,0.0295,Married,711,,2056-11-17,Yes,,,Retired,74578.0,4544421,No,2,,NA,1,Created
3588,2011-01-01,3588,Female,24,1987-05-24,0.00018999999999999998,Single,0,,,No,,,Entrepreneur without personnel,44408.0,1081,Yes,0,36.0,2023-06-29,1,Created
3589,2011-01-01,3589,Female,53,1958-10-26,0.00312,Married,727,,2050-02-04,No,,,Permanent contract,21676.0,9373,No,2,,NA,1,Created
3590,2011-01-01,3590,Female,2,2009-05-19,0.00015,Single,0,,,Yes,26.0,2035-05-23,Child,0.0,0,No,0,30.0,2039-02-03,1,Created
3591,2011-01-01,3591,Female,35,1976-10-10,0.00033999999999999997,Single,0,,,Yes,33.0,,Flexible contract,12025.0,6683,No,0,,NA,1,Created
3592,2011-01-01,3592,Male,60,1951-10-02,0.006840000000000001,Divorced,0,,,Yes,,,Flexible contract,16854.0,145198,Yes,0,,NA,1,Created
3593,2011-01-01,3593,Female,50,1961-10-09,0.00225,Married,728,,2016-07-18,No,,,Flexible contract,7476.0,154086,No,2,,NA,1,Created
3594,2011-01-01,3594,Female,58,1953-05-30,0.00448,Divorced,0,,,Yes,,,Permanent contract,46849.0,136762,No,0,,NA,1,Created
3595,2011-01-01,3595,Female,63,1948-03-07,0.00672,Married,729,,2032-07-15,No,,,Permanent contract,26680.0,-44868,No,2,,NA,1,Created
18574,2012-03-07,3595,Female,65,1948-03-07,0.00672,Married,729,,2032-07-15,No,,,Retired,18676.0,-44868,No,2,,NA,1,Life event: Retired
3596,2011-01-01,3596,Female,77,1934-02-28,0.0259,Widowed,0,,,No,,,Retired,5280.0,793,Yes,0,,NA,1,Created
3597,2011-01-01,3597,Male,44,1967-01-06,0.0013599999999999999,Single,0,,,Yes,36.0,,Permanent contract,71194.0,61117,No,0,,NA,1,Created
3598,2011-01-01,3598,Male,11,2000-11-30,9e-05,Single,0,,,No,,,Child,0.0,0,Yes,0,,NA,1,Created
3599,2011-01-01,3599,Male,5,2006-03-01,9e-05,Single,0,,,Yes,40.0,2046-11-20,Child,0.0,0,Yes,0,,NA,1,Created
3600,2011-01-01,3600,Male,25,1986-07-04,0.00033999999999999997,Single,0,,,No,,,Permanent contract,25307.0,89694,No,0,,NA,1,Created
3601,2011-01-01,3601,Male,12,1999-03-08,0.00011,Single,0,,,No,,,Child,0.0,0,No,0,,NA,1,Created
3602,2011-01-01,3602,Female,51,1960-04-12,0.0023899999999999998,Divorced,0,,,No,,,Permanent contract,23379.0,288970,Yes,0,,NA,1,Created
3603,2011-01-01,3603,Female,11,2000-05-27,7e-05,Single,0,,,Yes,46.0,2046-12-30,Child,0.0,0,No,0,30.0,2030-06-09,1,Created
3604,2011-01-01,3604,Female,56,1955-06-25,0.0041,Divorced,0,,,No,,,Permanent contract,35455.0,8176,Yes,0,,NA,1,Created
3605,2011-01-01,3605,Male,16,1995-10-29,0.00029,Single,0,,,Yes,29.0,2024-04-20,Child,0.0,0,Yes,0,,NA,1,Created
19199,2012-10-29,3605,Male,18,1995-10-29,0.00029,Single,0,,,No,,,Permanent contract,859.0,4441,Yes,0,,NA,1,Life event: Adulthood
3606,2011-01-01,3606,Male,35,1976-01-17,0.00055,Married,712,,2015-04-24,Yes,,,Permanent contract,24249.0,33157,Yes,1,,NA,1,Created
3607,2011-01-01,3607,Male,41,1970-10-15,0.0008900000000000001,Single,0,,,No,,,Permanent contract,29012.0,106862,Yes,0,,NA,1,Created
3608,2011-01-01,3608,Female,13,1998-02-06,0.00011999999999999999,Single,0,,,No,,,Child,0.0,0,Yes,0,34.0,2032-01-01,1,Created
3609,2011-01-01,3609,Female,74,1937-02-27,0.0185,Married,730,,2051-05-02,No,,,Retired,42861.0,219537,No,1,,NA,1,Created
3610,2011-01-01,3610,Female,33,1978-04-26,0.00035,Single,0,,,Yes,15.0,,Permanent contract,8985.0,-29931,Yes,0,33.0,2011-11-14,1,Created
3611,2011-01-01,3611,Male,32,1979-01-25,0.00059,Married,713,,2030-12-12,No,,,Flexible contract,32609.0,44691,No,1,,NA,1,Created
3612,2011-01-01,3612,Female,31,1980-10-11,0.00029,Single,0,,,No,,,Permanent contract,29925.0,120913,No,0,,NA,1,Created
3613,2011-01-01,3613,Female,33,1978-09-11,0.00035,Married,731,,2057-10-24,No,,,Permanent contract,27686.0,556711,No,1,,NA,1,Created
3614,2011-01-01,3614,Female,43,1968-12-03,0.0009699999999999999,Married,732,,2016-01-19,Yes,,,Permanent contract,38190.0,28195,Yes,2,,NA,1,Created
3615,2011-01-01,3615,Female,17,1994-12-18,0.0001,Single,0,,,Yes,38.0,2032-10-24,Child,0.0,0,Yes,0,31.0,2025-11-23,1,Created
18312,2011-12-18,3615,Female,18,1994-12-18,0.0001,Single,0,,,No,,,Permanent contract,51961.0,110140,Yes,0,31,2025-11-23,1,Life event: Adulthood
3616,2011-01-01,3616,Female,35,1976-09-01,0.00033999999999999997,Married,733,,2069-08-28,No,,,Permanent contract,38284.0,136257,No,2,,NA,1,Created
3617,2011-01-01,3617,Male,84,1927-08-08,0.09176000000000001,Single,0,,,No,,,Retired,15088.0,44375,Yes,0,,NA,1,Created
3618,2011-01-01,3618,Female,12,1999-05-02,5e-05,Single,0,,,Yes,34.0,2033-06-09,Child,0.0,0,No,0,25.0,2024-01-17,1,Created
3619,2011-01-01,3619,Male,33,1978-08-05,0.00047999999999999996,Single,0,,,No,,,Permanent contract,5634.0,194918,No,0,,NA,1,Created
3620,2011-01-01,3620,Male,68,1943-05-27,0.01522,Divorced,0,,,Yes,,,Retired,16140.0,70500,Yes,0,,NA,1,Created
3621,2011-01-01,3621,Female,68,1943-11-09,0.00983,Married,734,,2026-02-18,Yes,,,Retired,4968.0,-1735,Yes,1,,NA,1,Created
3622,2011-01-01,3622,Male,81,1930-05-13,0.06966,Married,714,,2062-05-03,Yes,,,Retired,12777.0,68750,No,2,,NA,1,Created
17310,2011-05-06,3622,Male,81,1930-05-13,0.06966,Married,714,,2062-05-03,Yes,,,Retired,12777.0,68750,No,2,,NA,0,Life event: Deceased
3623,2011-01-01,3623,Male,33,1978-11-18,0.00047999999999999996,Single,0,,,No,,,Permanent contract,31269.0,70084,Yes,0,,NA,1,Created
3624,2011-01-01,3624,Male,21,1990-04-16,0.00045,Single,0,,,Yes,43.0,2033-03-08,Permanent contract,9374.0,-28777,Yes,0,,NA,1,Created
3625,2011-01-01,3625,Male,72,1939-09-07,0.02384,Widowed,0,,,No,,,Retired,7100.0,-45434,No,0,,NA,1,Created
3626,2011-01-01,3626,Female,1,2010-10-14,0.00033999999999999997,Single,0,,,Yes,27.0,2037-07-30,Child,0.0,0,Yes,0,27.0,2037-04-13,1,Created
3627,2011-01-01,3627,Female,30,1981-02-28,0.00027,Single,0,,,Yes,55.0,2036-06-26,Flexible contract,25296.0,146557,No,0,36.0,2017-02-10,1,Created
3628,2011-01-01,3628,Male,44,1967-01-14,0.0013599999999999999,Married,715,,2024-12-13,Yes,,,Permanent contract,33088.0,459761,No,1,,NA,1,Created
3629,2011-01-01,3629,Male,14,1997-04-29,0.00014,Single,0,,,Yes,22.0,2019-03-07,Child,0.0,0,Yes,0,,NA,1,Created
3630,2011-01-01,3630,Male,72,1939-11-24,0.02384,Married,716,,2049-01-21,Yes,,,Retired,44135.0,37726,Yes,2,,NA,1,Created
19344,2012-12-22,3630,Male,74,1939-11-24,0.02384,Married,716,,2049-01-21,Yes,,,Retired,44135.0,37726,Yes,2,,NA,0,Life event: Deceased
3631,2011-01-01,3631,Male,60,1951-07-04,0.006840000000000001,Single,0,,,No,,,Permanent contract,43769.0,-2106,No,0,,NA,1,Created
3632,2011-01-01,3632,Male,49,1962-06-12,0.00242,Single,0,,,No,,,Entrepreneur with personel,2883.0,7608,Yes,0,,NA,1,Created
3633,2011-01-01,3633,Male,55,1956-07-15,0.00419,Single,0,,,No,,,Flexible contract,3009.0,5304,Yes,0,,NA,1,Created
3634,2011-01-01,3634,Female,48,1963-07-25,0.0018800000000000002,Married,735,,2030-10-12,Yes,,,Permanent contract,11205.0,81109,No,3,,NA,1,Created
3635,2011-01-01,3635,Male,69,1942-08-18,0.01804,Married,717,,2050-08-20,No,,,Retired,19191.0,157284,Yes,2,,NA,1,Created
18540,2012-02-22,3635,Male,70,1942-08-18,0.01804,Married,717,,2050-08-20,No,,,Retired,19191.0,157284,Yes,2,,NA,0,Life event: Deceased
3636,2011-01-01,3636,Male,22,1989-12-12,0.00041,Single,0,,,No,,,Permanent contract,30156.0,491881,Yes,0,,NA,1,Created
3637,2011-01-01,3637,Female,45,1966-08-16,0.00134,Married,736,,2014-07-18,No,,,Flexible contract,46082.0,618236,No,1,,NA,1,Created
3638,2011-01-01,3638,Female,22,1989-04-18,0.00023999999999999998,Single,0,,,Yes,55.0,2044-12-07,Permanent contract,45529.0,-20845,Yes,0,28.0,2017-05-21,1,Created
3639,2011-01-01,3639,Female,9,2002-02-03,2.9999999999999997e-05,Single,0,,,No,,,Child,0.0,0,Yes,0,30.0,2032-09-28,1,Created
3640,2011-01-01,3640,Female,51,1960-11-13,0.0023899999999999998,Single,0,,,Yes,27.0,,Permanent contract,37874.0,75434,Yes,0,,NA,1,Created
3641,2011-01-01,3641,Male,57,1954-07-02,0.00572,Married,718,,2011-03-28,Yes,,,Entrepreneur without personnel,27826.0,274,Yes,1,,NA,1,Created
17132,2011-03-28,3641,Male,57,1954-07-02,0.00572,Divorced,718,,2011-03-28,Yes,,,Entrepreneur without personnel,27826.0,274,Yes,1,,NA,1,Life event: Divorced
3642,2011-01-01,3642,Female,27,1984-04-02,0.00025,Single,0,,,Yes,25.0,,Permanent contract,12072.0,406354,Yes,0,29.0,2013-10-10,1,Created
3643,2011-01-01,3643,Female,42,1969-06-27,0.001,Married,737,,2061-05-26,Yes,,,Permanent contract,44176.0,103010,Yes,2,,NA,1,Created
3644,2011-01-01,3644,Female,31,1980-01-12,0.00029,Single,0,,,Yes,20.0,,Permanent contract,38332.0,1367,Yes,0,32.0,2012-07-15,1,Created
3645,2011-01-01,3645,Female,65,1946-02-12,0.007559999999999999,Married,738,,2037-06-19,No,,,Permanent contract,8960.0,345767,No,2,,NA,1,Created
16896,2011-02-12,3645,Female,66,1946-02-12,0.007559999999999999,Married,738,,2037-06-19,No,,,Retired,6272.0,345767,No,2,,NA,1,Life event: Retired
3646,2011-01-01,3646,Male,35,1976-07-03,0.00055,Married,719,,2036-07-14,Yes,,,Permanent contract,47417.0,10746,No,2,,NA,1,Created
3647,2011-01-01,3647,Male,58,1953-09-14,0.00603,Married,720,,2056-11-21,Yes,,,Permanent contract,29992.0,333201,Yes,1,,NA,1,Created
3648,2011-01-01,3648,Male,41,1970-01-19,0.0008900000000000001,Married,721,,2027-09-19,Yes,,,Unemployed,32432.0,14692,No,3,,NA,1,Created
3649,2011-01-01,3649,Male,29,1982-02-24,0.0005200000000000001,Married,722,,2014-06-06,Yes,,,Permanent contract,8330.0,33622,Yes,2,,NA,1,Created
3650,2011-01-01,3650,Female,57,1954-05-05,0.00387,Married,739,,2038-07-27,No,,,Permanent contract,5997.0,60917,Yes,1,,NA,1,Created
3651,2011-01-01,3651,Female,52,1959-07-10,0.00268,Married,740,,2013-04-04,No,,,Permanent contract,18914.0,482102,No,2,,NA,1,Created
3652,2011-01-01,3652,Male,50,1961-12-07,0.00257,Married,723,,2022-05-18,Yes,,,Permanent contract,11271.0,33521,Yes,2,,NA,1,Created
3653,2011-01-01,3653,Female,54,1957-03-17,0.00313,Married,741,,2036-08-04,Yes,,,Permanent contract,14768.0,938426,Yes,1,,NA,1,Created
3654,2011-01-01,3654,Male,68,1943-02-20,0.01522,Married,724,,2016-08-19,No,,,Retired,31652.0,444028,No,3,,NA,1,Created
3655,2011-01-01,3655,Male,60,1951-05-04,0.006840000000000001,Married,725,,2050-03-14,No,,,Entrepreneur with personel,35761.0,8316,No,1,,NA,1,Created
3656,2011-01-01,3656,Female,75,1936-08-14,0.01986,Widowed,0,,,No,,,Retired,12813.0,15143,No,0,,NA,1,Created
3657,2011-01-01,3657,Female,39,1972-07-07,0.00074,Married,742,,2017-03-19,Yes,,,Flexible contract,28704.0,3160023,Yes,1,,NA,1,Created
3658,2011-01-01,3658,Male,99,1912-03-21,0.39916999999999997,Widowed,0,,,No,,,Retired,9873.0,49635,Yes,0,,NA,1,Created
17424,2011-05-28,3658,Male,100,1912-03-21,0.39916999999999997,Widowed,0,,,No,,,Retired,9873.0,49635,Yes,0,,NA,0,Life event: Deceased
3659,2011-01-01,3659,Female,11,2000-08-02,7e-05,Single,0,,,Yes,22.0,2022-05-18,Child,0.0,0,Yes,0,38.0,2038-08-18,1,Created
3660,2011-01-01,3660,Female,66,1945-10-15,0.009040000000000001,Single,0,,,No,,,Permanent contract,1121.0,6429,Yes,0,,NA,1,Created
18053,2011-10-15,3660,Female,67,1945-10-15,0.009040000000000001,Single,0,,,No,,,Retired,784.6999999999999,6429,Yes,0,,NA,1,Life event: Retired
3661,2011-01-01,3661,Male,25,1986-11-27,0.00033999999999999997,Single,0,,,Yes,35.0,2021-05-19,Permanent contract,96565.0,172016,Yes,0,,NA,1,Created
3662,2011-01-01,3662,Female,20,1991-02-05,0.00018,Single,0,,,No,,,Permanent contract,42860.0,777147,Yes,0,35.0,2026-12-15,1,Created
3663,2011-01-01,3663,Female,25,1986-09-20,0.00022999999999999998,Divorced,0,,,Yes,,,Permanent contract,18184.0,3216,Yes,0,33.0,2019-05-27,1,Created
3664,2011-01-01,3664,Male,29,1982-01-23,0.0005200000000000001,Single,0,,,No,,,Entrepreneur without personnel,5084.0,41289,No,0,,NA,1,Created
3665,2011-01-01,3665,Female,57,1954-05-31,0.00387,Married,743,,2057-05-15,Yes,,,Permanent contract,39914.0,24464,Yes,1,,NA,1,Created
3666,2011-01-01,3666,Male,27,1984-07-22,0.00044,Married,726,,2038-10-10,Yes,,,Permanent contract,4689.0,339951,No,1,,NA,1,Created
3667,2011-01-01,3667,Male,71,1940-10-24,0.02034,Married,727,,2050-02-04,Yes,,,Retired,46662.0,14369,No,2,,NA,1,Created
3668,2011-01-01,3668,Female,1,2010-03-07,0.00033999999999999997,Single,0,,,No,,,Child,0.0,0,Yes,0,37.0,2047-06-19,1,Created
3669,2011-01-01,3669,Female,25,1986-11-20,0.00022999999999999998,Single,0,,,No,,,Permanent contract,11636.0,4456,Yes,0,30.0,2016-02-07,1,Created
3670,2011-01-01,3670,Female,51,1960-11-30,0.0023899999999999998,Married,744,,2050-11-24,No,,,Permanent contract,8097.0,142644,Yes,3,,NA,1,Created
18941,2012-07-17,3670,Female,52,1960-11-30,0.0023899999999999998,Widowed,744,,2050-11-24,No,,,Permanent contract,8097.0,142644,Yes,3,,NA,1,Life event: Widowed
3671,2011-01-01,3671,Male,24,1987-08-07,0.00047999999999999996,Single,0,,,Yes,43.0,2030-07-16,Permanent contract,45821.0,2521,Yes,0,,NA,1,Created
3672,2011-01-01,3672,Male,58,1953-07-01,0.00603,Divorced,0,,,Yes,,,Permanent contract,203498.0,687369,No,0,,NA,1,Created
3673,2011-01-01,3673,Female,49,1962-03-08,0.00193,Single,0,,,No,,,Entrepreneur without personnel,19077.0,311650,No,0,,NA,1,Created
3674,2011-01-01,3674,Female,40,1971-05-30,0.0006900000000000001,Married,745,,2029-05-03,No,,,Permanent contract,17635.0,25297,Yes,1,,NA,1,Created
3675,2011-01-01,3675,Male,55,1956-03-13,0.00419,Single,0,,,No,,,Permanent contract,33451.0,1096,No,0,,NA,1,Created
3676,2011-01-01,3676,Male,40,1971-08-30,0.0009400000000000001,Single,0,,,No,,,Flexible contract,68805.0,4569,No,0,,NA,1,Created
3677,2011-01-01,3677,Male,44,1967-07-20,0.0013599999999999999,Single,0,,,Yes,29.0,,Permanent contract,43862.0,184804,No,0,,NA,1,Created
3678,2011-01-01,3678,Female,37,1974-01-04,0.00057,Married,746,,2055-12-23,No,,,Flexible contract,20441.0,8474,Yes,1,,NA,1,Created
3679,2011-01-01,3679,Male,61,1950-10-17,0.00747,Married,728,,2016-07-18,Yes,,,Unemployed,9589.0,-22580,No,2,,NA,1,Created
3680,2011-01-01,3680,Male,53,1958-03-29,0.0033299999999999996,Divorced,0,,,No,,,Entrepreneur without personnel,1921.0,191353,No,0,,NA,1,Created
3681,2011-01-01,3681,Female,30,1981-07-22,0.00027,Single,0,,,No,,,Permanent contract,11320.0,5100,Yes,0,34.0,2015-05-26,1,Created
3682,2011-01-01,3682,Male,33,1978-11-27,0.00047999999999999996,Single,0,,,Yes,46.0,2024-10-27,Permanent contract,36168.0,356024,Yes,0,,NA,1,Created
3683,2011-01-01,3683,Male,34,1977-12-03,0.00067,Single,0,,,No,,,Entrepreneur without personnel,46463.0,188331,Yes,0,,NA,1,Created
3684,2011-01-01,3684,Male,1,2010-01-15,0.00056,Single,0,,,No,,,Child,0.0,0,Yes,0,,NA,1,Created
3685,2011-01-01,3685,Female,75,1936-11-12,0.01986,Married,747,,2026-05-15,No,,,Retired,5228.0,-49272,No,2,,NA,1,Created
17134,2011-03-28,3685,Female,75,1936-11-12,0.01986,Widowed,747,,2026-05-15,No,,,Retired,5228.0,-49272,No,2,,NA,1,Life event: Widowed
3686,2011-01-01,3686,Male,48,1963-03-05,0.0021100000000000003,Married,729,,2032-07-15,Yes,,,Flexible contract,9785.0,-28603,No,2,,NA,1,Created
3687,2011-01-01,3687,Female,38,1973-04-27,0.00063,Divorced,0,,,No,,,Flexible contract,5536.0,46636,Yes,0,,NA,1,Created
3688,2011-01-01,3688,Male,1,2010-10-09,0.00056,Single,0,,,No,,,Child,0.0,0,Yes,0,,NA,1,Created
3689,2011-01-01,3689,Female,50,1961-07-29,0.00225,Married,748,,2052-11-19,No,,,Permanent contract,12388.0,-16219,No,1,,NA,1,Created
3690,2011-01-01,3690,Male,16,1995-03-08,0.00029,Single,0,,,No,,,Child,0.0,0,Yes,0,,NA,1,Created
18576,2012-03-08,3690,Male,18,1995-03-08,0.00029,Single,0,,,No,,,Permanent contract,48300.0,554859,Yes,0,,NA,1,Life event: Adulthood
3691,2011-01-01,3691,Male,2,2009-12-10,0.00021,Single,0,,,No,,,Child,0.0,0,No,0,,NA,1,Created
3692,2011-01-01,3692,Male,29,1982-07-31,0.0005200000000000001,Single,0,,,No,,,Unemployed,18174.0,402647,No,0,,NA,1,Created
3693,2011-01-01,3693,Male,65,1946-03-16,0.01141,Married,730,,2051-05-02,Yes,,,Permanent contract,35183.0,127175,No,1,,NA,1,Created
17070,2011-03-16,3693,Male,66,1946-03-16,0.01141,Married,730,,2051-05-02,Yes,,,Retired,24628.1,127175,No,1,,NA,1,Life event: Retired
3694,2011-01-01,3694,Female,41,1970-12-27,0.0007700000000000001,Divorced,0,,,No,,,Entrepreneur without personnel,14737.0,-13595,Yes,0,,NA,1,Created
3695,2011-01-01,3695,Female,56,1955-01-15,0.0041,Single,0,,,No,,,Flexible contract,1487.0,-38061,Yes,0,,NA,1,Created
3696,2011-01-01,3696,Female,78,1933-11-16,0.02817,Married,749,,2012-11-15,Yes,,,Retired,19236.0,3329952,No,1,,NA,1,Created
19241,2012-11-15,3696,Female,79,1933-11-16,0.02817,Divorced,749,,2012-11-15,Yes,,,Retired,19236.0,3329952,No,1,,NA,1,Life event: Divorced
3697,2011-01-01,3697,Male,21,1990-08-14,0.00045,Single,0,,,No,,,Permanent contract,9835.0,230,Yes,0,,NA,1,Created
3698,2011-01-01,3698,Female,42,1969-01-10,0.001,Divorced,0,,,Yes,,,Entrepreneur without personnel,13635.0,256414,No,0,,NA,1,Created
3699,2011-01-01,3699,Female,42,1969-04-21,0.001,Married,750,,2021-02-16,Yes,,,Permanent contract,5607.0,45131,Yes,2,,NA,1,Created
3700,2011-01-01,3700,Female,31,1980-12-22,0.00029,Married,751,,2065-04-14,No,,,Permanent contract,10601.0,5960,Yes,1,34.0,2014-06-14,1,Created
3701,2011-01-01,3701,Female,51,1960-10-12,0.0023899999999999998,Married,752,,2029-05-23,Yes,,,Permanent contract,37222.0,202668,No,2,,NA,1,Created
3702,2011-01-01,3702,Female,68,1943-08-09,0.00983,Married,753,,2032-01-28,Yes,,,Retired,97645.0,264411,Yes,1,,NA,1,Created
3703,2011-01-01,3703,Male,40,1971-02-03,0.0009400000000000001,Single,0,,,Yes,25.0,,Entrepreneur with personel,10950.0,-4428,Yes,0,,NA,1,Created
3704,2011-01-01,3704,Female,35,1976-06-23,0.00033999999999999997,Married,754,,2063-11-16,No,,,Flexible contract,21501.0,172154,Yes,1,,NA,1,Created
3705,2011-01-01,3705,Female,9,2002-03-16,2.9999999999999997e-05,Single,0,,,Yes,51.0,2053-09-04,Child,0.0,0,No,0,30.0,2032-03-01,1,Created
3706,2011-01-01,3706,Female,51,1960-01-01,0.0023899999999999998,Married,755,,2033-06-03,Yes,,,Entrepreneur with personel,9463.0,9439,Yes,1,,NA,1,Created
3707,2011-01-01,3707,Male,15,1996-03-13,0.00015,Single,0,,,Yes,30.0,2026-09-02,Child,0.0,0,No,0,,NA,1,Created
3708,2011-01-01,3708,Male,40,1971-09-08,0.0009400000000000001,Married,731,,2057-10-24,Yes,,,Permanent contract,3994.0,464096,No,1,,NA,1,Created
3709,2011-01-01,3709,Male,57,1954-07-13,0.00572,Divorced,0,,,Yes,,,Flexible contract,37611.0,-44734,No,0,,NA,1,Created
3710,2011-01-01,3710,Male,74,1937-05-12,0.0295,Widowed,0,,,Yes,,,Retired,47999.0,6322,No,0,,NA,1,Created
3711,2011-01-01,3711,Female,11,2000-04-04,7e-05,Single,0,,,No,,,Child,0.0,0,Yes,0,27.0,2027-04-24,1,Created
3712,2011-01-01,3712,Female,78,1933-08-08,0.02817,Widowed,0,,,No,,,Retired,4490.0,-2568,No,0,,NA,1,Created
18408,2012-01-08,3712,Female,79,1933-08-08,0.02817,Widowed,0,,,No,,,Retired,4490.0,-2568,No,0,,NA,0,Life event: Deceased
3713,2011-01-01,3713,Male,43,1968-05-14,0.00103,Married,732,,2016-01-19,No,,,Unemployed,33006.0,376435,Yes,2,,NA,1,Created
3714,2011-01-01,3714,Male,32,1979-09-28,0.00059,Married,733,,2069-08-28,Yes,,,Permanent contract,27214.0,114706,No,2,,NA,1,Created
3715,2011-01-01,3715,Female,70,1941-02-08,0.01252,Widowed,0,,,Yes,,,Retired,42118.0,274997,Yes,0,,NA,1,Created
3716,2011-01-01,3716,Male,44,1967-09-02,0.0013599999999999999,Divorced,0,,,No,,,Permanent contract,26284.0,-37566,No,0,,NA,1,Created
3717,2011-01-01,3717,Male,66,1945-06-10,0.01401,Widowed,0,,,No,,,Permanent contract,8449.0,453777,Yes,0,,NA,1,Created
17484,2011-06-10,3717,Male,67,1945-06-10,0.01401,Widowed,0,,,No,,,Retired,5914.299999999999,453777,Yes,0,,NA,1,Life event: Retired
3718,2011-01-01,3718,Male,0,2011-09-29,0.0036200000000000004,Single,0,,,No,,,Child,0.0,0,No,0,,NA,1,Created
3719,2011-01-01,3719,Female,73,1938-02-06,0.01577,Widowed,0,,,No,,,Retired,58470.0,32379,No,0,,NA,1,Created
3720,2011-01-01,3720,Female,20,1991-10-30,0.00018,Single,0,,,No,,,Permanent contract,48500.0,316089,No,0,35.0,2026-04-09,1,Created
3721,2011-01-01,3721,Male,62,1949-09-24,0.008409999999999999,Single,0,,,Yes,34.0,,Flexible contract,5160.0,172741,No,0,,NA,1,Created
3722,2011-01-01,3722,Female,15,1996-05-15,8e-05,Single,0,,,Yes,22.0,2018-02-11,Child,0.0,0,No,0,25.0,2021-07-01,1,Created
3723,2011-01-01,3723,Male,2,2009-02-11,0.00021,Single,0,,,No,,,Child,0.0,0,Yes,0,,NA,1,Created
3724,2011-01-01,3724,Male,40,1971-06-28,0.0009400000000000001,Married,734,,2026-02-18,No,,,Unemployed,4261.0,-20519,Yes,1,,NA,1,Created
3725,2011-01-01,3725,Female,40,1971-04-24,0.0006900000000000001,Divorced,0,,,Yes,,,Permanent contract,1991.0,179,No,0,,NA,1,Created
3726,2011-01-01,3726,Female,62,1949-01-02,0.0057399999999999994,Divorced,0,,,Yes,,,Permanent contract,87290.0,270176,Yes,0,,NA,1,Created
3727,2011-01-01,3727,Female,13,1998-06-26,0.00011999999999999999,Single,0,,,No,,,Child,0.0,0,Yes,0,33.0,2031-03-13,1,Created
3728,2011-01-01,3728,Male,18,1993-10-13,0.00032,Single,0,,,Yes,25.0,2018-09-05,Entrepreneur without personnel,16825.0,669297,No,0,,NA,1,Created
3729,2011-01-01,3729,Male,32,1979-07-20,0.00059,Single,0,,,No,,,Permanent contract,9560.0,145893,No,0,,NA,1,Created
3730,2011-01-01,3730,Female,26,1985-02-08,1.0,Single,0,,,Yes,29.0,2014-08-20,Flexible contract,64390.0,196822,No,0,33.0,2018-07-18,1,Created
19207,2012-11-01,3730,Female,28,1985-02-08,1.0,Single,0,,,Yes,29,2014-08-20,Flexible contract,64390.0,196822,No,0,33,2018-07-18,0,Life event: Deceased
3731,2011-01-01,3731,Female,73,1938-04-07,0.01577,Married,756,,2042-12-07,Yes,,,Retired,46453.0,-230,Yes,1,,NA,1,Created
3732,2011-01-01,3732,Female,17,1994-08-08,0.0001,Single,0,,,Yes,23.0,2017-10-27,Child,0.0,0,Yes,0,38.0,2032-07-12,1,Created
17758,2011-08-08,3732,Female,18,1994-08-08,0.0001,Single,0,,,No,,,Permanent contract,787.0,15513,Yes,0,38,2032-07-12,1,Life event: Adulthood
3733,2011-01-01,3733,Female,12,1999-02-28,5e-05,Single,0,,,Yes,34.0,2033-06-13,Child,0.0,0,Yes,0,25.0,2024-11-14,1,Created
3734,2011-01-01,3734,Male,64,1947-02-09,0.01097,Divorced,0,,,No,,,Permanent contract,96361.0,85332,Yes,0,,NA,1,Created
16877,2011-02-09,3734,Male,65,1947-02-09,0.01097,Divorced,0,,,No,,,Retired,67452.7,85332,Yes,0,,NA,1,Life event: Retired
3735,2011-01-01,3735,Female,54,1957-01-14,0.00313,Married,757,,2011-07-31,No,,,Unemployed,20408.0,-4595,No,1,,NA,1,Created
17721,2011-07-31,3735,Female,55,1957-01-14,0.00313,Divorced,757,,2011-07-31,No,,,Unemployed,20408.0,-4595,No,1,,NA,1,Life event: Divorced
3736,2011-01-01,3736,Male,49,1962-02-18,0.00242,Single,0,,,Yes,33.0,,Permanent contract,17778.0,99808,No,0,,NA,1,Created
3737,2011-01-01,3737,Female,1,2010-09-13,0.00033999999999999997,Single,0,,,No,,,Child,0.0,0,Yes,0,23.0,2033-07-25,1,Created
3738,2011-01-01,3738,Male,72,1939-04-16,0.02384,Single,0,,,Yes,47.0,,Retired,15507.0,306613,Yes,0,,NA,1,Created
3739,2011-01-01,3739,Female,65,1946-04-11,0.007559999999999999,Married,758,,2019-08-01,No,,,Unemployed,44308.0,2654856,Yes,1,,NA,1,Created
17198,2011-04-11,3739,Female,66,1946-04-11,0.007559999999999999,Married,758,,2019-08-01,No,,,Retired,31015.6,2654856,Yes,1,,NA,1,Life event: Retired
3740,2011-01-01,3740,Female,70,1941-06-21,0.01252,Divorced,0,,,No,,,Retired,6346.0,-45746,No,0,,NA,1,Created
3741,2011-01-01,3741,Male,43,1968-06-14,0.00103,Married,735,,2030-10-12,Yes,,,Unemployed,45056.0,40299,No,3,,NA,1,Created
3742,2011-01-01,3742,Male,40,1971-09-09,0.0009400000000000001,Married,736,,2014-07-18,No,,,Permanent contract,16109.0,245995,No,1,,NA,1,Created
3743,2011-01-01,3743,Female,8,2003-12-19,2.9999999999999997e-05,Single,0,,,Yes,20.0,2023-08-01,Child,0.0,0,No,0,36.0,2039-07-05,1,Created
3744,2011-01-01,3744,Male,49,1962-08-21,0.00242,Married,737,,2061-05-26,No,,,Permanent contract,19117.0,-6953,Yes,2,,NA,1,Created
3745,2011-01-01,3745,Male,45,1966-06-03,0.0014199999999999998,Divorced,0,,,Yes,,,Permanent contract,25704.0,-3617,No,0,,NA,1,Created
3746,2011-01-01,3746,Female,64,1947-07-14,0.00713,Married,759,,2029-10-17,No,,,Flexible contract,12497.0,1991,Yes,2,,NA,1,Created
17651,2011-07-14,3746,Female,65,1947-07-14,0.00713,Married,759,,2029-10-17,No,,,Retired,8747.9,1991,Yes,2,,NA,1,Life event: Retired
3747,2011-01-01,3747,Female,47,1964-06-30,0.00168,Married,760,,2031-07-24,Yes,,,Entrepreneur with personel,14618.0,51106,Yes,1,,NA,1,Created
3748,2011-01-01,3748,Female,5,2006-05-16,4e-05,Single,0,,,No,,,Child,0.0,0,No,0,32.0,2038-01-02,1,Created
3749,2011-01-01,3749,Male,1,2010-07-13,0.00056,Single,0,,,No,,,Child,0.0,0,No,0,,NA,1,Created
3750,2011-01-01,3750,Female,88,1923-08-17,0.10577,Widowed,0,,,No,,,Retired,33816.0,180539,Yes,0,,NA,1,Created
3751,2011-01-01,3751,Male,70,1941-06-28,0.01932,Married,738,,2037-06-19,No,,,Retired,5060.0,42924,No,2,,NA,1,Created
3752,2011-01-01,3752,Male,6,2005-02-21,5.9999999999999995e-05,Single,0,,,Yes,55.0,2060-07-18,Child,0.0,0,Yes,0,,NA,1,Created
3753,2011-01-01,3753,Male,2,2009-06-11,0.00021,Single,0,,,Yes,39.0,2048-02-14,Child,0.0,0,No,0,,NA,1,Created
3754,2011-01-01,3754,Female,42,1969-09-10,0.001,Married,761,,2040-10-02,Yes,,,Permanent contract,26398.0,195687,Yes,3,,NA,1,Created
3755,2011-01-01,3755,Female,47,1964-02-01,0.00168,Married,762,,2057-12-27,No,,,Permanent contract,24062.0,4556376,Yes,1,,NA,1,Created
3756,2011-01-01,3756,Male,2,2009-05-20,0.00021,Single,0,,,Yes,47.0,2056-02-23,Child,0.0,0,No,0,,NA,1,Created
3757,2011-01-01,3757,Female,42,1969-07-18,0.001,Married,763,,2026-03-17,Yes,,,Flexible contract,36147.0,-25138,No,2,,NA,1,Created
3758,2011-01-01,3758,Male,15,1996-07-23,0.00015,Single,0,,,No,,,Child,0.0,0,No,0,,NA,1,Created
3759,2011-01-01,3759,Female,49,1962-07-20,0.00193,Married,764,,2018-03-07,No,,,Flexible contract,92969.0,12895,Yes,2,,NA,1,Created
3760,2011-01-01,3760,Male,8,2003-03-12,9e-05,Single,0,,,No,,,Child,0.0,0,Yes,0,,NA,1,Created
3761,2011-01-01,3761,Male,55,1956-07-08,0.00419,Married,739,,2038-07-27,Yes,,,Entrepreneur with personel,30363.0,782,Yes,1,,NA,1,Created
3762,2011-01-01,3762,Male,40,1971-02-05,0.0009400000000000001,Married,740,,2013-04-04,No,,,Entrepreneur without personnel,47721.0,-30440,No,2,,NA,1,Created
3763,2011-01-01,3763,Female,72,1939-04-22,0.01411,Married,765,,2022-11-11,No,,,Retired,58018.0,207617,No,2,,NA,1,Created
3764,2011-01-01,3764,Female,38,1973-02-21,0.00063,Divorced,0,,,Yes,,,Flexible contract,66832.0,-41423,Yes,0,,NA,1,Created
3765,2011-01-01,3765,Male,26,1985-09-16,1.0,Single,0,,,No,,,Flexible contract,2503.0,-8885,Yes,0,,NA,1,Created
18955,2012-07-22,3765,Male,27,1985-09-16,1.0,Single,0,,,No,,,Flexible contract,2503.0,-8885,Yes,0,,NA,0,Life event: Deceased
3766,2011-01-01,3766,Male,80,1931-01-09,0.05987000000000001,Married,741,,2036-08-04,No,,,Retired,13372.0,15317,Yes,1,,NA,1,Created
3767,2011-01-01,3767,Male,38,1973-02-05,0.0009599999999999999,Single,0,,,Yes,27.0,,Permanent contract,24759.0,2876,Yes,0,,NA,1,Created
3768,2011-01-01,3768,Female,66,1945-12-11,0.009040000000000001,Married,766,,2045-08-18,No,,,Permanent contract,29696.0,219,Yes,2,,NA,1,Created
18283,2011-12-11,3768,Female,67,1945-12-11,0.009040000000000001,Married,766,,2045-08-18,No,,,Retired,20787.199999999997,219,Yes,2,,NA,1,Life event: Retired
3769,2011-01-01,3769,Female,54,1957-08-06,0.00313,Married,767,,2028-01-05,No,,,Permanent contract,5255.0,3760,No,1,,NA,1,Created
3770,2011-01-01,3770,Male,63,1948-10-16,0.00945,Married,742,,2017-03-19,No,,,Permanent contract,21698.0,-3557,Yes,1,,NA,1,Created
19165,2012-10-16,3770,Male,65,1948-10-16,0.00945,Married,742,,2017-03-19,No,,,Retired,15188.599999999999,-3557,Yes,1,,NA,1,Life event: Retired
3771,2011-01-01,3771,Female,8,2003-01-07,2.9999999999999997e-05,Single,0,,,Yes,34.0,2037-12-15,Child,0.0,0,No,0,27.0,2030-09-05,1,Created
3772,2011-01-01,3772,Female,78,1933-07-09,0.02817,Married,768,,2018-04-19,No,,,Retired,34703.0,75121,Yes,2,,NA,1,Created
3773,2011-01-01,3773,Male,58,1953-06-27,0.00603,Divorced,0,,,No,,,Entrepreneur without personnel,6272.0,-15610,No,0,,NA,1,Created
3774,2011-01-01,3774,Female,24,1987-06-16,0.00018999999999999998,Single,0,,,Yes,29.0,2016-01-24,Permanent contract,11464.0,1411,No,0,33.0,2020-06-04,1,Created
3775,2011-01-01,3775,Female,78,1933-11-16,0.02817,Married,769,,2065-05-26,No,,,Retired,21074.0,61468,Yes,2,,NA,1,Created
3776,2011-01-01,3776,Male,21,1990-02-27,0.00045,Single,0,,,Yes,31.0,2021-02-07,Permanent contract,12040.0,-19629,No,0,,NA,1,Created
3777,2011-01-01,3777,Male,54,1957-09-05,0.00404,Married,743,,2057-05-15,No,,,Permanent contract,36470.0,294940,Yes,1,,NA,1,Created
3778,2011-01-01,3778,Male,64,1947-01-07,0.01097,Married,744,,2050-11-24,Yes,,,Flexible contract,14263.0,215995,Yes,3,,NA,1,Created
16689,2011-01-07,3778,Male,65,1947-01-07,0.01097,Married,744,,2050-11-24,Yes,,,Retired,9984.099999999999,215995,Yes,3,,NA,1,Life event: Retired
18940,2012-07-17,3778,Male,66,1947-01-07,0.01097,Married,744,,2050-11-24,Yes,,,Retired,9984.099999999999,215995,Yes,3,,NA,0,Life event: Deceased
3779,2011-01-01,3779,Male,31,1980-02-05,0.00041,Single,0,,,No,,,Permanent contract,29081.0,-4977,Yes,0,,NA,1,Created
3780,2011-01-01,3780,Female,75,1936-05-18,0.01986,Single,0,,,No,,,Retired,2368.0,173064,No,0,,NA,1,Created
3781,2011-01-01,3781,Female,4,2007-02-07,5.9999999999999995e-05,Single,0,,,No,,,Child,0.0,0,No,0,34.0,2041-03-21,1,Created
3782,2011-01-01,3782,Female,54,1957-03-14,0.00313,Divorced,0,,,No,,,Permanent contract,38785.0,168756,Yes,0,,NA,1,Created
3783,2011-01-01,3783,Male,66,1945-08-07,0.01401,Married,745,,2029-05-03,No,,,Permanent contract,31960.0,682,Yes,1,,NA,1,Created
17754,2011-08-07,3783,Male,67,1945-08-07,0.01401,Married,745,,2029-05-03,No,,,Retired,22372.0,682,Yes,1,,NA,1,Life event: Retired
3784,2011-01-01,3784,Female,61,1950-02-02,0.00562,Divorced,0,,,No,,,Flexible contract,10446.0,258880,Yes,0,,NA,1,Created
3785,2011-01-01,3785,Male,11,2000-07-11,9e-05,Single,0,,,Yes,40.0,2040-06-10,Child,0.0,0,Yes,0,,NA,1,Created
3786,2011-01-01,3786,Male,54,1957-08-11,0.00404,Married,746,,2055-12-23,No,,,Flexible contract,31670.0,285,Yes,1,,NA,1,Created
3787,2011-01-01,3787,Male,80,1931-12-28,0.05987000000000001,Married,747,,2026-05-15,Yes,,,Retired,38191.0,351174,No,2,,NA,1,Created
17133,2011-03-28,3787,Male,80,1931-12-28,0.05987000000000001,Married,747,,2026-05-15,Yes,,,Retired,38191.0,351174,No,2,,NA,0,Life event: Deceased
3788,2011-01-01,3788,Female,53,1958-10-08,0.00312,Single,0,,,Yes,25.0,,Permanent contract,32964.0,7449,No,0,,NA,1,Created
3789,2011-01-01,3789,Male,3,2008-10-25,0.0002,Single,0,,,Yes,54.0,2062-11-24,Child,0.0,0,Yes,0,,NA,1,Created
3790,2011-01-01,3790,Female,13,1998-07-25,0.00011999999999999999,Single,0,,,Yes,27.0,2025-11-01,Child,0.0,0,Yes,0,29.0,2027-05-06,1,Created
3791,2011-01-01,3791,Female,78,1933-04-08,0.02817,Widowed,0,,,No,,,Retired,20538.0,345923,No,0,,NA,1,Created
3792,2011-01-01,3792,Female,74,1937-11-10,0.0185,Widowed,0,,,No,,,Retired,34033.0,434734,Yes,0,,NA,1,Created
3793,2011-01-01,3793,Male,60,1951-08-07,0.006840000000000001,Single,0,,,Yes,34.0,,Permanent contract,96277.0,423478,Yes,0,,NA,1,Created
3794,2011-01-01,3794,Female,34,1977-11-24,0.00037,Married,770,,2025-10-08,No,,,Unemployed,3124.0,663,Yes,2,34.0,2011-05-06,1,Created
17312,2011-05-06,3794,Female,34,1977-11-24,0.00037,Married,770,,2025-10-08,No,,,Unemployed,3124.0,663,Yes,3,34,2011-05-06,1,Life event: Children born
3795,2011-01-01,3795,Male,23,1988-03-24,0.00039,Single,0,,,No,,,Entrepreneur without personnel,3693.0,-48639,Yes,0,,NA,1,Created
3796,2011-01-01,3796,Male,2,2009-06-07,0.00021,Single,0,,,No,,,Child,0.0,0,Yes,0,,NA,1,Created
3797,2011-01-01,3797,Male,52,1959-03-09,0.00314,Married,748,,2052-11-19,Yes,,,Permanent contract,33438.0,-21859,No,1,,NA,1,Created
3798,2011-01-01,3798,Male,104,1907-05-30,1.0,Widowed,0,,,No,,,Retired,66345.0,88883,No,0,,NA,1,Created
17195,2011-04-10,3798,Male,104,1907-05-30,1.0,Widowed,0,,,No,,,Retired,66345.0,88883,No,0,,NA,0,Life event: Deceased
3799,2011-01-01,3799,Male,72,1939-01-30,0.02384,Single,0,,,No,,,Retired,20876.0,-43588,Yes,0,,NA,1,Created
3800,2011-01-01,3800,Male,14,1997-05-11,0.00014,Single,0,,,Yes,27.0,2024-03-04,Child,0.0,0,Yes,0,,NA,1,Created
3801,2011-01-01,3801,Male,41,1970-09-24,0.0008900000000000001,Single,0,,,No,,,Permanent contract,13682.0,412,No,0,,NA,1,Created
3802,2011-01-01,3802,Female,79,1932-12-29,0.03112,Married,771,,2032-01-08,No,,,Retired,19867.0,202489,No,1,,NA,1,Created
3803,2011-01-01,3803,Male,59,1952-01-23,0.00717,Divorced,0,,,No,,,Permanent contract,138700.0,-1780,No,0,,NA,1,Created
3804,2011-01-01,3804,Male,31,1980-08-06,0.00041,Married,749,,2012-11-15,No,,,Permanent contract,43006.0,489057,No,1,,NA,1,Created
19242,2012-11-15,3804,Male,33,1980-08-06,0.00041,Divorced,749,,2012-11-15,No,,,Permanent contract,43006.0,489057,No,1,,NA,1,Life event: Divorced
3805,2011-01-01,3805,Female,65,1946-08-23,0.007559999999999999,Widowed,0,,,No,,,Permanent contract,38797.0,233799,Yes,0,,NA,1,Created
17844,2011-08-23,3805,Female,66,1946-08-23,0.007559999999999999,Widowed,0,,,No,,,Retired,27157.899999999998,233799,Yes,0,,NA,1,Life event: Retired
3806,2011-01-01,3806,Female,20,1991-06-27,0.00018,Single,0,,,No,,,Permanent contract,13122.0,206715,Yes,0,40.0,2031-09-25,1,Created
3807,2011-01-01,3807,Male,22,1989-07-10,0.00041,Single,0,,,Yes,40.0,2029-01-25,Permanent contract,76656.0,359399,No,0,,NA,1,Created
3808,2011-01-01,3808,Female,57,1954-01-09,0.00387,Single,0,,,No,,,Permanent contract,20551.0,23799,No,0,,NA,1,Created
3809,2011-01-01,3809,Male,79,1932-02-12,0.05364,Widowed,0,,,No,,,Retired,6149.0,4167,No,0,,NA,1,Created
3810,2011-01-01,3810,Female,21,1990-02-08,0.00016,Single,0,,,Yes,46.0,2036-05-04,Unemployed,952.0,38875,Yes,0,34.0,2024-01-18,1,Created
3811,2011-01-01,3811,Female,16,1995-09-23,8e-05,Single,0,,,Yes,32.0,2027-09-19,Child,0.0,0,No,0,27.0,2022-12-12,1,Created
19120,2012-09-23,3811,Female,18,1995-09-23,8e-05,Single,0,,,No,,,Flexible contract,6581.0,13727,No,0,27,2022-12-12,1,Life event: Adulthood
3812,2011-01-01,3812,Male,6,2005-01-30,5.9999999999999995e-05,Single,0,,,Yes,50.0,2055-05-05,Child,0.0,0,No,0,,NA,1,Created
3813,2011-01-01,3813,Male,28,1983-08-16,0.00045,Single,0,,,Yes,41.0,2024-12-11,Permanent contract,13362.0,161467,Yes,0,,NA,1,Created
3814,2011-01-01,3814,Female,70,1941-05-05,0.01252,Married,772,,2014-09-25,Yes,,,Retired,43517.0,582901,Yes,2,,NA,1,Created
3815,2011-01-01,3815,Female,28,1983-02-02,0.00025,Married,773,,2056-11-29,No,,,Flexible contract,29521.0,130315,No,2,,NA,1,Created
3816,2011-01-01,3816,Male,55,1956-04-23,0.00419,Married,750,,2021-02-16,Yes,,,Permanent contract,89436.0,773343,Yes,2,,NA,1,Created
3817,2011-01-01,3817,Male,46,1965-05-25,0.00172,Single,0,,,Yes,42.0,,Permanent contract,87979.0,3723,No,0,,NA,1,Created
3818,2011-01-01,3818,Female,37,1974-05-19,0.00057,Single,0,,,No,,,Entrepreneur without personnel,18799.0,183661,No,0,,NA,1,Created
3819,2011-01-01,3819,Male,43,1968-11-30,0.00103,Divorced,0,,,No,,,Permanent contract,24791.0,577,Yes,0,,NA,1,Created
3820,2011-01-01,3820,Female,68,1943-05-21,0.00983,Married,774,,2059-10-04,Yes,,,Retired,16005.0,574,Yes,1,,NA,1,Created
3821,2011-01-01,3821,Male,64,1947-05-17,0.01097,Married,751,,2065-04-14,Yes,,,Entrepreneur without personnel,1617.0,-31655,Yes,1,,NA,1,Created
17371,2011-05-17,3821,Male,65,1947-05-17,0.01097,Married,751,,2065-04-14,Yes,,,Retired,1131.8999999999999,-31655,Yes,1,,NA,1,Life event: Retired
3822,2011-01-01,3822,Male,42,1969-10-16,0.00128,Single,0,,,Yes,42.0,2011-09-29,Flexible contract,8001.0,109298,Yes,0,,NA,1,Created
17984,2011-09-29,3822,Male,42,1969-10-16,0.00128,Married,3458,4,2015-07-11,Yes,42,2011-09-29,Flexible contract,8001.0,109298,Yes,0,,NA,1,Life event: Married
3823,2011-01-01,3823,Male,56,1955-03-04,0.0052,Married,752,,2029-05-23,Yes,,,Permanent contract,5484.0,24659,No,2,,NA,1,Created
3824,2011-01-01,3824,Female,68,1943-05-23,0.00983,Married,775,,2024-02-23,No,,,Retired,75119.0,209574,No,2,,NA,1,Created
3825,2011-01-01,3825,Male,43,1968-10-31,0.00103,Single,0,,,No,,,Permanent contract,10146.0,351532,Yes,0,,NA,1,Created
18756,2012-05-17,3825,Male,44,1968-10-31,0.00103,Single,0,,,No,,,Permanent contract,10146.0,351532,Yes,0,,NA,0,Life event: Deceased
3826,2011-01-01,3826,Male,56,1955-12-15,0.0052,Single,0,,,Yes,86.0,2041-10-16,Permanent contract,43998.0,421578,Yes,0,,NA,1,Created
3827,2011-01-01,3827,Male,16,1995-04-30,0.00029,Single,0,,,Yes,50.0,2045-07-21,Child,0.0,0,No,0,,NA,1,Created
18705,2012-04-30,3827,Male,18,1995-04-30,0.00029,Single,0,,,No,,,Entrepreneur without personnel,65341.0,129846,No,0,,NA,1,Life event: Adulthood
3828,2011-01-01,3828,Male,60,1951-06-26,0.006840000000000001,Widowed,0,,,No,,,Entrepreneur without personnel,22272.0,762,Yes,0,,NA,1,Created
3829,2011-01-01,3829,Male,16,1995-05-03,0.00029,Single,0,,,Yes,33.0,2028-03-20,Child,0.0,0,Yes,0,,NA,1,Created
18719,2012-05-03,3829,Male,18,1995-05-03,0.00029,Single,0,,,No,,,Permanent contract,4600.0,-14473,Yes,0,,NA,1,Life event: Adulthood
3830,2011-01-01,3830,Male,59,1952-11-18,0.00717,Married,753,,2032-01-28,No,,,Permanent contract,23594.0,4763,Yes,1,,NA,1,Created
3831,2011-01-01,3831,Female,2,2009-06-17,0.00015,Single,0,,,Yes,41.0,2050-06-28,Child,0.0,0,No,0,31.0,2040-08-31,1,Created
3832,2011-01-01,3832,Male,33,1978-01-20,0.00047999999999999996,Married,754,,2063-11-16,Yes,,,Entrepreneur without personnel,39508.0,840,Yes,1,,NA,1,Created
3833,2011-01-01,3833,Male,52,1959-04-10,0.00314,Married,755,,2033-06-03,No,,,Permanent contract,49422.0,2115,Yes,1,,NA,1,Created
3834,2011-01-01,3834,Female,65,1946-03-26,0.007559999999999999,Married,776,,2034-06-09,Yes,,,Permanent contract,25871.0,907959,No,1,,NA,1,Created
17123,2011-03-26,3834,Female,66,1946-03-26,0.007559999999999999,Married,776,,2034-06-09,Yes,,,Retired,18109.699999999997,907959,No,1,,NA,1,Life event: Retired
3835,2011-01-01,3835,Female,52,1959-08-15,0.00268,Divorced,0,,,No,,,Flexible contract,29773.0,791,No,0,,NA,1,Created
3836,2011-01-01,3836,Female,28,1983-09-18,0.00025,Married,777,,2011-10-20,No,,,Entrepreneur without personnel,48198.0,55981,No,2,30.0,2013-10-10,1,Created
18070,2011-10-20,3836,Female,29,1983-09-18,0.00025,Divorced,777,,2011-10-20,No,,,Entrepreneur without personnel,48198.0,55981,No,2,30,2013-10-10,1,Life event: Divorced
3837,2011-01-01,3837,Female,30,1981-05-27,0.00027,Single,0,,,No,,,Entrepreneur with personel,8701.0,336060,No,0,,NA,1,Created
3838,2011-01-01,3838,Male,61,1950-12-14,0.00747,Married,756,,2042-12-07,Yes,,,Entrepreneur without personnel,98574.0,482,Yes,1,,NA,1,Created
3839,2011-01-01,3839,Female,33,1978-07-10,0.00035,Single,0,,,No,,,Permanent contract,22875.0,44188,Yes,0,38.0,2016-05-19,1,Created
3840,2011-01-01,3840,Female,35,1976-09-23,0.00033999999999999997,Divorced,0,,,No,,,Flexible contract,1021.0,161298,Yes,0,37.0,2013-08-05,1,Created
3841,2011-01-01,3841,Female,37,1974-03-16,0.00057,Single,0,,,Yes,30.0,,Permanent contract,29462.0,986,Yes,0,,NA,1,Created
3842,2011-01-01,3842,Female,30,1981-04-02,0.00027,Single,0,,,Yes,34.0,2015-04-05,Permanent contract,80124.0,9989,No,0,,NA,1,Created
3843,2011-01-01,3843,Male,9,2002-12-24,0.00014,Single,0,,,Yes,40.0,2042-08-14,Child,0.0,0,No,0,,NA,1,Created
3844,2011-01-01,3844,Female,16,1995-05-13,8e-05,Single,0,,,No,,,Child,0.0,0,Yes,0,43.0,2038-11-11,1,Created
18743,2012-05-13,3844,Female,18,1995-05-13,8e-05,Single,0,,,Yes,35,2029-05-23,Flexible contract,26287.0,-10070,Yes,0,43,2038-11-11,1,Life event: Adulthood
3845,2011-01-01,3845,Female,88,1923-07-16,0.10577,Married,778,,2045-07-22,No,,,Retired,32024.0,-1798,No,2,,NA,1,Created
17808,2011-08-16,3845,Female,89,1923-07-16,0.10577,Married,778,,2045-07-22,No,,,Retired,32024.0,-1798,No,2,,NA,0,Life event: Deceased
3846,2011-01-01,3846,Female,53,1958-03-10,0.00312,Single,0,,,Yes,32.0,,Entrepreneur with personel,160891.0,120,No,0,,NA,1,Created
3847,2011-01-01,3847,Female,51,1960-11-16,0.0023899999999999998,Married,779,,2024-01-30,No,,,Entrepreneur without personnel,14398.0,-16405,No,2,,NA,1,Created
3848,2011-01-01,3848,Female,56,1955-06-17,0.0041,Married,780,,2047-07-28,No,,,Permanent contract,11182.0,48109,Yes,2,,NA,1,Created
3849,2011-01-01,3849,Male,32,1979-10-21,0.00059,Married,757,,2011-07-31,No,,,Permanent contract,3010.0,1891807,No,1,,NA,1,Created
17722,2011-07-31,3849,Male,32,1979-10-21,0.00059,Divorced,757,,2011-07-31,No,,,Permanent contract,3010.0,1891807,No,1,,NA,1,Life event: Divorced
3850,2011-01-01,3850,Female,42,1969-06-30,0.001,Single,0,,,No,,,Permanent contract,35657.0,125689,No,0,,NA,1,Created
3851,2011-01-01,3851,Female,42,1969-09-19,0.001,Divorced,0,,,No,,,Unemployed,84826.0,310618,Yes,0,,NA,1,Created
3852,2011-01-01,3852,Female,34,1977-10-28,0.00037,Single,0,,,Yes,31.0,,Flexible contract,13224.0,39184,Yes,0,34.0,2011-08-20,1,Created
3853,2011-01-01,3853,Female,49,1962-06-08,0.00193,Married,781,,2052-09-22,Yes,,,Permanent contract,1354.0,366277,Yes,3,,NA,1,Created
17072,2011-03-16,3853,Female,49,1962-06-08,0.00193,Widowed,781,,2052-09-22,Yes,,,Permanent contract,1354.0,366277,Yes,3,,NA,1,Life event: Widowed
3854,2011-01-01,3854,Male,18,1993-03-15,0.00032,Single,0,,,No,,,Permanent contract,478891.0,625644,Yes,0,,NA,1,Created
3855,2011-01-01,3855,Female,28,1983-06-19,0.00025,Married,782,,2055-09-15,Yes,,,Permanent contract,11089.0,123346,Yes,1,37.0,2020-07-29,1,Created
3856,2011-01-01,3856,Female,65,1946-07-21,0.007559999999999999,Married,783,,2047-10-22,Yes,,,Permanent contract,10141.0,475928,No,2,,NA,1,Created
17684,2011-07-21,3856,Female,66,1946-07-21,0.007559999999999999,Married,783,,2047-10-22,Yes,,,Retired,7098.7,475928,No,2,,NA,1,Life event: Retired
3857,2011-01-01,3857,Male,40,1971-07-18,0.0009400000000000001,Divorced,0,,,Yes,,,Permanent contract,89287.0,-30229,No,0,,NA,1,Created
3858,2011-01-01,3858,Male,55,1956-03-06,0.00419,Divorced,0,,,No,,,Permanent contract,22345.0,3661,No,0,,NA,1,Created
3859,2011-01-01,3859,Female,50,1961-01-07,0.00225,Married,784,,2012-03-26,Yes,,,Permanent contract,86702.0,3011,No,1,,NA,1,Created
18618,2012-03-26,3859,Female,52,1961-01-07,0.00225,Divorced,784,,2012-03-26,Yes,,,Permanent contract,86702.0,3011,No,1,,NA,1,Life event: Divorced
3860,2011-01-01,3860,Male,22,1989-09-29,0.00041,Single,0,,,No,,,Flexible contract,30057.0,425638,Yes,0,,NA,1,Created
3861,2011-01-01,3861,Female,50,1961-09-27,0.00225,Divorced,0,,,No,,,Permanent contract,51007.0,4593,Yes,0,,NA,1,Created
3862,2011-01-01,3862,Female,54,1957-03-17,0.00313,Married,785,,2058-05-30,No,,,Permanent contract,2200.0,19659,Yes,2,,NA,1,Created
3863,2011-01-01,3863,Female,43,1968-09-28,0.0009699999999999999,Divorced,0,,,No,,,Permanent contract,43904.0,4369940,No,0,,NA,1,Created
3864,2011-01-01,3864,Male,63,1948-06-09,0.00945,Married,758,,2019-08-01,Yes,,,Entrepreneur without personnel,28470.0,132258,Yes,1,,NA,1,Created
18827,2012-06-09,3864,Male,65,1948-06-09,0.00945,Married,758,,2019-08-01,Yes,,,Retired,19929.0,132258,Yes,1,,NA,1,Life event: Retired
3865,2011-01-01,3865,Male,31,1980-02-23,0.00041,Single,0,,,No,,,Permanent contract,39813.0,349496,Yes,0,,NA,1,Created
3866,2011-01-01,3866,Female,53,1958-05-27,0.00312,Divorced,0,,,No,,,Permanent contract,915.0,9114,No,0,,NA,1,Created
3867,2011-01-01,3867,Male,48,1963-09-02,0.0021100000000000003,Married,759,,2029-10-17,No,,,Permanent contract,29141.0,33233,Yes,2,,NA,1,Created
3868,2011-01-01,3868,Male,24,1987-05-01,0.00047999999999999996,Single,0,,,No,,,Unemployed,694.0,6643,No,0,,NA,1,Created
3869,2011-01-01,3869,Female,42,1969-01-23,0.001,Single,0,,,Yes,25.0,,Permanent contract,1289.0,139015,Yes,0,,NA,1,Created
3870,2011-01-01,3870,Male,47,1964-04-22,0.00186,Divorced,0,,,No,,,Entrepreneur with personel,30018.0,871290,No,0,,NA,1,Created
3871,2011-01-01,3871,Male,97,1914-01-16,0.30383000000000004,Divorced,0,,,Yes,,,Retired,13814.0,-3362,No,0,,NA,1,Created
18740,2012-05-11,3871,Male,99,1914-01-16,0.30383000000000004,Divorced,0,,,Yes,,,Retired,13814.0,-3362,No,0,,NA,0,Life event: Deceased
3872,2011-01-01,3872,Female,26,1985-05-08,1.0,Single,0,,,No,,,Permanent contract,11961.0,7852,No,0,30.0,2015-11-08,1,Created
17353,2011-05-14,3872,Female,27,1985-05-08,1.0,Single,0,,,No,,,Permanent contract,11961.0,7852,No,0,30,2015-11-08,0,Life event: Deceased
3873,2011-01-01,3873,Male,54,1957-06-07,0.00404,Married,760,,2031-07-24,No,,,Permanent contract,3255.0,4083,Yes,1,,NA,1,Created
3874,2011-01-01,3874,Male,64,1947-01-12,0.01097,Married,761,,2040-10-02,No,,,Permanent contract,24687.0,5265,Yes,3,,NA,1,Created
16727,2011-01-12,3874,Male,65,1947-01-12,0.01097,Married,761,,2040-10-02,No,,,Retired,17280.899999999998,5265,Yes,3,,NA,1,Life event: Retired
3875,2011-01-01,3875,Male,40,1971-10-19,0.0009400000000000001,Married,762,,2057-12-27,Yes,,,Permanent contract,87240.0,-2293,Yes,1,,NA,1,Created
3876,2011-01-01,3876,Male,79,1932-06-03,0.05364,Divorced,0,,,Yes,,,Retired,38494.0,-42700,No,0,,NA,1,Created
3877,2011-01-01,3877,Female,47,1964-05-06,0.00168,Married,786,,2015-05-18,Yes,,,Flexible contract,39664.0,3523,Yes,2,,NA,1,Created
3878,2011-01-01,3878,Male,98,1913-07-29,0.33792,Widowed,0,,,Yes,,,Retired,29959.0,-3845,Yes,0,,NA,1,Created
17166,2011-04-03,3878,Male,98,1913-07-29,0.33792,Widowed,0,,,Yes,,,Retired,29959.0,-3845,Yes,0,,NA,0,Life event: Deceased
3879,2011-01-01,3879,Female,6,2005-05-01,8e-05,Single,0,,,Yes,35.0,2040-08-19,Child,0.0,0,No,0,27.0,2032-07-13,1,Created
3880,2011-01-01,3880,Female,57,1954-11-10,0.00387,Married,787,,2050-08-18,No,,,Flexible contract,41827.0,96821,Yes,1,,NA,1,Created
3881,2011-01-01,3881,Male,31,1980-08-15,0.00041,Single,0,,,Yes,34.0,2014-12-22,Permanent contract,19241.0,19803,Yes,0,,NA,1,Created
3882,2011-01-01,3882,Female,16,1995-02-09,8e-05,Single,0,,,No,,,Child,0.0,0,No,0,27.0,2022-02-08,1,Created
18509,2012-02-09,3882,Female,18,1995-02-09,8e-05,Single,0,,,Yes,40,2034-11-07,Flexible contract,31685.0,308,No,0,27,2022-02-08,1,Life event: Adulthood
3883,2011-01-01,3883,Female,29,1982-01-30,0.00032,Single,0,,,Yes,40.0,2022-09-28,Permanent contract,90653.0,4765,Yes,0,31.0,2013-03-12,1,Created
3884,2011-01-01,3884,Female,74,1937-04-29,0.0185,Widowed,0,,,No,,,Retired,26524.0,-46692,Yes,0,,NA,1,Created
3885,2011-01-01,3885,Male,31,1980-06-05,0.00041,Single,0,,,No,,,Flexible contract,40415.0,36172,No,0,,NA,1,Created
3886,2011-01-01,3886,Male,20,1991-10-11,0.00045,Single,0,,,No,,,Entrepreneur with personel,11630.0,370062,No,0,,NA,1,Created
3887,2011-01-01,3887,Male,45,1966-05-03,0.0014199999999999998,Married,763,,2026-03-17,Yes,,,Permanent contract,33567.0,117847,No,2,,NA,1,Created
3888,2011-01-01,3888,Male,59,1952-11-21,0.00717,Married,764,,2018-03-07,No,,,Unemployed,739.0,4644,Yes,2,,NA,1,Created
3889,2011-01-01,3889,Male,56,1955-09-08,0.0052,Divorced,0,,,No,,,Unemployed,38418.0,172986,Yes,0,,NA,1,Created
3890,2011-01-01,3890,Female,22,1989-05-28,0.00023999999999999998,Single,0,,,No,,,Permanent contract,19761.0,-29475,Yes,0,23.0,2012-02-02,1,Created
3891,2011-01-01,3891,Female,47,1964-08-21,0.00168,Divorced,0,,,Yes,,,Permanent contract,13531.0,17310,Yes,0,,NA,1,Created
3892,2011-01-01,3892,Male,20,1991-07-18,0.00045,Single,0,,,No,,,Permanent contract,31082.0,139193,Yes,0,,NA,1,Created
3893,2011-01-01,3893,Male,42,1969-08-16,0.00128,Married,765,,2022-11-11,Yes,,,Permanent contract,28976.0,-46968,No,2,,NA,1,Created
3894,2011-01-01,3894,Male,40,1971-07-27,0.0009400000000000001,Married,766,,2045-08-18,No,,,Permanent contract,8957.0,802,Yes,2,,NA,1,Created
3895,2011-01-01,3895,Female,57,1954-10-03,0.00387,Married,788,,2033-03-29,Yes,,,Permanent contract,6731.0,34956,Yes,3,,NA,1,Created
3896,2011-01-01,3896,Male,24,1987-03-06,0.00047999999999999996,Single,0,,,No,,,Entrepreneur without personnel,27274.0,807,No,0,,NA,1,Created
3897,2011-01-01,3897,Female,27,1984-11-22,0.00025,Single,0,,,Yes,25.0,,Permanent contract,49744.0,23148,Yes,0,32.0,2016-09-05,1,Created
3898,2011-01-01,3898,Female,9,2002-07-18,2.9999999999999997e-05,Single,0,,,No,,,Child,0.0,0,Yes,0,34.0,2036-10-11,1,Created
3899,2011-01-01,3899,Female,66,1945-01-25,0.009040000000000001,Widowed,0,,,Yes,,,Permanent contract,26434.0,213464,No,0,,NA,1,Created
16799,2011-01-25,3899,Female,67,1945-01-25,0.009040000000000001,Widowed,0,,,Yes,,,Retired,18503.8,213464,No,0,,NA,1,Life event: Retired
3900,2011-01-01,3900,Female,63,1948-07-23,0.00672,Married,789,,2041-08-24,No,,,Unemployed,27696.0,21657,Yes,2,,NA,1,Created
18956,2012-07-23,3900,Female,65,1948-07-23,0.00672,Married,789,,2041-08-24,No,,,Retired,19387.199999999997,21657,Yes,2,,NA,1,Life event: Retired
3901,2011-01-01,3901,Male,48,1963-07-15,0.0021100000000000003,Married,767,,2028-01-05,No,,,Permanent contract,9222.0,196785,No,1,,NA,1,Created
3902,2011-01-01,3902,Male,31,1980-11-08,0.00041,Single,0,,,No,,,Flexible contract,39146.0,307075,Yes,0,,NA,1,Created
3903,2011-01-01,3903,Male,34,1977-03-09,0.00067,Married,768,,2018-04-19,No,,,Permanent contract,31900.0,343866,Yes,2,,NA,1,Created
3904,2011-01-01,3904,Female,11,2000-10-06,7e-05,Single,0,,,Yes,39.0,2039-08-20,Child,0.0,0,Yes,0,30.0,2030-05-10,1,Created
3905,2011-01-01,3905,Female,16,1995-02-11,8e-05,Single,0,,,No,,,Child,0.0,0,Yes,0,30.0,2025-01-29,1,Created
18513,2012-02-11,3905,Female,18,1995-02-11,8e-05,Single,0,,,No,,,Entrepreneur without personnel,64691.0,111888,Yes,0,30,2025-01-29,1,Life event: Adulthood
3906,2011-01-01,3906,Female,30,1981-07-16,0.00027,Single,0,,,No,,,Flexible contract,30081.0,4397,Yes,0,,NA,1,Created
3907,2011-01-01,3907,Female,42,1969-09-25,0.001,Married,790,,2032-06-16,Yes,,,Permanent contract,6363.0,113450,Yes,3,,NA,1,Created
3908,2011-01-01,3908,Female,57,1954-07-21,0.00387,Married,791,,2012-12-15,Yes,,,Entrepreneur without personnel,17521.0,40405,No,2,,NA,1,Created
19316,2012-12-15,3908,Female,59,1954-07-21,0.00387,Divorced,791,,2012-12-15,Yes,,,Entrepreneur without personnel,17521.0,40405,No,2,,NA,1,Life event: Divorced
3909,2011-01-01,3909,Male,22,1989-02-07,0.00041,Single,0,,,Yes,30.0,2019-10-28,Permanent contract,6235.0,83341,No,0,,NA,1,Created
3910,2011-01-01,3910,Female,52,1959-02-14,0.00268,Single,0,,,No,,,Flexible contract,56590.0,-39032,Yes,0,,NA,1,Created
3911,2011-01-01,3911,Female,58,1953-10-05,0.00448,Divorced,0,,,No,,,Unemployed,9691.0,901216,Yes,0,,NA,1,Created
3912,2011-01-01,3912,Female,65,1946-02-06,0.007559999999999999,Married,792,,2050-04-25,Yes,,,Permanent contract,27968.0,14227,Yes,2,,NA,1,Created
16857,2011-02-06,3912,Female,66,1946-02-06,0.007559999999999999,Married,792,,2050-04-25,Yes,,,Retired,19577.6,14227,Yes,2,,NA,1,Life event: Retired
3913,2011-01-01,3913,Male,78,1933-08-26,0.04668,Divorced,0,,,Yes,,,Retired,17506.0,-34542,Yes,0,,NA,1,Created
3914,2011-01-01,3914,Female,30,1981-05-08,0.00027,Single,0,,,Yes,32.0,2013-05-08,Permanent contract,8308.0,85351,No,0,37.0,2018-04-19,1,Created
3915,2011-01-01,3915,Female,42,1969-11-11,0.001,Married,793,,2058-04-27,No,,,Permanent contract,37142.0,85381,Yes,2,,NA,1,Created
3916,2011-01-01,3916,Female,26,1985-12-28,1.0,Single,0,,,Yes,35.0,2020-02-20,Permanent contract,40382.0,2161,Yes,0,35.0,2020-05-02,1,Created
18698,2012-04-26,3916,Female,27,1985-12-28,1.0,Single,0,,,Yes,35,2020-02-20,Permanent contract,40382.0,2161,Yes,0,35,2020-05-02,0,Life event: Deceased
3917,2011-01-01,3917,Female,20,1991-05-27,0.00018,Single,0,,,No,,,Permanent contract,25725.0,-8886,No,0,29.0,2020-10-16,1,Created
3918,2011-01-01,3918,Male,1,2010-10-05,0.00056,Single,0,,,No,,,Child,0.0,0,No,0,,NA,1,Created
3919,2011-01-01,3919,Female,78,1933-03-05,0.02817,Widowed,0,,,Yes,,,Retired,47019.0,101321,No,0,,NA,1,Created
3920,2011-01-01,3920,Female,43,1968-12-16,0.0009699999999999999,Married,794,,2028-01-18,No,,,Entrepreneur with personel,10516.0,121,Yes,1,,NA,1,Created
3921,2011-01-01,3921,Male,24,1987-05-23,0.00047999999999999996,Married,769,,2065-05-26,Yes,,,Flexible contract,7537.0,-23984,Yes,2,,NA,1,Created
3922,2011-01-01,3922,Female,23,1988-12-21,0.0001,Single,0,,,Yes,39.0,2027-12-07,Flexible contract,28413.0,-192,No,0,24.0,2012-02-18,1,Created
3923,2011-01-01,3923,Male,49,1962-06-09,0.00242,Divorced,0,,,Yes,,,Permanent contract,13005.0,16342,No,0,,NA,1,Created
3924,2011-01-01,3924,Male,37,1974-09-24,0.00082,Single,0,,,Yes,55.0,2029-08-05,Permanent contract,47518.0,694871,Yes,0,,NA,1,Created
3925,2011-01-01,3925,Female,35,1976-11-21,0.00033999999999999997,Married,795,,2054-10-14,No,,,Entrepreneur without personnel,13953.0,42694,Yes,2,37.0,2013-07-09,1,Created
3926,2011-01-01,3926,Male,21,1990-12-26,0.00045,Married,770,,2025-10-08,Yes,,,Flexible contract,88283.0,1975,Yes,2,,NA,1,Created
3927,2011-01-01,3927,Male,62,1949-03-04,0.008409999999999999,Married,771,,2032-01-08,Yes,,,Permanent contract,22371.0,-2192,No,1,,NA,1,Created
3928,2011-01-01,3928,Female,72,1939-08-06,0.01411,Married,796,,2027-06-18,No,,,Retired,43999.0,155091,Yes,3,,NA,1,Created
3929,2011-01-01,3929,Female,54,1957-03-09,0.00313,Married,797,,2052-07-11,No,,,Flexible contract,11575.0,801560,No,2,,NA,1,Created
3930,2011-01-01,3930,Female,20,1991-01-29,0.00018,Single,0,,,Yes,44.0,2035-01-19,Permanent contract,7435.0,16736,No,0,24.0,2015-06-14,1,Created
3931,2011-01-01,3931,Female,43,1968-01-13,0.0009699999999999999,Divorced,0,,,Yes,,,Permanent contract,70139.0,883,Yes,0,,NA,1,Created
3932,2011-01-01,3932,Male,34,1977-05-29,0.00067,Married,772,,2014-09-25,Yes,,,Permanent contract,17558.0,-4355,Yes,2,,NA,1,Created
3933,2011-01-01,3933,Female,7,2004-12-17,7e-05,Single,0,,,No,,,Child,0.0,0,Yes,0,22.0,2026-02-05,1,Created
3934,2011-01-01,3934,Male,68,1943-05-12,0.01522,Married,773,,2056-11-29,No,,,Retired,63541.0,15169,No,2,,NA,1,Created
3935,2011-01-01,3935,Female,56,1955-12-18,0.0041,Married,798,,2048-01-17,No,,,Entrepreneur with personel,43727.0,419,No,2,,NA,1,Created
3936,2011-01-01,3936,Male,51,1960-03-16,0.00301,Married,774,,2059-10-04,No,,,Flexible contract,9067.0,203977,Yes,1,,NA,1,Created
3937,2011-01-01,3937,Female,63,1948-05-20,0.00672,Married,799,,2012-09-02,No,,,Permanent contract,94949.0,496955,Yes,2,,NA,1,Created
18526,2012-02-17,3937,Female,64,1948-05-20,0.00672,Widowed,799,,2012-09-02,No,,,Permanent contract,94949.0,496955,Yes,2,,NA,1,Life event: Widowed
18767,2012-05-20,3937,Female,65,1948-05-20,0.00672,Widowed,799,,2012-09-02,No,,,Retired,66464.3,496955,Yes,2,,NA,1,Life event: Retired
19065,2012-09-02,3937,Female,65,1948-05-20,0.00672,Divorced,799,,2012-09-02,No,,,Retired,66464.3,496955,Yes,2,,NA,1,Life event: Divorced
3938,2011-01-01,3938,Female,77,1934-05-30,0.0259,Married,800,,2030-11-30,No,,,Retired,57620.0,65437,Yes,3,,NA,1,Created
3939,2011-01-01,3939,Male,22,1989-09-02,0.00041,Single,0,,,No,,,Permanent contract,30805.0,34212,Yes,0,,NA,1,Created
3940,2011-01-01,3940,Male,69,1942-03-31,0.01804,Married,775,,2024-02-23,Yes,,,Retired,39455.0,60417,No,2,,NA,1,Created
3941,2011-01-01,3941,Female,20,1991-09-22,0.00018,Single,0,,,Yes,26.0,2017-02-27,Flexible contract,89472.0,770571,Yes,0,29.0,2020-05-27,1,Created
3942,2011-01-01,3942,Male,89,1922-06-02,0.16272,Divorced,0,,,Yes,,,Retired,14567.0,29366,No,0,,NA,1,Created
3943,2011-01-01,3943,Female,23,1988-07-28,0.0001,Single,0,,,No,,,Entrepreneur with personel,15642.0,78238,No,0,28.0,2016-10-27,1,Created
3944,2011-01-01,3944,Male,10,2001-07-19,0.00011999999999999999,Single,0,,,No,,,Child,0.0,0,Yes,0,,NA,1,Created
3945,2011-01-01,3945,Female,43,1968-06-22,0.0009699999999999999,Single,0,,,No,,,Permanent contract,32310.0,79144,No,0,,NA,1,Created
3946,2011-01-01,3946,Male,46,1965-01-04,0.00172,Married,776,,2034-06-09,Yes,,,Permanent contract,24110.0,845,No,1,,NA,1,Created
3947,2011-01-01,3947,Female,75,1936-10-16,0.01986,Divorced,0,,,No,,,Retired,8050.0,8013,Yes,0,,NA,1,Created
3948,2011-01-01,3948,Female,54,1957-04-27,0.00313,Married,801,,2023-10-30,No,,,Permanent contract,34756.0,38,Yes,2,,NA,1,Created
3949,2011-01-01,3949,Female,25,1986-08-12,0.00022999999999999998,Single,0,,,No,,,Entrepreneur without personnel,17092.0,4461000,No,0,37.0,2023-04-04,1,Created
3950,2011-01-01,3950,Male,42,1969-03-23,0.00128,Single,0,,,No,,,Permanent contract,17233.0,5579,Yes,0,,NA,1,Created
3951,2011-01-01,3951,Male,56,1955-10-16,0.0052,Widowed,0,,,Yes,,,Permanent contract,693.0,4421,No,0,,NA,1,Created
3952,2011-01-01,3952,Female,63,1948-06-18,0.00672,Married,802,,2014-04-05,Yes,,,Unemployed,59455.0,3823,No,1,,NA,1,Created
18856,2012-06-18,3952,Female,65,1948-06-18,0.00672,Married,802,,2014-04-05,Yes,,,Retired,41618.5,3823,No,1,,NA,1,Life event: Retired
3953,2011-01-01,3953,Female,20,1991-02-02,0.00018,Single,0,,,No,,,Flexible contract,8263.0,-1326,No,0,27.0,2018-10-28,1,Created
3954,2011-01-01,3954,Female,24,1987-01-28,0.00018999999999999998,Single,0,,,No,,,Flexible contract,33145.0,2545593,Yes,0,24.0,2011-10-22,1,Created
3955,2011-01-01,3955,Male,42,1969-02-26,0.00128,Married,777,,2011-10-20,Yes,,,Flexible contract,71392.0,-13766,No,2,,NA,1,Created
18071,2011-10-20,3955,Male,43,1969-02-26,0.00128,Divorced,777,,2011-10-20,Yes,,,Flexible contract,71392.0,-13766,No,2,,NA,1,Life event: Divorced
3956,2011-01-01,3956,Male,39,1972-10-08,0.0008699999999999999,Single,0,,,No,,,Family business,3980.0,165082,Yes,0,,NA,1,Created
3957,2011-01-01,3957,Female,104,1907-11-18,1.0,Single,0,,,Yes,35.0,,Retired,80231.0,97715,Yes,0,,NA,1,Created
3958,2011-01-01,3958,Female,69,1942-12-23,0.0108,Married,803,,2040-05-03,Yes,,,Retired,1356.0,410836,Yes,2,,NA,1,Created
3959,2011-01-01,3959,Female,14,1997-06-30,9e-05,Single,0,,,No,,,Child,0.0,0,No,0,28.0,2025-01-22,1,Created
3960,2011-01-01,3960,Female,30,1981-06-13,0.00027,Married,804,,2049-04-18,No,,,Flexible contract,41681.0,2095,No,2,,NA,1,Created
3961,2011-01-01,3961,Female,56,1955-08-08,0.0041,Married,805,,2054-04-10,No,,,Permanent contract,24500.0,323549,Yes,2,,NA,1,Created
17846,2011-08-23,3961,Female,57,1955-08-08,0.0041,Widowed,805,,2054-04-10,No,,,Permanent contract,24500.0,323549,Yes,2,,NA,1,Life event: Widowed
3962,2011-01-01,3962,Male,31,1980-04-15,0.00041,Single,0,,,No,,,Flexible contract,829.0,-40704,Yes,0,,NA,1,Created
3963,2011-01-01,3963,Female,53,1958-02-26,0.00312,Divorced,0,,,Yes,,,Permanent contract,1903.0,-5627,No,0,,NA,1,Created
3964,2011-01-01,3964,Female,32,1979-09-27,0.00041,Single,0,,,Yes,60.0,2039-01-15,Permanent contract,16580.0,-21776,No,0,,NA,1,Created
3965,2011-01-01,3965,Female,24,1987-12-02,0.00018999999999999998,Single,0,,,Yes,32.0,2019-12-16,Entrepreneur with personel,11576.0,384334,No,0,30.0,2017-06-18,1,Created
3966,2011-01-01,3966,Female,76,1935-05-27,0.02337,Married,806,,2043-07-04,No,,,Retired,17309.0,63206,Yes,1,,NA,1,Created
3967,2011-01-01,3967,Female,45,1966-02-21,0.00134,Single,0,,,Yes,36.0,,Entrepreneur without personnel,17814.0,480270,Yes,0,,NA,1,Created
3968,2011-01-01,3968,Male,20,1991-04-09,0.00045,Single,0,,,No,,,Flexible contract,18393.0,10767,Yes,0,,NA,1,Created
3969,2011-01-01,3969,Male,73,1938-07-03,0.0262,Divorced,0,,,Yes,,,Retired,34962.0,192214,Yes,0,,NA,1,Created
3970,2011-01-01,3970,Male,19,1992-06-09,0.00033,Single,0,,,No,,,Permanent contract,2997.0,742,No,0,,NA,1,Created
3971,2011-01-01,3971,Male,57,1954-11-15,0.00572,Divorced,0,,,Yes,,,Permanent contract,508.0,30643,No,0,,NA,1,Created
3972,2011-01-01,3972,Female,5,2006-09-04,4e-05,Single,0,,,No,,,Child,0.0,0,No,0,32.0,2038-12-08,1,Created
3973,2011-01-01,3973,Male,31,1980-06-01,0.00041,Single,0,,,No,,,Permanent contract,6261.0,30533,Yes,0,,NA,1,Created
3974,2011-01-01,3974,Female,62,1949-04-08,0.0057399999999999994,Married,807,,2031-06-21,Yes,,,Family business,18323.0,193662,No,1,,NA,1,Created
3975,2011-01-01,3975,Male,52,1959-11-02,0.00314,Divorced,0,,,No,,,Permanent contract,39771.0,398868,No,0,,NA,1,Created
3976,2011-01-01,3976,Male,40,1971-06-16,0.0009400000000000001,Single,0,,,No,,,Permanent contract,3739.0,76017,Yes,0,,NA,1,Created
3977,2011-01-01,3977,Female,94,1917-07-02,0.20800000000000002,Widowed,0,,,Yes,,,Retired,784.0,112033,Yes,0,,NA,1,Created
19302,2012-12-07,3977,Female,96,1917-07-02,0.20800000000000002,Widowed,0,,,Yes,,,Retired,784.0,112033,Yes,0,,NA,0,Life event: Deceased
3978,2011-01-01,3978,Male,104,1907-04-23,1.0,Divorced,0,,,Yes,,,Retired,57026.0,4844,No,0,,NA,1,Created
17958,2011-09-21,3978,Male,105,1907-04-23,1.0,Divorced,0,,,Yes,,,Retired,57026.0,4844,No,0,,NA,0,Life event: Deceased
3979,2011-01-01,3979,Female,1,2010-11-20,0.00033999999999999997,Single,0,,,Yes,58.0,2068-11-24,Child,0.0,0,Yes,0,34.0,2044-06-30,1,Created
3980,2011-01-01,3980,Male,0,2011-03-25,0.0036200000000000004,Single,0,,,Yes,27.0,2038-05-18,Child,0.0,0,Yes,0,,NA,1,Created
3981,2011-01-01,3981,Female,26,1985-08-20,1.0,Single,0,,,Yes,23.0,,Entrepreneur without personnel,38013.0,10795,No,0,33.0,2018-05-26,1,Created
3982,2011-01-01,3982,Male,2,2009-11-04,0.00021,Single,0,,,No,,,Child,0.0,0,Yes,0,,NA,1,Created
3983,2011-01-01,3983,Female,10,2001-07-15,0.0001,Single,0,,,No,,,Child,0.0,0,Yes,0,38.0,2039-08-16,1,Created
3984,2011-01-01,3984,Female,56,1955-04-04,0.0041,Single,0,,,Yes,33.0,,Permanent contract,21763.0,-42349,Yes,0,,NA,1,Created
3985,2011-01-01,3985,Male,39,1972-05-19,0.0008699999999999999,Married,778,,2045-07-22,Yes,,,Permanent contract,29561.0,-17164,No,2,,NA,1,Created
17809,2011-08-16,3985,Male,40,1972-05-19,0.0008699999999999999,Widowed,778,,2045-07-22,Yes,,,Permanent contract,29561.0,-17164,No,2,,NA,1,Life event: Widowed
3986,2011-01-01,3986,Male,33,1978-05-21,0.00047999999999999996,Married,779,,2024-01-30,Yes,,,Permanent contract,1547.0,240467,No,2,,NA,1,Created
3987,2011-01-01,3987,Female,21,1990-05-04,0.00016,Single,0,,,No,,,Flexible contract,13553.0,123213,Yes,0,28.0,2018-11-09,1,Created
3988,2011-01-01,3988,Male,26,1985-12-08,1.0,Single,0,,,No,,,Permanent contract,23111.0,413010,No,0,,NA,1,Created
3989,2011-01-01,3989,Female,61,1950-08-02,0.00562,Married,808,,2020-07-05,No,,,Permanent contract,9617.0,300661,Yes,1,,NA,1,Created
3990,2011-01-01,3990,Female,35,1976-12-01,0.00033999999999999997,Single,0,,,Yes,30.0,,Permanent contract,125174.0,18648,No,0,,NA,1,Created
3991,2011-01-01,3991,Male,46,1965-02-15,0.00172,Divorced,0,,,Yes,,,Flexible contract,5523.0,11105,Yes,0,,NA,1,Created
3992,2011-01-01,3992,Male,53,1958-01-12,0.0033299999999999996,Married,780,,2047-07-28,No,,,Entrepreneur without personnel,77002.0,22231,Yes,2,,NA,1,Created
3993,2011-01-01,3993,Male,12,1999-08-27,0.00011,Single,0,,,Yes,48.0,2047-01-11,Child,0.0,0,No,0,,NA,1,Created
3994,2011-01-01,3994,Female,17,1994-12-12,0.0001,Single,0,,,Yes,28.0,2022-09-01,Child,0.0,0,No,0,31.0,2025-01-20,1,Created
18285,2011-12-12,3994,Female,18,1994-12-12,0.0001,Single,0,,,No,,,Permanent contract,45384.0,3002,No,0,31,2025-01-20,1,Life event: Adulthood
3995,2011-01-01,3995,Male,14,1997-10-06,0.00014,Single,0,,,No,,,Child,0.0,0,Yes,0,,NA,1,Created
3996,2011-01-01,3996,Male,8,2003-12-13,9e-05,Single,0,,,No,,,Child,0.0,0,No,0,,NA,1,Created
3997,2011-01-01,3997,Male,79,1932-01-21,0.05364,Married,781,,2052-09-22,No,,,Retired,342.0,42865,Yes,3,,NA,1,Created
17071,2011-03-16,3997,Male,80,1932-01-21,0.05364,Married,781,,2052-09-22,No,,,Retired,342.0,42865,Yes,3,,NA,0,Life event: Deceased
3998,2011-01-01,3998,Female,16,1995-01-24,8e-05,Single,0,,,No,,,Child,0.0,0,No,0,30.0,2025-11-26,1,Created
18466,2012-01-24,3998,Female,18,1995-01-24,8e-05,Single,0,,,No,,,Permanent contract,14956.0,499460,No,0,30,2025-11-26,1,Life event: Adulthood
3999,2011-01-01,3999,Male,47,1964-01-23,0.00186,Divorced,0,,,No,,,Flexible contract,16879.0,35531,Yes,0,,NA,1,Created
4000,2011-01-01,4000,Female,42,1969-02-22,0.001,Married,809,,2042-06-06,No,,,Permanent contract,14173.0,76762,No,2,,NA,1,Created
4001,2011-01-01,4001,Male,25,1986-03-26,0.00033999999999999997,Single,0,,,No,,,Permanent contract,44831.0,147263,Yes,0,,NA,1,Created
4002,2011-01-01,4002,Female,29,1982-04-01,0.00032,Single,0,,,No,,,Permanent contract,21953.0,974653,Yes,0,33.0,2015-05-06,1,Created
4003,2011-01-01,4003,Female,42,1969-01-03,0.001,Married,810,,2033-06-15,No,,,Permanent contract,8031.0,-27487,Yes,1,,NA,1,Created
4004,2011-01-01,4004,Male,24,1987-01-09,0.00047999999999999996,Single,0,,,No,,,Permanent contract,5523.0,-2356,No,0,,NA,1,Created
4005,2011-01-01,4005,Female,13,1998-08-02,0.00011999999999999999,Single,0,,,No,,,Child,0.0,0,No,0,26.0,2024-11-02,1,Created
4006,2011-01-01,4006,Female,90,1921-06-25,0.13302999999999998,Widowed,0,,,Yes,,,Retired,37120.0,118281,No,0,,NA,1,Created
4007,2011-01-01,4007,Female,20,1991-11-13,0.00018,Single,0,,,No,,,Permanent contract,62496.0,-43361,No,0,36.0,2027-02-20,1,Created
4008,2011-01-01,4008,Male,19,1992-07-03,0.00033,Single,0,,,Yes,45.0,2037-08-22,Permanent contract,34790.0,54010,Yes,0,,NA,1,Created
4009,2011-01-01,4009,Male,79,1932-12-15,0.05364,Married,782,,2055-09-15,No,,,Retired,29176.0,317455,Yes,1,,NA,1,Created
4010,2011-01-01,4010,Female,21,1990-08-26,0.00016,Single,0,,,Yes,30.0,2020-01-10,Permanent contract,17629.0,-20650,No,0,31.0,2021-04-18,1,Created
4011,2011-01-01,4011,Male,71,1940-07-03,0.02034,Married,783,,2047-10-22,Yes,,,Retired,12578.0,4037,No,2,,NA,1,Created
4012,2011-01-01,4012,Female,63,1948-10-12,0.00672,Married,811,,2019-07-25,Yes,,,Entrepreneur without personnel,37969.0,4333,No,1,,NA,1,Created
19153,2012-10-12,4012,Female,65,1948-10-12,0.00672,Married,811,,2019-07-25,Yes,,,Retired,26578.3,4333,No,1,,NA,1,Life event: Retired
4013,2011-01-01,4013,Male,42,1969-12-17,0.00128,Married,784,,2012-03-26,Yes,,,Permanent contract,8852.0,181139,No,1,,NA,1,Created
18619,2012-03-26,4013,Male,43,1969-12-17,0.00128,Divorced,784,,2012-03-26,Yes,,,Permanent contract,8852.0,181139,No,1,,NA,1,Life event: Divorced
4014,2011-01-01,4014,Male,61,1950-09-18,0.00747,Married,785,,2058-05-30,No,,,Flexible contract,7584.0,281112,Yes,2,,NA,1,Created
4015,2011-01-01,4015,Female,60,1951-02-13,0.00541,Married,812,,2018-07-29,Yes,,,Flexible contract,9370.0,202,No,1,,NA,1,Created
4016,2011-01-01,4016,Male,29,1982-05-09,0.0005200000000000001,Married,786,,2015-05-18,No,,,Unemployed,10813.0,54304,Yes,2,,NA,1,Created
4017,2011-01-01,4017,Female,10,2001-02-09,0.0001,Single,0,,,Yes,35.0,2036-04-13,Child,0.0,0,No,0,30.0,2031-01-07,1,Created
4018,2011-01-01,4018,Female,49,1962-05-27,0.00193,Married,813,,2051-04-22,No,,,Entrepreneur with personel,12736.0,111512,Yes,2,,NA,1,Created
4019,2011-01-01,4019,Male,3,2008-02-02,0.0002,Single,0,,,No,,,Child,0.0,0,Yes,0,,NA,1,Created
4020,2011-01-01,4020,Male,10,2001-04-14,0.00011999999999999999,Single,0,,,Yes,57.0,2058-03-20,Child,0.0,0,No,0,,NA,1,Created
4021,2011-01-01,4021,Female,26,1985-07-16,1.0,Single,0,,,Yes,30.0,2015-12-07,Permanent contract,28291.0,22138,Yes,0,39.0,2024-08-13,1,Created
17033,2011-03-08,4021,Female,26,1985-07-16,1.0,Single,0,,,Yes,30,2015-12-07,Permanent contract,28291.0,22138,Yes,0,39,2024-08-13,0,Life event: Deceased
4022,2011-01-01,4022,Female,5,2006-02-25,4e-05,Single,0,,,Yes,28.0,2034-05-25,Child,0.0,0,No,0,32.0,2038-06-02,1,Created
4023,2011-01-01,4023,Female,53,1958-01-04,0.00312,Divorced,0,,,Yes,,,Flexible contract,42742.0,90946,No,0,,NA,1,Created
4024,2011-01-01,4024,Male,23,1988-03-22,0.00039,Single,0,,,Yes,54.0,2042-06-25,Unemployed,38064.0,4243,No,0,,NA,1,Created
4025,2011-01-01,4025,Male,74,1937-04-23,0.0295,Single,0,,,No,,,Retired,20957.0,311,Yes,0,,NA,1,Created
4026,2011-01-01,4026,Female,4,2007-12-19,5.9999999999999995e-05,Single,0,,,No,,,Child,0.0,0,Yes,0,29.0,2036-05-31,1,Created
4027,2011-01-01,4027,Female,60,1951-02-01,0.00541,Married,814,,2012-06-04,No,,,Flexible contract,14772.0,831073,No,2,,NA,1,Created
18812,2012-06-04,4027,Female,62,1951-02-01,0.00541,Divorced,814,,2012-06-04,No,,,Flexible contract,14772.0,831073,No,2,,NA,1,Life event: Divorced
4028,2011-01-01,4028,Male,51,1960-03-15,0.00301,Married,787,,2050-08-18,Yes,,,Entrepreneur without personnel,28853.0,1422,Yes,1,,NA,1,Created
4029,2011-01-01,4029,Female,73,1938-10-25,0.01577,Widowed,0,,,No,,,Retired,42859.0,28253,Yes,0,,NA,1,Created
4030,2011-01-01,4030,Female,10,2001-05-18,0.0001,Single,0,,,No,,,Child,0.0,0,Yes,0,30.0,2031-06-29,1,Created
4031,2011-01-01,4031,Male,25,1986-02-06,0.00033999999999999997,Single,0,,,Yes,35.0,2021-02-02,Permanent contract,25194.0,349083,No,0,,NA,1,Created
4032,2011-01-01,4032,Female,78,1933-01-06,0.02817,Divorced,0,,,Yes,,,Retired,62034.0,6801,Yes,0,,NA,1,Created
4033,2011-01-01,4033,Female,14,1997-03-19,9e-05,Single,0,,,No,,,Child,0.0,0,No,0,31.0,2028-04-04,1,Created
4034,2011-01-01,4034,Female,30,1981-01-19,0.00027,Married,815,,2037-05-14,No,,,Permanent contract,45129.0,109808,Yes,1,37.0,2018-10-13,1,Created
4035,2011-01-01,4035,Male,86,1925-09-04,0.1126,Widowed,0,,,Yes,,,Retired,37332.0,580,No,0,,NA,1,Created
4036,2011-01-01,4036,Female,25,1986-11-21,0.00022999999999999998,Single,0,,,Yes,34.0,2020-07-07,Entrepreneur without personnel,35666.0,3641,Yes,0,29.0,2015-12-14,1,Created
4037,2011-01-01,4037,Female,20,1991-02-11,0.00018,Single,0,,,No,,,Permanent contract,31764.0,-3203,Yes,0,34.0,2025-06-05,1,Created
4038,2011-01-01,4038,Male,20,1991-06-26,0.00045,Single,0,,,No,,,Permanent contract,22148.0,930,Yes,0,,NA,1,Created
4039,2011-01-01,4039,Female,41,1970-06-18,0.0007700000000000001,Divorced,0,,,No,,,Permanent contract,3609.0,1666,No,0,,NA,1,Created
4040,2011-01-01,4040,Male,70,1941-10-16,0.01932,Married,788,,2033-03-29,Yes,,,Retired,6139.0,44398,Yes,3,,NA,1,Created
4041,2011-01-01,4041,Male,3,2008-12-16,0.0002,Single,0,,,No,,,Child,0.0,0,No,0,,NA,1,Created
4042,2011-01-01,4042,Male,10,2001-01-13,0.00011999999999999999,Single,0,,,Yes,32.0,2033-02-03,Child,0.0,0,Yes,0,,NA,1,Created
4043,2011-01-01,4043,Female,11,2000-07-05,7e-05,Single,0,,,No,,,Child,0.0,0,Yes,0,37.0,2037-06-30,1,Created
4044,2011-01-01,4044,Male,7,2004-03-29,9e-05,Single,0,,,No,,,Child,0.0,0,No,0,,NA,1,Created
4045,2011-01-01,4045,Female,32,1979-10-05,0.00041,Married,816,,2056-05-26,Yes,,,Unemployed,41476.0,85513,Yes,1,41.0,2020-07-29,1,Created
4046,2011-01-01,4046,Female,80,1931-02-03,0.03682,Single,0,,,Yes,35.0,,Retired,5914.0,8857,Yes,0,,NA,1,Created
4047,2011-01-01,4047,Male,30,1981-03-09,0.00055,Married,789,,2041-08-24,No,,,Flexible contract,73592.0,193999,Yes,2,,NA,1,Created
4048,2011-01-01,4048,Female,43,1968-01-27,0.0009699999999999999,Single,0,,,Yes,33.0,,Entrepreneur without personnel,31372.0,-45855,Yes,0,,NA,1,Created
4049,2011-01-01,4049,Female,14,1997-02-22,9e-05,Single,0,,,No,,,Child,0.0,0,Yes,0,36.0,2033-05-28,1,Created
4050,2011-01-01,4050,Female,57,1954-03-15,0.00387,Single,0,,,No,,,Permanent contract,19937.0,191827,Yes,0,,NA,1,Created
4051,2011-01-01,4051,Male,25,1986-06-13,0.00033999999999999997,Single,0,,,Yes,40.0,2026-02-19,Flexible contract,16895.0,269365,Yes,0,,NA,1,Created
4052,2011-01-01,4052,Female,45,1966-02-10,0.00134,Married,817,,2030-01-27,No,,,Permanent contract,2925.0,-15774,Yes,2,,NA,1,Created
4053,2011-01-01,4053,Male,0,2011-01-30,0.0036200000000000004,Single,0,,,No,,,Child,0.0,0,Yes,0,,NA,1,Created
4054,2011-01-01,4054,Male,65,1946-01-08,0.01141,Married,790,,2032-06-16,No,,,Flexible contract,21982.0,8466,Yes,3,,NA,1,Created
16697,2011-01-08,4054,Male,66,1946-01-08,0.01141,Married,790,,2032-06-16,No,,,Retired,15387.4,8466,Yes,3,,NA,1,Life event: Retired
4055,2011-01-01,4055,Female,51,1960-05-21,0.0023899999999999998,Married,818,,2020-02-01,No,,,Permanent contract,23513.0,315817,Yes,1,,NA,1,Created
4056,2011-01-01,4056,Female,54,1957-05-26,0.00313,Married,819,,2049-09-26,No,,,Permanent contract,4432.0,44,No,1,,NA,1,Created
4057,2011-01-01,4057,Female,13,1998-12-15,0.00011999999999999999,Single,0,,,No,,,Child,0.0,0,No,0,41.0,2039-10-13,1,Created
4058,2011-01-01,4058,Male,16,1995-10-19,0.00029,Single,0,,,Yes,41.0,2036-08-22,Child,0.0,0,No,0,,NA,1,Created
19174,2012-10-19,4058,Male,18,1995-10-19,0.00029,Single,0,,,No,,,Entrepreneur without personnel,16130.0,130431,No,0,,NA,1,Life event: Adulthood
4059,2011-01-01,4059,Female,29,1982-08-12,0.00032,Married,820,,2056-05-22,Yes,,,Permanent contract,18547.0,9354,No,3,34.0,2016-02-13,1,Created
4060,2011-01-01,4060,Male,18,1993-04-09,0.00032,Single,0,,,No,,,Permanent contract,7119.0,-34513,Yes,0,,NA,1,Created
4061,2011-01-01,4061,Male,19,1992-09-20,0.00033,Single,0,,,Yes,25.0,2017-06-28,Permanent contract,5943.0,581,No,0,,NA,1,Created
4062,2011-01-01,4062,Male,79,1932-12-13,0.05364,Married,791,,2012-12-15,No,,,Retired,13103.0,301282,No,2,,NA,1,Created
19317,2012-12-15,4062,Male,81,1932-12-13,0.05364,Divorced,791,,2012-12-15,No,,,Retired,13103.0,301282,No,2,,NA,1,Life event: Divorced
4063,2011-01-01,4063,Male,57,1954-07-21,0.00572,Married,792,,2050-04-25,Yes,,,Permanent contract,48942.0,27321,Yes,2,,NA,1,Created
4064,2011-01-01,4064,Male,30,1981-01-13,0.00055,Single,0,,,No,,,Permanent contract,22476.0,960253,No,0,,NA,1,Created
4065,2011-01-01,4065,Female,15,1996-09-26,8e-05,Single,0,,,Yes,35.0,2031-09-22,Child,0.0,0,No,0,35.0,2031-08-16,1,Created
4066,2011-01-01,4066,Female,21,1990-11-10,0.00016,Single,0,,,Yes,30.0,2020-01-04,Permanent contract,97439.0,400399,No,0,28.0,2018-09-07,1,Created
4067,2011-01-01,4067,Female,7,2004-06-26,7e-05,Single,0,,,No,,,Child,0.0,0,No,0,35.0,2039-11-15,1,Created
4068,2011-01-01,4068,Male,21,1990-11-02,0.00045,Single,0,,,No,,,Permanent contract,91189.0,727709,Yes,0,,NA,1,Created
4069,2011-01-01,4069,Male,1,2010-02-28,0.00056,Single,0,,,Yes,23.0,2033-08-10,Child,0.0,0,Yes,0,,NA,1,Created
4070,2011-01-01,4070,Female,68,1943-01-20,0.00983,Married,821,,2031-10-28,Yes,,,Retired,16268.0,1914,No,1,,NA,1,Created
18678,2012-04-17,4070,Female,70,1943-01-20,0.00983,Married,821,,2031-10-28,Yes,,,Retired,16268.0,1914,No,1,,NA,0,Life event: Deceased
4071,2011-01-01,4071,Male,32,1979-10-04,0.00059,Married,793,,2058-04-27,No,,,Permanent contract,5188.0,23572,Yes,2,,NA,1,Created
4072,2011-01-01,4072,Female,40,1971-08-14,0.0006900000000000001,Married,822,,2017-01-11,Yes,,,Permanent contract,58543.0,49345,No,3,,NA,1,Created
4073,2011-01-01,4073,Female,22,1989-04-10,0.00023999999999999998,Single,0,,,No,,,Entrepreneur with personel,24963.0,52325,No,0,28.0,2017-08-30,1,Created
4074,2011-01-01,4074,Female,40,1971-01-10,0.0006900000000000001,Married,823,,2043-08-20,No,,,Flexible contract,33165.0,82353,No,2,,NA,1,Created
4075,2011-01-01,4075,Male,87,1924-03-09,0.12537,Widowed,0,,,No,,,Retired,28089.0,580092,No,0,,NA,1,Created
4076,2011-01-01,4076,Female,45,1966-02-11,0.00134,Married,824,,2047-06-29,Yes,,,Permanent contract,33855.0,-11715,No,2,,NA,1,Created
4077,2011-01-01,4077,Male,78,1933-09-03,0.04668,Widowed,0,,,Yes,,,Retired,27095.0,647,Yes,0,,NA,1,Created
4078,2011-01-01,4078,Male,52,1959-06-15,0.00314,Single,0,,,No,,,Flexible contract,52961.0,53007,No,0,,NA,1,Created
4079,2011-01-01,4079,Male,30,1981-04-10,0.00055,Married,794,,2028-01-18,Yes,,,Permanent contract,30692.0,886,Yes,1,,NA,1,Created
4080,2011-01-01,4080,Female,29,1982-10-03,0.00032,Single,0,,,No,,,Permanent contract,96891.0,472955,Yes,0,,NA,1,Created
4081,2011-01-01,4081,Female,95,1916-12-11,0.23053,Widowed,0,,,Yes,,,Retired,32235.0,55849,No,0,,NA,1,Created
19026,2012-08-21,4081,Female,96,1916-12-11,0.23053,Widowed,0,,,Yes,,,Retired,32235.0,55849,No,0,,NA,0,Life event: Deceased
4082,2011-01-01,4082,Male,72,1939-01-09,0.02384,Widowed,0,,,No,,,Retired,15991.0,28608,Yes,0,,NA,1,Created
4083,2011-01-01,4083,Male,49,1962-05-23,0.00242,Married,795,,2054-10-14,No,,,Permanent contract,5179.0,3518819,Yes,2,,NA,1,Created
4084,2011-01-01,4084,Female,38,1973-02-23,0.00063,Single,0,,,Yes,35.0,,Permanent contract,96635.0,-14248,Yes,0,,NA,1,Created
4085,2011-01-01,4085,Male,26,1985-06-17,1.0,Single,0,,,No,,,Unemployed,24287.0,666342,No,0,,NA,1,Created
17124,2011-03-26,4085,Male,26,1985-06-17,1.0,Single,0,,,No,,,Unemployed,24287.0,666342,No,0,,NA,0,Life event: Deceased
4086,2011-01-01,4086,Female,57,1954-06-18,0.00387,Married,825,,2016-01-28,Yes,,,Permanent contract,98747.0,293752,Yes,2,,NA,1,Created
4087,2011-01-01,4087,Female,68,1943-02-09,0.00983,Divorced,0,,,Yes,,,Retired,5130.0,46127,Yes,0,,NA,1,Created
18286,2011-12-12,4087,Female,69,1943-02-09,0.00983,Divorced,0,,,Yes,,,Retired,5130.0,46127,Yes,0,,NA,0,Life event: Deceased
4088,2011-01-01,4088,Male,63,1948-02-29,0.00945,Married,796,,2027-06-18,Yes,,,Flexible contract,27564.0,-10508,Yes,3,,NA,1,Created
4089,2011-01-01,4089,Female,27,1984-03-24,0.00025,Single,0,,,No,,,Permanent contract,16188.0,127143,No,0,,NA,1,Created
4090,2011-01-01,4090,Male,51,1960-01-07,0.00301,Married,797,,2052-07-11,Yes,,,Permanent contract,38171.0,12555,No,2,,NA,1,Created
4091,2011-01-01,4091,Male,11,2000-11-09,9e-05,Single,0,,,Yes,25.0,2025-11-04,Child,0.0,0,Yes,0,,NA,1,Created
4092,2011-01-01,4092,Female,17,1994-08-18,0.0001,Single,0,,,No,,,Child,0.0,0,No,0,37.0,2031-10-19,1,Created
17818,2011-08-18,4092,Female,18,1994-08-18,0.0001,Single,0,,,Yes,28,2021-02-14,Permanent contract,47317.0,406,No,0,37,2031-10-19,1,Life event: Adulthood
4093,2011-01-01,4093,Male,26,1985-10-05,1.0,Single,0,,,Yes,34.0,2019-06-16,Permanent contract,43025.0,360663,Yes,0,,NA,1,Created
18652,2012-04-07,4093,Male,27,1985-10-05,1.0,Single,0,,,Yes,34,2019-06-16,Permanent contract,43025.0,360663,Yes,0,,NA,0,Life event: Deceased
4094,2011-01-01,4094,Male,54,1957-02-22,0.00404,Single,0,,,No,,,Unemployed,6765.0,4887,No,0,,NA,1,Created
4095,2011-01-01,4095,Female,68,1943-01-29,0.00983,Married,826,,2056-05-22,No,,,Retired,8168.0,51390,No,2,,NA,1,Created
4096,2011-01-01,4096,Female,61,1950-09-30,0.00562,Married,827,,2022-03-18,No,,,Permanent contract,87497.0,-24823,No,2,,NA,1,Created
4097,2011-01-01,4097,Female,17,1994-12-22,0.0001,Single,0,,,Yes,30.0,2024-11-15,Child,0.0,0,No,0,25.0,2019-06-13,1,Created
18339,2011-12-22,4097,Female,18,1994-12-22,0.0001,Single,0,,,Yes,27,2020-05-23,Permanent contract,7166.0,267561,No,0,25,2019-06-13,1,Life event: Adulthood
4098,2011-01-01,4098,Male,43,1968-04-18,0.00103,Married,798,,2048-01-17,Yes,,,Flexible contract,78950.0,182458,No,2,,NA,1,Created
4099,2011-01-01,4099,Male,61,1950-08-12,0.00747,Married,799,,2012-09-02,Yes,,,Entrepreneur without personnel,22028.0,430569,Yes,2,,NA,1,Created
18525,2012-02-17,4099,Male,62,1950-08-12,0.00747,Married,799,,2012-09-02,Yes,,,Entrepreneur without personnel,22028.0,430569,Yes,2,,NA,0,Life event: Deceased
4100,2011-01-01,4100,Male,25,1986-08-25,0.00033999999999999997,Married,800,,2030-11-30,Yes,,,Permanent contract,96992.0,2044,Yes,3,,NA,1,Created
4101,2011-01-01,4101,Male,32,1979-04-23,0.00059,Single,0,,,No,,,Permanent contract,5535.0,33076,Yes,0,,NA,1,Created
4102,2011-01-01,4102,Female,65,1946-03-15,0.007559999999999999,Married,828,,2074-06-11,No,,,Entrepreneur without personnel,34596.0,4538,No,1,,NA,1,Created
17064,2011-03-15,4102,Female,66,1946-03-15,0.007559999999999999,Married,828,,2074-06-11,No,,,Retired,24217.199999999997,4538,No,1,,NA,1,Life event: Retired
4103,2011-01-01,4103,Male,2,2009-06-19,0.00021,Single,0,,,Yes,46.0,2055-02-24,Child,0.0,0,Yes,0,,NA,1,Created
4104,2011-01-01,4104,Male,29,1982-03-07,0.0005200000000000001,Single,0,,,No,,,Permanent contract,21193.0,-38360,Yes,0,,NA,1,Created
4105,2011-01-01,4105,Male,45,1966-02-18,0.0014199999999999998,Married,801,,2023-10-30,No,,,Permanent contract,36961.0,918,Yes,2,,NA,1,Created
4106,2011-01-01,4106,Female,1,2010-08-22,0.00033999999999999997,Single,0,,,No,,,Child,0.0,0,No,0,36.0,2046-01-14,1,Created
4107,2011-01-01,4107,Female,35,1976-09-29,0.00033999999999999997,Single,0,,,Yes,63.0,2039-12-01,Permanent contract,108518.0,84612,No,0,,NA,1,Created
4108,2011-01-01,4108,Female,30,1981-09-01,0.00027,Married,829,,2035-08-07,No,,,Permanent contract,81128.0,8604,Yes,2,,NA,1,Created
4109,2011-01-01,4109,Male,15,1996-11-30,0.00015,Single,0,,,Yes,30.0,2026-12-18,Child,0.0,0,No,0,,NA,1,Created
4110,2011-01-01,4110,Female,27,1984-04-25,0.00025,Single,0,,,Yes,29.0,2013-08-25,Permanent contract,9388.0,30479,No,0,,NA,1,Created
4111,2011-01-01,4111,Female,77,1934-12-10,0.0259,Widowed,0,,,Yes,,,Retired,969.0,8955,Yes,0,,NA,1,Created
4112,2011-01-01,4112,Male,62,1949-02-28,0.008409999999999999,Married,802,,2014-04-05,No,,,Permanent contract,17558.0,556057,No,1,,NA,1,Created
4113,2011-01-01,4113,Female,58,1953-01-02,0.00448,Married,830,,2016-08-26,No,,,Permanent contract,16150.0,100388,Yes,3,,NA,1,Created
4114,2011-01-01,4114,Female,23,1988-11-09,0.0001,Married,831,,2049-04-06,Yes,,,Unemployed,88278.0,17676,Yes,2,35.0,2023-12-21,1,Created
4115,2011-01-01,4115,Male,60,1951-06-01,0.006840000000000001,Married,803,,2040-05-03,Yes,,,Permanent contract,4733.0,935,Yes,2,,NA,1,Created
4116,2011-01-01,4116,Male,40,1971-07-06,0.0009400000000000001,Married,804,,2049-04-18,No,,,Flexible contract,14110.0,179527,No,2,,NA,1,Created
4117,2011-01-01,4117,Female,56,1955-11-27,0.0041,Married,832,,2045-12-29,No,,,Entrepreneur without personnel,39319.0,79456,No,1,,NA,1,Created
4118,2011-01-01,4118,Male,42,1969-08-21,0.00128,Divorced,0,,,No,,,Flexible contract,44731.0,-8770,No,0,,NA,1,Created
4119,2011-01-01,4119,Female,65,1946-10-12,0.007559999999999999,Married,833,,2028-01-25,No,,,Permanent contract,1150.0,491776,Yes,1,,NA,1,Created
18038,2011-10-12,4119,Female,66,1946-10-12,0.007559999999999999,Married,833,,2028-01-25,No,,,Retired,805.0,491776,Yes,1,,NA,1,Life event: Retired
4120,2011-01-01,4120,Female,22,1989-08-08,0.00023999999999999998,Single,0,,,No,,,Permanent contract,7049.0,12226,No,0,37.0,2026-05-02,1,Created
4121,2011-01-01,4121,Male,58,1953-07-31,0.00603,Single,0,,,No,,,Permanent contract,27735.0,62061,No,0,,NA,1,Created
4122,2011-01-01,4122,Female,8,2003-05-23,2.9999999999999997e-05,Single,0,,,Yes,26.0,2029-04-09,Child,0.0,0,Yes,0,31.0,2034-02-02,1,Created
4123,2011-01-01,4123,Male,24,1987-08-09,0.00047999999999999996,Single,0,,,No,,,Entrepreneur without personnel,17684.0,51826,Yes,0,,NA,1,Created
4124,2011-01-01,4124,Female,24,1987-08-23,0.00018999999999999998,Single,0,,,No,,,Permanent contract,45839.0,-6952,No,0,33.0,2020-09-16,1,Created
4125,2011-01-01,4125,Female,54,1957-01-14,0.00313,Married,834,,2045-01-16,Yes,,,Entrepreneur without personnel,4588.0,857,No,1,,NA,1,Created
4126,2011-01-01,4126,Female,47,1964-07-12,0.00168,Widowed,0,,,No,,,Permanent contract,1090.0,292682,No,0,,NA,1,Created
4127,2011-01-01,4127,Female,56,1955-10-02,0.0041,Married,835,,2059-10-02,No,,,Flexible contract,84785.0,-11190,No,1,,NA,1,Created
4128,2011-01-01,4128,Male,7,2004-08-23,9e-05,Single,0,,,No,,,Child,0.0,0,Yes,0,,NA,1,Created
4129,2011-01-01,4129,Female,75,1936-06-10,0.01986,Widowed,0,,,Yes,,,Retired,44767.0,2861,Yes,0,,NA,1,Created
4130,2011-01-01,4130,Male,52,1959-03-11,0.00314,Married,805,,2054-04-10,No,,,Permanent contract,44905.0,480865,Yes,2,,NA,1,Created
17845,2011-08-23,4130,Male,53,1959-03-11,0.00314,Married,805,,2054-04-10,No,,,Permanent contract,44905.0,480865,Yes,2,,NA,0,Life event: Deceased
4131,2011-01-01,4131,Male,31,1980-09-02,0.00041,Single,0,,,Yes,34.0,2014-04-19,Entrepreneur without personnel,5521.0,-46226,Yes,0,,NA,1,Created
4132,2011-01-01,4132,Male,19,1992-04-15,0.00033,Single,0,,,Yes,64.0,2056-07-04,Permanent contract,39838.0,350088,Yes,0,,NA,1,Created
4133,2011-01-01,4133,Male,20,1991-08-18,0.00045,Single,0,,,No,,,Permanent contract,8184.0,180453,Yes,0,,NA,1,Created
4134,2011-01-01,4134,Female,22,1989-06-17,0.00023999999999999998,Single,0,,,Yes,9.0,,Permanent contract,12244.0,76848,No,0,33.0,2022-06-03,1,Created
4135,2011-01-01,4135,Female,27,1984-06-28,0.00025,Single,0,,,No,,,Permanent contract,14103.0,155808,No,0,,NA,1,Created
4136,2011-01-01,4136,Female,72,1939-04-21,0.01411,Married,836,,2045-06-06,No,,,Retired,6378.0,119118,No,2,,NA,1,Created
4137,2011-01-01,4137,Male,44,1967-07-15,0.0013599999999999999,Divorced,0,,,No,,,Permanent contract,9346.0,62858,No,0,,NA,1,Created
4138,2011-01-01,4138,Male,50,1961-12-01,0.00257,Single,0,,,Yes,30.0,,Permanent contract,47160.0,95811,No,0,,NA,1,Created
4139,2011-01-01,4139,Male,13,1998-06-19,0.00014,Single,0,,,Yes,42.0,2040-02-09,Child,0.0,0,Yes,0,,NA,1,Created
4140,2011-01-01,4140,Female,57,1954-04-20,0.00387,Married,837,,2036-08-20,Yes,,,Entrepreneur without personnel,47072.0,31008,No,2,,NA,1,Created
4141,2011-01-01,4141,Female,1,2010-03-19,0.00033999999999999997,Single,0,,,Yes,22.0,2032-05-08,Child,0.0,0,No,0,45.0,2055-06-01,1,Created
4142,2011-01-01,4142,Male,73,1938-12-03,0.0262,Single,0,,,No,,,Retired,4883.0,157749,No,0,,NA,1,Created
4143,2011-01-01,4143,Female,51,1960-05-13,0.0023899999999999998,Single,0,,,No,,,Permanent contract,8892.0,182003,Yes,0,,NA,1,Created
4144,2011-01-01,4144,Female,51,1960-10-21,0.0023899999999999998,Married,838,,2049-12-26,No,,,Permanent contract,24037.0,-577,No,1,,NA,1,Created
4145,2011-01-01,4145,Female,21,1990-09-16,0.00016,Single,0,,,Yes,20.0,,Permanent contract,47328.0,681273,No,0,30.0,2020-05-27,1,Created
4146,2011-01-01,4146,Male,30,1981-02-14,0.00055,Married,806,,2043-07-04,No,,,Permanent contract,22367.0,313031,Yes,1,,NA,1,Created
4147,2011-01-01,4147,Female,52,1959-01-18,0.00268,Married,839,,2044-04-11,Yes,,,Flexible contract,15052.0,70349,No,2,,NA,1,Created
4148,2011-01-01,4148,Female,39,1972-03-25,0.00074,Single,0,,,No,,,Unemployed,2224.0,391279,No,0,,NA,1,Created
4149,2011-01-01,4149,Female,60,1951-05-22,0.00541,Married,840,,2015-03-07,No,,,Entrepreneur without personnel,61351.0,-1783,No,3,,NA,1,Created
4150,2011-01-01,4150,Female,8,2003-04-03,2.9999999999999997e-05,Single,0,,,No,,,Child,0.0,0,No,0,27.0,2030-10-10,1,Created
4151,2011-01-01,4151,Female,75,1936-04-08,0.01986,Married,841,,2059-03-05,No,,,Retired,27715.0,22693,Yes,2,,NA,1,Created
4152,2011-01-01,4152,Female,4,2007-05-24,5.9999999999999995e-05,Single,0,,,No,,,Child,0.0,0,No,0,27.0,2034-04-20,1,Created
4153,2011-01-01,4153,Female,68,1943-03-07,0.00983,Married,842,,2047-12-30,Yes,,,Retired,30560.0,25121,No,1,,NA,1,Created
4154,2011-01-01,4154,Male,29,1982-06-05,0.0005200000000000001,Single,0,,,No,,,Flexible contract,6442.0,6464,Yes,0,,NA,1,Created
4155,2011-01-01,4155,Male,6,2005-12-09,5.9999999999999995e-05,Single,0,,,No,,,Child,0.0,0,No,0,,NA,1,Created
4156,2011-01-01,4156,Female,53,1958-01-04,0.00312,Married,843,,2066-06-11,No,,,Permanent contract,90029.0,765140,No,1,,NA,1,Created
4157,2011-01-01,4157,Female,34,1977-10-09,0.00037,Single,0,,,No,,,Entrepreneur without personnel,14796.0,-35831,Yes,0,,NA,1,Created
4158,2011-01-01,4158,Male,46,1965-04-18,0.00172,Single,0,,,Yes,33.0,,Permanent contract,14530.0,3470416,No,0,,NA,1,Created
4159,2011-01-01,4159,Male,38,1973-09-08,0.0009599999999999999,Single,0,,,No,,,Permanent contract,26688.0,39342,Yes,0,,NA,1,Created
4160,2011-01-01,4160,Female,20,1991-07-04,0.00018,Single,0,,,No,,,Permanent contract,58761.0,3850,Yes,0,27.0,2018-05-14,1,Created
4161,2011-01-01,4161,Female,55,1956-03-29,0.00372,Single,0,,,No,,,Entrepreneur without personnel,41024.0,-38883,No,0,,NA,1,Created
4162,2011-01-01,4162,Female,53,1958-12-29,0.00312,Married,844,,2066-04-08,Yes,,,Family business,82800.0,2103522,Yes,1,,NA,1,Created
4163,2011-01-01,4163,Male,61,1950-08-15,0.00747,Married,807,,2031-06-21,No,,,Flexible contract,18859.0,340543,No,1,,NA,1,Created
4164,2011-01-01,4164,Female,12,1999-09-13,5e-05,Single,0,,,No,,,Child,0.0,0,Yes,0,33.0,2032-05-01,1,Created
4165,2011-01-01,4165,Female,59,1952-05-20,0.00479,Married,845,,2040-09-08,No,,,Permanent contract,31718.0,-31993,No,3,,NA,1,Created
4166,2011-01-01,4166,Male,95,1916-07-30,0.25144,Widowed,0,,,Yes,,,Retired,54052.0,167383,Yes,0,,NA,1,Created
4167,2011-01-01,4167,Male,19,1992-07-04,0.00033,Single,0,,,No,,,Permanent contract,10356.0,62443,No,0,,NA,1,Created
4168,2011-01-01,4168,Male,53,1958-11-24,0.0033299999999999996,Single,0,,,Yes,39.0,,Permanent contract,24144.0,18831,Yes,0,,NA,1,Created
4169,2011-01-01,4169,Female,25,1986-11-24,0.00022999999999999998,Single,0,,,No,,,Permanent contract,20341.0,-29546,Yes,0,30.0,2016-05-25,1,Created
4170,2011-01-01,4170,Female,4,2007-04-10,5.9999999999999995e-05,Single,0,,,Yes,55.0,2062-10-15,Child,0.0,0,Yes,0,31.0,2038-11-02,1,Created
4171,2011-01-01,4171,Female,24,1987-05-15,0.00018999999999999998,Single,0,,,Yes,25.0,2012-05-05,Flexible contract,46277.0,291,Yes,0,27.0,2014-08-21,1,Created
18722,2012-05-05,4171,Female,25,1987-05-15,0.00018999999999999998,Married,3482,11,2023-08-15,Yes,25,2012-05-05,Flexible contract,46277.0,291,Yes,0,27,2014-08-21,1,Life event: Married
4172,2011-01-01,4172,Female,38,1973-10-27,0.00063,Single,0,,,Yes,27.0,,Unemployed,198085.0,31845,Yes,0,,NA,1,Created
4173,2011-01-01,4173,Male,14,1997-09-04,0.00014,Single,0,,,Yes,35.0,2032-06-29,Child,0.0,0,No,0,,NA,1,Created
4174,2011-01-01,4174,Female,99,1912-05-27,0.34497,Widowed,0,,,No,,,Retired,5591.0,107397,No,0,,NA,1,Created
4175,2011-01-01,4175,Female,55,1956-10-03,0.00372,Married,846,,2042-06-06,No,,,Flexible contract,23270.0,10919,Yes,3,,NA,1,Created
4176,2011-01-01,4176,Female,19,1992-09-15,0.00014,Single,0,,,No,,,Entrepreneur with personel,8585.0,235466,Yes,0,33.0,2025-07-30,1,Created
4177,2011-01-01,4177,Male,38,1973-04-04,0.0009599999999999999,Married,808,,2020-07-05,Yes,,,Flexible contract,15783.0,89177,Yes,1,,NA,1,Created
4178,2011-01-01,4178,Female,17,1994-03-17,0.0001,Single,0,,,No,,,Child,0.0,0,Yes,0,32.0,2026-12-25,1,Created
17078,2011-03-17,4178,Female,18,1994-03-17,0.0001,Single,0,,,No,,,Entrepreneur without personnel,38103.0,127471,Yes,0,32,2026-12-25,1,Life event: Adulthood
4179,2011-01-01,4179,Female,21,1990-06-20,0.00016,Single,0,,,Yes,32.0,2022-11-18,Permanent contract,38733.0,-35737,No,0,28.0,2018-06-17,1,Created
4180,2011-01-01,4180,Female,65,1946-04-13,0.007559999999999999,Married,847,,2017-08-02,Yes,,,Permanent contract,15309.0,117198,Yes,2,,NA,1,Created
17204,2011-04-13,4180,Female,66,1946-04-13,0.007559999999999999,Married,847,,2017-08-02,Yes,,,Retired,10716.3,117198,Yes,2,,NA,1,Life event: Retired
4181,2011-01-01,4181,Male,98,1913-10-27,0.33792,Widowed,0,,,No,,,Retired,38659.0,1228,No,0,,NA,1,Created
4182,2011-01-01,4182,Female,60,1951-09-15,0.00541,Married,848,,2024-12-11,No,,,Flexible contract,16996.0,941112,No,1,,NA,1,Created
4183,2011-01-01,4183,Female,43,1968-09-27,0.0009699999999999999,Single,0,,,Yes,35.0,,Permanent contract,71548.0,-13304,Yes,0,,NA,1,Created
4184,2011-01-01,4184,Female,3,2008-11-21,0.00013000000000000002,Single,0,,,No,,,Child,0.0,0,No,0,23.0,2031-05-18,1,Created
4185,2011-01-01,4185,Male,48,1963-10-02,0.0021100000000000003,Married,809,,2042-06-06,Yes,,,Permanent contract,19512.0,497210,No,2,,NA,1,Created
4186,2011-01-01,4186,Male,1,2010-07-13,0.00056,Single,0,,,Yes,31.0,2041-02-08,Child,0.0,0,Yes,0,,NA,1,Created
4187,2011-01-01,4187,Male,13,1998-09-28,0.00014,Single,0,,,No,,,Child,0.0,0,Yes,0,,NA,1,Created
4188,2011-01-01,4188,Male,52,1959-09-21,0.00314,Single,0,,,No,,,Permanent contract,15183.0,253832,Yes,0,,NA,1,Created
4189,2011-01-01,4189,Male,60,1951-03-31,0.006840000000000001,Married,810,,2033-06-15,No,,,Permanent contract,15908.0,4418,Yes,1,,NA,1,Created
4190,2011-01-01,4190,Male,11,2000-05-27,9e-05,Single,0,,,No,,,Child,0.0,0,Yes,0,,NA,1,Created
4191,2011-01-01,4191,Female,67,1944-01-27,0.00974,Married,849,,2025-06-22,No,,,Unemployed,2847.0,4307,Yes,1,,NA,1,Created
16812,2011-01-27,4191,Female,68,1944-01-27,0.00974,Married,849,,2025-06-22,No,,,Retired,1992.8999999999999,4307,Yes,1,,NA,1,Life event: Retired
4192,2011-01-01,4192,Male,24,1987-02-13,0.00047999999999999996,Single,0,,,No,,,Entrepreneur with personel,19700.0,23059,Yes,0,,NA,1,Created
4193,2011-01-01,4193,Male,9,2002-06-27,0.00014,Single,0,,,Yes,33.0,2035-08-27,Child,0.0,0,No,0,,NA,1,Created
4194,2011-01-01,4194,Female,48,1963-06-09,0.0018800000000000002,Married,850,,2041-10-29,Yes,,,Entrepreneur without personnel,38391.0,391,Yes,1,,NA,1,Created
4195,2011-01-01,4195,Female,81,1930-08-08,0.04307,Married,851,,2025-10-06,No,,,Retired,26245.0,580700,Yes,2,,NA,1,Created
4196,2011-01-01,4196,Male,64,1947-11-30,0.01097,Single,0,,,No,,,Flexible contract,27251.0,-642,No,0,,NA,1,Created
18235,2011-11-30,4196,Male,65,1947-11-30,0.01097,Single,0,,,No,,,Retired,19075.699999999997,-642,No,0,,NA,1,Life event: Retired
4197,2011-01-01,4197,Male,41,1970-08-10,0.0008900000000000001,Married,811,,2019-07-25,No,,,Permanent contract,35664.0,184438,No,1,,NA,1,Created
4198,2011-01-01,4198,Female,25,1986-05-27,0.00022999999999999998,Single,0,,,No,,,Permanent contract,8600.0,182721,Yes,0,31.0,2017-03-14,1,Created
4199,2011-01-01,4199,Female,22,1989-09-26,0.00023999999999999998,Single,0,,,No,,,Entrepreneur without personnel,7743.0,26233,Yes,0,34.0,2023-10-04,1,Created
4200,2011-01-01,4200,Female,26,1985-06-12,1.0,Married,852,,2049-12-05,Yes,,,Permanent contract,30733.0,402472,No,1,42.0,2027-04-20,1,Created
17223,2011-04-17,4200,Female,26,1985-06-12,1.0,Married,852,,2049-12-05,Yes,,,Permanent contract,30733.0,402472,No,1,42,2027-04-20,0,Life event: Deceased
4201,2011-01-01,4201,Female,71,1940-10-14,0.013009999999999999,Divorced,0,,,Yes,,,Retired,26011.0,570229,No,0,,NA,1,Created
4202,2011-01-01,4202,Male,10,2001-01-28,0.00011999999999999999,Single,0,,,No,,,Child,0.0,0,No,0,,NA,1,Created
4203,2011-01-01,4203,Female,72,1939-01-30,0.01411,Married,853,,2038-01-03,No,,,Retired,4863.0,168339,No,2,,NA,1,Created
4204,2011-01-01,4204,Male,43,1968-03-31,0.00103,Divorced,0,,,No,,,Entrepreneur with personel,73736.0,79578,No,0,,NA,1,Created
4205,2011-01-01,4205,Female,37,1974-07-09,0.00057,Single,0,,,Yes,41.0,2015-10-07,Entrepreneur without personnel,2561.0,358,No,0,,NA,1,Created
4206,2011-01-01,4206,Female,39,1972-08-14,0.00074,Married,854,,2037-08-04,Yes,,,Permanent contract,2963.0,-39692,Yes,3,,NA,1,Created
4207,2011-01-01,4207,Female,12,1999-11-17,5e-05,Single,0,,,No,,,Child,0.0,0,No,0,31.0,2030-04-14,1,Created
4208,2011-01-01,4208,Male,47,1964-03-28,0.00186,Married,812,,2018-07-29,No,,,Permanent contract,42024.0,181488,No,1,,NA,1,Created
4209,2011-01-01,4209,Male,41,1970-03-31,0.0008900000000000001,Single,0,,,Yes,29.0,,Permanent contract,37990.0,-18631,Yes,0,,NA,1,Created
4210,2011-01-01,4210,Male,55,1956-07-07,0.00419,Married,813,,2051-04-22,Yes,,,Entrepreneur without personnel,32789.0,329858,Yes,2,,NA,1,Created
4211,2011-01-01,4211,Female,5,2006-04-18,4e-05,Single,0,,,No,,,Child,0.0,0,Yes,0,32.0,2038-12-14,1,Created
4212,2011-01-01,4212,Male,4,2007-01-08,0.00011,Single,0,,,No,,,Child,0.0,0,Yes,0,,NA,1,Created
4213,2011-01-01,4213,Female,42,1969-09-08,0.001,Married,855,,2056-11-25,No,,,Permanent contract,11057.0,143520,Yes,3,,NA,1,Created
4214,2011-01-01,4214,Female,37,1974-03-29,0.00057,Married,856,,2017-08-18,No,,,Permanent contract,43215.0,61473,Yes,1,,NA,1,Created
4215,2011-01-01,4215,Female,3,2008-01-09,0.00013000000000000002,Single,0,,,No,,,Child,0.0,0,Yes,0,33.0,2041-01-03,1,Created
4216,2011-01-01,4216,Female,55,1956-09-29,0.00372,Married,857,,2020-01-06,Yes,,,Permanent contract,23078.0,110570,Yes,2,,NA,1,Created
4217,2011-01-01,4217,Male,17,1994-11-07,0.00022999999999999998,Single,0,,,No,,,Child,0.0,0,Yes,0,,NA,1,Created
18139,2011-11-07,4217,Male,18,1994-11-07,0.00022999999999999998,Single,0,,,Yes,23,2016-09-03,Permanent contract,7688.0,137723,Yes,0,,NA,1,Life event: Adulthood
4218,2011-01-01,4218,Male,51,1960-05-20,0.00301,Married,814,,2012-06-04,Yes,,,Permanent contract,28371.0,-31863,No,2,,NA,1,Created
18813,2012-06-04,4218,Male,53,1960-05-20,0.00301,Divorced,814,,2012-06-04,Yes,,,Permanent contract,28371.0,-31863,No,2,,NA,1,Life event: Divorced
4219,2011-01-01,4219,Female,46,1965-08-08,0.00134,Single,0,,,No,,,Permanent contract,37024.0,-35820,No,0,,NA,1,Created
4220,2011-01-01,4220,Female,16,1995-02-05,8e-05,Single,0,,,No,,,Child,0.0,0,Yes,0,23.0,2018-10-13,1,Created
18496,2012-02-05,4220,Female,18,1995-02-05,8e-05,Single,0,,,Yes,50,2044-01-01,Unemployed,10023.0,-11328,Yes,0,23,2018-10-13,1,Life event: Adulthood
4221,2011-01-01,4221,Female,59,1952-11-13,0.00479,Married,858,,2038-11-10,No,,,Permanent contract,3856.0,166046,Yes,2,,NA,1,Created
18591,2012-03-15,4221,Female,60,1952-11-13,0.00479,Widowed,858,,2038-11-10,No,,,Permanent contract,3856.0,166046,Yes,2,,NA,1,Life event: Widowed
4222,2011-01-01,4222,Female,11,2000-11-14,7e-05,Single,0,,,Yes,30.0,2030-07-27,Child,0.0,0,No,0,37.0,2037-01-29,1,Created
4223,2011-01-01,4223,Female,2,2009-10-15,0.00015,Single,0,,,Yes,30.0,2039-12-02,Child,0.0,0,Yes,0,27.0,2036-05-01,1,Created
4224,2011-01-01,4224,Male,30,1981-05-26,0.00055,Single,0,,,No,,,Permanent contract,25207.0,-12960,Yes,0,,NA,1,Created
4225,2011-01-01,4225,Male,44,1967-11-25,0.0013599999999999999,Married,815,,2037-05-14,No,,,Permanent contract,15164.0,412635,Yes,1,,NA,1,Created
4226,2011-01-01,4226,Female,93,1918-07-31,0.18566,Divorced,0,,,Yes,,,Retired,82109.0,314331,Yes,0,,NA,1,Created
4227,2011-01-01,4227,Female,41,1970-04-14,0.0007700000000000001,Single,0,,,Yes,25.0,,Permanent contract,46894.0,-15664,Yes,0,,NA,1,Created
4228,2011-01-01,4228,Female,29,1982-09-29,0.00032,Married,859,,2053-03-15,Yes,,,Permanent contract,74453.0,40981,Yes,2,,NA,1,Created
4229,2011-01-01,4229,Female,105,1906-06-03,1.0,Widowed,0,,,No,,,Retired,12184.0,-42973,No,0,,NA,1,Created
4230,2011-01-01,4230,Female,6,2005-06-09,8e-05,Single,0,,,Yes,35.0,2040-11-22,Child,0.0,0,Yes,0,36.0,2041-12-07,1,Created
4231,2011-01-01,4231,Female,83,1928-02-26,0.057,Married,860,,2031-05-21,Yes,,,Retired,14111.0,199187,Yes,2,,NA,1,Created
4232,2011-01-01,4232,Male,47,1964-11-08,0.00186,Married,816,,2056-05-26,Yes,,,Permanent contract,13791.0,4093526,Yes,1,,NA,1,Created
4233,2011-01-01,4233,Female,75,1936-08-30,0.01986,Divorced,0,,,No,,,Retired,28042.0,169858,No,0,,NA,1,Created
4234,2011-01-01,4234,Male,15,1996-08-18,0.00015,Single,0,,,Yes,35.0,2031-04-01,Child,0.0,0,No,0,,NA,1,Created
4235,2011-01-01,4235,Female,27,1984-07-25,0.00025,Single,0,,,No,,,Flexible contract,10852.0,164482,Yes,0,35.0,2019-06-03,1,Created
4236,2011-01-01,4236,Male,26,1985-03-27,1.0,Married,817,,2030-01-27,Yes,,,Permanent contract,40306.0,-13986,Yes,2,,NA,1,Created
4237,2011-01-01,4237,Male,25,1986-05-02,0.00033999999999999997,Single,0,,,No,,,Permanent contract,2276.0,414805,Yes,0,,NA,1,Created
4238,2011-01-01,4238,Female,20,1991-10-17,0.00018,Single,0,,,Yes,25.0,2016-01-31,Unemployed,32251.0,-28119,Yes,0,37.0,2028-01-13,1,Created
4239,2011-01-01,4239,Male,67,1944-08-08,0.01396,Married,818,,2020-02-01,No,,,Permanent contract,6868.0,15471,Yes,1,,NA,1,Created
17759,2011-08-08,4239,Male,68,1944-08-08,0.01396,Married,818,,2020-02-01,No,,,Retired,4807.599999999999,15471,Yes,1,,NA,1,Life event: Retired
4240,2011-01-01,4240,Male,28,1983-10-28,0.00045,Single,0,,,No,,,Entrepreneur without personnel,15101.0,133969,No,0,,NA,1,Created
4241,2011-01-01,4241,Female,0,2011-03-01,0.0028899999999999998,Single,0,,,No,,,Child,0.0,0,Yes,0,27.0,2038-04-11,1,Created
4242,2011-01-01,4242,Male,14,1997-11-05,0.00014,Single,0,,,Yes,33.0,2030-12-15,Child,0.0,0,No,0,,NA,1,Created
4243,2011-01-01,4243,Female,62,1949-11-23,0.0057399999999999994,Married,861,,2066-05-16,No,,,Permanent contract,33502.0,48504,Yes,1,,NA,1,Created
4244,2011-01-01,4244,Female,27,1984-12-10,0.00025,Single,0,,,No,,,Entrepreneur without personnel,38633.0,916,No,0,,NA,1,Created
4245,2011-01-01,4245,Male,41,1970-12-30,0.0008900000000000001,Married,819,,2049-09-26,No,,,Permanent contract,33345.0,-43435,No,1,,NA,1,Created
4246,2011-01-01,4246,Female,18,1993-04-18,0.00023999999999999998,Single,0,,,Yes,30.0,2023-08-02,Unemployed,32535.0,166042,No,0,36.0,2029-12-02,1,Created
4247,2011-01-01,4247,Female,6,2005-12-12,8e-05,Single,0,,,No,,,Child,0.0,0,Yes,0,37.0,2042-04-08,1,Created
4248,2011-01-01,4248,Female,70,1941-05-21,0.01252,Widowed,0,,,No,,,Retired,6871.0,148737,Yes,0,,NA,1,Created
4249,2011-01-01,4249,Female,21,1990-11-27,0.00016,Single,0,,,Yes,26.0,2016-04-07,Entrepreneur without personnel,28733.0,217028,No,0,30.0,2020-08-25,1,Created
4250,2011-01-01,4250,Female,38,1973-05-03,0.00063,Single,0,,,No,,,Entrepreneur without personnel,15115.0,-3318,No,0,,NA,1,Created
4251,2011-01-01,4251,Female,10,2001-09-16,0.0001,Single,0,,,No,,,Child,0.0,0,No,0,32.0,2033-05-25,1,Created
4252,2011-01-01,4252,Female,64,1947-03-23,0.00713,Married,862,,2022-07-07,No,,,Permanent contract,12413.0,-3814,Yes,2,,NA,1,Created
17108,2011-03-23,4252,Female,65,1947-03-23,0.00713,Married,862,,2022-07-07,No,,,Retired,8689.099999999999,-3814,Yes,2,,NA,1,Life event: Retired
4253,2011-01-01,4253,Male,54,1957-02-14,0.00404,Married,820,,2056-05-22,Yes,,,Entrepreneur without personnel,23844.0,5573,No,3,,NA,1,Created
4254,2011-01-01,4254,Male,43,1968-08-19,0.00103,Single,0,,,No,,,Permanent contract,94212.0,108010,Yes,0,,NA,1,Created
4255,2011-01-01,4255,Male,11,2000-03-09,9e-05,Single,0,,,No,,,Child,0.0,0,Yes,0,,NA,1,Created
4256,2011-01-01,4256,Male,95,1916-11-14,0.25144,Married,821,,2031-10-28,No,,,Retired,16754.0,651902,No,1,,NA,1,Created
18679,2012-04-17,4256,Male,96,1916-11-14,0.25144,Widowed,821,,2031-10-28,No,,,Retired,16754.0,651902,No,1,,NA,1,Life event: Widowed
4257,2011-01-01,4257,Male,61,1950-06-13,0.00747,Divorced,0,,,No,,,Permanent contract,6422.0,180264,No,0,,NA,1,Created
4258,2011-01-01,4258,Male,59,1952-06-30,0.00717,Married,822,,2017-01-11,No,,,Permanent contract,10620.0,306884,No,3,,NA,1,Created
4259,2011-01-01,4259,Male,14,1997-07-27,0.00014,Single,0,,,No,,,Child,0.0,0,Yes,0,,NA,1,Created
4260,2011-01-01,4260,Female,41,1970-01-22,0.0007700000000000001,Married,863,,2030-06-20,No,,,Entrepreneur without personnel,7262.0,18607,No,1,,NA,1,Created
4261,2011-01-01,4261,Female,3,2008-01-15,0.00013000000000000002,Single,0,,,Yes,40.0,2048-08-07,Child,0.0,0,No,0,24.0,2032-09-01,1,Created
4262,2011-01-01,4262,Male,0,2011-06-12,0.0036200000000000004,Single,0,,,No,,,Child,0.0,0,Yes,0,,NA,1,Created
4263,2011-01-01,4263,Male,23,1988-09-14,0.00039,Single,0,,,No,,,Flexible contract,18278.0,1739023,Yes,0,,NA,1,Created
4264,2011-01-01,4264,Male,2,2009-11-09,0.00021,Single,0,,,No,,,Child,0.0,0,Yes,0,,NA,1,Created
4265,2011-01-01,4265,Female,73,1938-07-17,0.01577,Married,864,,2049-09-07,No,,,Retired,25404.0,376,Yes,1,,NA,1,Created
4266,2011-01-01,4266,Female,20,1991-05-06,0.00018,Single,0,,,Yes,25.0,2016-11-06,Permanent contract,3221.0,-41414,No,0,34.0,2025-10-18,1,Created
4267,2011-01-01,4267,Female,42,1969-07-21,0.001,Single,0,,,Yes,24.0,,Flexible contract,8562.0,45702,No,0,,NA,1,Created
4268,2011-01-01,4268,Male,47,1964-11-24,0.00186,Married,823,,2043-08-20,No,,,Entrepreneur without personnel,3100.0,19327,No,2,,NA,1,Created
4269,2011-01-01,4269,Female,56,1955-05-11,0.0041,Married,865,,2017-02-18,No,,,Permanent contract,35416.0,964,Yes,2,,NA,1,Created
4270,2011-01-01,4270,Female,12,1999-03-23,5e-05,Single,0,,,Yes,30.0,2029-08-07,Child,0.0,0,No,0,33.0,2032-07-06,1,Created
4271,2011-01-01,4271,Male,27,1984-09-17,0.00044,Married,824,,2047-06-29,No,,,Permanent contract,11584.0,514790,No,2,,NA,1,Created
4272,2011-01-01,4272,Male,68,1943-02-15,0.01522,Married,825,,2016-01-28,No,,,Retired,8576.0,35947,Yes,2,,NA,1,Created
4273,2011-01-01,4273,Male,32,1979-10-11,0.00059,Divorced,0,,,Yes,,,Permanent contract,75388.0,-7110,Yes,0,,NA,1,Created
4274,2011-01-01,4274,Female,58,1953-04-09,0.00448,Married,866,,2067-09-03,No,,,Unemployed,32985.0,328418,No,1,,NA,1,Created
4275,2011-01-01,4275,Male,62,1949-03-01,0.008409999999999999,Married,826,,2056-05-22,Yes,,,Flexible contract,90897.0,41512,No,2,,NA,1,Created
4276,2011-01-01,4276,Male,17,1994-09-16,0.00022999999999999998,Single,0,,,No,,,Child,0.0,0,Yes,0,,NA,1,Created
17924,2011-09-16,4276,Male,18,1994-09-16,0.00022999999999999998,Single,0,,,Yes,33,2026-07-07,Permanent contract,6429.0,-40839,Yes,0,,NA,1,Life event: Adulthood
4277,2011-01-01,4277,Female,37,1974-02-13,0.00057,Married,867,,2029-08-15,No,,,Permanent contract,24504.0,4067,No,1,,NA,1,Created
4278,2011-01-01,4278,Female,52,1959-04-30,0.00268,Married,868,,2011-09-18,No,,,Permanent contract,48733.0,634635,No,3,,NA,1,Created
17936,2011-09-18,4278,Female,53,1959-04-30,0.00268,Divorced,868,,2011-09-18,No,,,Permanent contract,48733.0,634635,No,3,,NA,1,Life event: Divorced
4279,2011-01-01,4279,Male,3,2008-10-24,0.0002,Single,0,,,No,,,Child,0.0,0,Yes,0,,NA,1,Created
4280,2011-01-01,4280,Female,47,1964-12-08,0.00168,Married,869,,2036-10-09,No,,,Permanent contract,28920.0,347238,Yes,2,,NA,1,Created
4281,2011-01-01,4281,Male,9,2002-01-14,0.00014,Single,0,,,No,,,Child,0.0,0,Yes,0,,NA,1,Created
4282,2011-01-01,4282,Female,55,1956-08-27,0.00372,Married,870,,2054-02-01,No,,,Flexible contract,42807.0,341870,No,1,,NA,1,Created
4283,2011-01-01,4283,Male,64,1947-04-21,0.01097,Married,827,,2022-03-18,No,,,Permanent contract,16454.0,256218,No,2,,NA,1,Created
17242,2011-04-21,4283,Male,65,1947-04-21,0.01097,Married,827,,2022-03-18,No,,,Retired,11517.8,256218,No,2,,NA,1,Life event: Retired
4284,2011-01-01,4284,Female,1,2010-11-15,0.00033999999999999997,Single,0,,,Yes,25.0,2035-02-04,Child,0.0,0,No,0,29.0,2039-07-06,1,Created
4285,2011-01-01,4285,Male,44,1967-07-09,0.0013599999999999999,Married,828,,2074-06-11,No,,,Permanent contract,46514.0,119113,No,1,,NA,1,Created
4286,2011-01-01,4286,Male,58,1953-07-06,0.00603,Married,829,,2035-08-07,Yes,,,Permanent contract,9222.0,224473,Yes,2,,NA,1,Created
4287,2011-01-01,4287,Female,35,1976-06-30,0.00033999999999999997,Married,871,,2030-02-12,Yes,,,Permanent contract,9360.0,167672,No,1,,NA,1,Created
4288,2011-01-01,4288,Female,74,1937-11-12,0.0185,Married,872,,2034-01-21,No,,,Retired,6297.0,136569,Yes,1,,NA,1,Created
4289,2011-01-01,4289,Male,18,1993-08-25,0.00032,Single,0,,,No,,,Unemployed,92753.0,14674,No,0,,NA,1,Created
4290,2011-01-01,4290,Male,47,1964-01-31,0.00186,Married,830,,2016-08-26,No,,,Permanent contract,8921.0,26348,Yes,3,,NA,1,Created
4291,2011-01-01,4291,Male,20,1991-10-15,0.00045,Single,0,,,No,,,Flexible contract,24650.0,180689,No,0,,NA,1,Created
4292,2011-01-01,4292,Male,0,2011-04-15,0.0036200000000000004,Single,0,,,No,,,Child,0.0,0,Yes,0,,NA,1,Created
4293,2011-01-01,4293,Female,70,1941-02-05,0.01252,Divorced,0,,,Yes,,,Retired,25661.0,2659,No,0,,NA,1,Created
4294,2011-01-01,4294,Male,59,1952-01-26,0.00717,Divorced,0,,,No,,,Flexible contract,31130.0,485865,No,0,,NA,1,Created
4295,2011-01-01,4295,Male,27,1984-08-06,0.00044,Married,831,,2049-04-06,No,,,Permanent contract,41988.0,2877,Yes,2,,NA,1,Created
4296,2011-01-01,4296,Female,44,1967-07-29,0.00107,Married,873,,2015-07-05,No,,,Permanent contract,87578.0,95102,Yes,1,44.0,2011-10-03,1,Created
18000,2011-10-03,4296,Female,45,1967-07-29,0.00107,Married,873,,2015-07-05,No,,,Permanent contract,87578.0,95102,Yes,2,44,2011-10-03,1,Life event: Children born
4297,2011-01-01,4297,Male,61,1950-10-09,0.00747,Divorced,0,,,No,,,Entrepreneur with personel,19363.0,31544,No,0,,NA,1,Created
4298,2011-01-01,4298,Female,32,1979-03-26,0.00041,Single,0,,,No,,,Permanent contract,75127.0,12160,Yes,0,35.0,2014-04-06,1,Created
4299,2011-01-01,4299,Male,20,1991-01-25,0.00045,Single,0,,,Yes,30.0,2021-09-13,Permanent contract,31373.0,-2122,Yes,0,,NA,1,Created
4300,2011-01-01,4300,Male,70,1941-09-06,0.01932,Married,832,,2045-12-29,No,,,Retired,45401.0,2319,No,1,,NA,1,Created
4301,2011-01-01,4301,Male,28,1983-09-10,0.00045,Single,0,,,No,,,Permanent contract,14768.0,149161,No,0,,NA,1,Created
4302,2011-01-01,4302,Female,35,1976-07-23,0.00033999999999999997,Single,0,,,No,,,Permanent contract,92873.0,262806,Yes,0,38.0,2014-10-28,1,Created
4303,2011-01-01,4303,Female,41,1970-01-28,0.0007700000000000001,Single,0,,,Yes,35.0,,Entrepreneur without personnel,66062.0,41018,No,0,,NA,1,Created
4304,2011-01-01,4304,Male,47,1964-03-28,0.00186,Married,833,,2028-01-25,Yes,,,Permanent contract,1043.0,39984,Yes,1,,NA,1,Created
4305,2011-01-01,4305,Male,62,1949-03-02,0.008409999999999999,Married,834,,2045-01-16,No,,,Permanent contract,1580.0,56110,No,1,,NA,1,Created
4306,2011-01-01,4306,Male,42,1969-06-13,0.00128,Single,0,,,No,,,Permanent contract,2688.0,-28357,No,0,,NA,1,Created
4307,2011-01-01,4307,Female,78,1933-10-09,0.02817,Married,874,,2059-03-01,Yes,,,Retired,13054.0,401447,No,3,,NA,1,Created
4308,2011-01-01,4308,Male,54,1957-09-20,0.00404,Married,835,,2059-10-02,Yes,,,Permanent contract,9114.0,21280,No,1,,NA,1,Created
4309,2011-01-01,4309,Female,69,1942-05-10,0.0108,Married,875,,2018-07-09,Yes,,,Retired,30425.0,4416,Yes,2,,NA,1,Created
4310,2011-01-01,4310,Male,99,1912-05-19,0.39916999999999997,Widowed,0,,,No,,,Retired,14605.0,28868,Yes,0,,NA,1,Created
4311,2011-01-01,4311,Female,64,1947-08-03,0.00713,Married,876,,2034-12-26,Yes,,,Permanent contract,71972.0,604772,Yes,1,,NA,1,Created
17733,2011-08-03,4311,Female,65,1947-08-03,0.00713,Married,876,,2034-12-26,Yes,,,Retired,50380.399999999994,604772,Yes,1,,NA,1,Life event: Retired
4312,2011-01-01,4312,Male,18,1993-11-03,0.00032,Single,0,,,No,,,Flexible contract,46549.0,17981,Yes,0,,NA,1,Created
4313,2011-01-01,4313,Female,27,1984-01-11,0.00025,Single,0,,,No,,,Entrepreneur without personnel,45769.0,-1389,No,0,,NA,1,Created
4314,2011-01-01,4314,Female,63,1948-01-31,0.00672,Divorced,0,,,Yes,,,Permanent contract,112792.0,-17933,No,0,,NA,1,Created
18486,2012-01-31,4314,Female,65,1948-01-31,0.00672,Divorced,0,,,Yes,,,Retired,78954.4,-17933,No,0,,NA,1,Life event: Retired
4315,2011-01-01,4315,Male,70,1941-08-09,0.01932,Widowed,0,,,Yes,,,Retired,277.0,334665,Yes,0,,NA,1,Created
4316,2011-01-01,4316,Male,6,2005-01-23,5.9999999999999995e-05,Single,0,,,No,,,Child,0.0,0,No,0,,NA,1,Created
4317,2011-01-01,4317,Male,53,1958-07-24,0.0033299999999999996,Married,836,,2045-06-06,Yes,,,Permanent contract,20478.0,-42937,No,2,,NA,1,Created
4318,2011-01-01,4318,Male,45,1966-09-20,0.0014199999999999998,Married,837,,2036-08-20,No,,,Permanent contract,98768.0,15015,No,2,,NA,1,Created
4319,2011-01-01,4319,Female,30,1981-08-13,0.00027,Single,0,,,No,,,Permanent contract,35498.0,384830,No,0,40.0,2021-08-21,1,Created
4320,2011-01-01,4320,Female,64,1947-06-10,0.00713,Married,877,,2032-03-01,No,,,Permanent contract,28334.0,-39110,Yes,2,,NA,1,Created
17485,2011-06-10,4320,Female,65,1947-06-10,0.00713,Married,877,,2032-03-01,No,,,Retired,19833.8,-39110,Yes,2,,NA,1,Life event: Retired
4321,2011-01-01,4321,Female,35,1976-05-16,0.00033999999999999997,Divorced,0,,,No,,,Permanent contract,25157.0,19749,No,0,37.0,2013-03-17,1,Created
4322,2011-01-01,4322,Female,69,1942-07-25,0.0108,Widowed,0,,,No,,,Retired,6840.0,1287,No,0,,NA,1,Created
4323,2011-01-01,4323,Female,81,1930-04-14,0.04307,Widowed,0,,,No,,,Retired,1496.0,23918,Yes,0,,NA,1,Created
4324,2011-01-01,4324,Female,24,1987-12-24,0.00018999999999999998,Single,0,,,Yes,43.0,2030-07-26,Entrepreneur with personel,15708.0,199,Yes,0,32.0,2019-09-21,1,Created
4325,2011-01-01,4325,Male,68,1943-08-08,0.01522,Married,838,,2049-12-26,Yes,,,Retired,3192.0,-36433,No,1,,NA,1,Created
4326,2011-01-01,4326,Female,28,1983-06-17,0.00025,Single,0,,,Yes,25.0,,Unemployed,15051.0,726,No,0,30.0,2013-09-19,1,Created
4327,2011-01-01,4327,Male,60,1951-12-31,0.006840000000000001,Married,839,,2044-04-11,Yes,,,Flexible contract,42174.0,792,No,2,,NA,1,Created
4328,2011-01-01,4328,Female,2,2009-08-15,0.00015,Single,0,,,No,,,Child,0.0,0,Yes,0,34.0,2043-10-07,1,Created
4329,2011-01-01,4329,Male,97,1914-09-02,0.30383000000000004,Widowed,0,,,No,,,Retired,8498.0,95644,Yes,0,,NA,1,Created
4330,2011-01-01,4330,Female,29,1982-07-21,0.00032,Single,0,,,No,,,Permanent contract,21910.0,-48973,Yes,0,34.0,2016-04-14,1,Created
4331,2011-01-01,4331,Male,75,1936-12-01,0.033710000000000004,Married,840,,2015-03-07,No,,,Retired,7311.0,82482,No,3,,NA,1,Created
4332,2011-01-01,4332,Female,9,2002-11-08,2.9999999999999997e-05,Single,0,,,Yes,39.0,2041-07-17,Child,0.0,0,No,0,29.0,2031-09-05,1,Created
4333,2011-01-01,4333,Male,76,1935-02-07,0.0375,Widowed,0,,,Yes,,,Retired,124938.0,128242,Yes,0,,NA,1,Created
4334,2011-01-01,4334,Male,65,1946-11-21,0.01141,Married,841,,2059-03-05,No,,,Permanent contract,17959.0,256847,Yes,2,,NA,1,Created
18205,2011-11-21,4334,Male,66,1946-11-21,0.01141,Married,841,,2059-03-05,No,,,Retired,12571.3,256847,Yes,2,,NA,1,Life event: Retired
4335,2011-01-01,4335,Female,0,2011-05-25,0.0028899999999999998,Single,0,,,No,,,Child,0.0,0,No,0,33.0,2044-01-31,1,Created
4336,2011-01-01,4336,Male,17,1994-12-19,0.00022999999999999998,Single,0,,,Yes,33.0,2027-12-20,Child,0.0,0,No,0,,NA,1,Created
18317,2011-12-19,4336,Male,18,1994-12-19,0.00022999999999999998,Single,0,,,No,,,Entrepreneur without personnel,56413.0,482255,No,0,,NA,1,Life event: Adulthood
4337,2011-01-01,4337,Male,15,1996-12-02,0.00015,Single,0,,,Yes,28.0,2024-01-24,Child,0.0,0,Yes,0,,NA,1,Created
4338,2011-01-01,4338,Female,16,1995-01-23,8e-05,Single,0,,,Yes,25.0,2020-06-08,Child,0.0,0,Yes,0,41.0,2036-02-19,1,Created
18463,2012-01-23,4338,Female,18,1995-01-23,8e-05,Single,0,,,No,,,Permanent contract,48937.0,1569,Yes,0,41,2036-02-19,1,Life event: Adulthood
4339,2011-01-01,4339,Male,13,1998-10-27,0.00014,Single,0,,,Yes,35.0,2033-09-30,Child,0.0,0,Yes,0,,NA,1,Created
4340,2011-01-01,4340,Female,62,1949-05-26,0.0057399999999999994,Married,878,,2053-10-26,No,,,Permanent contract,36512.0,282720,No,2,,NA,1,Created
4341,2011-01-01,4341,Female,50,1961-10-16,0.00225,Married,879,,2024-08-04,No,,,Flexible contract,99620.0,69517,Yes,1,,NA,1,Created
4342,2011-01-01,4342,Male,48,1963-10-11,0.0021100000000000003,Married,842,,2047-12-30,No,,,Permanent contract,17317.0,534773,No,1,,NA,1,Created
4343,2011-01-01,4343,Male,60,1951-07-17,0.006840000000000001,Married,843,,2066-06-11,No,,,Permanent contract,77867.0,-6671,No,1,,NA,1,Created
4344,2011-01-01,4344,Male,67,1944-03-09,0.01396,Married,844,,2066-04-08,No,,,Entrepreneur with personel,171447.0,75334,Yes,1,,NA,1,Created
17037,2011-03-09,4344,Male,68,1944-03-09,0.01396,Married,844,,2066-04-08,No,,,Retired,120012.9,75334,Yes,1,,NA,1,Life event: Retired
4345,2011-01-01,4345,Male,54,1957-07-05,0.00404,Married,845,,2040-09-08,No,,,Permanent contract,18989.0,1584606,No,3,,NA,1,Created
4346,2011-01-01,4346,Female,54,1957-01-28,0.00313,Married,880,,2051-06-04,No,,,Entrepreneur without personnel,21933.0,392864,Yes,1,,NA,1,Created
4347,2011-01-01,4347,Male,32,1979-12-23,0.00059,Divorced,0,,,Yes,,,Permanent contract,27878.0,823904,No,0,,NA,1,Created
4348,2011-01-01,4348,Female,67,1944-01-01,0.00974,Married,881,,2035-01-28,No,,,Permanent contract,23429.0,-1960,No,1,,NA,1,Created
16656,2011-01-01,4348,Female,68,1944-01-01,0.00974,Married,881,,2035-01-28,No,,,Retired,16400.3,-1960,No,1,,NA,1,Life event: Retired
4349,2011-01-01,4349,Female,60,1951-12-08,0.00541,Married,882,,2017-01-26,No,,,Permanent contract,48925.0,341590,Yes,1,,NA,1,Created
4350,2011-01-01,4350,Male,84,1927-06-23,0.09176000000000001,Married,846,,2042-06-06,No,,,Retired,16452.0,376,Yes,3,,NA,1,Created
4351,2011-01-01,4351,Female,76,1935-09-30,0.02337,Married,883,,2070-08-13,No,,,Retired,30844.0,715474,Yes,2,,NA,1,Created
4352,2011-01-01,4352,Male,35,1976-03-05,0.00055,Married,847,,2017-08-02,No,,,Permanent contract,29612.0,290939,Yes,2,,NA,1,Created
4353,2011-01-01,4353,Male,83,1928-04-07,0.08242999999999999,Married,848,,2024-12-11,No,,,Retired,15925.0,-32933,No,1,,NA,1,Created
4354,2011-01-01,4354,Male,51,1960-09-13,0.00301,Married,849,,2025-06-22,No,,,Permanent contract,29959.0,338088,Yes,1,,NA,1,Created
4355,2011-01-01,4355,Male,36,1975-05-28,0.0006,Married,850,,2041-10-29,No,,,Permanent contract,69019.0,71865,Yes,1,,NA,1,Created
4356,2011-01-01,4356,Male,3,2008-08-22,0.0002,Single,0,,,Yes,30.0,2038-05-02,Child,0.0,0,No,0,,NA,1,Created
4357,2011-01-01,4357,Female,53,1958-04-20,0.00312,Married,884,,2029-09-13,Yes,,,Permanent contract,35776.0,776,Yes,1,,NA,1,Created
4358,2011-01-01,4358,Female,29,1982-06-04,0.00032,Single,0,,,Yes,49.0,2031-09-14,Entrepreneur without personnel,40478.0,-3643,No,0,36.0,2018-08-03,1,Created
4359,2011-01-01,4359,Male,11,2000-06-21,9e-05,Single,0,,,Yes,32.0,2032-02-07,Child,0.0,0,No,0,,NA,1,Created
4360,2011-01-01,4360,Male,58,1953-01-24,0.00603,Single,0,,,Yes,25.0,,Entrepreneur without personnel,34208.0,451339,Yes,0,,NA,1,Created
4361,2011-01-01,4361,Female,28,1983-11-12,0.00025,Single,0,,,Yes,26.0,,Permanent contract,35004.0,462147,No,0,28.0,2011-02-10,1,Created
4362,2011-01-01,4362,Male,48,1963-01-21,0.0021100000000000003,Married,851,,2025-10-06,No,,,Permanent contract,38595.0,12884,Yes,2,,NA,1,Created
4363,2011-01-01,4363,Male,1,2010-07-26,0.00056,Single,0,,,No,,,Child,0.0,0,Yes,0,,NA,1,Created
4364,2011-01-01,4364,Female,17,1994-01-23,0.0001,Single,0,,,No,,,Child,0.0,0,Yes,0,39.0,2033-05-23,1,Created
16786,2011-01-23,4364,Female,18,1994-01-23,0.0001,Single,0,,,Yes,45,2038-02-06,Entrepreneur with personel,11471.0,-35480,Yes,0,39,2033-05-23,1,Life event: Adulthood
4365,2011-01-01,4365,Male,43,1968-06-28,0.00103,Married,852,,2049-12-05,No,,,Permanent contract,45205.0,15532,No,1,,NA,1,Created
17224,2011-04-17,4365,Male,43,1968-06-28,0.00103,Widowed,852,,2049-12-05,No,,,Permanent contract,45205.0,15532,No,1,,NA,1,Life event: Widowed
4366,2011-01-01,4366,Female,23,1988-12-25,0.0001,Single,0,,,Yes,58.0,2046-10-30,Permanent contract,32451.0,100281,Yes,0,41.0,2029-10-17,1,Created
4367,2011-01-01,4367,Male,5,2006-12-20,9e-05,Single,0,,,No,,,Child,0.0,0,Yes,0,,NA,1,Created
4368,2011-01-01,4368,Female,54,1957-11-27,0.00313,Married,885,,2060-12-06,Yes,,,Flexible contract,129531.0,126,No,2,,NA,1,Created
4369,2011-01-01,4369,Male,24,1987-10-08,0.00047999999999999996,Single,0,,,Yes,33.0,2020-11-01,Permanent contract,19279.0,45185,No,0,,NA,1,Created
4370,2011-01-01,4370,Male,14,1997-10-20,0.00014,Single,0,,,Yes,25.0,2022-02-02,Child,0.0,0,No,0,,NA,1,Created
4371,2011-01-01,4371,Female,60,1951-01-13,0.00541,Married,886,,2049-06-30,Yes,,,Flexible contract,92279.0,244796,No,1,,NA,1,Created
4372,2011-01-01,4372,Male,36,1975-07-24,0.0006,Married,853,,2038-01-03,No,,,Permanent contract,14166.0,175448,No,2,,NA,1,Created
4373,2011-01-01,4373,Female,73,1938-01-13,0.01577,Married,887,,2013-05-14,No,,,Retired,38052.0,7348,Yes,2,,NA,1,Created
4374,2011-01-01,4374,Female,28,1983-12-11,0.00025,Single,0,,,No,,,Permanent contract,53382.0,247641,No,0,37.0,2020-09-28,1,Created
4375,2011-01-01,4375,Male,14,1997-10-29,0.00014,Single,0,,,No,,,Child,0.0,0,No,0,,NA,1,Created
4376,2011-01-01,4376,Male,55,1956-04-18,0.00419,Divorced,0,,,No,,,Flexible contract,38862.0,15083,No,0,,NA,1,Created
4377,2011-01-01,4377,Female,13,1998-01-08,0.00011999999999999999,Single,0,,,No,,,Child,0.0,0,Yes,0,28.0,2026-11-13,1,Created
4378,2011-01-01,4378,Male,51,1960-10-29,0.00301,Married,854,,2037-08-04,No,,,Entrepreneur with personel,940.0,200511,Yes,3,,NA,1,Created
4379,2011-01-01,4379,Female,83,1928-11-29,0.057,Married,888,,2035-08-15,No,,,Retired,40681.0,129489,Yes,1,,NA,1,Created
4380,2011-01-01,4380,Female,84,1927-06-19,0.06362999999999999,Single,0,,,No,,,Retired,28941.0,54345,No,0,,NA,1,Created
4381,2011-01-01,4381,Male,6,2005-07-06,5.9999999999999995e-05,Single,0,,,Yes,26.0,2031-07-05,Child,0.0,0,No,0,,NA,1,Created
4382,2011-01-01,4382,Male,31,1980-05-16,0.00041,Married,855,,2056-11-25,Yes,,,Unemployed,60404.0,505,Yes,3,,NA,1,Created
4383,2011-01-01,4383,Female,60,1951-04-09,0.00541,Single,0,,,Yes,41.0,,Permanent contract,11737.0,39149,Yes,0,,NA,1,Created
4384,2011-01-01,4384,Male,41,1970-10-07,0.0008900000000000001,Single,0,,,No,,,Permanent contract,49315.0,90195,No,0,,NA,1,Created
4385,2011-01-01,4385,Male,56,1955-10-24,0.0052,Single,0,,,No,,,Permanent contract,7177.0,31564,No,0,,NA,1,Created
4386,2011-01-01,4386,Male,64,1947-02-24,0.01097,Married,856,,2017-08-18,No,,,Permanent contract,34027.0,1551,Yes,1,,NA,1,Created
16963,2011-02-24,4386,Male,65,1947-02-24,0.01097,Married,856,,2017-08-18,No,,,Retired,23818.899999999998,1551,Yes,1,,NA,1,Life event: Retired
4387,2011-01-01,4387,Female,40,1971-08-14,0.0006900000000000001,Married,889,,2052-04-29,No,,,Permanent contract,1819.0,112415,Yes,1,,NA,1,Created
4388,2011-01-01,4388,Male,40,1971-06-01,0.0009400000000000001,Married,857,,2020-01-06,No,,,Permanent contract,17627.0,387075,Yes,2,,NA,1,Created
4389,2011-01-01,4389,Male,3,2008-10-06,0.0002,Single,0,,,Yes,48.0,2056-02-08,Child,0.0,0,Yes,0,,NA,1,Created
4390,2011-01-01,4390,Female,62,1949-11-14,0.0057399999999999994,Married,890,,2058-03-16,Yes,,,Entrepreneur with personel,14870.0,347395,Yes,1,,NA,1,Created
4391,2011-01-01,4391,Male,98,1913-10-22,0.33792,Widowed,0,,,No,,,Retired,34238.0,8145,No,0,,NA,1,Created
19194,2012-10-27,4391,Male,100,1913-10-22,0.33792,Widowed,0,,,No,,,Retired,34238.0,8145,No,0,,NA,0,Life event: Deceased
4392,2011-01-01,4392,Male,63,1948-08-18,0.00945,Divorced,0,,,Yes,,,Permanent contract,29534.0,61989,No,0,,NA,1,Created
19020,2012-08-18,4392,Male,65,1948-08-18,0.00945,Divorced,0,,,Yes,,,Retired,20673.8,61989,No,0,,NA,1,Life event: Retired
4393,2011-01-01,4393,Female,22,1989-04-23,0.00023999999999999998,Single,0,,,Yes,41.0,2030-11-26,Permanent contract,7711.0,393870,Yes,0,39.0,2028-03-11,1,Created
4394,2011-01-01,4394,Male,47,1964-07-27,0.00186,Single,0,,,Yes,27.0,,Permanent contract,13792.0,86464,No,0,,NA,1,Created
4395,2011-01-01,4395,Male,65,1946-10-24,0.01141,Married,858,,2038-11-10,Yes,,,Flexible contract,25846.0,-29289,Yes,2,,NA,1,Created
18094,2011-10-24,4395,Male,66,1946-10-24,0.01141,Married,858,,2038-11-10,Yes,,,Retired,18092.199999999997,-29289,Yes,2,,NA,1,Life event: Retired
18590,2012-03-15,4395,Male,66,1946-10-24,0.01141,Married,858,,2038-11-10,Yes,,,Retired,18092.199999999997,-29289,Yes,2,,NA,0,Life event: Deceased
4396,2011-01-01,4396,Male,69,1942-07-01,0.01804,Married,859,,2053-03-15,Yes,,,Retired,32341.0,413469,Yes,2,,NA,1,Created
4397,2011-01-01,4397,Male,40,1971-03-22,0.0009400000000000001,Married,860,,2031-05-21,Yes,,,Permanent contract,16750.0,-13535,Yes,2,,NA,1,Created
4398,2011-01-01,4398,Male,63,1948-04-16,0.00945,Divorced,0,,,No,,,Permanent contract,87609.0,311293,No,0,,NA,1,Created
18676,2012-04-16,4398,Male,65,1948-04-16,0.00945,Divorced,0,,,No,,,Retired,61326.299999999996,311293,No,0,,NA,1,Life event: Retired
4399,2011-01-01,4399,Female,3,2008-09-29,0.00013000000000000002,Single,0,,,Yes,28.0,2036-05-29,Child,0.0,0,Yes,0,21.0,2029-05-29,1,Created
4400,2011-01-01,4400,Female,7,2004-10-12,7e-05,Single,0,,,No,,,Child,0.0,0,No,0,28.0,2032-01-22,1,Created
4401,2011-01-01,4401,Male,26,1985-04-25,1.0,Single,0,,,Yes,38.0,2023-03-18,Permanent contract,12397.0,107026,Yes,0,,NA,1,Created
18420,2012-01-13,4401,Male,27,1985-04-25,1.0,Single,0,,,Yes,38,2023-03-18,Permanent contract,12397.0,107026,Yes,0,,NA,0,Life event: Deceased
4402,2011-01-01,4402,Male,60,1951-07-27,0.006840000000000001,Married,861,,2066-05-16,No,,,Flexible contract,103.0,-44905,Yes,1,,NA,1,Created
4403,2011-01-01,4403,Female,3,2008-09-16,0.00013000000000000002,Single,0,,,No,,,Child,0.0,0,No,0,44.0,2052-09-18,1,Created
4404,2011-01-01,4404,Female,32,1979-11-04,0.00041,Single,0,,,No,,,Permanent contract,14976.0,261384,Yes,0,,NA,1,Created
4405,2011-01-01,4405,Female,38,1973-07-18,0.00063,Single,0,,,Yes,25.0,,Permanent contract,8037.0,466824,No,0,,NA,1,Created
4406,2011-01-01,4406,Male,52,1959-06-16,0.00314,Single,0,,,No,,,Family business,17814.0,555,No,0,,NA,1,Created
4407,2011-01-01,4407,Male,42,1969-05-14,0.00128,Single,0,,,No,,,Permanent contract,536.0,87218,No,0,,NA,1,Created
4408,2011-01-01,4408,Male,19,1992-03-05,0.00033,Single,0,,,Yes,54.0,2046-10-08,Flexible contract,134841.0,3567,Yes,0,,NA,1,Created
4409,2011-01-01,4409,Female,57,1954-09-20,0.00387,Married,891,,2022-12-06,Yes,,,Flexible contract,12274.0,-2255,No,1,,NA,1,Created
4410,2011-01-01,4410,Female,72,1939-08-21,0.01411,Widowed,0,,,Yes,,,Retired,17281.0,5185,No,0,,NA,1,Created
4411,2011-01-01,4411,Female,70,1941-06-29,0.01252,Married,892,,2050-11-30,No,,,Retired,48247.0,236978,No,2,,NA,1,Created
4412,2011-01-01,4412,Male,92,1919-08-25,0.21226,Widowed,0,,,No,,,Retired,20863.0,6201,No,0,,NA,1,Created
4413,2011-01-01,4413,Male,59,1952-05-06,0.00717,Married,862,,2022-07-07,Yes,,,Permanent contract,73140.0,434562,Yes,2,,NA,1,Created
4414,2011-01-01,4414,Male,61,1950-10-17,0.00747,Married,863,,2030-06-20,No,,,Permanent contract,29508.0,6235,No,1,,NA,1,Created
4415,2011-01-01,4415,Male,17,1994-02-01,0.00022999999999999998,Single,0,,,Yes,31.0,2025-07-26,Child,0.0,0,No,0,,NA,1,Created
16833,2011-02-01,4415,Male,18,1994-02-01,0.00022999999999999998,Single,0,,,No,,,Permanent contract,63534.0,1006,No,0,,NA,1,Life event: Adulthood
4416,2011-01-01,4416,Male,102,1909-09-08,1.0,Widowed,0,,,No,,,Retired,32395.0,474,Yes,0,,NA,1,Created
18112,2011-10-30,4416,Male,103,1909-09-08,1.0,Widowed,0,,,No,,,Retired,32395.0,474,Yes,0,,NA,0,Life event: Deceased
4417,2011-01-01,4417,Female,3,2008-01-13,0.00013000000000000002,Single,0,,,No,,,Child,0.0,0,No,0,27.0,2035-09-13,1,Created
4418,2011-01-01,4418,Female,29,1982-09-14,0.00032,Single,0,,,Yes,35.0,2017-11-09,Permanent contract,9646.0,51754,No,0,30.0,2012-03-20,1,Created
4419,2011-01-01,4419,Male,80,1931-03-14,0.05987000000000001,Married,864,,2049-09-07,Yes,,,Retired,17514.0,3342,Yes,1,,NA,1,Created
4420,2011-01-01,4420,Male,56,1955-05-22,0.0052,Single,0,,,No,,,Flexible contract,48961.0,302465,Yes,0,,NA,1,Created
4421,2011-01-01,4421,Male,49,1962-11-23,0.00242,Married,865,,2017-02-18,No,,,Permanent contract,8514.0,13624,Yes,2,,NA,1,Created
4422,2011-01-01,4422,Female,46,1965-02-05,0.00134,Married,893,,2055-01-13,No,,,Entrepreneur with personel,98530.0,3559,No,2,,NA,1,Created
4423,2011-01-01,4423,Female,30,1981-11-10,0.00027,Single,0,,,Yes,53.0,2034-05-09,Flexible contract,187115.0,238858,No,0,,NA,1,Created
4424,2011-01-01,4424,Male,31,1980-04-13,0.00041,Married,866,,2067-09-03,Yes,,,Flexible contract,23968.0,874126,No,1,,NA,1,Created
4425,2011-01-01,4425,Female,21,1990-11-06,0.00016,Single,0,,,No,,,Permanent contract,79962.0,477709,No,0,33.0,2023-06-18,1,Created
4426,2011-01-01,4426,Male,2,2009-06-14,0.00021,Single,0,,,Yes,49.0,2058-05-17,Child,0.0,0,No,0,,NA,1,Created
4427,2011-01-01,4427,Male,8,2003-04-25,9e-05,Single,0,,,Yes,29.0,2032-04-19,Child,0.0,0,Yes,0,,NA,1,Created
4428,2011-01-01,4428,Male,55,1956-05-20,0.00419,Married,867,,2029-08-15,Yes,,,Flexible contract,36679.0,117483,No,1,,NA,1,Created
4429,2011-01-01,4429,Male,48,1963-10-05,0.0021100000000000003,Married,868,,2011-09-18,No,,,Permanent contract,10112.0,193392,No,3,,NA,1,Created
17937,2011-09-18,4429,Male,48,1963-10-05,0.0021100000000000003,Divorced,868,,2011-09-18,No,,,Permanent contract,10112.0,193392,No,3,,NA,1,Life event: Divorced
4430,2011-01-01,4430,Male,20,1991-01-01,0.00045,Single,0,,,Yes,44.0,2035-05-23,Permanent contract,63531.0,425075,No,0,,NA,1,Created
4431,2011-01-01,4431,Female,1,2010-11-09,0.00033999999999999997,Single,0,,,No,,,Child,0.0,0,Yes,0,27.0,2037-08-02,1,Created
4432,2011-01-01,4432,Male,2,2009-12-07,0.00021,Single,0,,,Yes,31.0,2040-10-07,Child,0.0,0,No,0,,NA,1,Created
4433,2011-01-01,4433,Male,68,1943-12-14,0.01522,Married,869,,2036-10-09,Yes,,,Retired,1344.0,2850,Yes,2,,NA,1,Created
4434,2011-01-01,4434,Female,74,1937-01-31,0.0185,Married,894,,2046-11-17,No,,,Retired,46221.0,1104672,No,1,,NA,1,Created
4435,2011-01-01,4435,Male,49,1962-11-27,0.00242,Married,870,,2054-02-01,No,,,Flexible contract,25646.0,867689,No,1,,NA,1,Created
4436,2011-01-01,4436,Male,72,1939-09-19,0.02384,Widowed,0,,,Yes,,,Retired,9322.0,-3113,No,0,,NA,1,Created
4437,2011-01-01,4437,Male,22,1989-09-03,0.00041,Single,0,,,No,,,Entrepreneur without personnel,37058.0,1166,No,0,,NA,1,Created
4438,2011-01-01,4438,Male,48,1963-04-02,0.0021100000000000003,Married,871,,2030-02-12,No,,,Permanent contract,15354.0,-22692,No,1,,NA,1,Created
4439,2011-01-01,4439,Male,46,1965-05-10,0.00172,Married,872,,2034-01-21,Yes,,,Permanent contract,38415.0,110504,Yes,1,,NA,1,Created
4440,2011-01-01,4440,Female,58,1953-09-19,0.00448,Married,895,,2041-08-18,No,,,Unemployed,19284.0,-15764,Yes,3,,NA,1,Created
4441,2011-01-01,4441,Female,12,1999-12-05,5e-05,Single,0,,,No,,,Child,0.0,0,Yes,0,37.0,2036-08-26,1,Created
4442,2011-01-01,4442,Male,70,1941-11-27,0.01932,Widowed,0,,,No,,,Retired,23138.0,-37421,Yes,0,,NA,1,Created
4443,2011-01-01,4443,Female,51,1960-01-20,0.0023899999999999998,Married,896,,2024-10-02,No,,,Entrepreneur without personnel,9315.0,426849,No,2,,NA,1,Created
4444,2011-01-01,4444,Female,55,1956-08-20,0.00372,Married,897,,2020-06-12,Yes,,,Flexible contract,69725.0,39942,Yes,1,,NA,1,Created
4445,2011-01-01,4445,Male,29,1982-03-13,0.0005200000000000001,Married,873,,2015-07-05,No,,,Permanent contract,648.0,7575,Yes,1,,NA,1,Created
4446,2011-01-01,4446,Female,20,1991-09-16,0.00018,Single,0,,,Yes,27.0,2018-07-25,Flexible contract,13080.0,117697,Yes,0,29.0,2020-12-10,1,Created
4447,2011-01-01,4447,Male,11,2000-02-01,9e-05,Single,0,,,No,,,Child,0.0,0,Yes,0,,NA,1,Created
4448,2011-01-01,4448,Male,20,1991-10-16,0.00045,Single,0,,,Yes,25.0,2016-07-19,Permanent contract,2157.0,86,Yes,0,,NA,1,Created
4449,2011-01-01,4449,Male,3,2008-11-30,0.0002,Single,0,,,No,,,Child,0.0,0,Yes,0,,NA,1,Created
4450,2011-01-01,4450,Male,73,1938-08-11,0.0262,Married,874,,2059-03-01,Yes,,,Retired,35127.0,19595,No,3,,NA,1,Created
4451,2011-01-01,4451,Female,10,2001-02-27,0.0001,Single,0,,,Yes,33.0,2034-09-30,Child,0.0,0,Yes,0,33.0,2034-04-03,1,Created
4452,2011-01-01,4452,Female,26,1985-11-09,1.0,Single,0,,,No,,,Entrepreneur with personel,39878.0,945,No,0,37.0,2022-12-26,1,Created
17925,2011-09-16,4452,Female,26,1985-11-09,1.0,Single,0,,,No,,,Entrepreneur with personel,39878.0,945,No,0,37,2022-12-26,0,Life event: Deceased
4453,2011-01-01,4453,Female,89,1922-03-09,0.11775999999999999,Married,898,,2055-04-05,Yes,,,Retired,6294.0,8221,Yes,2,,NA,1,Created
4454,2011-01-01,4454,Female,50,1961-03-28,0.00225,Married,899,,2058-09-10,No,,,Permanent contract,11514.0,574,No,2,,NA,1,Created
4455,2011-01-01,4455,Male,33,1978-03-04,0.00047999999999999996,Married,875,,2018-07-09,No,,,Flexible contract,20560.0,-40834,Yes,2,,NA,1,Created
4456,2011-01-01,4456,Female,79,1932-08-18,0.03112,Married,900,,2018-04-01,No,,,Retired,16288.0,-2040,No,1,,NA,1,Created
4457,2011-01-01,4457,Male,31,1980-03-19,0.00041,Single,0,,,Yes,26.0,,Flexible contract,27947.0,169473,No,0,,NA,1,Created
4458,2011-01-01,4458,Female,14,1997-02-01,9e-05,Single,0,,,No,,,Child,0.0,0,No,0,36.0,2033-11-28,1,Created
4459,2011-01-01,4459,Male,0,2011-12-18,0.0036200000000000004,Single,0,,,No,,,Child,0.0,0,Yes,0,,NA,1,Created
4460,2011-01-01,4460,Male,59,1952-08-16,0.00717,Widowed,0,,,Yes,,,Unemployed,20271.0,65,Yes,0,,NA,1,Created
4461,2011-01-01,4461,Male,39,1972-02-22,0.0008699999999999999,Single,0,,,No,,,Entrepreneur with personel,39162.0,89845,Yes,0,,NA,1,Created
4462,2011-01-01,4462,Male,54,1957-07-17,0.00404,Married,876,,2034-12-26,No,,,Entrepreneur without personnel,25970.0,15896,Yes,1,,NA,1,Created
4463,2011-01-01,4463,Female,49,1962-08-03,0.00193,Married,901,,2026-06-07,No,,,Permanent contract,24508.0,1397,No,2,,NA,1,Created
4464,2011-01-01,4464,Male,50,1961-04-11,0.00257,Married,877,,2032-03-01,Yes,,,Permanent contract,4955.0,1620714,Yes,2,,NA,1,Created
4465,2011-01-01,4465,Female,51,1960-03-06,0.0023899999999999998,Married,902,,2031-12-28,No,,,Flexible contract,8291.0,172338,Yes,2,,NA,1,Created
4466,2011-01-01,4466,Male,53,1958-11-18,0.0033299999999999996,Married,878,,2053-10-26,No,,,Permanent contract,26117.0,46692,No,2,,NA,1,Created
4467,2011-01-01,4467,Male,20,1991-08-25,0.00045,Single,0,,,No,,,Permanent contract,33119.0,35493,Yes,0,,NA,1,Created
4468,2011-01-01,4468,Male,42,1969-02-19,0.00128,Single,0,,,No,,,Entrepreneur without personnel,32206.0,10359,Yes,0,,NA,1,Created
4469,2011-01-01,4469,Male,66,1945-01-01,0.01401,Single,0,,,Yes,38.0,,Flexible contract,5728.0,68394,No,0,,NA,1,Created
16657,2011-01-01,4469,Male,67,1945-01-01,0.01401,Single,0,,,Yes,38,,Retired,4009.6,68394,No,0,,NA,1,Life event: Retired
4470,2011-01-01,4470,Female,87,1924-07-22,0.09331,Widowed,0,,,Yes,,,Retired,33551.0,160270,No,0,,NA,1,Created
17354,2011-05-14,4470,Female,87,1924-07-22,0.09331,Widowed,0,,,Yes,,,Retired,33551.0,160270,No,0,,NA,0,Life event: Deceased
4471,2011-01-01,4471,Male,57,1954-03-06,0.00572,Married,879,,2024-08-04,No,,,Permanent contract,37374.0,4064,Yes,1,,NA,1,Created
4472,2011-01-01,4472,Male,26,1985-03-02,1.0,Single,0,,,Yes,35.0,2020-04-17,Unemployed,31156.0,46363,Yes,0,,NA,1,Created
17634,2011-07-11,4472,Male,27,1985-03-02,1.0,Single,0,,,Yes,35,2020-04-17,Unemployed,31156.0,46363,Yes,0,,NA,0,Life event: Deceased
4473,2011-01-01,4473,Male,59,1952-03-21,0.00717,Single,0,,,No,,,Permanent contract,33314.0,31315,Yes,0,,NA,1,Created
4474,2011-01-01,4474,Male,8,2003-10-09,9e-05,Single,0,,,No,,,Child,0.0,0,No,0,,NA,1,Created
4475,2011-01-01,4475,Female,64,1947-03-07,0.00713,Divorced,0,,,No,,,Permanent contract,353.0,2017639,Yes,0,,NA,1,Created
17030,2011-03-07,4475,Female,65,1947-03-07,0.00713,Divorced,0,,,No,,,Retired,247.1,2017639,Yes,0,,NA,1,Life event: Retired
4476,2011-01-01,4476,Male,72,1939-07-25,0.02384,Married,880,,2051-06-04,No,,,Retired,7508.0,38704,Yes,1,,NA,1,Created
4477,2011-01-01,4477,Male,82,1929-08-25,0.07771,Single,0,,,No,,,Retired,45576.0,55951,Yes,0,,NA,1,Created
4478,2011-01-01,4478,Female,28,1983-08-01,0.00025,Single,0,,,Yes,40.0,2023-11-12,Entrepreneur without personnel,25193.0,11962,Yes,0,32.0,2015-10-04,1,Created
4479,2011-01-01,4479,Female,61,1950-03-04,0.00562,Married,903,,2011-01-02,Yes,,,Entrepreneur with personel,14542.0,268015,No,1,,NA,1,Created
16658,2011-01-02,4479,Female,61,1950-03-04,0.00562,Divorced,903,,2011-01-02,Yes,,,Entrepreneur with personel,14542.0,268015,No,1,,NA,1,Life event: Divorced
4480,2011-01-01,4480,Male,28,1983-07-26,0.00045,Single,0,,,No,,,Permanent contract,3355.0,-6955,No,0,,NA,1,Created
4481,2011-01-01,4481,Female,4,2007-06-15,5.9999999999999995e-05,Single,0,,,No,,,Child,0.0,0,Yes,0,31.0,2038-06-10,1,Created
4482,2011-01-01,4482,Female,4,2007-12-11,5.9999999999999995e-05,Single,0,,,Yes,35.0,2042-03-15,Child,0.0,0,No,0,22.0,2029-01-25,1,Created
4483,2011-01-01,4483,Female,44,1967-04-18,0.00107,Married,904,,2051-04-04,Yes,,,Flexible contract,48049.0,218857,No,2,,NA,1,Created
4484,2011-01-01,4484,Male,36,1975-01-24,0.0006,Married,881,,2035-01-28,No,,,Permanent contract,27614.0,427672,No,1,,NA,1,Created
4485,2011-01-01,4485,Male,45,1966-06-23,0.0014199999999999998,Married,882,,2017-01-26,Yes,,,Permanent contract,45751.0,580980,Yes,1,,NA,1,Created
4486,2011-01-01,4486,Male,4,2007-01-05,0.00011,Single,0,,,No,,,Child,0.0,0,Yes,0,,NA,1,Created
4487,2011-01-01,4487,Female,64,1947-02-13,0.00713,Married,905,,2047-04-16,Yes,,,Permanent contract,27456.0,-37855,Yes,3,,NA,1,Created
16903,2011-02-13,4487,Female,65,1947-02-13,0.00713,Married,905,,2047-04-16,Yes,,,Retired,19219.199999999997,-37855,Yes,3,,NA,1,Life event: Retired
4488,2011-01-01,4488,Female,12,1999-04-09,5e-05,Single,0,,,Yes,29.0,2028-03-11,Child,0.0,0,Yes,0,30.0,2029-09-28,1,Created
4489,2011-01-01,4489,Male,72,1939-04-11,0.02384,Single,0,,,Yes,41.0,,Retired,10226.0,173437,No,0,,NA,1,Created
4490,2011-01-01,4490,Male,68,1943-11-29,0.01522,Single,0,,,Yes,61.0,,Retired,53328.0,-46675,Yes,0,,NA,1,Created
4491,2011-01-01,4491,Male,28,1983-12-26,0.00045,Single,0,,,No,,,Permanent contract,69679.0,64,Yes,0,,NA,1,Created
4492,2011-01-01,4492,Female,57,1954-01-12,0.00387,Married,906,,2047-01-13,Yes,,,Unemployed,24320.0,-16650,Yes,1,,NA,1,Created
4493,2011-01-01,4493,Male,37,1974-10-17,0.00082,Married,883,,2070-08-13,No,,,Entrepreneur with personel,49059.0,-2796,Yes,2,,NA,1,Created
4494,2011-01-01,4494,Female,62,1949-11-12,0.0057399999999999994,Married,907,,2014-08-17,Yes,,,Permanent contract,19955.0,930867,Yes,2,,NA,1,Created
4495,2011-01-01,4495,Male,49,1962-01-11,0.00242,Single,0,,,No,,,Entrepreneur with personel,27750.0,337628,Yes,0,,NA,1,Created
4496,2011-01-01,4496,Female,69,1942-04-19,0.0108,Divorced,0,,,No,,,Retired,15035.0,232970,Yes,0,,NA,1,Created
4497,2011-01-01,4497,Female,61,1950-02-28,0.00562,Divorced,0,,,Yes,,,Entrepreneur without personnel,48112.0,469,Yes,0,,NA,1,Created
4498,2011-01-01,4498,Male,95,1916-05-21,0.25144,Widowed,0,,,No,,,Retired,41844.0,25552,Yes,0,,NA,1,Created
18445,2012-01-19,4498,Male,96,1916-05-21,0.25144,Widowed,0,,,No,,,Retired,41844.0,25552,Yes,0,,NA,0,Life event: Deceased
4499,2011-01-01,4499,Female,51,1960-10-06,0.0023899999999999998,Married,908,,2055-02-01,No,,,Permanent contract,15802.0,-39631,Yes,3,,NA,1,Created
19066,2012-09-02,4499,Female,52,1960-10-06,0.0023899999999999998,Married,908,,2055-02-01,No,,,Permanent contract,15802.0,-39631,Yes,3,,NA,0,Life event: Deceased
4500,2011-01-01,4500,Female,29,1982-04-28,0.00032,Single,0,,,Yes,27.0,,Permanent contract,23335.0,10300,No,0,,NA,1,Created
4501,2011-01-01,4501,Male,11,2000-12-12,9e-05,Single,0,,,Yes,27.0,2027-07-20,Child,0.0,0,Yes,0,,NA,1,Created
4502,2011-01-01,4502,Female,37,1974-12-15,0.00057,Single,0,,,Yes,21.0,,Permanent contract,35020.0,8246,No,0,38.0,2012-02-19,1,Created
4503,2011-01-01,4503,Female,42,1969-02-07,0.001,Single,0,,,No,,,Permanent contract,27662.0,1990,No,0,,NA,1,Created
4504,2011-01-01,4504,Female,12,1999-10-01,5e-05,Single,0,,,Yes,54.0,2053-04-01,Child,0.0,0,No,0,38.0,2037-11-21,1,Created
4505,2011-01-01,4505,Female,95,1916-07-19,0.23053,Widowed,0,,,Yes,,,Retired,76836.0,380811,No,0,,NA,1,Created
4506,2011-01-01,4506,Female,40,1971-11-21,0.0006900000000000001,Married,909,,2046-08-14,No,,,Flexible contract,35508.0,-2317,Yes,1,,NA,1,Created
4507,2011-01-01,4507,Male,44,1967-03-20,0.0013599999999999999,Single,0,,,Yes,27.0,,Permanent contract,21214.0,1183,Yes,0,,NA,1,Created
4508,2011-01-01,4508,Female,55,1956-08-28,0.00372,Married,910,,2049-12-24,Yes,,,Entrepreneur without personnel,35404.0,-23494,Yes,2,,NA,1,Created
4509,2011-01-01,4509,Female,15,1996-11-24,8e-05,Single,0,,,No,,,Child,0.0,0,No,0,36.0,2032-05-29,1,Created
4510,2011-01-01,4510,Male,18,1993-06-18,0.00032,Single,0,,,No,,,Permanent contract,5760.0,14573,No,0,,NA,1,Created
4511,2011-01-01,4511,Male,80,1931-09-23,0.05987000000000001,Married,884,,2029-09-13,Yes,,,Retired,19266.0,93765,Yes,1,,NA,1,Created
4512,2011-01-01,4512,Male,18,1993-10-23,0.00032,Single,0,,,No,,,Unemployed,2230.0,66066,No,0,,NA,1,Created
4513,2011-01-01,4513,Female,51,1960-04-03,0.0023899999999999998,Married,911,,2032-04-28,No,,,Flexible contract,4066.0,-4265,No,1,,NA,1,Created
4514,2011-01-01,4514,Female,55,1956-06-06,0.00372,Single,0,,,No,,,Permanent contract,13637.0,195111,Yes,0,,NA,1,Created
4515,2011-01-01,4515,Male,44,1967-02-05,0.0013599999999999999,Married,885,,2060-12-06,No,,,Flexible contract,37292.0,-5545,No,2,,NA,1,Created
4516,2011-01-01,4516,Male,23,1988-10-06,0.00039,Single,0,,,No,,,Permanent contract,38496.0,2907,Yes,0,,NA,1,Created
4517,2011-01-01,4517,Female,45,1966-02-24,0.00134,Married,912,,2029-01-04,Yes,,,Permanent contract,2976.0,830,Yes,3,,NA,1,Created
4518,2011-01-01,4518,Male,12,1999-03-28,0.00011,Single,0,,,Yes,34.0,2033-01-10,Child,0.0,0,Yes,0,,NA,1,Created
4519,2011-01-01,4519,Female,33,1978-10-18,0.00035,Married,913,,2029-03-06,No,,,Flexible contract,7389.0,282526,Yes,1,,NA,1,Created
4520,2011-01-01,4520,Male,54,1957-12-12,0.00404,Married,886,,2049-06-30,No,,,Permanent contract,10362.0,6850,No,1,,NA,1,Created
4521,2011-01-01,4521,Female,20,1991-11-02,0.00018,Single,0,,,No,,,Unemployed,35332.0,91714,Yes,0,30.0,2021-03-09,1,Created
4522,2011-01-01,4522,Male,43,1968-09-23,0.00103,Married,887,,2013-05-14,Yes,,,Permanent contract,35946.0,229550,Yes,2,,NA,1,Created
4523,2011-01-01,4523,Female,59,1952-06-14,0.00479,Married,914,,2011-07-05,Yes,,,Flexible contract,2577.0,2846,Yes,1,,NA,1,Created
17608,2011-07-05,4523,Female,60,1952-06-14,0.00479,Divorced,914,,2011-07-05,Yes,,,Flexible contract,2577.0,2846,Yes,1,,NA,1,Life event: Divorced
4524,2011-01-01,4524,Male,64,1947-02-12,0.01097,Widowed,0,,,No,,,Permanent contract,5445.0,180,No,0,,NA,1,Created
16897,2011-02-12,4524,Male,65,1947-02-12,0.01097,Widowed,0,,,No,,,Retired,3811.4999999999995,180,No,0,,NA,1,Life event: Retired
4525,2011-01-01,4525,Male,2,2009-05-25,0.00021,Single,0,,,No,,,Child,0.0,0,No,0,,NA,1,Created
4526,2011-01-01,4526,Male,49,1962-07-21,0.00242,Married,888,,2035-08-15,Yes,,,Permanent contract,83638.0,154689,Yes,1,,NA,1,Created
4527,2011-01-01,4527,Female,57,1954-06-09,0.00387,Married,915,,2027-12-09,No,,,Unemployed,27872.0,364371,Yes,2,,NA,1,Created
4528,2011-01-01,4528,Male,21,1990-07-10,0.00045,Single,0,,,No,,,Permanent contract,44855.0,2855153,No,0,,NA,1,Created
4529,2011-01-01,4529,Male,7,2004-09-29,9e-05,Single,0,,,No,,,Child,0.0,0,Yes,0,,NA,1,Created
4530,2011-01-01,4530,Male,54,1957-07-25,0.00404,Married,889,,2052-04-29,Yes,,,Permanent contract,31191.0,40235,Yes,1,,NA,1,Created
4531,2011-01-01,4531,Male,23,1988-01-02,0.00039,Single,0,,,No,,,Permanent contract,9528.0,17453,Yes,0,,NA,1,Created
4532,2011-01-01,4532,Female,11,2000-04-12,7e-05,Single,0,,,No,,,Child,0.0,0,Yes,0,32.0,2032-09-21,1,Created
4533,2011-01-01,4533,Female,40,1971-12-07,0.0006900000000000001,Widowed,0,,,Yes,,,Entrepreneur with personel,82431.0,4755,No,0,,NA,1,Created
4534,2011-01-01,4534,Male,55,1956-12-27,0.00419,Married,890,,2058-03-16,No,,,Flexible contract,11930.0,178117,Yes,1,,NA,1,Created
4535,2011-01-01,4535,Female,68,1943-01-16,0.00983,Married,916,,2011-04-15,Yes,,,Retired,46129.0,900723,No,3,,NA,1,Created
17214,2011-04-15,4535,Female,69,1943-01-16,0.00983,Divorced,916,,2011-04-15,Yes,,,Retired,46129.0,900723,No,3,,NA,1,Life event: Divorced
4536,2011-01-01,4536,Female,3,2008-06-19,0.00013000000000000002,Single,0,,,Yes,33.0,2041-11-28,Child,0.0,0,Yes,0,21.0,2029-11-04,1,Created
4537,2011-01-01,4537,Female,13,1998-03-23,0.00011999999999999999,Single,0,,,No,,,Child,0.0,0,Yes,0,34.0,2032-04-30,1,Created
4538,2011-01-01,4538,Female,1,2010-10-09,0.00033999999999999997,Single,0,,,Yes,32.0,2042-01-24,Child,0.0,0,Yes,0,38.0,2048-06-08,1,Created
4539,2011-01-01,4539,Male,20,1991-11-04,0.00045,Married,891,,2022-12-06,No,,,Permanent contract,26171.0,-2599,No,1,,NA,1,Created
4540,2011-01-01,4540,Female,10,2001-04-22,0.0001,Single,0,,,Yes,24.0,2025-11-06,Child,0.0,0,No,0,39.0,2040-01-11,1,Created
4541,2011-01-01,4541,Male,16,1995-11-30,0.00029,Single,0,,,Yes,33.0,2028-04-02,Child,0.0,0,No,0,,NA,1,Created
19281,2012-11-30,4541,Male,18,1995-11-30,0.00029,Single,0,,,Yes,31,2025-08-03,Permanent contract,13376.0,12962,No,0,,NA,1,Life event: Adulthood
4542,2011-01-01,4542,Male,34,1977-08-21,0.00067,Married,892,,2050-11-30,No,,,Permanent contract,2654.0,433251,No,2,,NA,1,Created
4543,2011-01-01,4543,Female,40,1971-05-24,0.0006900000000000001,Single,0,,,No,,,Permanent contract,47438.0,773,No,0,,NA,1,Created
4544,2011-01-01,4544,Male,38,1973-04-19,0.0009599999999999999,Single,0,,,Yes,30.0,,Flexible contract,16654.0,167966,Yes,0,,NA,1,Created
4545,2011-01-01,4545,Female,16,1995-06-24,8e-05,Single,0,,,Yes,30.0,2025-06-08,Child,0.0,0,No,0,42.0,2037-06-05,1,Created
18881,2012-06-24,4545,Female,18,1995-06-24,8e-05,Single,0,,,No,,,Permanent contract,16036.0,-9700,No,0,42,2037-06-05,1,Life event: Adulthood
4546,2011-01-01,4546,Female,30,1981-04-29,0.00027,Single,0,,,Yes,27.0,,Flexible contract,15077.0,48976,Yes,0,30.0,2011-01-15,1,Created
4547,2011-01-01,4547,Female,40,1971-01-01,0.0006900000000000001,Married,917,,2018-01-31,Yes,,,Permanent contract,7482.0,64595,Yes,1,,NA,1,Created
4548,2011-01-01,4548,Male,19,1992-01-29,0.00033,Single,0,,,Yes,26.0,2018-03-25,Flexible contract,4243.0,225321,Yes,0,,NA,1,Created
4549,2011-01-01,4549,Female,5,2006-05-30,4e-05,Single,0,,,No,,,Child,0.0,0,No,0,31.0,2037-01-07,1,Created
4550,2011-01-01,4550,Male,57,1954-03-17,0.00572,Married,893,,2055-01-13,Yes,,,Permanent contract,579.0,-1633,No,2,,NA,1,Created
4551,2011-01-01,4551,Female,68,1943-07-28,0.00983,Married,918,,2019-12-04,No,,,Retired,41302.0,482207,Yes,1,,NA,1,Created
4552,2011-01-01,4552,Female,25,1986-06-20,0.00022999999999999998,Single,0,,,No,,,Entrepreneur without personnel,14113.0,324411,No,0,30.0,2016-07-02,1,Created
4553,2011-01-01,4553,Female,58,1953-06-10,0.00448,Married,919,,2011-01-31,No,,,Permanent contract,11799.0,-36825,No,3,,NA,1,Created
16824,2011-01-31,4553,Female,58,1953-06-10,0.00448,Divorced,919,,2011-01-31,No,,,Permanent contract,11799.0,-36825,No,3,,NA,1,Life event: Divorced
4554,2011-01-01,4554,Female,43,1968-02-18,0.0009699999999999999,Married,920,,2067-11-02,Yes,,,Unemployed,78422.0,41657,Yes,3,,NA,1,Created
4555,2011-01-01,4555,Female,10,2001-05-26,0.0001,Single,0,,,No,,,Child,0.0,0,Yes,0,34.0,2035-02-18,1,Created
4556,2011-01-01,4556,Female,78,1933-10-21,0.02817,Married,921,,2041-11-21,No,,,Retired,5994.0,-22898,No,2,,NA,1,Created
4557,2011-01-01,4557,Female,21,1990-03-18,0.00016,Single,0,,,Yes,28.0,2018-02-26,Flexible contract,57108.0,499900,No,0,28.0,2018-04-01,1,Created
4558,2011-01-01,4558,Female,45,1966-03-30,0.00134,Married,922,,2027-03-24,Yes,,,Permanent contract,22696.0,292675,No,1,,NA,1,Created
4559,2011-01-01,4559,Male,40,1971-10-13,0.0009400000000000001,Married,894,,2046-11-17,No,,,Permanent contract,97111.0,450211,No,1,,NA,1,Created
4560,2011-01-01,4560,Male,60,1951-12-02,0.006840000000000001,Married,895,,2041-08-18,No,,,Entrepreneur with personel,24466.0,263762,Yes,3,,NA,1,Created
4561,2011-01-01,4561,Male,44,1967-01-09,0.0013599999999999999,Single,0,,,Yes,65.0,2032-08-15,Permanent contract,12320.0,193581,No,0,,NA,1,Created
4562,2011-01-01,4562,Male,39,1972-04-10,0.0008699999999999999,Single,0,,,Yes,29.0,,Flexible contract,46978.0,10746,Yes,0,,NA,1,Created
4563,2011-01-01,4563,Female,42,1969-03-10,0.001,Married,923,,2018-09-02,Yes,,,Permanent contract,17246.0,207741,No,3,,NA,1,Created
4564,2011-01-01,4564,Female,40,1971-02-22,0.0006900000000000001,Married,924,,2022-05-30,No,,,Flexible contract,78798.0,-42519,Yes,1,,NA,1,Created
4565,2011-01-01,4565,Female,73,1938-09-07,0.01577,Widowed,0,,,No,,,Retired,3438.0,300264,Yes,0,,NA,1,Created
4566,2011-01-01,4566,Male,50,1961-09-06,0.00257,Married,896,,2024-10-02,Yes,,,Permanent contract,39710.0,134710,No,2,,NA,1,Created
4567,2011-01-01,4567,Female,28,1983-11-18,0.00025,Single,0,,,No,,,Permanent contract,19250.0,135573,No,0,35.0,2018-06-24,1,Created
4568,2011-01-01,4568,Male,17,1994-07-16,0.00022999999999999998,Single,0,,,No,,,Child,0.0,0,No,0,,NA,1,Created
17656,2011-07-16,4568,Male,18,1994-07-16,0.00022999999999999998,Single,0,,,No,,,Permanent contract,146730.0,-2504,No,0,,NA,1,Life event: Adulthood
4569,2011-01-01,4569,Female,65,1946-07-18,0.007559999999999999,Divorced,0,,,Yes,,,Permanent contract,14503.0,487519,No,0,,NA,1,Created
17669,2011-07-18,4569,Female,66,1946-07-18,0.007559999999999999,Divorced,0,,,Yes,,,Retired,10152.099999999999,487519,No,0,,NA,1,Life event: Retired
4570,2011-01-01,4570,Male,52,1959-01-08,0.00314,Married,897,,2020-06-12,Yes,,,Permanent contract,83321.0,41857,Yes,1,,NA,1,Created
4571,2011-01-01,4571,Male,33,1978-12-03,0.00047999999999999996,Married,898,,2055-04-05,No,,,Permanent contract,25897.0,423651,Yes,2,,NA,1,Created
4572,2011-01-01,4572,Female,57,1954-01-20,0.00387,Married,925,,2057-11-08,No,,,Entrepreneur without personnel,50326.0,8075,Yes,2,,NA,1,Created
4573,2011-01-01,4573,Male,28,1983-10-01,0.00045,Single,0,,,Yes,35.0,2018-11-02,Flexible contract,4203.0,406807,Yes,0,,NA,1,Created
4574,2011-01-01,4574,Male,65,1946-06-16,0.01141,Single,0,,,Yes,30.0,,Permanent contract,64777.0,67627,No,0,,NA,1,Created
17518,2011-06-16,4574,Male,66,1946-06-16,0.01141,Single,0,,,Yes,30,,Retired,45343.899999999994,67627,No,0,,NA,1,Life event: Retired
4575,2011-01-01,4575,Female,30,1981-08-23,0.00027,Single,0,,,Yes,23.0,,Permanent contract,28535.0,108177,No,0,32.0,2013-07-11,1,Created
4576,2011-01-01,4576,Female,3,2008-06-01,0.00013000000000000002,Single,0,,,No,,,Child,0.0,0,Yes,0,36.0,2044-09-07,1,Created
4577,2011-01-01,4577,Male,39,1972-07-08,0.0008699999999999999,Single,0,,,Yes,32.0,,Permanent contract,19754.0,270573,Yes,0,,NA,1,Created
4578,2011-01-01,4578,Female,40,1971-05-01,0.0006900000000000001,Married,926,,2029-12-28,No,,,Permanent contract,178371.0,426,No,2,,NA,1,Created
4579,2011-01-01,4579,Male,39,1972-02-16,0.0008699999999999999,Single,0,,,No,,,Permanent contract,40964.0,148610,No,0,,NA,1,Created
4580,2011-01-01,4580,Male,77,1934-08-02,0.0418,Widowed,0,,,No,,,Retired,10289.0,246342,No,0,,NA,1,Created
4581,2011-01-01,4581,Female,98,1913-05-17,0.27366999999999997,Widowed,0,,,Yes,,,Retired,117128.0,220525,No,0,,NA,1,Created
18418,2012-01-12,4581,Female,99,1913-05-17,0.27366999999999997,Widowed,0,,,Yes,,,Retired,117128.0,220525,No,0,,NA,0,Life event: Deceased
4582,2011-01-01,4582,Male,74,1937-09-15,0.0295,Married,899,,2058-09-10,Yes,,,Retired,47462.0,958644,No,2,,NA,1,Created
4583,2011-01-01,4583,Male,65,1946-12-15,0.01141,Married,900,,2018-04-01,No,,,Entrepreneur with personel,38306.0,103342,No,1,,NA,1,Created
18298,2011-12-15,4583,Male,66,1946-12-15,0.01141,Married,900,,2018-04-01,No,,,Retired,26814.199999999997,103342,No,1,,NA,1,Life event: Retired
4584,2011-01-01,4584,Female,6,2005-11-21,8e-05,Single,0,,,No,,,Child,0.0,0,Yes,0,20.0,2025-05-26,1,Created
4585,2011-01-01,4585,Male,58,1953-11-12,0.00603,Married,901,,2026-06-07,No,,,Entrepreneur without personnel,22434.0,4577,No,2,,NA,1,Created
4586,2011-01-01,4586,Female,24,1987-09-24,0.00018999999999999998,Single,0,,,Yes,34.0,2021-01-28,Entrepreneur with personel,25559.0,14536,Yes,0,35.0,2022-08-18,1,Created
4587,2011-01-01,4587,Female,34,1977-05-30,0.00037,Married,927,,2011-11-30,No,,,Permanent contract,32436.0,180002,Yes,2,,NA,1,Created
18236,2011-11-30,4587,Female,35,1977-05-30,0.00037,Divorced,927,,2011-11-30,No,,,Permanent contract,32436.0,180002,Yes,2,,NA,1,Life event: Divorced
4588,2011-01-01,4588,Female,48,1963-04-12,0.0018800000000000002,Married,928,,2070-10-10,Yes,,,Permanent contract,25629.0,-34582,Yes,1,,NA,1,Created
4589,2011-01-01,4589,Male,16,1995-09-13,0.00029,Single,0,,,Yes,70.0,2065-12-02,Child,0.0,0,Yes,0,,NA,1,Created
19099,2012-09-13,4589,Male,18,1995-09-13,0.00029,Single,0,,,Yes,49,2043-06-20,Permanent contract,17590.0,7351,Yes,0,,NA,1,Life event: Adulthood
4590,2011-01-01,4590,Female,40,1971-01-16,0.0006900000000000001,Single,0,,,No,,,Entrepreneur without personnel,2752.0,9101,No,0,,NA,1,Created
4591,2011-01-01,4591,Male,6,2005-12-20,5.9999999999999995e-05,Single,0,,,Yes,23.0,2028-04-11,Child,0.0,0,No,0,,NA,1,Created
4592,2011-01-01,4592,Female,61,1950-05-11,0.00562,Married,929,,2036-03-22,No,,,Flexible contract,1873.0,387050,No,1,,NA,1,Created
4593,2011-01-01,4593,Male,64,1947-12-27,0.01097,Married,902,,2031-12-28,Yes,,,Permanent contract,16764.0,102835,Yes,2,,NA,1,Created
18372,2011-12-27,4593,Male,65,1947-12-27,0.01097,Married,902,,2031-12-28,Yes,,,Retired,11734.8,102835,Yes,2,,NA,1,Life event: Retired
4594,2011-01-01,4594,Female,57,1954-03-21,0.00387,Divorced,0,,,No,,,Permanent contract,19071.0,44311,Yes,0,,NA,1,Created
4595,2011-01-01,4595,Female,48,1963-09-16,0.0018800000000000002,Married,930,,2035-01-10,Yes,,,Permanent contract,25374.0,7717,Yes,1,,NA,1,Created
4596,2011-01-01,4596,Male,7,2004-12-08,9e-05,Single,0,,,No,,,Child,0.0,0,Yes,0,,NA,1,Created
4597,2011-01-01,4597,Male,56,1955-10-01,0.0052,Single,0,,,Yes,33.0,,Unemployed,3762.0,479786,Yes,0,,NA,1,Created
4598,2011-01-01,4598,Female,37,1974-11-17,0.00057,Single,0,,,No,,,Entrepreneur with personel,24366.0,135129,Yes,0,42.0,2016-09-28,1,Created
4599,2011-01-01,4599,Female,11,2000-09-23,7e-05,Single,0,,,Yes,31.0,2031-11-20,Child,0.0,0,No,0,29.0,2029-06-08,1,Created
4600,2011-01-01,4600,Male,64,1947-03-29,0.01097,Single,0,,,No,,,Flexible contract,14837.0,-38844,Yes,0,,NA,1,Created
17140,2011-03-29,4600,Male,65,1947-03-29,0.01097,Single,0,,,No,,,Retired,10385.9,-38844,Yes,0,,NA,1,Life event: Retired
4601,2011-01-01,4601,Female,25,1986-09-16,0.00022999999999999998,Single,0,,,No,,,Permanent contract,979.0,-37167,No,0,33.0,2019-09-16,1,Created
4602,2011-01-01,4602,Female,48,1963-11-30,0.0018800000000000002,Single,0,,,No,,,Permanent contract,45348.0,-5710,No,0,,NA,1,Created
4603,2011-01-01,4603,Female,53,1958-06-02,0.00312,Married,931,,2053-02-01,Yes,,,Permanent contract,49377.0,861790,No,3,,NA,1,Created
4604,2011-01-01,4604,Male,20,1991-08-30,0.00045,Single,0,,,No,,,Entrepreneur without personnel,43768.0,28023,Yes,0,,NA,1,Created
4605,2011-01-01,4605,Male,40,1971-06-18,0.0009400000000000001,Married,903,,2011-01-02,Yes,,,Permanent contract,49199.0,-49128,No,1,,NA,1,Created
16659,2011-01-02,4605,Male,40,1971-06-18,0.0009400000000000001,Divorced,903,,2011-01-02,Yes,,,Permanent contract,49199.0,-49128,No,1,,NA,1,Life event: Divorced
4606,2011-01-01,4606,Female,57,1954-01-29,0.00387,Married,932,,2012-08-30,No,,,Permanent contract,31053.0,93947,Yes,3,,NA,1,Created
19048,2012-08-30,4606,Female,59,1954-01-29,0.00387,Divorced,932,,2012-08-30,No,,,Permanent contract,31053.0,93947,Yes,3,,NA,1,Life event: Divorced
4607,2011-01-01,4607,Female,25,1986-07-04,0.00022999999999999998,Single,0,,,Yes,30.0,2016-09-04,Unemployed,357887.0,-4663,No,0,28.0,2014-09-09,1,Created
4608,2011-01-01,4608,Male,11,2000-11-02,9e-05,Single,0,,,Yes,31.0,2031-04-09,Child,0.0,0,No,0,,NA,1,Created
4609,2011-01-01,4609,Female,56,1955-03-06,0.0041,Divorced,0,,,No,,,Permanent contract,9024.0,329,Yes,0,,NA,1,Created
4610,2011-01-01,4610,Female,47,1964-11-10,0.00168,Married,933,,2040-01-06,Yes,,,Unemployed,296.0,149652,Yes,1,,NA,1,Created
4611,2011-01-01,4611,Male,40,1971-08-11,0.0009400000000000001,Divorced,0,,,No,,,Permanent contract,34661.0,124165,Yes,0,,NA,1,Created
4612,2011-01-01,4612,Male,30,1981-05-27,0.00055,Single,0,,,Yes,29.0,,Permanent contract,19636.0,-49975,Yes,0,,NA,1,Created
4613,2011-01-01,4613,Male,32,1979-06-20,0.00059,Single,0,,,No,,,Permanent contract,25077.0,4629,No,0,,NA,1,Created
4614,2011-01-01,4614,Male,22,1989-11-03,0.00041,Single,0,,,No,,,Permanent contract,48390.0,440609,No,0,,NA,1,Created
4615,2011-01-01,4615,Male,35,1976-10-28,0.00055,Single,0,,,No,,,Permanent contract,22056.0,64288,No,0,,NA,1,Created
4616,2011-01-01,4616,Female,0,2011-09-13,0.0028899999999999998,Single,0,,,Yes,33.0,2044-01-04,Child,0.0,0,No,0,28.0,2039-11-17,1,Created
4617,2011-01-01,4617,Female,20,1991-08-05,0.00018,Single,0,,,No,,,Permanent contract,7766.0,1920997,Yes,0,49.0,2040-10-14,1,Created
4618,2011-01-01,4618,Female,5,2006-01-07,4e-05,Single,0,,,No,,,Child,0.0,0,No,0,26.0,2032-02-10,1,Created
4619,2011-01-01,4619,Female,34,1977-06-30,0.00037,Married,934,,2034-05-31,Yes,,,Entrepreneur without personnel,57945.0,412147,No,1,,NA,1,Created
4620,2011-01-01,4620,Female,73,1938-03-12,0.01577,Single,0,,,No,,,Retired,33072.0,3497066,No,0,,NA,1,Created
4621,2011-01-01,4621,Male,67,1944-01-23,0.01396,Divorced,0,,,No,,,Permanent contract,7257.0,161003,Yes,0,,NA,1,Created
16787,2011-01-23,4621,Male,68,1944-01-23,0.01396,Divorced,0,,,No,,,Retired,5079.9,161003,Yes,0,,NA,1,Life event: Retired
4622,2011-01-01,4622,Female,79,1932-07-13,0.03112,Married,935,,2021-10-22,Yes,,,Retired,94120.0,79659,Yes,3,,NA,1,Created
4623,2011-01-01,4623,Female,76,1935-11-10,0.02337,Divorced,0,,,Yes,,,Retired,15337.0,25856,No,0,,NA,1,Created
4624,2011-01-01,4624,Male,71,1940-11-06,0.02034,Widowed,0,,,Yes,,,Retired,36466.0,60790,Yes,0,,NA,1,Created
4625,2011-01-01,4625,Male,42,1969-01-07,0.00128,Divorced,0,,,Yes,,,Entrepreneur without personnel,28902.0,511,No,0,,NA,1,Created
4626,2011-01-01,4626,Female,55,1956-04-05,0.00372,Married,936,,2047-11-28,No,,,Permanent contract,15599.0,-6726,No,1,,NA,1,Created
4627,2011-01-01,4627,Female,33,1978-12-25,0.00035,Single,0,,,Yes,65.0,2043-07-16,Flexible contract,2247.0,335419,Yes,0,35.0,2013-10-24,1,Created
4628,2011-01-01,4628,Female,20,1991-05-26,0.00018,Single,0,,,Yes,24.0,2015-05-24,Flexible contract,16185.0,36024,No,0,32.0,2023-02-06,1,Created
4629,2011-01-01,4629,Female,73,1938-05-26,0.01577,Widowed,0,,,Yes,,,Retired,32493.0,9833,Yes,0,,NA,1,Created
4630,2011-01-01,4630,Male,11,2000-11-23,9e-05,Single,0,,,No,,,Child,0.0,0,No,0,,NA,1,Created
4631,2011-01-01,4631,Male,40,1971-03-22,0.0009400000000000001,Married,904,,2051-04-04,No,,,Permanent contract,10511.0,53138,No,2,,NA,1,Created
4632,2011-01-01,4632,Male,33,1978-03-08,0.00047999999999999996,Married,905,,2047-04-16,Yes,,,Permanent contract,66672.0,858,Yes,3,,NA,1,Created
4633,2011-01-01,4633,Female,42,1969-12-16,0.001,Married,937,,2015-08-28,No,,,Permanent contract,41568.0,-48165,Yes,1,,NA,1,Created
4634,2011-01-01,4634,Male,36,1975-11-01,0.0006,Single,0,,,Yes,50.0,2025-05-06,Unemployed,18495.0,170058,Yes,0,,NA,1,Created
4635,2011-01-01,4635,Female,54,1957-11-18,0.00313,Married,938,,2021-12-16,Yes,,,Flexible contract,98147.0,4889,No,1,,NA,1,Created
4636,2011-01-01,4636,Male,32,1979-07-01,0.00059,Single,0,,,No,,,Permanent contract,36997.0,8343,Yes,0,,NA,1,Created
4637,2011-01-01,4637,Female,3,2008-01-24,0.00013000000000000002,Single,0,,,No,,,Child,0.0,0,Yes,0,43.0,2051-04-24,1,Created
4638,2011-01-01,4638,Female,46,1965-07-25,0.00134,Divorced,0,,,No,,,Unemployed,18685.0,39278,No,0,,NA,1,Created
4639,2011-01-01,4639,Male,34,1977-11-14,0.00067,Single,0,,,Yes,44.0,2021-10-26,Permanent contract,16077.0,566781,No,0,,NA,1,Created
4640,2011-01-01,4640,Female,64,1947-12-27,0.00713,Married,939,,2042-05-18,No,,,Permanent contract,42798.0,66707,Yes,1,,NA,1,Created
18373,2011-12-27,4640,Female,65,1947-12-27,0.00713,Married,939,,2042-05-18,No,,,Retired,29958.6,66707,Yes,1,,NA,1,Life event: Retired
4641,2011-01-01,4641,Female,10,2001-01-11,0.0001,Single,0,,,Yes,45.0,2046-09-29,Child,0.0,0,Yes,0,34.0,2035-11-06,1,Created
4642,2011-01-01,4642,Male,66,1945-10-30,0.01401,Married,906,,2047-01-13,Yes,,,Entrepreneur with personel,15956.0,127293,Yes,1,,NA,1,Created
18113,2011-10-30,4642,Male,67,1945-10-30,0.01401,Married,906,,2047-01-13,Yes,,,Retired,11169.199999999999,127293,Yes,1,,NA,1,Life event: Retired
4643,2011-01-01,4643,Male,64,1947-09-16,0.01097,Married,907,,2014-08-17,Yes,,,Flexible contract,4644.0,5670,Yes,2,,NA,1,Created
17926,2011-09-16,4643,Male,65,1947-09-16,0.01097,Married,907,,2014-08-17,Yes,,,Retired,3250.7999999999997,5670,Yes,2,,NA,1,Life event: Retired
4644,2011-01-01,4644,Female,6,2005-01-22,8e-05,Single,0,,,Yes,28.0,2033-06-17,Child,0.0,0,No,0,33.0,2038-10-19,1,Created
4645,2011-01-01,4645,Female,33,1978-06-14,0.00035,Single,0,,,Yes,33.0,2011-05-07,Permanent contract,18247.0,-19242,No,0,36.0,2014-02-05,1,Created
17317,2011-05-07,4645,Female,33,1978-06-14,0.00035,Married,3435,1,2012-01-15,Yes,33,2011-05-07,Permanent contract,18247.0,-19242,No,0,36,2014-02-05,1,Life event: Married
18429,2012-01-15,4645,Female,34,1978-06-14,0.00035,Divorced,3435,1,2012-01-15,Yes,33,2011-05-07,Permanent contract,18247.0,-19242,No,0,36,2014-02-05,1,Life event: Divorced
4646,2011-01-01,4646,Male,40,1971-12-16,0.0009400000000000001,Married,908,,2055-02-01,Yes,,,Permanent contract,18148.0,-10529,Yes,3,,NA,1,Created
19067,2012-09-02,4646,Male,41,1971-12-16,0.0009400000000000001,Widowed,908,,2055-02-01,Yes,,,Permanent contract,18148.0,-10529,Yes,3,,NA,1,Life event: Widowed
4647,2011-01-01,4647,Female,19,1992-12-29,0.00014,Single,0,,,Yes,25.0,2017-05-28,Permanent contract,37253.0,466568,No,0,29.0,2021-02-14,1,Created
4648,2011-01-01,4648,Female,45,1966-01-12,0.00134,Married,940,,2051-03-21,Yes,,,Permanent contract,26599.0,7397,No,3,,NA,1,Created
4649,2011-01-01,4649,Male,26,1985-01-06,1.0,Single,0,,,Yes,56.0,2041-07-24,Permanent contract,7701.0,-18619,Yes,0,,NA,1,Created
17599,2011-07-03,4649,Male,27,1985-01-06,1.0,Single,0,,,Yes,56,2041-07-24,Permanent contract,7701.0,-18619,Yes,0,,NA,0,Life event: Deceased
4650,2011-01-01,4650,Male,27,1984-07-04,0.00044,Single,0,,,No,,,Permanent contract,5300.0,26052,Yes,0,,NA,1,Created
4651,2011-01-01,4651,Female,68,1943-04-27,0.00983,Married,941,,2013-08-22,No,,,Retired,27618.0,3711,Yes,2,,NA,1,Created
4652,2011-01-01,4652,Female,30,1981-07-21,0.00027,Single,0,,,No,,,Flexible contract,3204.0,-7577,Yes,0,32.0,2013-08-18,1,Created
4653,2011-01-01,4653,Female,3,2008-07-06,0.00013000000000000002,Single,0,,,Yes,61.0,2069-03-22,Child,0.0,0,No,0,33.0,2041-03-04,1,Created
4654,2011-01-01,4654,Male,48,1963-02-09,0.0021100000000000003,Married,909,,2046-08-14,Yes,,,Unemployed,84403.0,14891,Yes,1,,NA,1,Created
4655,2011-01-01,4655,Male,8,2003-09-02,9e-05,Single,0,,,Yes,50.0,2053-02-12,Child,0.0,0,No,0,,NA,1,Created
4656,2011-01-01,4656,Male,38,1973-10-21,0.0009599999999999999,Divorced,0,,,No,,,Permanent contract,17475.0,208119,Yes,0,,NA,1,Created
4657,2011-01-01,4657,Female,32,1979-06-24,0.00041,Married,942,,2022-05-09,No,,,Permanent contract,60071.0,332,No,2,35.0,2014-10-03,1,Created
17831,2011-08-20,4657,Female,33,1979-06-24,0.00041,Widowed,942,,2022-05-09,No,,,Permanent contract,60071.0,332,No,2,35,2014-10-03,1,Life event: Widowed
4658,2011-01-01,4658,Female,64,1947-06-11,0.00713,Married,943,,2058-01-27,No,,,Permanent contract,12100.0,420525,Yes,2,,NA,1,Created
17489,2011-06-11,4658,Female,65,1947-06-11,0.00713,Married,943,,2058-01-27,No,,,Retired,8470.0,420525,Yes,2,,NA,1,Life event: Retired
4659,2011-01-01,4659,Male,6,2005-12-02,5.9999999999999995e-05,Single,0,,,No,,,Child,0.0,0,Yes,0,,NA,1,Created
4660,2011-01-01,4660,Male,58,1953-01-20,0.00603,Married,910,,2049-12-24,Yes,,,Flexible contract,22982.0,329261,Yes,2,,NA,1,Created
4661,2011-01-01,4661,Male,9,2002-03-20,0.00014,Single,0,,,Yes,32.0,2034-12-02,Child,0.0,0,Yes,0,,NA,1,Created
4662,2011-01-01,4662,Male,3,2008-10-02,0.0002,Single,0,,,No,,,Child,0.0,0,Yes,0,,NA,1,Created
4663,2011-01-01,4663,Male,40,1971-02-05,0.0009400000000000001,Married,911,,2032-04-28,No,,,Permanent contract,38629.0,2896797,No,1,,NA,1,Created
4664,2011-01-01,4664,Female,10,2001-04-30,0.0001,Single,0,,,Yes,34.0,2035-07-16,Child,0.0,0,Yes,0,27.0,2028-08-10,1,Created
4665,2011-01-01,4665,Female,75,1936-10-11,0.01986,Married,944,,2026-02-13,Yes,,,Retired,18514.0,89821,Yes,2,,NA,1,Created
4666,2011-01-01,4666,Male,43,1968-01-14,0.00103,Married,912,,2029-01-04,Yes,,,Flexible contract,19882.0,245607,Yes,3,,NA,1,Created
4667,2011-01-01,4667,Female,28,1983-02-17,0.00025,Single,0,,,Yes,38.0,2021-06-25,Flexible contract,18339.0,-45399,No,0,31.0,2014-03-16,1,Created
4668,2011-01-01,4668,Female,72,1939-12-11,0.01411,Widowed,0,,,Yes,,,Retired,21268.0,179215,No,0,,NA,1,Created
19202,2012-10-30,4668,Female,73,1939-12-11,0.01411,Widowed,0,,,Yes,,,Retired,21268.0,179215,No,0,,NA,0,Life event: Deceased
4669,2011-01-01,4669,Female,15,1996-06-18,8e-05,Single,0,,,No,,,Child,0.0,0,Yes,0,32.0,2028-12-06,1,Created
4670,2011-01-01,4670,Female,29,1982-02-26,0.00032,Single,0,,,Yes,30.0,2012-02-08,Permanent contract,3923.0,81312,No,0,35.0,2017-11-18,1,Created
18506,2012-02-08,4670,Female,30,1982-02-26,0.00032,Married,3476,21,2033-03-21,Yes,30,2012-02-08,Permanent contract,3923.0,81312,No,0,35,2017-11-18,1,Life event: Married
4671,2011-01-01,4671,Male,63,1948-03-05,0.00945,Married,913,,2029-03-06,No,,,Flexible contract,1443.0,936,Yes,1,,NA,1,Created
18567,2012-03-05,4671,Male,65,1948-03-05,0.00945,Married,913,,2029-03-06,No,,,Retired,1010.0999999999999,936,Yes,1,,NA,1,Life event: Retired
4672,2011-01-01,4672,Male,1,2010-01-12,0.00056,Single,0,,,No,,,Child,0.0,0,Yes,0,,NA,1,Created
4673,2011-01-01,4673,Female,96,1915-02-25,0.24602,Widowed,0,,,Yes,,,Retired,13854.0,4372,Yes,0,,NA,1,Created
4674,2011-01-01,4674,Male,59,1952-06-01,0.00717,Married,914,,2011-07-05,Yes,,,Entrepreneur without personnel,43101.0,810872,Yes,1,,NA,1,Created
17609,2011-07-05,4674,Male,60,1952-06-01,0.00717,Divorced,914,,2011-07-05,Yes,,,Entrepreneur without personnel,43101.0,810872,Yes,1,,NA,1,Life event: Divorced
4675,2011-01-01,4675,Male,37,1974-10-19,0.00082,Married,915,,2027-12-09,No,,,Permanent contract,73527.0,715,Yes,2,,NA,1,Created
4676,2011-01-01,4676,Female,54,1957-05-03,0.00313,Married,945,,2068-09-07,Yes,,,Permanent contract,11525.0,-42116,Yes,1,,NA,1,Created
4677,2011-01-01,4677,Female,22,1989-07-06,0.00023999999999999998,Single,0,,,Yes,24.0,2013-02-01,Permanent contract,24094.0,36954,No,0,,NA,1,Created
4678,2011-01-01,4678,Male,4,2007-09-01,0.00011,Single,0,,,No,,,Child,0.0,0,Yes,0,,NA,1,Created
4679,2011-01-01,4679,Female,22,1989-04-06,0.00023999999999999998,Single,0,,,No,,,Permanent contract,7000.0,2554334,Yes,0,42.0,2031-08-07,1,Created
4680,2011-01-01,4680,Female,48,1963-11-08,0.0018800000000000002,Married,946,,2061-08-19,No,,,Permanent contract,20021.0,5524,No,1,,NA,1,Created
4681,2011-01-01,4681,Male,63,1948-04-10,0.00945,Widowed,0,,,Yes,,,Permanent contract,36604.0,62806,No,0,,NA,1,Created
18658,2012-04-10,4681,Male,65,1948-04-10,0.00945,Widowed,0,,,Yes,,,Retired,25622.8,62806,No,0,,NA,1,Life event: Retired
4682,2011-01-01,4682,Male,31,1980-10-24,0.00041,Single,0,,,No,,,Permanent contract,24183.0,442818,No,0,,NA,1,Created
4683,2011-01-01,4683,Female,48,1963-05-16,0.0018800000000000002,Divorced,0,,,No,,,Permanent contract,6440.0,934851,No,0,,NA,1,Created
4684,2011-01-01,4684,Female,40,1971-03-26,0.0006900000000000001,Married,947,,2015-12-14,No,,,Flexible contract,35767.0,-10995,Yes,3,,NA,1,Created
4685,2011-01-01,4685,Male,64,1947-10-22,0.01097,Married,916,,2011-04-15,No,,,Permanent contract,12851.0,249424,No,3,,NA,1,Created
17215,2011-04-15,4685,Male,64,1947-10-22,0.01097,Divorced,916,,2011-04-15,No,,,Permanent contract,12851.0,249424,No,3,,NA,1,Life event: Divorced
18081,2011-10-22,4685,Male,65,1947-10-22,0.01097,Divorced,916,,2011-04-15,No,,,Retired,8995.699999999999,249424,No,3,,NA,1,Life event: Retired
4686,2011-01-01,4686,Male,74,1937-03-02,0.0295,Single,0,,,No,,,Retired,43028.0,465762,Yes,0,,NA,1,Created
4687,2011-01-01,4687,Male,45,1966-06-03,0.0014199999999999998,Married,917,,2018-01-31,No,,,Permanent contract,16318.0,913692,Yes,1,,NA,1,Created
4688,2011-01-01,4688,Female,0,2011-01-30,0.0028899999999999998,Single,0,,,Yes,58.0,2069-12-03,Child,0.0,0,Yes,0,39.0,2050-11-23,1,Created
4689,2011-01-01,4689,Male,16,1995-08-22,0.00029,Single,0,,,No,,,Child,0.0,0,Yes,0,,NA,1,Created
19029,2012-08-22,4689,Male,18,1995-08-22,0.00029,Single,0,,,No,,,Permanent contract,10552.0,4915,Yes,0,,NA,1,Life event: Adulthood
4690,2011-01-01,4690,Male,43,1968-03-10,0.00103,Single,0,,,Yes,39.0,,Permanent contract,19706.0,282443,Yes,0,,NA,1,Created
4691,2011-01-01,4691,Female,74,1937-01-03,0.0185,Divorced,0,,,Yes,,,Retired,44349.0,65690,No,0,,NA,1,Created
4692,2011-01-01,4692,Female,19,1992-06-15,0.00014,Single,0,,,Yes,32.0,2024-10-30,Permanent contract,41589.0,69773,Yes,0,35.0,2027-10-08,1,Created
4693,2011-01-01,4693,Male,31,1980-08-29,0.00041,Married,918,,2019-12-04,Yes,,,Entrepreneur without personnel,57616.0,-42957,Yes,1,,NA,1,Created
4694,2011-01-01,4694,Male,45,1966-01-13,0.0014199999999999998,Married,919,,2011-01-31,Yes,,,Entrepreneur without personnel,36240.0,-36358,No,3,,NA,1,Created
16825,2011-01-31,4694,Male,46,1966-01-13,0.0014199999999999998,Divorced,919,,2011-01-31,Yes,,,Entrepreneur without personnel,36240.0,-36358,No,3,,NA,1,Life event: Divorced
4695,2011-01-01,4695,Male,45,1966-10-20,0.0014199999999999998,Married,920,,2067-11-02,Yes,,,Entrepreneur with personel,13823.0,491389,Yes,3,,NA,1,Created
4696,2011-01-01,4696,Male,68,1943-04-14,0.01522,Married,921,,2041-11-21,Yes,,,Retired,13664.0,352324,No,2,,NA,1,Created
4697,2011-01-01,4697,Female,40,1971-08-08,0.0006900000000000001,Married,948,,2034-03-27,Yes,,,Permanent contract,30323.0,75411,Yes,2,,NA,1,Created
4698,2011-01-01,4698,Female,57,1954-12-10,0.00387,Single,0,,,No,,,Flexible contract,9264.0,207918,Yes,0,,NA,1,Created
4699,2011-01-01,4699,Male,40,1971-02-16,0.0009400000000000001,Single,0,,,Yes,30.0,,Permanent contract,32284.0,34,No,0,,NA,1,Created
4700,2011-01-01,4700,Female,63,1948-11-15,0.00672,Single,0,,,Yes,54.0,,Permanent contract,10913.0,-17962,Yes,0,,NA,1,Created
19243,2012-11-15,4700,Female,65,1948-11-15,0.00672,Single,0,,,Yes,54,,Retired,7639.099999999999,-17962,Yes,0,,NA,1,Life event: Retired
4701,2011-01-01,4701,Female,37,1974-07-14,0.00057,Single,0,,,Yes,45.0,2019-09-17,Entrepreneur without personnel,16654.0,450157,Yes,0,,NA,1,Created
4702,2011-01-01,4702,Male,38,1973-03-30,0.0009599999999999999,Married,922,,2027-03-24,Yes,,,Permanent contract,24918.0,442954,No,1,,NA,1,Created
4703,2011-01-01,4703,Male,5,2006-08-21,9e-05,Single,0,,,No,,,Child,0.0,0,No,0,,NA,1,Created
4704,2011-01-01,4704,Male,46,1965-02-18,0.00172,Divorced,0,,,No,,,Permanent contract,37024.0,30232,Yes,0,,NA,1,Created
4705,2011-01-01,4705,Male,70,1941-10-15,0.01932,Married,923,,2018-09-02,No,,,Retired,91612.0,142821,No,3,,NA,1,Created
4706,2011-01-01,4706,Male,33,1978-01-01,0.00047999999999999996,Single,0,,,No,,,Permanent contract,19069.0,109706,Yes,0,,NA,1,Created
4707,2011-01-01,4707,Male,50,1961-04-29,0.00257,Married,924,,2022-05-30,No,,,Entrepreneur with personel,16891.0,47301,Yes,1,,NA,1,Created
4708,2011-01-01,4708,Female,96,1915-09-04,0.24602,Widowed,0,,,No,,,Retired,4150.0,-43796,No,0,,NA,1,Created
18438,2012-01-17,4708,Female,97,1915-09-04,0.24602,Widowed,0,,,No,,,Retired,4150.0,-43796,No,0,,NA,0,Life event: Deceased
4709,2011-01-01,4709,Female,9,2002-04-27,2.9999999999999997e-05,Single,0,,,Yes,25.0,2027-02-25,Child,0.0,0,No,0,30.0,2032-02-27,1,Created
4710,2011-01-01,4710,Male,59,1952-04-26,0.00717,Married,925,,2057-11-08,No,,,Family business,2416.0,5600,Yes,2,,NA,1,Created
4711,2011-01-01,4711,Female,5,2006-12-02,4e-05,Single,0,,,Yes,64.0,2070-05-06,Child,0.0,0,No,0,26.0,2032-01-14,1,Created
4712,2011-01-01,4712,Female,40,1971-10-11,0.0006900000000000001,Single,0,,,No,,,Permanent contract,34614.0,4510,Yes,0,,NA,1,Created
4713,2011-01-01,4713,Male,62,1949-10-16,0.008409999999999999,Married,926,,2029-12-28,Yes,,,Permanent contract,88404.0,316426,No,2,,NA,1,Created
4714,2011-01-01,4714,Male,57,1954-06-29,0.00572,Widowed,0,,,No,,,Permanent contract,2141.0,700,No,0,,NA,1,Created
4715,2011-01-01,4715,Female,24,1987-12-01,0.00018999999999999998,Single,0,,,Yes,34.0,2021-08-22,Permanent contract,26558.0,3702987,No,0,27.0,2014-03-10,1,Created
4716,2011-01-01,4716,Female,34,1977-10-31,0.00037,Single,0,,,Yes,35.0,2012-07-13,Flexible contract,11304.0,139248,Yes,0,,NA,1,Created
18922,2012-07-13,4716,Female,35,1977-10-31,0.00037,Married,3489,50,2062-03-18,Yes,35,2012-07-13,Flexible contract,11304.0,139248,Yes,0,,NA,1,Life event: Married
4717,2011-01-01,4717,Female,54,1957-08-20,0.00313,Single,0,,,Yes,22.0,,Entrepreneur without personnel,2278.0,1924,No,0,,NA,1,Created
4718,2011-01-01,4718,Male,33,1978-02-08,0.00047999999999999996,Married,927,,2011-11-30,Yes,,,Flexible contract,39473.0,523446,Yes,2,,NA,1,Created
18237,2011-11-30,4718,Male,34,1978-02-08,0.00047999999999999996,Divorced,927,,2011-11-30,Yes,,,Flexible contract,39473.0,523446,Yes,2,,NA,1,Life event: Divorced
4719,2011-01-01,4719,Female,33,1978-10-28,0.00035,Single,0,,,No,,,Permanent contract,63146.0,148742,No,0,,NA,1,Created
4720,2011-01-01,4720,Female,31,1980-06-10,0.00029,Single,0,,,No,,,Permanent contract,5826.0,500,No,0,32.0,2012-08-27,1,Created
4721,2011-01-01,4721,Male,62,1949-02-18,0.008409999999999999,Married,928,,2070-10-10,No,,,Permanent contract,10265.0,114223,Yes,1,,NA,1,Created
4722,2011-01-01,4722,Female,52,1959-08-07,0.00268,Married,949,,2072-09-05,No,,,Permanent contract,52596.0,7548,No,2,,NA,1,Created
4723,2011-01-01,4723,Female,10,2001-05-06,0.0001,Single,0,,,No,,,Child,0.0,0,No,0,35.0,2036-03-27,1,Created
4724,2011-01-01,4724,Male,52,1959-08-02,0.00314,Divorced,0,,,No,,,Permanent contract,11412.0,-46735,Yes,0,,NA,1,Created
4725,2011-01-01,4725,Female,32,1979-06-18,0.00041,Married,950,,2011-09-19,No,,,Flexible contract,31530.0,11302,Yes,1,,NA,1,Created
17945,2011-09-19,4725,Female,33,1979-06-18,0.00041,Divorced,950,,2011-09-19,No,,,Flexible contract,31530.0,11302,Yes,1,,NA,1,Life event: Divorced
4726,2011-01-01,4726,Male,64,1947-06-10,0.01097,Married,929,,2036-03-22,No,,,Entrepreneur with personel,22339.0,209485,No,1,,NA,1,Created
17486,2011-06-10,4726,Male,65,1947-06-10,0.01097,Married,929,,2036-03-22,No,,,Retired,15637.3,209485,No,1,,NA,1,Life event: Retired
4727,2011-01-01,4727,Female,63,1948-10-26,0.00672,Married,951,,2019-08-01,No,,,Entrepreneur with personel,3302.0,-11424,No,3,,NA,1,Created
19193,2012-10-26,4727,Female,65,1948-10-26,0.00672,Married,951,,2019-08-01,No,,,Retired,2311.3999999999996,-11424,No,3,,NA,1,Life event: Retired
4728,2011-01-01,4728,Female,19,1992-06-30,0.00014,Single,0,,,No,,,Entrepreneur without personnel,20397.0,-18628,Yes,0,27.0,2019-10-31,1,Created
4729,2011-01-01,4729,Male,31,1980-10-24,0.00041,Single,0,,,No,,,Permanent contract,17419.0,161774,No,0,,NA,1,Created
4730,2011-01-01,4730,Male,77,1934-04-16,0.0418,Divorced,0,,,Yes,,,Retired,10052.0,9788,No,0,,NA,1,Created
4731,2011-01-01,4731,Male,54,1957-05-29,0.00404,Married,930,,2035-01-10,Yes,,,Permanent contract,7907.0,32716,Yes,1,,NA,1,Created
4732,2011-01-01,4732,Female,83,1928-05-01,0.057,Married,952,,2032-05-05,Yes,,,Retired,34536.0,420,No,1,,NA,1,Created
4733,2011-01-01,4733,Female,19,1992-06-30,0.00014,Single,0,,,Yes,29.0,2021-11-02,Permanent contract,34514.0,15043,No,0,24.0,2016-03-04,1,Created
4734,2011-01-01,4734,Female,63,1948-08-25,0.00672,Married,953,,2018-04-14,No,,,Flexible contract,27494.0,4861,No,3,,NA,1,Created
19035,2012-08-25,4734,Female,65,1948-08-25,0.00672,Married,953,,2018-04-14,No,,,Retired,19245.8,4861,No,3,,NA,1,Life event: Retired
4735,2011-01-01,4735,Female,35,1976-12-11,0.00033999999999999997,Married,954,,2038-12-07,No,,,Permanent contract,12790.0,9380,Yes,2,,NA,1,Created
4736,2011-01-01,4736,Female,65,1946-02-03,0.007559999999999999,Single,0,,,Yes,48.0,,Entrepreneur without personnel,17119.0,79385,No,0,,NA,1,Created
16840,2011-02-03,4736,Female,66,1946-02-03,0.007559999999999999,Single,0,,,Yes,48,,Retired,11983.3,79385,No,0,,NA,1,Life event: Retired
4737,2011-01-01,4737,Male,29,1982-07-07,0.0005200000000000001,Single,0,,,Yes,35.0,2017-09-27,Flexible contract,31234.0,423683,No,0,,NA,1,Created
4738,2011-01-01,4738,Male,25,1986-11-11,0.00033999999999999997,Single,0,,,Yes,41.0,2027-11-03,Flexible contract,47792.0,425903,Yes,0,,NA,1,Created
4739,2011-01-01,4739,Male,20,1991-11-30,0.00045,Single,0,,,No,,,Permanent contract,32832.0,-2390,Yes,0,,NA,1,Created
4740,2011-01-01,4740,Female,14,1997-06-24,9e-05,Single,0,,,Yes,30.0,2027-12-22,Child,0.0,0,Yes,0,30.0,2027-01-04,1,Created
4741,2011-01-01,4741,Female,38,1973-11-11,0.00063,Single,0,,,No,,,Permanent contract,704.0,51102,Yes,0,,NA,1,Created
4742,2011-01-01,4742,Male,42,1969-08-21,0.00128,Married,931,,2053-02-01,Yes,,,Permanent contract,11334.0,3160,No,3,,NA,1,Created
4743,2011-01-01,4743,Female,78,1933-11-11,0.02817,Married,955,,2047-07-07,Yes,,,Retired,859.0,20995,Yes,2,,NA,1,Created
4744,2011-01-01,4744,Female,57,1954-05-31,0.00387,Married,956,,2020-01-24,No,,,Permanent contract,12777.0,-20673,No,2,,NA,1,Created
4745,2011-01-01,4745,Male,60,1951-07-27,0.006840000000000001,Widowed,0,,,No,,,Flexible contract,4424.0,804,No,0,,NA,1,Created
4746,2011-01-01,4746,Female,57,1954-11-26,0.00387,Married,957,,2055-10-04,No,,,Permanent contract,7915.0,433612,Yes,2,,NA,1,Created
4747,2011-01-01,4747,Female,45,1966-10-04,0.00134,Married,958,,2059-09-08,No,,,Permanent contract,19180.0,2142,Yes,1,,NA,1,Created
4748,2011-01-01,4748,Female,55,1956-02-08,0.00372,Married,959,,2044-09-07,Yes,,,Unemployed,42061.0,369301,Yes,1,,NA,1,Created
4749,2011-01-01,4749,Female,50,1961-11-21,0.00225,Single,0,,,Yes,25.0,,Entrepreneur with personel,4920.0,36688,No,0,,NA,1,Created
4750,2011-01-01,4750,Male,12,1999-06-16,0.00011,Single,0,,,No,,,Child,0.0,0,Yes,0,,NA,1,Created
4751,2011-01-01,4751,Male,27,1984-11-19,0.00044,Married,932,,2012-08-30,No,,,Permanent contract,1842.0,4737,Yes,3,,NA,1,Created
19049,2012-08-30,4751,Male,28,1984-11-19,0.00044,Divorced,932,,2012-08-30,No,,,Permanent contract,1842.0,4737,Yes,3,,NA,1,Life event: Divorced
4752,2011-01-01,4752,Male,59,1952-09-14,0.00717,Married,933,,2040-01-06,No,,,Entrepreneur without personnel,81983.0,152337,Yes,1,,NA,1,Created
4753,2011-01-01,4753,Female,41,1970-01-24,0.0007700000000000001,Married,960,,2043-09-13,No,,,Permanent contract,31639.0,196260,No,1,,NA,1,Created
4754,2011-01-01,4754,Male,61,1950-03-30,0.00747,Married,934,,2034-05-31,Yes,,,Permanent contract,21001.0,724,No,1,,NA,1,Created
4755,2011-01-01,4755,Male,54,1957-11-01,0.00404,Single,0,,,No,,,Permanent contract,41394.0,1664280,Yes,0,,NA,1,Created
4756,2011-01-01,4756,Male,59,1952-06-08,0.00717,Married,935,,2021-10-22,Yes,,,Permanent contract,24083.0,41558,Yes,3,,NA,1,Created
4757,2011-01-01,4757,Male,79,1932-12-12,0.05364,Widowed,0,,,Yes,,,Retired,50091.0,-2702,Yes,0,,NA,1,Created
4758,2011-01-01,4758,Female,38,1973-09-17,0.00063,Single,0,,,Yes,32.0,,Permanent contract,1350.0,106795,No,0,,NA,1,Created
4759,2011-01-01,4759,Female,4,2007-01-14,5.9999999999999995e-05,Single,0,,,Yes,45.0,2052-05-13,Child,0.0,0,No,0,26.0,2033-11-23,1,Created
4760,2011-01-01,4760,Female,39,1972-09-23,0.00074,Married,961,,2040-07-09,No,,,Flexible contract,37557.0,827,Yes,1,,NA,1,Created
4761,2011-01-01,4761,Male,28,1983-03-29,0.00045,Single,0,,,No,,,Permanent contract,19240.0,139028,No,0,,NA,1,Created
4762,2011-01-01,4762,Male,12,1999-06-01,0.00011,Single,0,,,Yes,26.0,2025-08-29,Child,0.0,0,No,0,,NA,1,Created
4763,2011-01-01,4763,Male,48,1963-10-13,0.0021100000000000003,Married,936,,2047-11-28,No,,,Permanent contract,71898.0,-45246,No,1,,NA,1,Created
4764,2011-01-01,4764,Male,76,1935-03-08,0.0375,Widowed,0,,,Yes,,,Retired,10412.0,579,Yes,0,,NA,1,Created
4765,2011-01-01,4765,Female,0,2011-03-01,0.0028899999999999998,Single,0,,,No,,,Child,0.0,0,Yes,0,32.0,2043-11-29,1,Created
4766,2011-01-01,4766,Male,34,1977-09-18,0.00067,Married,937,,2015-08-28,No,,,Permanent contract,45391.0,3804,Yes,1,,NA,1,Created
4767,2011-01-01,4767,Male,36,1975-09-25,0.0006,Single,0,,,No,,,Entrepreneur without personnel,68785.0,48704,Yes,0,,NA,1,Created
4768,2011-01-01,4768,Female,33,1978-12-10,0.00035,Single,0,,,No,,,Permanent contract,29458.0,109257,No,0,,NA,1,Created
4769,2011-01-01,4769,Female,5,2006-04-22,4e-05,Single,0,,,Yes,48.0,2054-07-11,Child,0.0,0,No,0,29.0,2035-09-11,1,Created
4770,2011-01-01,4770,Male,20,1991-12-27,0.00045,Single,0,,,No,,,Flexible contract,44515.0,190468,Yes,0,,NA,1,Created
4771,2011-01-01,4771,Female,82,1929-10-12,0.0493,Widowed,0,,,Yes,,,Retired,35407.0,195234,Yes,0,,NA,1,Created
4772,2011-01-01,4772,Female,1,2010-12-23,0.00033999999999999997,Single,0,,,Yes,20.0,2030-07-16,Child,0.0,0,No,0,27.0,2037-09-06,1,Created
4773,2011-01-01,4773,Female,76,1935-04-16,0.02337,Married,962,,2013-10-28,No,,,Retired,44994.0,68338,No,3,,NA,1,Created
4774,2011-01-01,4774,Male,67,1944-12-14,0.01396,Married,938,,2021-12-16,Yes,,,Permanent contract,6181.0,4865402,No,1,,NA,1,Created
18293,2011-12-14,4774,Male,68,1944-12-14,0.01396,Married,938,,2021-12-16,Yes,,,Retired,4326.7,4865402,No,1,,NA,1,Life event: Retired
4775,2011-01-01,4775,Female,50,1961-03-23,0.00225,Married,963,,2059-10-02,Yes,,,Flexible contract,23997.0,142838,No,2,,NA,1,Created
4776,2011-01-01,4776,Female,70,1941-12-08,0.01252,Married,964,,2047-04-15,No,,,Retired,27539.0,-274,No,1,,NA,1,Created
4777,2011-01-01,4777,Male,51,1960-08-20,0.00301,Married,939,,2042-05-18,No,,,Permanent contract,21252.0,331454,Yes,1,,NA,1,Created
4778,2011-01-01,4778,Female,27,1984-05-19,0.00025,Single,0,,,No,,,Permanent contract,39795.0,135574,No,0,36.0,2020-04-11,1,Created
4779,2011-01-01,4779,Male,76,1935-11-28,0.0375,Widowed,0,,,Yes,,,Retired,47483.0,-25277,No,0,,NA,1,Created
4780,2011-01-01,4780,Female,37,1974-06-03,0.00057,Single,0,,,No,,,Permanent contract,21207.0,-607,No,0,,NA,1,Created
4781,2011-01-01,4781,Female,10,2001-08-30,0.0001,Single,0,,,No,,,Child,0.0,0,Yes,0,30.0,2031-08-10,1,Created
4782,2011-01-01,4782,Male,57,1954-04-07,0.00572,Married,940,,2051-03-21,Yes,,,Entrepreneur without personnel,12069.0,341011,No,3,,NA,1,Created
4783,2011-01-01,4783,Male,63,1948-12-04,0.00945,Married,941,,2013-08-22,No,,,Permanent contract,18169.0,23434,Yes,2,,NA,1,Created
19291,2012-12-04,4783,Male,65,1948-12-04,0.00945,Married,941,,2013-08-22,No,,,Retired,12718.3,23434,Yes,2,,NA,1,Life event: Retired
4784,2011-01-01,4784,Male,94,1917-01-28,0.2512,Married,942,,2022-05-09,No,,,Retired,1163.0,16568,No,2,,NA,1,Created
17830,2011-08-20,4784,Male,95,1917-01-28,0.2512,Married,942,,2022-05-09,No,,,Retired,1163.0,16568,No,2,,NA,0,Life event: Deceased
4785,2011-01-01,4785,Female,2,2009-01-12,0.00015,Single,0,,,No,,,Child,0.0,0,No,0,26.0,2035-06-19,1,Created
4786,2011-01-01,4786,Female,59,1952-05-28,0.00479,Married,965,,2022-07-25,No,,,Entrepreneur without personnel,24145.0,447037,Yes,1,,NA,1,Created
4787,2011-01-01,4787,Female,7,2004-11-25,7e-05,Single,0,,,No,,,Child,0.0,0,No,0,38.0,2042-06-05,1,Created
4788,2011-01-01,4788,Male,8,2003-01-18,9e-05,Single,0,,,Yes,30.0,2033-08-04,Child,0.0,0,Yes,0,,NA,1,Created
4789,2011-01-01,4789,Male,12,1999-10-24,0.00011,Single,0,,,No,,,Child,0.0,0,No,0,,NA,1,Created
4790,2011-01-01,4790,Female,5,2006-02-15,4e-05,Single,0,,,No,,,Child,0.0,0,Yes,0,35.0,2041-05-23,1,Created
4791,2011-01-01,4791,Female,29,1982-02-24,0.00032,Single,0,,,Yes,34.0,2016-01-15,Permanent contract,11990.0,1639168,No,0,29.0,2011-08-24,1,Created
4792,2011-01-01,4792,Female,63,1948-04-03,0.00672,Married,966,,2060-07-16,No,,,Permanent contract,12806.0,-2953,No,3,,NA,1,Created
18640,2012-04-03,4792,Female,65,1948-04-03,0.00672,Married,966,,2060-07-16,No,,,Retired,8964.199999999999,-2953,No,3,,NA,1,Life event: Retired
4793,2011-01-01,4793,Male,48,1963-02-25,0.0021100000000000003,Married,943,,2058-01-27,No,,,Entrepreneur without personnel,11705.0,-38079,Yes,2,,NA,1,Created
4794,2011-01-01,4794,Female,8,2003-09-11,2.9999999999999997e-05,Single,0,,,No,,,Child,0.0,0,No,0,32.0,2035-05-06,1,Created
4795,2011-01-01,4795,Female,18,1993-12-26,0.00023999999999999998,Single,0,,,No,,,Permanent contract,38751.0,277,Yes,0,32.0,2025-08-24,1,Created
4796,2011-01-01,4796,Female,33,1978-07-07,0.00035,Single,0,,,No,,,Flexible contract,12184.0,212728,No,0,,NA,1,Created
4797,2011-01-01,4797,Female,12,1999-06-12,5e-05,Single,0,,,No,,,Child,0.0,0,Yes,0,33.0,2032-01-08,1,Created
4798,2011-01-01,4798,Male,3,2008-04-21,0.0002,Single,0,,,Yes,30.0,2038-12-03,Child,0.0,0,No,0,,NA,1,Created
4799,2011-01-01,4799,Female,36,1975-10-08,0.00049,Single,0,,,No,,,Permanent contract,3034.0,241251,No,0,,NA,1,Created
4800,2011-01-01,4800,Female,75,1936-07-25,0.01986,Married,967,,2023-05-24,Yes,,,Retired,10442.0,183961,No,2,,NA,1,Created
4801,2011-01-01,4801,Male,34,1977-01-22,0.00067,Single,0,,,No,,,Flexible contract,46862.0,544,Yes,0,,NA,1,Created
4802,2011-01-01,4802,Male,11,2000-02-11,9e-05,Single,0,,,Yes,32.0,2032-08-03,Child,0.0,0,Yes,0,,NA,1,Created
4803,2011-01-01,4803,Female,56,1955-11-28,0.0041,Married,968,,2029-05-23,No,,,Permanent contract,10957.0,285714,Yes,2,,NA,1,Created
4804,2011-01-01,4804,Male,43,1968-10-27,0.00103,Married,944,,2026-02-13,Yes,,,Permanent contract,48340.0,89726,Yes,2,,NA,1,Created
4805,2011-01-01,4805,Male,79,1932-04-02,0.05364,Widowed,0,,,No,,,Retired,6686.0,137290,No,0,,NA,1,Created
4806,2011-01-01,4806,Male,55,1956-01-15,0.00419,Married,945,,2068-09-07,Yes,,,Entrepreneur without personnel,13006.0,381861,Yes,1,,NA,1,Created
4807,2011-01-01,4807,Male,33,1978-12-28,0.00047999999999999996,Single,0,,,No,,,Flexible contract,39511.0,850263,No,0,,NA,1,Created
4808,2011-01-01,4808,Male,14,1997-12-18,0.00014,Single,0,,,Yes,30.0,2027-05-26,Child,0.0,0,No,0,,NA,1,Created
4809,2011-01-01,4809,Male,65,1946-03-16,0.01141,Divorced,0,,,No,,,Permanent contract,16886.0,1094,No,0,,NA,1,Created
17073,2011-03-16,4809,Male,66,1946-03-16,0.01141,Divorced,0,,,No,,,Retired,11820.199999999999,1094,No,0,,NA,1,Life event: Retired
4810,2011-01-01,4810,Female,59,1952-08-31,0.00479,Divorced,0,,,No,,,Permanent contract,64167.0,1389,Yes,0,,NA,1,Created
4811,2011-01-01,4811,Female,11,2000-12-17,7e-05,Single,0,,,No,,,Child,0.0,0,No,0,30.0,2030-10-20,1,Created
4812,2011-01-01,4812,Male,57,1954-03-07,0.00572,Married,946,,2061-08-19,No,,,Permanent contract,37736.0,207598,No,1,,NA,1,Created
4813,2011-01-01,4813,Male,48,1963-06-12,0.0021100000000000003,Married,947,,2015-12-14,No,,,Permanent contract,26922.0,405650,Yes,3,,NA,1,Created
4814,2011-01-01,4814,Female,59,1952-12-22,0.00479,Divorced,0,,,Yes,,,Permanent contract,18706.0,47826,Yes,0,,NA,1,Created
4815,2011-01-01,4815,Male,22,1989-07-18,0.00041,Single,0,,,No,,,Entrepreneur without personnel,337820.0,54201,No,0,,NA,1,Created
4816,2011-01-01,4816,Female,12,1999-06-04,5e-05,Single,0,,,No,,,Child,0.0,0,Yes,0,32.0,2031-05-31,1,Created
4817,2011-01-01,4817,Female,85,1926-01-07,0.07042999999999999,Widowed,0,,,No,,,Retired,1221.0,20197,Yes,0,,NA,1,Created
4818,2011-01-01,4818,Female,35,1976-06-09,0.00033999999999999997,Married,969,,2046-02-02,No,,,Permanent contract,699.0,230395,Yes,3,35.0,2011-02-26,1,Created
16979,2011-02-26,4818,Female,35,1976-06-09,0.00033999999999999997,Married,969,,2046-02-02,No,,,Permanent contract,699.0,230395,Yes,3,35,2011-02-26,1,Life event: Children born
4819,2011-01-01,4819,Female,6,2005-01-27,8e-05,Single,0,,,Yes,34.0,2039-10-07,Child,0.0,0,No,0,32.0,2037-06-19,1,Created
4820,2011-01-01,4820,Female,57,1954-03-27,0.00387,Married,970,,2020-11-11,Yes,,,Flexible contract,1284.0,13331,Yes,3,,NA,1,Created
4821,2011-01-01,4821,Female,52,1959-04-26,0.00268,Widowed,0,,,No,,,Permanent contract,30719.0,33241,Yes,0,,NA,1,Created
4822,2011-01-01,4822,Male,17,1994-10-22,0.00022999999999999998,Single,0,,,Yes,56.0,2050-01-19,Child,0.0,0,No,0,,NA,1,Created
18082,2011-10-22,4822,Male,18,1994-10-22,0.00022999999999999998,Single,0,,,No,,,Permanent contract,31202.0,152195,No,0,,NA,1,Life event: Adulthood
4823,2011-01-01,4823,Male,50,1961-08-22,0.00257,Divorced,0,,,Yes,,,Flexible contract,29963.0,642291,No,0,,NA,1,Created
4824,2011-01-01,4824,Female,40,1971-02-08,0.0006900000000000001,Married,971,,2066-12-07,Yes,,,Entrepreneur without personnel,28930.0,193990,Yes,2,41.0,2012-10-06,1,Created
19144,2012-10-06,4824,Female,42,1971-02-08,0.0006900000000000001,Married,971,,2066-12-07,Yes,,,Entrepreneur without personnel,28930.0,193990,Yes,2,41,2012-10-06,1,Life event: Children born
4825,2011-01-01,4825,Female,2,2009-08-12,0.00015,Single,0,,,Yes,45.0,2054-10-27,Child,0.0,0,Yes,0,34.0,2043-03-21,1,Created
4826,2011-01-01,4826,Male,61,1950-08-26,0.00747,Married,948,,2034-03-27,No,,,Permanent contract,27588.0,40,Yes,2,,NA,1,Created
4827,2011-01-01,4827,Male,94,1917-06-04,0.2512,Divorced,0,,,Yes,,,Retired,25102.0,143650,Yes,0,,NA,1,Created
4828,2011-01-01,4828,Female,34,1977-01-06,0.00037,Single,0,,,No,,,Permanent contract,36230.0,132385,Yes,0,,NA,1,Created
4829,2011-01-01,4829,Male,69,1942-08-29,0.01804,Married,949,,2072-09-05,Yes,,,Retired,2403.0,166025,No,2,,NA,1,Created
4830,2011-01-01,4830,Male,64,1947-10-15,0.01097,Married,950,,2011-09-19,Yes,,,Permanent contract,97278.0,196604,Yes,1,,NA,1,Created
17946,2011-09-19,4830,Male,64,1947-10-15,0.01097,Divorced,950,,2011-09-19,Yes,,,Permanent contract,97278.0,196604,Yes,1,,NA,1,Life event: Divorced
18054,2011-10-15,4830,Male,65,1947-10-15,0.01097,Divorced,950,,2011-09-19,Yes,,,Retired,68094.59999999999,196604,Yes,1,,NA,1,Life event: Retired
4831,2011-01-01,4831,Male,18,1993-10-29,0.00032,Single,0,,,Yes,40.0,2033-08-09,Permanent contract,49189.0,673,No,0,,NA,1,Created
4832,2011-01-01,4832,Female,8,2003-05-16,2.9999999999999997e-05,Single,0,,,No,,,Child,0.0,0,No,0,30.0,2033-08-25,1,Created
4833,2011-01-01,4833,Female,31,1980-03-12,0.00029,Single,0,,,Yes,60.0,2040-04-27,Permanent contract,48790.0,8024,No,0,,NA,1,Created
4834,2011-01-01,4834,Female,27,1984-06-03,0.00025,Single,0,,,Yes,40.0,2024-03-06,Permanent contract,47003.0,332706,Yes,0,42.0,2026-07-10,1,Created
4835,2011-01-01,4835,Female,28,1983-03-10,0.00025,Single,0,,,Yes,22.0,,Entrepreneur without personnel,40804.0,40080,Yes,0,29.0,2012-08-17,1,Created
4836,2011-01-01,4836,Male,27,1984-11-22,0.00044,Single,0,,,No,,,Permanent contract,11112.0,-2679,No,0,,NA,1,Created
4837,2011-01-01,4837,Male,35,1976-07-24,0.00055,Married,951,,2019-08-01,Yes,,,Flexible contract,22552.0,8269,No,3,,NA,1,Created
4838,2011-01-01,4838,Female,3,2008-06-08,0.00013000000000000002,Single,0,,,Yes,29.0,2037-10-19,Child,0.0,0,No,0,39.0,2047-01-13,1,Created
4839,2011-01-01,4839,Male,28,1983-03-24,0.00045,Single,0,,,No,,,Permanent contract,27729.0,87937,No,0,,NA,1,Created
4840,2011-01-01,4840,Female,5,2006-07-08,4e-05,Single,0,,,Yes,47.0,2053-09-23,Child,0.0,0,No,0,23.0,2029-11-16,1,Created
4841,2011-01-01,4841,Male,5,2006-09-22,9e-05,Single,0,,,No,,,Child,0.0,0,Yes,0,,NA,1,Created
4842,2011-01-01,4842,Male,10,2001-03-20,0.00011999999999999999,Single,0,,,No,,,Child,0.0,0,Yes,0,,NA,1,Created
4843,2011-01-01,4843,Female,17,1994-09-18,0.0001,Single,0,,,Yes,35.0,2029-02-03,Child,0.0,0,Yes,0,29.0,2023-06-29,1,Created
17938,2011-09-18,4843,Female,18,1994-09-18,0.0001,Single,0,,,Yes,35,2028-07-31,Permanent contract,72506.0,74907,Yes,0,29,2023-06-29,1,Life event: Adulthood
4844,2011-01-01,4844,Female,17,1994-03-20,0.0001,Single,0,,,No,,,Child,0.0,0,No,0,34.0,2028-05-21,1,Created
17091,2011-03-20,4844,Female,18,1994-03-20,0.0001,Single,0,,,No,,,Permanent contract,60098.0,-33248,No,0,34,2028-05-21,1,Life event: Adulthood
4845,2011-01-01,4845,Female,77,1934-04-18,0.0259,Widowed,0,,,Yes,,,Retired,18202.0,730721,Yes,0,,NA,1,Created
4846,2011-01-01,4846,Female,12,1999-02-05,5e-05,Single,0,,,No,,,Child,0.0,0,No,0,29.0,2028-02-07,1,Created
4847,2011-01-01,4847,Female,54,1957-04-19,0.00313,Married,972,,2025-02-21,No,,,Unemployed,29332.0,-2359,Yes,3,,NA,1,Created
4848,2011-01-01,4848,Female,51,1960-09-22,0.0023899999999999998,Married,973,,2026-06-27,Yes,,,Permanent contract,4989.0,1440,Yes,1,,NA,1,Created
4849,2011-01-01,4849,Female,48,1963-12-02,0.0018800000000000002,Divorced,0,,,No,,,Unemployed,19328.0,67381,No,0,,NA,1,Created
4850,2011-01-01,4850,Female,15,1996-10-08,8e-05,Single,0,,,Yes,33.0,2029-04-21,Child,0.0,0,Yes,0,37.0,2033-05-12,1,Created
4851,2011-01-01,4851,Male,64,1947-11-17,0.01097,Married,952,,2032-05-05,Yes,,,Permanent contract,6424.0,-38599,No,1,,NA,1,Created
18190,2011-11-17,4851,Male,65,1947-11-17,0.01097,Married,952,,2032-05-05,Yes,,,Retired,4496.799999999999,-38599,No,1,,NA,1,Life event: Retired
4852,2011-01-01,4852,Male,21,1990-08-13,0.00045,Single,0,,,No,,,Permanent contract,25070.0,27,Yes,0,,NA,1,Created
4853,2011-01-01,4853,Male,55,1956-05-12,0.00419,Single,0,,,No,,,Permanent contract,18318.0,290,No,0,,NA,1,Created
4854,2011-01-01,4854,Male,11,2000-11-28,9e-05,Single,0,,,Yes,25.0,2025-08-21,Child,0.0,0,No,0,,NA,1,Created
4855,2011-01-01,4855,Female,5,2006-03-27,4e-05,Single,0,,,Yes,28.0,2034-06-01,Child,0.0,0,No,0,31.0,2037-07-26,1,Created
4856,2011-01-01,4856,Male,59,1952-08-12,0.00717,Married,953,,2018-04-14,Yes,,,Unemployed,30534.0,276516,No,3,,NA,1,Created
4857,2011-01-01,4857,Female,31,1980-03-24,0.00029,Married,974,,2060-04-14,Yes,,,Permanent contract,71823.0,232680,Yes,1,,NA,1,Created
4858,2011-01-01,4858,Female,40,1971-04-22,0.0006900000000000001,Married,975,,2015-08-26,No,,,Unemployed,23111.0,479046,No,3,,NA,1,Created
4859,2011-01-01,4859,Female,36,1975-07-02,0.00049,Married,976,,2015-02-08,No,,,Flexible contract,16041.0,32552,No,2,39.0,2014-08-30,1,Created
4860,2011-01-01,4860,Female,80,1931-05-24,0.03682,Married,977,,2056-06-06,Yes,,,Retired,2256.0,6901,No,1,,NA,1,Created
4861,2011-01-01,4861,Male,58,1953-08-12,0.00603,Married,954,,2038-12-07,Yes,,,Permanent contract,23482.0,105816,Yes,2,,NA,1,Created
4862,2011-01-01,4862,Male,41,1970-06-12,0.0008900000000000001,Married,955,,2047-07-07,No,,,Flexible contract,9217.0,-38797,Yes,2,,NA,1,Created
4863,2011-01-01,4863,Male,37,1974-03-16,0.00082,Divorced,0,,,No,,,Permanent contract,35663.0,143755,Yes,0,,NA,1,Created
4864,2011-01-01,4864,Female,16,1995-07-17,8e-05,Single,0,,,No,,,Child,0.0,0,Yes,0,26.0,2021-05-14,1,Created
18942,2012-07-17,4864,Female,18,1995-07-17,8e-05,Single,0,,,Yes,27,2021-09-21,Permanent contract,9912.0,-8019,Yes,0,26,2021-05-14,1,Life event: Adulthood
4865,2011-01-01,4865,Female,44,1967-04-24,0.00107,Divorced,0,,,No,,,Permanent contract,6253.0,77357,Yes,0,,NA,1,Created
4866,2011-01-01,4866,Female,58,1953-04-13,0.00448,Married,978,,2037-09-07,No,,,Entrepreneur without personnel,18893.0,598239,No,1,,NA,1,Created
4867,2011-01-01,4867,Female,47,1964-03-03,0.00168,Married,979,,2015-08-24,No,,,Permanent contract,11207.0,2769,No,1,,NA,1,Created
4868,2011-01-01,4868,Female,28,1983-08-06,0.00025,Single,0,,,Yes,30.0,2013-11-14,Permanent contract,7565.0,-7063,No,0,37.0,2020-06-28,1,Created
4869,2011-01-01,4869,Male,31,1980-10-02,0.00041,Single,0,,,No,,,Permanent contract,16236.0,-9279,No,0,,NA,1,Created
4870,2011-01-01,4870,Male,33,1978-06-24,0.00047999999999999996,Single,0,,,No,,,Permanent contract,45911.0,262325,Yes,0,,NA,1,Created
4871,2011-01-01,4871,Male,63,1948-07-17,0.00945,Divorced,0,,,Yes,,,Flexible contract,41580.0,320566,No,0,,NA,1,Created
18943,2012-07-17,4871,Male,65,1948-07-17,0.00945,Divorced,0,,,Yes,,,Retired,29105.999999999996,320566,No,0,,NA,1,Life event: Retired
4872,2011-01-01,4872,Female,28,1983-12-08,0.00025,Single,0,,,No,,,Flexible contract,58393.0,350281,Yes,0,35.0,2018-10-30,1,Created
4873,2011-01-01,4873,Male,60,1951-07-13,0.006840000000000001,Married,956,,2020-01-24,No,,,Permanent contract,19748.0,-1487,No,2,,NA,1,Created
4874,2011-01-01,4874,Male,73,1938-02-05,0.0262,Married,957,,2055-10-04,No,,,Retired,11771.0,4597,Yes,2,,NA,1,Created
4875,2011-01-01,4875,Female,5,2006-01-21,4e-05,Single,0,,,Yes,49.0,2055-10-24,Child,0.0,0,No,0,45.0,2051-08-24,1,Created
4876,2011-01-01,4876,Female,46,1965-10-06,0.00134,Married,980,,2033-01-14,Yes,,,Permanent contract,425060.0,1662,Yes,1,,NA,1,Created
4877,2011-01-01,4877,Female,42,1969-12-18,0.001,Single,0,,,No,,,Entrepreneur with personel,17935.0,40221,Yes,0,,NA,1,Created
4878,2011-01-01,4878,Female,18,1993-01-17,0.00023999999999999998,Single,0,,,Yes,32.0,2025-01-30,Permanent contract,1210.0,-17465,No,0,25.0,2018-06-06,1,Created
4879,2011-01-01,4879,Male,0,2011-02-26,0.0036200000000000004,Single,0,,,No,,,Child,0.0,0,Yes,0,,NA,1,Created
4880,2011-01-01,4880,Female,60,1951-05-29,0.00541,Married,981,,2060-03-18,No,,,Entrepreneur without personnel,32954.0,-9401,No,2,,NA,1,Created
4881,2011-01-01,4881,Male,17,1994-08-14,0.00022999999999999998,Single,0,,,No,,,Child,0.0,0,Yes,0,,NA,1,Created
17796,2011-08-14,4881,Male,18,1994-08-14,0.00022999999999999998,Single,0,,,Yes,30,2023-12-30,Permanent contract,13870.0,49741,Yes,0,,NA,1,Life event: Adulthood
4882,2011-01-01,4882,Male,80,1931-02-17,0.05987000000000001,Widowed,0,,,No,,,Retired,3191.0,-27684,No,0,,NA,1,Created
4883,2011-01-01,4883,Male,11,2000-09-04,9e-05,Single,0,,,Yes,31.0,2031-08-30,Child,0.0,0,No,0,,NA,1,Created
4884,2011-01-01,4884,Female,55,1956-09-02,0.00372,Divorced,0,,,No,,,Permanent contract,48095.0,621561,Yes,0,,NA,1,Created
4885,2011-01-01,4885,Female,49,1962-04-20,0.00193,Married,982,,2070-12-18,Yes,,,Permanent contract,27629.0,2297345,No,3,,NA,1,Created
4886,2011-01-01,4886,Male,54,1957-03-31,0.00404,Married,958,,2059-09-08,No,,,Entrepreneur without personnel,31327.0,-798,Yes,1,,NA,1,Created
4887,2011-01-01,4887,Female,17,1994-06-05,0.0001,Single,0,,,Yes,45.0,2039-09-23,Child,0.0,0,No,0,35.0,2029-08-29,1,Created
17458,2011-06-05,4887,Female,18,1994-06-05,0.0001,Single,0,,,No,,,Entrepreneur with personel,39639.0,-3491,No,0,35,2029-08-29,1,Life event: Adulthood
4888,2011-01-01,4888,Female,71,1940-11-30,0.013009999999999999,Married,983,,2031-05-04,No,,,Retired,18409.0,280142,No,2,,NA,1,Created
18554,2012-02-27,4888,Female,72,1940-11-30,0.013009999999999999,Married,983,,2031-05-04,No,,,Retired,18409.0,280142,No,2,,NA,0,Life event: Deceased
4889,2011-01-01,4889,Female,42,1969-08-25,0.001,Married,984,,2038-12-12,No,,,Permanent contract,42018.0,-17425,Yes,2,,NA,1,Created
4890,2011-01-01,4890,Male,76,1935-12-13,0.0375,Married,959,,2044-09-07,Yes,,,Retired,38396.0,-16729,Yes,1,,NA,1,Created
4891,2011-01-01,4891,Female,80,1931-02-26,0.03682,Widowed,0,,,No,,,Retired,79689.0,2686,Yes,0,,NA,1,Created
4892,2011-01-01,4892,Female,5,2006-08-11,4e-05,Single,0,,,Yes,35.0,2041-10-26,Child,0.0,0,Yes,0,26.0,2032-03-21,1,Created
4893,2011-01-01,4893,Female,21,1990-02-17,0.00016,Single,0,,,Yes,45.0,2035-10-06,Permanent contract,12612.0,19227,No,0,30.0,2020-08-03,1,Created
4894,2011-01-01,4894,Male,9,2002-11-04,0.00014,Single,0,,,Yes,44.0,2046-08-05,Child,0.0,0,No,0,,NA,1,Created
4895,2011-01-01,4895,Female,55,1956-08-05,0.00372,Married,985,,2057-08-02,No,,,Entrepreneur without personnel,3597.0,-6999,Yes,3,,NA,1,Created
4896,2011-01-01,4896,Female,78,1933-08-11,0.02817,Married,986,,2019-06-22,Yes,,,Retired,6717.0,2504,Yes,1,,NA,1,Created
4897,2011-01-01,4897,Male,35,1976-09-07,0.00055,Married,960,,2043-09-13,Yes,,,Permanent contract,24260.0,-34709,No,1,,NA,1,Created
4898,2011-01-01,4898,Male,40,1971-02-22,0.0009400000000000001,Single,0,,,No,,,Permanent contract,425.0,154282,No,0,,NA,1,Created
4899,2011-01-01,4899,Female,13,1998-09-22,0.00011999999999999999,Single,0,,,Yes,33.0,2031-10-23,Child,0.0,0,Yes,0,31.0,2029-07-04,1,Created
4900,2011-01-01,4900,Female,9,2002-07-15,2.9999999999999997e-05,Single,0,,,Yes,30.0,2032-10-12,Child,0.0,0,Yes,0,35.0,2037-06-06,1,Created
4901,2011-01-01,4901,Male,4,2007-09-24,0.00011,Single,0,,,No,,,Child,0.0,0,No,0,,NA,1,Created
4902,2011-01-01,4902,Male,75,1936-08-18,0.033710000000000004,Divorced,0,,,Yes,,,Retired,17801.0,12293,Yes,0,,NA,1,Created
4903,2011-01-01,4903,Male,54,1957-01-16,0.00404,Divorced,0,,,Yes,,,Unemployed,18033.0,23049,Yes,0,,NA,1,Created
4904,2011-01-01,4904,Male,11,2000-09-27,9e-05,Single,0,,,No,,,Child,0.0,0,Yes,0,,NA,1,Created
4905,2011-01-01,4905,Female,32,1979-08-14,0.00041,Single,0,,,No,,,Unemployed,7766.0,17176,No,0,,NA,1,Created
4906,2011-01-01,4906,Male,24,1987-05-15,0.00047999999999999996,Single,0,,,No,,,Permanent contract,38472.0,-45563,No,0,,NA,1,Created
4907,2011-01-01,4907,Male,78,1933-03-08,0.04668,Married,961,,2040-07-09,Yes,,,Retired,27192.0,37533,Yes,1,,NA,1,Created
4908,2011-01-01,4908,Female,58,1953-01-07,0.00448,Single,0,,,Yes,37.0,,Flexible contract,47300.0,482662,Yes,0,,NA,1,Created
4909,2011-01-01,4909,Female,62,1949-08-01,0.0057399999999999994,Single,0,,,Yes,31.0,,Permanent contract,42666.0,87085,Yes,0,,NA,1,Created
4910,2011-01-01,4910,Female,48,1963-08-02,0.0018800000000000002,Divorced,0,,,No,,,Permanent contract,24197.0,-37023,No,0,,NA,1,Created
4911,2011-01-01,4911,Female,43,1968-09-03,0.0009699999999999999,Married,987,,2024-01-14,No,,,Entrepreneur without personnel,2516.0,310,Yes,2,,NA,1,Created
4912,2011-01-01,4912,Female,51,1960-03-04,0.0023899999999999998,Married,988,,2047-12-15,No,,,Flexible contract,46283.0,-4483,No,1,,NA,1,Created
4913,2011-01-01,4913,Male,79,1932-09-07,0.05364,Married,962,,2013-10-28,No,,,Retired,48138.0,125838,No,3,,NA,1,Created
4914,2011-01-01,4914,Female,60,1951-06-06,0.00541,Widowed,0,,,Yes,,,Permanent contract,16621.0,-6888,Yes,0,,NA,1,Created
4915,2011-01-01,4915,Male,65,1946-06-22,0.01141,Married,963,,2059-10-02,No,,,Flexible contract,87480.0,5557,No,2,,NA,1,Created
17547,2011-06-22,4915,Male,66,1946-06-22,0.01141,Married,963,,2059-10-02,No,,,Retired,61235.99999999999,5557,No,2,,NA,1,Life event: Retired
4916,2011-01-01,4916,Male,39,1972-03-19,0.0008699999999999999,Single,0,,,No,,,Permanent contract,6466.0,213234,No,0,,NA,1,Created
4917,2011-01-01,4917,Male,69,1942-09-23,0.01804,Married,964,,2047-04-15,No,,,Retired,6163.0,996053,No,1,,NA,1,Created
4918,2011-01-01,4918,Female,60,1951-03-29,0.00541,Divorced,0,,,Yes,,,Permanent contract,50192.0,5672,Yes,0,,NA,1,Created
4919,2011-01-01,4919,Male,31,1980-06-10,0.00041,Single,0,,,No,,,Permanent contract,66055.0,-657,No,0,,NA,1,Created
4920,2011-01-01,4920,Female,8,2003-06-03,2.9999999999999997e-05,Single,0,,,No,,,Child,0.0,0,Yes,0,34.0,2037-06-19,1,Created
4921,2011-01-01,4921,Female,76,1935-02-01,0.02337,Married,989,,2032-06-30,No,,,Retired,31186.0,56044,Yes,1,,NA,1,Created
19327,2012-12-17,4921,Female,78,1935-02-01,0.02337,Married,989,,2032-06-30,No,,,Retired,31186.0,56044,Yes,1,,NA,0,Life event: Deceased
4922,2011-01-01,4922,Male,64,1947-01-04,0.01097,Married,965,,2022-07-25,No,,,Unemployed,1302.0,11282,Yes,1,,NA,1,Created
16675,2011-01-04,4922,Male,65,1947-01-04,0.01097,Married,965,,2022-07-25,No,,,Retired,911.4,11282,Yes,1,,NA,1,Life event: Retired
4923,2011-01-01,4923,Male,63,1948-09-26,0.00945,Married,966,,2060-07-16,No,,,Permanent contract,89806.0,45835,No,3,,NA,1,Created
19123,2012-09-26,4923,Male,65,1948-09-26,0.00945,Married,966,,2060-07-16,No,,,Retired,62864.2,45835,No,3,,NA,1,Life event: Retired
4924,2011-01-01,4924,Male,28,1983-06-20,0.00045,Single,0,,,Yes,33.0,2016-01-31,Flexible contract,23762.0,-3867,No,0,,NA,1,Created
4925,2011-01-01,4925,Male,9,2002-05-01,0.00014,Single,0,,,No,,,Child,0.0,0,No,0,,NA,1,Created
4926,2011-01-01,4926,Female,16,1995-05-13,8e-05,Single,0,,,No,,,Child,0.0,0,No,0,31.0,2026-03-02,1,Created
18744,2012-05-13,4926,Female,18,1995-05-13,8e-05,Single,0,,,Yes,33,2027-07-24,Permanent contract,1735.0,600294,No,0,31,2026-03-02,1,Life event: Adulthood
4927,2011-01-01,4927,Male,32,1979-05-08,0.00059,Single,0,,,No,,,Entrepreneur without personnel,134804.0,41480,Yes,0,,NA,1,Created
4928,2011-01-01,4928,Male,40,1971-09-11,0.0009400000000000001,Single,0,,,No,,,Permanent contract,2765.0,9826,Yes,0,,NA,1,Created
4929,2011-01-01,4929,Female,85,1926-01-28,0.07042999999999999,Widowed,0,,,No,,,Retired,65015.0,6713,No,0,,NA,1,Created
4930,2011-01-01,4930,Female,62,1949-05-18,0.0057399999999999994,Married,990,,2033-03-14,No,,,Permanent contract,10940.0,177,No,3,,NA,1,Created
4931,2011-01-01,4931,Female,65,1946-03-08,0.007559999999999999,Married,991,,2038-07-13,No,,,Permanent contract,45739.0,1659,No,2,,NA,1,Created
17034,2011-03-08,4931,Female,66,1946-03-08,0.007559999999999999,Married,991,,2038-07-13,No,,,Retired,32017.3,1659,No,2,,NA,1,Life event: Retired
4932,2011-01-01,4932,Female,62,1949-01-31,0.0057399999999999994,Single,0,,,Yes,32.0,,Permanent contract,7719.0,370465,Yes,0,,NA,1,Created
4933,2011-01-01,4933,Male,8,2003-04-15,9e-05,Single,0,,,No,,,Child,0.0,0,No,0,,NA,1,Created
4934,2011-01-01,4934,Female,29,1982-12-16,0.00032,Married,992,,2035-06-28,Yes,,,Unemployed,24783.0,36035,Yes,1,34.0,2016-12-20,1,Created
4935,2011-01-01,4935,Male,61,1950-02-15,0.00747,Married,967,,2023-05-24,No,,,Permanent contract,36413.0,474913,No,2,,NA,1,Created
4936,2011-01-01,4936,Male,45,1966-07-26,0.0014199999999999998,Married,968,,2029-05-23,Yes,,,Permanent contract,3639.0,104200,Yes,2,,NA,1,Created
4937,2011-01-01,4937,Male,9,2002-11-03,0.00014,Single,0,,,Yes,50.0,2052-12-05,Child,0.0,0,Yes,0,,NA,1,Created
4938,2011-01-01,4938,Male,95,1916-12-07,0.25144,Widowed,0,,,No,,,Retired,89872.0,437384,Yes,0,,NA,1,Created
4939,2011-01-01,4939,Female,2,2009-02-28,0.00015,Single,0,,,Yes,23.0,2032-05-11,Child,0.0,0,Yes,0,29.0,2038-05-17,1,Created
4940,2011-01-01,4940,Male,69,1942-10-02,0.01804,Married,969,,2046-02-02,No,,,Retired,6757.0,492963,Yes,3,,NA,1,Created
4941,2011-01-01,4941,Male,16,1995-11-21,0.00029,Single,0,,,Yes,25.0,2020-02-10,Child,0.0,0,No,0,,NA,1,Created
19262,2012-11-21,4941,Male,18,1995-11-21,0.00029,Single,0,,,Yes,37,2031-12-16,Permanent contract,36621.0,-9312,No,0,,NA,1,Life event: Adulthood
4942,2011-01-01,4942,Male,50,1961-07-30,0.00257,Married,970,,2020-11-11,Yes,,,Permanent contract,3185.0,26879,Yes,3,,NA,1,Created
4943,2011-01-01,4943,Female,24,1987-03-19,0.00018999999999999998,Single,0,,,No,,,Flexible contract,48397.0,-14353,No,0,27.0,2014-09-24,1,Created
4944,2011-01-01,4944,Female,42,1969-05-26,0.001,Married,993,,2021-10-28,Yes,,,Permanent contract,40582.0,72205,Yes,1,,NA,1,Created
4945,2011-01-01,4945,Female,53,1958-03-14,0.00312,Married,994,,2015-05-22,Yes,,,Permanent contract,34533.0,17523,Yes,1,,NA,1,Created
4946,2011-01-01,4946,Female,45,1966-08-10,0.00134,Married,995,,2030-12-19,Yes,,,Permanent contract,12815.0,83661,Yes,3,,NA,1,Created
4947,2011-01-01,4947,Male,40,1971-01-16,0.0009400000000000001,Single,0,,,No,,,Permanent contract,1604.0,126805,No,0,,NA,1,Created
4948,2011-01-01,4948,Male,59,1952-11-22,0.00717,Married,971,,2066-12-07,Yes,,,Permanent contract,26911.0,862388,Yes,2,,NA,1,Created
4949,2011-01-01,4949,Female,44,1967-04-23,0.00107,Single,0,,,No,,,Permanent contract,11634.0,121907,No,0,,NA,1,Created
4950,2011-01-01,4950,Male,25,1986-08-24,0.00033999999999999997,Married,972,,2025-02-21,Yes,,,Permanent contract,22713.0,174721,Yes,3,,NA,1,Created
4951,2011-01-01,4951,Female,57,1954-09-10,0.00387,Divorced,0,,,No,,,Flexible contract,10853.0,132610,No,0,,NA,1,Created
4952,2011-01-01,4952,Female,48,1963-02-06,0.0018800000000000002,Married,996,,2034-06-23,Yes,,,Permanent contract,21335.0,-37689,No,1,,NA,1,Created
4953,2011-01-01,4953,Female,101,1910-04-08,1.0,Widowed,0,,,No,,,Retired,35895.0,1136,Yes,0,,NA,1,Created
18518,2012-02-13,4953,Female,102,1910-04-08,1.0,Widowed,0,,,No,,,Retired,35895.0,1136,Yes,0,,NA,0,Life event: Deceased
4954,2011-01-01,4954,Male,54,1957-03-27,0.00404,Divorced,0,,,Yes,,,Permanent contract,11995.0,4554,No,0,,NA,1,Created
4955,2011-01-01,4955,Male,4,2007-03-27,0.00011,Single,0,,,No,,,Child,0.0,0,No,0,,NA,1,Created
4956,2011-01-01,4956,Male,7,2004-11-30,9e-05,Single,0,,,Yes,38.0,2042-04-01,Child,0.0,0,Yes,0,,NA,1,Created
4957,2011-01-01,4957,Male,46,1965-09-04,0.00172,Married,973,,2026-06-27,Yes,,,Permanent contract,16190.0,4796677,Yes,1,,NA,1,Created
4958,2011-01-01,4958,Female,10,2001-08-12,0.0001,Single,0,,,No,,,Child,0.0,0,No,0,32.0,2033-05-05,1,Created
4959,2011-01-01,4959,Male,80,1931-01-04,0.05987000000000001,Married,974,,2060-04-14,No,,,Retired,16003.0,1199181,Yes,1,,NA,1,Created
4960,2011-01-01,4960,Female,8,2003-08-24,2.9999999999999997e-05,Single,0,,,Yes,34.0,2037-11-08,Child,0.0,0,Yes,0,26.0,2029-03-19,1,Created
4961,2011-01-01,4961,Female,55,1956-09-24,0.00372,Married,997,,2013-12-08,Yes,,,Permanent contract,51918.0,105077,No,2,,NA,1,Created
18886,2012-06-26,4961,Female,56,1956-09-24,0.00372,Widowed,997,,2013-12-08,Yes,,,Permanent contract,51918.0,105077,No,2,,NA,1,Life event: Widowed
4962,2011-01-01,4962,Female,80,1931-07-10,0.03682,Married,998,,2015-09-07,No,,,Retired,31955.0,-10811,No,2,,NA,1,Created
4963,2011-01-01,4963,Female,40,1971-10-25,0.0006900000000000001,Single,0,,,Yes,30.0,,Permanent contract,10204.0,2116676,Yes,0,,NA,1,Created
4964,2011-01-01,4964,Male,16,1995-07-24,0.00029,Single,0,,,No,,,Child,0.0,0,No,0,,NA,1,Created
18962,2012-07-24,4964,Male,18,1995-07-24,0.00029,Single,0,,,No,,,Unemployed,98918.0,61209,No,0,,NA,1,Life event: Adulthood
4965,2011-01-01,4965,Male,55,1956-08-25,0.00419,Married,975,,2015-08-26,Yes,,,Entrepreneur without personnel,13770.0,70687,No,3,,NA,1,Created
4966,2011-01-01,4966,Male,1,2010-12-11,0.00056,Single,0,,,No,,,Child,0.0,0,No,0,,NA,1,Created
4967,2011-01-01,4967,Female,10,2001-01-08,0.0001,Single,0,,,Yes,35.0,2036-08-24,Child,0.0,0,Yes,0,25.0,2026-07-30,1,Created
4968,2011-01-01,4968,Male,63,1948-08-14,0.00945,Married,976,,2015-02-08,No,,,Flexible contract,32983.0,171837,No,2,,NA,1,Created
19005,2012-08-14,4968,Male,65,1948-08-14,0.00945,Married,976,,2015-02-08,No,,,Retired,23088.1,171837,No,2,,NA,1,Life event: Retired
4969,2011-01-01,4969,Female,59,1952-06-11,0.00479,Married,999,,2052-03-04,Yes,,,Permanent contract,14887.0,-17596,No,3,,NA,1,Created
4970,2011-01-01,4970,Male,32,1979-10-08,0.00059,Single,0,,,No,,,Permanent contract,11687.0,-22129,No,0,,NA,1,Created
4971,2011-01-01,4971,Female,16,1995-08-31,8e-05,Single,0,,,Yes,42.0,2037-03-09,Child,0.0,0,Yes,0,30.0,2025-03-26,1,Created
19057,2012-08-31,4971,Female,18,1995-08-31,8e-05,Single,0,,,Yes,32,2026-10-02,Permanent contract,41225.0,3449547,Yes,0,30,2025-03-26,1,Life event: Adulthood
4972,2011-01-01,4972,Male,48,1963-06-29,0.0021100000000000003,Married,977,,2056-06-06,Yes,,,Entrepreneur without personnel,28525.0,2070,No,1,,NA,1,Created
4973,2011-01-01,4973,Female,62,1949-01-26,0.0057399999999999994,Divorced,0,,,No,,,Entrepreneur without personnel,49288.0,464,Yes,0,,NA,1,Created
4974,2011-01-01,4974,Male,38,1973-09-21,0.0009599999999999999,Single,0,,,No,,,Permanent contract,53148.0,170506,Yes,0,,NA,1,Created
4975,2011-01-01,4975,Female,11,2000-04-24,7e-05,Single,0,,,Yes,30.0,2030-08-24,Child,0.0,0,Yes,0,32.0,2032-08-31,1,Created
4976,2011-01-01,4976,Female,34,1977-07-31,0.00037,Single,0,,,Yes,26.0,,Unemployed,44244.0,5301,Yes,0,,NA,1,Created
4977,2011-01-01,4977,Female,61,1950-02-20,0.00562,Divorced,0,,,No,,,Entrepreneur without personnel,12136.0,66032,Yes,0,,NA,1,Created
4978,2011-01-01,4978,Male,17,1994-06-25,0.00022999999999999998,Single,0,,,No,,,Child,0.0,0,No,0,,NA,1,Created
17565,2011-06-25,4978,Male,18,1994-06-25,0.00022999999999999998,Single,0,,,Yes,84,2077-05-15,Entrepreneur without personnel,4996.0,-34767,No,0,,NA,1,Life event: Adulthood
4979,2011-01-01,4979,Female,102,1909-07-23,1.0,Single,0,,,Yes,26.0,,Retired,117225.0,76175,No,0,,NA,1,Created
16883,2011-02-10,4979,Female,102,1909-07-23,1.0,Single,0,,,Yes,26,,Retired,117225.0,76175,No,0,,NA,0,Life event: Deceased
4980,2011-01-01,4980,Female,86,1925-05-03,0.08317000000000001,Widowed,0,,,No,,,Retired,24702.0,22805,Yes,0,,NA,1,Created
17109,2011-03-23,4980,Female,86,1925-05-03,0.08317000000000001,Widowed,0,,,No,,,Retired,24702.0,22805,Yes,0,,NA,0,Life event: Deceased
4981,2011-01-01,4981,Male,6,2005-01-29,5.9999999999999995e-05,Single,0,,,Yes,37.0,2042-11-09,Child,0.0,0,No,0,,NA,1,Created
4982,2011-01-01,4982,Female,12,1999-08-26,5e-05,Single,0,,,No,,,Child,0.0,0,No,0,28.0,2027-05-07,1,Created
4983,2011-01-01,4983,Female,5,2006-11-20,4e-05,Single,0,,,No,,,Child,0.0,0,No,0,36.0,2042-04-23,1,Created
4984,2011-01-01,4984,Male,41,1970-10-07,0.0008900000000000001,Single,0,,,Yes,25.0,,Permanent contract,4902.0,390164,Yes,0,,NA,1,Created
4985,2011-01-01,4985,Female,54,1957-01-18,0.00313,Married,1000,,2027-03-24,Yes,,,Permanent contract,14565.0,107612,No,3,,NA,1,Created
4986,2011-01-01,4986,Male,6,2005-06-27,5.9999999999999995e-05,Single,0,,,Yes,28.0,2033-01-30,Child,0.0,0,Yes,0,,NA,1,Created
4987,2011-01-01,4987,Male,31,1980-06-22,0.00041,Single,0,,,Yes,30.0,,Flexible contract,16016.0,144146,Yes,0,,NA,1,Created
4988,2011-01-01,4988,Male,39,1972-03-13,0.0008699999999999999,Married,978,,2037-09-07,Yes,,,Entrepreneur without personnel,82988.0,27728,No,1,,NA,1,Created
4989,2011-01-01,4989,Female,16,1995-05-23,8e-05,Single,0,,,Yes,49.0,2044-03-19,Child,0.0,0,Yes,0,29.0,2024-04-04,1,Created
18779,2012-05-23,4989,Female,18,1995-05-23,8e-05,Single,0,,,No,,,Entrepreneur without personnel,15881.0,256767,Yes,0,29,2024-04-04,1,Life event: Adulthood
4990,2011-01-01,4990,Female,32,1979-03-06,0.00041,Single,0,,,Yes,32.0,2011-07-31,Permanent contract,24666.0,7425,No,0,,NA,1,Created
17723,2011-07-31,4990,Female,33,1979-03-06,0.00041,Married,3449,21,2032-06-22,Yes,32,2011-07-31,Permanent contract,24666.0,7425,No,0,,NA,1,Life event: Married
4991,2011-01-01,4991,Male,16,1995-05-30,0.00029,Single,0,,,No,,,Child,0.0,0,Yes,0,,NA,1,Created
18797,2012-05-30,4991,Male,18,1995-05-30,0.00029,Single,0,,,No,,,Permanent contract,1992.0,-32986,Yes,0,,NA,1,Life event: Adulthood
4992,2011-01-01,4992,Female,21,1990-11-27,0.00016,Single,0,,,No,,,Flexible contract,8244.0,-46070,No,0,32.0,2022-12-30,1,Created
4993,2011-01-01,4993,Male,57,1954-09-21,0.00572,Single,0,,,Yes,27.0,,Permanent contract,47960.0,149854,No,0,,NA,1,Created
4994,2011-01-01,4994,Male,98,1913-07-08,0.33792,Widowed,0,,,Yes,,,Retired,36778.0,755349,Yes,0,,NA,1,Created
18363,2011-12-26,4994,Male,99,1913-07-08,0.33792,Widowed,0,,,Yes,,,Retired,36778.0,755349,Yes,0,,NA,0,Life event: Deceased
4995,2011-01-01,4995,Male,39,1972-09-27,0.0008699999999999999,Married,979,,2015-08-24,Yes,,,Permanent contract,46771.0,-1533,No,1,,NA,1,Created
4996,2011-01-01,4996,Male,24,1987-08-06,0.00047999999999999996,Single,0,,,No,,,Permanent contract,40438.0,-42708,Yes,0,,NA,1,Created
4997,2011-01-01,4997,Female,29,1982-02-06,0.00032,Single,0,,,Yes,26.0,,Permanent contract,27770.0,588933,Yes,0,29.0,2011-01-05,1,Created
4998,2011-01-01,4998,Female,8,2003-02-06,2.9999999999999997e-05,Single,0,,,No,,,Child,0.0,0,No,0,25.0,2028-10-14,1,Created
4999,2011-01-01,4999,Female,9,2002-10-09,2.9999999999999997e-05,Single,0,,,Yes,22.0,2024-08-23,Child,0.0,0,No,0,23.0,2025-12-17,1,Created
5000,2011-01-01,5000,Female,32,1979-09-02,0.00041,Married,1001,,2043-02-19,Yes,,,Permanent contract,26644.0,159440,No,2,33.0,2012-01-21,1,Created
18453,2012-01-21,5000,Female,33,1979-09-02,0.00041,Married,1001,,2043-02-19,Yes,,,Permanent contract,26644.0,159440,No,2,33,2012-01-21,1,Life event: Children born
5001,2011-01-01,5001,Female,80,1931-06-15,0.03682,Single,0,,,No,,,Retired,25417.0,161552,Yes,0,,NA,1,Created
5002,2011-01-01,5002,Male,1,2010-08-25,0.00056,Single,0,,,No,,,Child,0.0,0,Yes,0,,NA,1,Created
5003,2011-01-01,5003,Male,28,1983-07-05,0.00045,Single,0,,,Yes,33.0,2016-01-10,Flexible contract,11155.0,-48199,Yes,0,,NA,1,Created
5004,2011-01-01,5004,Male,46,1965-02-27,0.00172,Married,980,,2033-01-14,No,,,Permanent contract,23081.0,-49305,Yes,1,,NA,1,Created
5005,2011-01-01,5005,Female,57,1954-05-24,0.00387,Divorced,0,,,Yes,,,Unemployed,21581.0,957722,No,0,,NA,1,Created
5006,2011-01-01,5006,Male,51,1960-12-25,0.00301,Married,981,,2060-03-18,No,,,Permanent contract,48679.0,25108,No,2,,NA,1,Created
5007,2011-01-01,5007,Female,13,1998-06-08,0.00011999999999999999,Single,0,,,Yes,32.0,2030-04-20,Child,0.0,0,No,0,34.0,2032-05-02,1,Created
5008,2011-01-01,5008,Female,35,1976-07-25,0.00033999999999999997,Married,1002,,2044-08-25,No,,,Permanent contract,34658.0,198668,No,2,,NA,1,Created
5009,2011-01-01,5009,Female,52,1959-02-23,0.00268,Single,0,,,No,,,Permanent contract,74252.0,112027,Yes,0,,NA,1,Created
5010,2011-01-01,5010,Male,44,1967-11-25,0.0013599999999999999,Married,982,,2070-12-18,Yes,,,Flexible contract,6497.0,9501,No,3,,NA,1,Created
5011,2011-01-01,5011,Male,8,2003-06-04,9e-05,Single,0,,,No,,,Child,0.0,0,Yes,0,,NA,1,Created
5012,2011-01-01,5012,Female,41,1970-11-24,0.0007700000000000001,Married,1003,,2014-03-26,No,,,Entrepreneur without personnel,17855.0,122165,Yes,2,,NA,1,Created
5013,2011-01-01,5013,Male,73,1938-10-26,0.0262,Married,983,,2031-05-04,No,,,Retired,15122.0,304661,No,2,,NA,1,Created
18555,2012-02-27,5013,Male,74,1938-10-26,0.0262,Widowed,983,,2031-05-04,No,,,Retired,15122.0,304661,No,2,,NA,1,Life event: Widowed
5014,2011-01-01,5014,Female,50,1961-02-28,0.00225,Married,1004,,2051-08-06,Yes,,,Permanent contract,28876.0,582249,Yes,3,,NA,1,Created
5015,2011-01-01,5015,Male,18,1993-11-14,0.00032,Single,0,,,No,,,Permanent contract,47399.0,28143,No,0,,NA,1,Created
5016,2011-01-01,5016,Male,21,1990-05-02,0.00045,Single,0,,,No,,,Flexible contract,30141.0,2215741,Yes,0,,NA,1,Created
5017,2011-01-01,5017,Male,31,1980-11-06,0.00041,Single,0,,,No,,,Permanent contract,592.0,20753,No,0,,NA,1,Created
5018,2011-01-01,5018,Male,31,1980-09-23,0.00041,Married,984,,2038-12-12,No,,,Permanent contract,52511.0,13831,Yes,2,,NA,1,Created
5019,2011-01-01,5019,Female,18,1993-10-25,0.00023999999999999998,Single,0,,,Yes,22.0,2015-05-02,Flexible contract,3212.0,9229,Yes,0,27.0,2020-08-13,1,Created
5020,2011-01-01,5020,Male,47,1964-08-28,0.00186,Married,985,,2057-08-02,No,,,Permanent contract,32042.0,122418,Yes,3,,NA,1,Created
5021,2011-01-01,5021,Female,14,1997-06-24,9e-05,Single,0,,,No,,,Child,0.0,0,Yes,0,35.0,2032-11-26,1,Created
5022,2011-01-01,5022,Male,54,1957-08-02,0.00404,Married,986,,2019-06-22,Yes,,,Permanent contract,7504.0,18375,Yes,1,,NA,1,Created
5023,2011-01-01,5023,Female,37,1974-07-28,0.00057,Single,0,,,Yes,40.0,2014-12-09,Flexible contract,11137.0,281767,No,0,38.0,2012-03-11,1,Created
5024,2011-01-01,5024,Female,27,1984-07-28,0.00025,Single,0,,,No,,,Flexible contract,9957.0,15432,Yes,0,37.0,2021-02-12,1,Created
5025,2011-01-01,5025,Female,47,1964-05-02,0.00168,Married,1005,,2024-11-20,No,,,Entrepreneur without personnel,75257.0,4329370,No,1,,NA,1,Created
5026,2011-01-01,5026,Male,37,1974-05-09,0.00082,Married,987,,2024-01-14,Yes,,,Entrepreneur without personnel,377964.0,515003,Yes,2,,NA,1,Created
5027,2011-01-01,5027,Male,10,2001-10-15,0.00011999999999999999,Single,0,,,Yes,30.0,2031-04-25,Child,0.0,0,No,0,,NA,1,Created
5028,2011-01-01,5028,Male,23,1988-07-31,0.00039,Single,0,,,No,,,Permanent contract,21212.0,-13693,Yes,0,,NA,1,Created
5029,2011-01-01,5029,Male,17,1994-01-18,0.00022999999999999998,Single,0,,,Yes,31.0,2025-10-14,Child,0.0,0,Yes,0,,NA,1,Created
16759,2011-01-18,5029,Male,18,1994-01-18,0.00022999999999999998,Single,0,,,Yes,31,2024-05-20,Permanent contract,2680.0,32396,Yes,0,,NA,1,Life event: Adulthood
5030,2011-01-01,5030,Male,0,2011-06-26,0.0036200000000000004,Single,0,,,Yes,31.0,2042-09-08,Child,0.0,0,Yes,0,,NA,1,Created
5031,2011-01-01,5031,Female,35,1976-09-27,0.00033999999999999997,Single,0,,,Yes,23.0,,Permanent contract,35032.0,497148,No,0,,NA,1,Created
5032,2011-01-01,5032,Female,80,1931-05-31,0.03682,Married,1006,,2030-11-09,No,,,Retired,71776.0,-11095,No,2,,NA,1,Created
5033,2011-01-01,5033,Male,25,1986-06-06,0.00033999999999999997,Single,0,,,Yes,30.0,2016-09-15,Permanent contract,3241.0,-5550,Yes,0,,NA,1,Created
5034,2011-01-01,5034,Male,10,2001-01-04,0.00011999999999999999,Single,0,,,No,,,Child,0.0,0,Yes,0,,NA,1,Created
5035,2011-01-01,5035,Male,23,1988-11-21,0.00039,Single,0,,,Yes,30.0,2018-03-30,Flexible contract,16379.0,46089,No,0,,NA,1,Created
5036,2011-01-01,5036,Female,36,1975-09-17,0.00049,Single,0,,,Yes,28.0,,Flexible contract,26723.0,399488,No,0,,NA,1,Created
5037,2011-01-01,5037,Female,54,1957-08-18,0.00313,Married,1007,,2052-10-11,No,,,Flexible contract,26409.0,31769,No,2,,NA,1,Created
5038,2011-01-01,5038,Male,6,2005-09-22,5.9999999999999995e-05,Single,0,,,No,,,Child,0.0,0,No,0,,NA,1,Created
5039,2011-01-01,5039,Female,27,1984-09-20,0.00025,Single,0,,,Yes,20.0,,Permanent contract,18488.0,-47596,Yes,0,29.0,2013-12-29,1,Created
5040,2011-01-01,5040,Female,13,1998-07-14,0.00011999999999999999,Single,0,,,Yes,30.0,2028-12-26,Child,0.0,0,No,0,27.0,2025-08-27,1,Created
5041,2011-01-01,5041,Female,11,2000-12-29,7e-05,Single,0,,,No,,,Child,0.0,0,Yes,0,24.0,2024-02-05,1,Created
5042,2011-01-01,5042,Female,37,1974-12-27,0.00057,Married,1008,,2030-09-05,Yes,,,Permanent contract,28886.0,3074,No,1,,NA,1,Created
5043,2011-01-01,5043,Male,48,1963-07-01,0.0021100000000000003,Divorced,0,,,No,,,Permanent contract,7545.0,319358,No,0,,NA,1,Created
5044,2011-01-01,5044,Female,41,1970-08-13,0.0007700000000000001,Single,0,,,No,,,Flexible contract,25931.0,-5688,No,0,,NA,1,Created
5045,2011-01-01,5045,Female,37,1974-06-04,0.00057,Divorced,0,,,No,,,Flexible contract,20822.0,6683,Yes,0,,NA,1,Created
5046,2011-01-01,5046,Male,72,1939-11-14,0.02384,Married,988,,2047-12-15,Yes,,,Retired,14572.0,10895,No,1,,NA,1,Created
5047,2011-01-01,5047,Female,80,1931-01-02,0.03682,Widowed,0,,,Yes,,,Retired,31996.0,178794,Yes,0,,NA,1,Created
5048,2011-01-01,5048,Female,10,2001-06-08,0.0001,Single,0,,,Yes,45.0,2046-10-30,Child,0.0,0,No,0,42.0,2043-03-31,1,Created
5049,2011-01-01,5049,Female,43,1968-04-30,0.0009699999999999999,Married,1009,,2015-12-17,Yes,,,Permanent contract,6602.0,-15624,Yes,2,,NA,1,Created
5050,2011-01-01,5050,Male,21,1990-04-22,0.00045,Single,0,,,No,,,Permanent contract,519.0,-44953,No,0,,NA,1,Created
5051,2011-01-01,5051,Female,6,2005-03-05,8e-05,Single,0,,,No,,,Child,0.0,0,No,0,36.0,2041-11-28,1,Created
5052,2011-01-01,5052,Male,41,1970-03-29,0.0008900000000000001,Divorced,0,,,Yes,,,Permanent contract,44929.0,295,Yes,0,,NA,1,Created
5053,2011-01-01,5053,Female,24,1987-06-25,0.00018999999999999998,Single,0,,,Yes,55.0,2042-01-14,Permanent contract,30781.0,-27426,Yes,0,36.0,2023-04-13,1,Created
5054,2011-01-01,5054,Male,8,2003-08-29,9e-05,Single,0,,,No,,,Child,0.0,0,Yes,0,,NA,1,Created
5055,2011-01-01,5055,Male,30,1981-07-05,0.00055,Single,0,,,Yes,63.0,2044-06-02,Permanent contract,10510.0,-841,No,0,,NA,1,Created
5056,2011-01-01,5056,Male,104,1907-08-15,1.0,Widowed,0,,,Yes,,,Retired,20572.0,-544,Yes,0,,NA,1,Created
17986,2011-09-29,5056,Male,105,1907-08-15,1.0,Widowed,0,,,Yes,,,Retired,20572.0,-544,Yes,0,,NA,0,Life event: Deceased
5057,2011-01-01,5057,Male,4,2007-12-29,0.00011,Single,0,,,Yes,28.0,2035-03-11,Child,0.0,0,Yes,0,,NA,1,Created
5058,2011-01-01,5058,Male,71,1940-04-27,0.02034,Single,0,,,No,,,Retired,8478.0,280961,No,0,,NA,1,Created
5059,2011-01-01,5059,Female,38,1973-04-05,0.00063,Married,1010,,2030-08-22,Yes,,,Permanent contract,8030.0,33217,No,1,,NA,1,Created
5060,2011-01-01,5060,Male,17,1994-08-10,0.00022999999999999998,Single,0,,,No,,,Child,0.0,0,Yes,0,,NA,1,Created
17773,2011-08-10,5060,Male,18,1994-08-10,0.00022999999999999998,Single,0,,,Yes,59,2052-07-31,Unemployed,45296.0,515382,Yes,0,,NA,1,Life event: Adulthood
5061,2011-01-01,5061,Male,33,1978-03-30,0.00047999999999999996,Married,989,,2032-06-30,No,,,Permanent contract,14584.0,300400,Yes,1,,NA,1,Created
19328,2012-12-17,5061,Male,35,1978-03-30,0.00047999999999999996,Widowed,989,,2032-06-30,No,,,Permanent contract,14584.0,300400,Yes,1,,NA,1,Life event: Widowed
5062,2011-01-01,5062,Female,65,1946-01-08,0.007559999999999999,Married,1011,,2058-06-26,Yes,,,Permanent contract,35308.0,-28282,Yes,1,,NA,1,Created
16698,2011-01-08,5062,Female,66,1946-01-08,0.007559999999999999,Married,1011,,2058-06-26,Yes,,,Retired,24715.6,-28282,Yes,1,,NA,1,Life event: Retired
5063,2011-01-01,5063,Female,25,1986-01-29,0.00022999999999999998,Single,0,,,No,,,Permanent contract,8105.0,194474,No,0,40.0,2026-10-31,1,Created
5064,2011-01-01,5064,Male,3,2008-07-02,0.0002,Single,0,,,Yes,50.0,2058-06-13,Child,0.0,0,No,0,,NA,1,Created
5065,2011-01-01,5065,Female,81,1930-02-17,0.04307,Married,1012,,2020-08-07,No,,,Retired,32824.0,23087,Yes,2,,NA,1,Created
17576,2011-06-27,5065,Female,82,1930-02-17,0.04307,Married,1012,,2020-08-07,No,,,Retired,32824.0,23087,Yes,2,,NA,0,Life event: Deceased
5066,2011-01-01,5066,Female,68,1943-10-22,0.00983,Married,1013,,2029-02-28,Yes,,,Retired,11399.0,65012,No,2,,NA,1,Created
16750,2011-01-16,5066,Female,68,1943-10-22,0.00983,Married,1013,,2029-02-28,Yes,,,Retired,11399.0,65012,No,2,,NA,0,Life event: Deceased
5067,2011-01-01,5067,Male,68,1943-09-17,0.01522,Divorced,0,,,Yes,,,Retired,13398.0,8091,Yes,0,,NA,1,Created
5068,2011-01-01,5068,Male,69,1942-04-05,0.01804,Married,990,,2033-03-14,Yes,,,Retired,19122.0,36406,No,3,,NA,1,Created
5069,2011-01-01,5069,Female,68,1943-09-11,0.00983,Married,1014,,2036-07-25,No,,,Retired,18730.0,997529,No,3,,NA,1,Created
5070,2011-01-01,5070,Female,64,1947-12-04,0.00713,Married,1015,,2062-05-07,Yes,,,Permanent contract,34719.0,-28133,No,2,,NA,1,Created
18259,2011-12-04,5070,Female,65,1947-12-04,0.00713,Married,1015,,2062-05-07,Yes,,,Retired,24303.3,-28133,No,2,,NA,1,Life event: Retired
5071,2011-01-01,5071,Female,42,1969-07-29,0.001,Married,1016,,2034-01-17,No,,,Permanent contract,26099.0,433,No,3,,NA,1,Created
5072,2011-01-01,5072,Male,51,1960-09-03,0.00301,Single,0,,,Yes,40.0,,Permanent contract,46832.0,172250,Yes,0,,NA,1,Created
5073,2011-01-01,5073,Female,80,1931-05-14,0.03682,Married,1017,,2044-10-28,No,,,Retired,29669.0,-21448,No,2,,NA,1,Created
5074,2011-01-01,5074,Male,3,2008-04-13,0.0002,Single,0,,,Yes,52.0,2060-03-21,Child,0.0,0,Yes,0,,NA,1,Created
5075,2011-01-01,5075,Male,29,1982-03-15,0.0005200000000000001,Single,0,,,No,,,Permanent contract,9003.0,1382,No,0,,NA,1,Created
5076,2011-01-01,5076,Male,5,2006-09-30,9e-05,Single,0,,,No,,,Child,0.0,0,No,0,,NA,1,Created
5077,2011-01-01,5077,Male,20,1991-08-31,0.00045,Single,0,,,Yes,33.0,2024-01-11,Permanent contract,9170.0,26524,No,0,,NA,1,Created
5078,2011-01-01,5078,Female,7,2004-05-07,7e-05,Single,0,,,No,,,Child,0.0,0,Yes,0,32.0,2036-11-14,1,Created
5079,2011-01-01,5079,Female,29,1982-10-13,0.00032,Single,0,,,No,,,Permanent contract,14278.0,854,Yes,0,31.0,2013-10-19,1,Created
5080,2011-01-01,5080,Female,60,1951-02-15,0.00541,Married,1018,,2031-03-02,Yes,,,Permanent contract,27372.0,136676,Yes,1,,NA,1,Created
5081,2011-01-01,5081,Female,50,1961-06-30,0.00225,Divorced,0,,,No,,,Entrepreneur with personel,56971.0,377407,No,0,,NA,1,Created
5082,2011-01-01,5082,Male,17,1994-05-29,0.00022999999999999998,Single,0,,,Yes,28.0,2022-11-08,Child,0.0,0,Yes,0,,NA,1,Created
17428,2011-05-29,5082,Male,18,1994-05-29,0.00022999999999999998,Single,0,,,Yes,38,2031-11-03,Unemployed,26878.0,-10898,Yes,0,,NA,1,Life event: Adulthood
5083,2011-01-01,5083,Male,47,1964-09-04,0.00186,Married,991,,2038-07-13,No,,,Permanent contract,22476.0,-4844,No,2,,NA,1,Created
5084,2011-01-01,5084,Female,10,2001-01-25,0.0001,Single,0,,,Yes,35.0,2036-09-02,Child,0.0,0,Yes,0,29.0,2030-07-17,1,Created
5085,2011-01-01,5085,Male,55,1956-11-07,0.00419,Divorced,0,,,Yes,,,Unemployed,17560.0,-49662,No,0,,NA,1,Created
5086,2011-01-01,5086,Female,72,1939-03-09,0.01411,Married,1019,,2037-01-31,Yes,,,Retired,22800.0,-4489,Yes,2,,NA,1,Created
5087,2011-01-01,5087,Male,44,1967-06-16,0.0013599999999999999,Married,992,,2035-06-28,No,,,Permanent contract,20554.0,-26553,Yes,1,,NA,1,Created
5088,2011-01-01,5088,Female,42,1969-11-07,0.001,Married,1020,,2050-12-12,Yes,,,Permanent contract,19102.0,903,Yes,2,,NA,1,Created
18702,2012-04-28,5088,Female,43,1969-11-07,0.001,Widowed,1020,,2050-12-12,Yes,,,Permanent contract,19102.0,903,Yes,2,,NA,1,Life event: Widowed
5089,2011-01-01,5089,Male,58,1953-07-23,0.00603,Married,993,,2021-10-28,No,,,Permanent contract,17380.0,49801,Yes,1,,NA,1,Created
5090,2011-01-01,5090,Female,72,1939-03-21,0.01411,Widowed,0,,,Yes,,,Retired,10644.0,390835,Yes,0,,NA,1,Created
5091,2011-01-01,5091,Male,67,1944-11-16,0.01396,Married,994,,2015-05-22,No,,,Flexible contract,18218.0,8019,Yes,1,,NA,1,Created
18186,2011-11-16,5091,Male,68,1944-11-16,0.01396,Married,994,,2015-05-22,No,,,Retired,12752.599999999999,8019,Yes,1,,NA,1,Life event: Retired
5092,2011-01-01,5092,Female,18,1993-01-01,0.00023999999999999998,Single,0,,,No,,,Entrepreneur with personel,32791.0,7213,No,0,26.0,2019-05-09,1,Created
5093,2011-01-01,5093,Female,3,2008-06-09,0.00013000000000000002,Single,0,,,Yes,35.0,2043-06-25,Child,0.0,0,Yes,0,34.0,2042-06-01,1,Created
5094,2011-01-01,5094,Male,32,1979-03-28,0.00059,Single,0,,,Yes,26.0,,Permanent contract,20808.0,4875,Yes,0,,NA,1,Created
5095,2011-01-01,5095,Female,45,1966-04-06,0.00134,Single,0,,,No,,,Permanent contract,49308.0,92767,No,0,,NA,1,Created
5096,2011-01-01,5096,Female,24,1987-08-19,0.00018999999999999998,Single,0,,,No,,,Permanent contract,12720.0,34709,Yes,0,33.0,2020-11-07,1,Created
5097,2011-01-01,5097,Male,57,1954-11-29,0.00572,Married,995,,2030-12-19,Yes,,,Permanent contract,97817.0,936221,Yes,3,,NA,1,Created
5098,2011-01-01,5098,Male,8,2003-02-26,9e-05,Single,0,,,No,,,Child,0.0,0,Yes,0,,NA,1,Created
5099,2011-01-01,5099,Female,58,1953-02-12,0.00448,Married,1021,,2052-11-04,No,,,Flexible contract,18466.0,849739,No,2,,NA,1,Created
5100,2011-01-01,5100,Female,8,2003-06-20,2.9999999999999997e-05,Single,0,,,No,,,Child,0.0,0,No,0,32.0,2035-09-17,1,Created
5101,2011-01-01,5101,Male,37,1974-08-11,0.00082,Married,996,,2034-06-23,No,,,Permanent contract,15007.0,25212,No,1,,NA,1,Created
5102,2011-01-01,5102,Female,50,1961-06-25,0.00225,Married,1022,,2033-04-30,Yes,,,Flexible contract,22027.0,1410,No,3,,NA,1,Created
5103,2011-01-01,5103,Female,9,2002-05-17,2.9999999999999997e-05,Single,0,,,Yes,30.0,2032-11-09,Child,0.0,0,Yes,0,36.0,2038-08-21,1,Created
5104,2011-01-01,5104,Male,74,1937-03-07,0.0295,Married,997,,2013-12-08,No,,,Retired,13347.0,231,No,2,,NA,1,Created
18885,2012-06-26,5104,Male,76,1937-03-07,0.0295,Married,997,,2013-12-08,No,,,Retired,13347.0,231,No,2,,NA,0,Life event: Deceased
5105,2011-01-01,5105,Male,74,1937-09-08,0.0295,Married,998,,2015-09-07,Yes,,,Retired,12560.0,-47946,No,2,,NA,1,Created
5106,2011-01-01,5106,Male,4,2007-02-27,0.00011,Single,0,,,No,,,Child,0.0,0,Yes,0,,NA,1,Created
5107,2011-01-01,5107,Female,59,1952-11-05,0.00479,Married,1023,,2017-10-10,Yes,,,Permanent contract,1289.0,51002,Yes,2,,NA,1,Created
5108,2011-01-01,5108,Female,2,2009-10-07,0.00015,Single,0,,,No,,,Child,0.0,0,No,0,28.0,2037-09-28,1,Created
5109,2011-01-01,5109,Male,30,1981-03-25,0.00055,Married,999,,2052-03-04,Yes,,,Permanent contract,32602.0,12399,No,3,,NA,1,Created
5110,2011-01-01,5110,Female,77,1934-01-30,0.0259,Widowed,0,,,Yes,,,Retired,88724.0,-20302,No,0,,NA,1,Created
17313,2011-05-06,5110,Female,78,1934-01-30,0.0259,Widowed,0,,,Yes,,,Retired,88724.0,-20302,No,0,,NA,0,Life event: Deceased
5111,2011-01-01,5111,Male,25,1986-06-22,0.00033999999999999997,Single,0,,,Yes,55.0,2041-09-06,Permanent contract,13225.0,-4680,Yes,0,,NA,1,Created
5112,2011-01-01,5112,Male,54,1957-09-23,0.00404,Divorced,0,,,Yes,,,Unemployed,1067.0,243871,Yes,0,,NA,1,Created
5113,2011-01-01,5113,Male,64,1947-01-10,0.01097,Married,1000,,2027-03-24,Yes,,,Permanent contract,2024.0,-4714,No,3,,NA,1,Created
16713,2011-01-10,5113,Male,65,1947-01-10,0.01097,Married,1000,,2027-03-24,Yes,,,Retired,1416.8,-4714,No,3,,NA,1,Life event: Retired
5114,2011-01-01,5114,Female,43,1968-09-17,0.0009699999999999999,Married,1024,,2044-12-17,Yes,,,Permanent contract,17683.0,1314792,Yes,1,,NA,1,Created
5115,2011-01-01,5115,Male,2,2009-07-27,0.00021,Single,0,,,Yes,96.0,2105-09-13,Child,0.0,0,Yes,0,,NA,1,Created
5116,2011-01-01,5116,Male,37,1974-01-10,0.00082,Single,0,,,Yes,28.0,,Unemployed,28190.0,12448,No,0,,NA,1,Created
5117,2011-01-01,5117,Female,40,1971-06-21,0.0006900000000000001,Married,1025,,2058-11-07,Yes,,,Permanent contract,79527.0,82061,No,2,,NA,1,Created
5118,2011-01-01,5118,Female,30,1981-11-20,0.00027,Married,1026,,2040-06-08,No,,,Entrepreneur without personnel,15574.0,-49163,Yes,2,,NA,1,Created
5119,2011-01-01,5119,Female,61,1950-10-07,0.00562,Single,0,,,No,,,Permanent contract,8119.0,108016,No,0,,NA,1,Created
5120,2011-01-01,5120,Male,43,1968-11-18,0.00103,Divorced,0,,,No,,,Permanent contract,2347.0,175442,Yes,0,,NA,1,Created
5121,2011-01-01,5121,Female,9,2002-12-10,2.9999999999999997e-05,Single,0,,,Yes,28.0,2030-01-02,Child,0.0,0,No,0,25.0,2027-06-11,1,Created
5122,2011-01-01,5122,Female,65,1946-02-01,0.007559999999999999,Married,1027,,2013-04-13,No,,,Unemployed,22772.0,243637,No,1,,NA,1,Created
16834,2011-02-01,5122,Female,66,1946-02-01,0.007559999999999999,Married,1027,,2013-04-13,No,,,Retired,15940.4,243637,No,1,,NA,1,Life event: Retired
5123,2011-01-01,5123,Female,59,1952-04-01,0.00479,Married,1028,,2025-02-08,Yes,,,Permanent contract,48710.0,171646,No,3,,NA,1,Created
5124,2011-01-01,5124,Male,63,1948-12-16,0.00945,Divorced,0,,,No,,,Unemployed,10688.0,207109,No,0,,NA,1,Created
19319,2012-12-16,5124,Male,65,1948-12-16,0.00945,Divorced,0,,,No,,,Retired,7481.599999999999,207109,No,0,,NA,1,Life event: Retired
5125,2011-01-01,5125,Female,59,1952-01-22,0.00479,Married,1029,,2052-10-12,Yes,,,Permanent contract,45546.0,3623912,No,2,,NA,1,Created
5126,2011-01-01,5126,Male,79,1932-03-10,0.05364,Married,1001,,2043-02-19,Yes,,,Retired,26485.0,8564,No,2,,NA,1,Created
5127,2011-01-01,5127,Female,52,1959-05-12,0.00268,Married,1030,,2028-05-31,Yes,,,Entrepreneur without personnel,64346.0,468759,No,1,,NA,1,Created
5128,2011-01-01,5128,Male,35,1976-08-20,0.00055,Married,1002,,2044-08-25,No,,,Permanent contract,3477.0,180936,No,2,,NA,1,Created
5129,2011-01-01,5129,Male,50,1961-12-01,0.00257,Married,1003,,2014-03-26,No,,,Flexible contract,28235.0,16183,Yes,2,,NA,1,Created
5130,2011-01-01,5130,Female,35,1976-08-03,0.00033999999999999997,Single,0,,,Yes,23.0,,Permanent contract,26032.0,-14629,No,0,,NA,1,Created
5131,2011-01-01,5131,Female,62,1949-12-05,0.0057399999999999994,Married,1031,,2024-06-21,Yes,,,Permanent contract,17675.0,20329,Yes,1,,NA,1,Created
5132,2011-01-01,5132,Male,38,1973-05-03,0.0009599999999999999,Married,1004,,2051-08-06,Yes,,,Permanent contract,45260.0,564639,Yes,3,,NA,1,Created
5133,2011-01-01,5133,Female,38,1973-08-16,0.00063,Married,1032,,2041-12-23,Yes,,,Permanent contract,26111.0,657,No,3,,NA,1,Created
5134,2011-01-01,5134,Female,67,1944-06-26,0.00974,Widowed,0,,,Yes,,,Permanent contract,29399.0,434814,No,0,,NA,1,Created
17571,2011-06-26,5134,Female,68,1944-06-26,0.00974,Widowed,0,,,Yes,,,Retired,20579.3,434814,No,0,,NA,1,Life event: Retired
5135,2011-01-01,5135,Female,61,1950-05-20,0.00562,Widowed,0,,,Yes,,,Flexible contract,89762.0,17273,Yes,0,,NA,1,Created
5136,2011-01-01,5136,Male,27,1984-05-31,0.00044,Single,0,,,Yes,27.0,2011-12-09,Permanent contract,32620.0,685306,Yes,0,,NA,1,Created
18278,2011-12-09,5136,Male,28,1984-05-31,0.00044,Married,3471,14,2025-01-02,Yes,27,2011-12-09,Permanent contract,32620.0,685306,Yes,0,,NA,1,Life event: Married
5137,2011-01-01,5137,Male,49,1962-04-23,0.00242,Married,1005,,2024-11-20,Yes,,,Permanent contract,563.0,2457,No,1,,NA,1,Created
5138,2011-01-01,5138,Female,78,1933-06-20,0.02817,Married,1033,,2024-09-03,Yes,,,Retired,50724.0,391482,No,3,,NA,1,Created
17093,2011-03-20,5138,Female,78,1933-06-20,0.02817,Widowed,1033,,2024-09-03,Yes,,,Retired,50724.0,391482,No,3,,NA,1,Life event: Widowed
5139,2011-01-01,5139,Female,24,1987-06-19,0.00018999999999999998,Single,0,,,Yes,34.0,2021-02-02,Flexible contract,6407.0,27888,No,0,32.0,2019-05-22,1,Created
5140,2011-01-01,5140,Male,39,1972-02-26,0.0008699999999999999,Single,0,,,Yes,26.0,,Entrepreneur without personnel,88183.0,38428,No,0,,NA,1,Created
5141,2011-01-01,5141,Male,33,1978-09-11,0.00047999999999999996,Single,0,,,No,,,Flexible contract,3964.0,193,Yes,0,,NA,1,Created
5142,2011-01-01,5142,Male,58,1953-04-10,0.00603,Married,1006,,2030-11-09,Yes,,,Permanent contract,4073.0,1872672,No,2,,NA,1,Created
5143,2011-01-01,5143,Female,14,1997-02-13,9e-05,Single,0,,,Yes,42.0,2039-02-13,Child,0.0,0,Yes,0,35.0,2032-04-02,1,Created
5144,2011-01-01,5144,Female,71,1940-03-01,0.013009999999999999,Married,1034,,2037-12-10,Yes,,,Retired,25922.0,430,Yes,1,,NA,1,Created
5145,2011-01-01,5145,Male,53,1958-10-20,0.0033299999999999996,Married,1007,,2052-10-11,No,,,Permanent contract,3545.0,-4926,No,2,,NA,1,Created
5146,2011-01-01,5146,Female,42,1969-02-28,0.001,Married,1035,,2012-04-30,Yes,,,Permanent contract,20458.0,-28361,Yes,1,,NA,1,Created
18706,2012-04-30,5146,Female,44,1969-02-28,0.001,Divorced,1035,,2012-04-30,Yes,,,Permanent contract,20458.0,-28361,Yes,1,,NA,1,Life event: Divorced
5147,2011-01-01,5147,Female,62,1949-04-13,0.0057399999999999994,Married,1036,,2020-02-12,No,,,Permanent contract,11448.0,20455,Yes,1,,NA,1,Created
5148,2011-01-01,5148,Male,50,1961-11-25,0.00257,Married,1008,,2030-09-05,Yes,,,Permanent contract,6109.0,163481,No,1,,NA,1,Created
5149,2011-01-01,5149,Male,10,2001-11-05,0.00011999999999999999,Single,0,,,No,,,Child,0.0,0,Yes,0,,NA,1,Created
5150,2011-01-01,5150,Female,76,1935-11-02,0.02337,Widowed,0,,,No,,,Retired,15895.0,7415,No,0,,NA,1,Created
5151,2011-01-01,5151,Male,23,1988-06-06,0.00039,Married,1009,,2015-12-17,No,,,Entrepreneur without personnel,6264.0,30248,Yes,2,,NA,1,Created
5152,2011-01-01,5152,Female,13,1998-04-09,0.00011999999999999999,Single,0,,,No,,,Child,0.0,0,No,0,27.0,2025-04-15,1,Created
5153,2011-01-01,5153,Male,16,1995-09-16,0.00029,Single,0,,,Yes,34.0,2029-07-14,Child,0.0,0,Yes,0,,NA,1,Created
19107,2012-09-16,5153,Male,18,1995-09-16,0.00029,Single,0,,,No,,,Flexible contract,132993.0,705753,Yes,0,,NA,1,Life event: Adulthood
5154,2011-01-01,5154,Male,77,1934-04-30,0.0418,Married,1010,,2030-08-22,No,,,Retired,31505.0,280756,No,1,,NA,1,Created
5155,2011-01-01,5155,Male,29,1982-05-23,0.0005200000000000001,Single,0,,,Yes,35.0,2017-12-08,Flexible contract,56554.0,335,No,0,,NA,1,Created
5156,2011-01-01,5156,Female,30,1981-10-22,0.00027,Married,1037,,2050-02-23,Yes,,,Permanent contract,789.0,420840,Yes,3,,NA,1,Created
5157,2011-01-01,5157,Male,47,1964-05-05,0.00186,Married,1011,,2058-06-26,Yes,,,Flexible contract,42072.0,85279,Yes,1,,NA,1,Created
5158,2011-01-01,5158,Female,27,1984-05-07,0.00025,Married,1038,,2016-03-12,Yes,,,Flexible contract,190.0,-135,Yes,2,30.0,2014-07-06,1,Created
5159,2011-01-01,5159,Female,36,1975-02-15,0.00049,Single,0,,,Yes,34.0,,Permanent contract,995.0,15626,No,0,,NA,1,Created
5160,2011-01-01,5160,Female,51,1960-08-13,0.0023899999999999998,Married,1039,,2069-01-18,No,,,Flexible contract,18103.0,7738,No,2,,NA,1,Created
5161,2011-01-01,5161,Female,56,1955-09-30,0.0041,Widowed,0,,,No,,,Permanent contract,6451.0,7373,Yes,0,,NA,1,Created
5162,2011-01-01,5162,Female,67,1944-02-22,0.00974,Married,1040,,2057-03-13,No,,,Flexible contract,28084.0,438173,No,2,,NA,1,Created
16951,2011-02-22,5162,Female,68,1944-02-22,0.00974,Married,1040,,2057-03-13,No,,,Retired,19658.8,438173,No,2,,NA,1,Life event: Retired
5163,2011-01-01,5163,Male,40,1971-10-01,0.0009400000000000001,Married,1012,,2020-08-07,No,,,Flexible contract,2033.0,11308,Yes,2,,NA,1,Created
17577,2011-06-27,5163,Male,40,1971-10-01,0.0009400000000000001,Widowed,1012,,2020-08-07,No,,,Flexible contract,2033.0,11308,Yes,2,,NA,1,Life event: Widowed
5164,2011-01-01,5164,Female,54,1957-04-22,0.00313,Married,1041,,2020-10-20,Yes,,,Permanent contract,30640.0,118099,No,1,,NA,1,Created
5165,2011-01-01,5165,Female,30,1981-09-05,0.00027,Single,0,,,Yes,44.0,2025-08-20,Permanent contract,15462.0,74581,No,0,,NA,1,Created
5166,2011-01-01,5166,Male,55,1956-05-29,0.00419,Married,1013,,2029-02-28,No,,,Permanent contract,7293.0,-45093,No,2,,NA,1,Created
16751,2011-01-16,5166,Male,55,1956-05-29,0.00419,Widowed,1013,,2029-02-28,No,,,Permanent contract,7293.0,-45093,No,2,,NA,1,Life event: Widowed
5167,2011-01-01,5167,Male,67,1944-08-17,0.01396,Divorced,0,,,Yes,,,Entrepreneur without personnel,83410.0,19787,No,0,,NA,1,Created
17814,2011-08-17,5167,Male,68,1944-08-17,0.01396,Divorced,0,,,Yes,,,Retired,58386.99999999999,19787,No,0,,NA,1,Life event: Retired
5168,2011-01-01,5168,Female,59,1952-11-28,0.00479,Married,1042,,2012-09-07,No,,,Permanent contract,39191.0,-1324,Yes,2,,NA,1,Created
19083,2012-09-07,5168,Female,60,1952-11-28,0.00479,Divorced,1042,,2012-09-07,No,,,Permanent contract,39191.0,-1324,Yes,2,,NA,1,Life event: Divorced
5169,2011-01-01,5169,Male,43,1968-07-02,0.00103,Married,1014,,2036-07-25,No,,,Entrepreneur without personnel,32168.0,150,No,3,,NA,1,Created
5170,2011-01-01,5170,Male,67,1944-08-17,0.01396,Divorced,0,,,No,,,Permanent contract,12901.0,397287,Yes,0,,NA,1,Created
17815,2011-08-17,5170,Male,68,1944-08-17,0.01396,Divorced,0,,,No,,,Retired,9030.699999999999,397287,Yes,0,,NA,1,Life event: Retired
5171,2011-01-01,5171,Male,56,1955-01-30,0.0052,Married,1015,,2062-05-07,Yes,,,Permanent contract,79853.0,-28180,No,2,,NA,1,Created
5172,2011-01-01,5172,Male,27,1984-05-03,0.00044,Single,0,,,Yes,31.0,2015-07-26,Flexible contract,16176.0,1166,No,0,,NA,1,Created
5173,2011-01-01,5173,Male,54,1957-06-27,0.00404,Divorced,0,,,No,,,Permanent contract,9498.0,449672,Yes,0,,NA,1,Created
5174,2011-01-01,5174,Male,54,1957-02-15,0.00404,Married,1016,,2034-01-17,Yes,,,Permanent contract,28942.0,197882,No,3,,NA,1,Created
5175,2011-01-01,5175,Female,23,1988-12-05,0.0001,Single,0,,,Yes,26.0,2014-08-25,Entrepreneur without personnel,45647.0,-13037,Yes,0,34.0,2022-04-21,1,Created
5176,2011-01-01,5176,Female,22,1989-10-12,0.00023999999999999998,Single,0,,,No,,,Flexible contract,6095.0,18224,Yes,0,26.0,2015-01-13,1,Created
5177,2011-01-01,5177,Female,8,2003-07-15,2.9999999999999997e-05,Single,0,,,No,,,Child,0.0,0,Yes,0,30.0,2033-08-03,1,Created
5178,2011-01-01,5178,Female,11,2000-03-23,7e-05,Single,0,,,Yes,32.0,2032-09-16,Child,0.0,0,No,0,25.0,2025-01-24,1,Created
5179,2011-01-01,5179,Male,20,1991-06-20,0.00045,Single,0,,,Yes,22.0,2013-06-24,Permanent contract,44145.0,277249,No,0,,NA,1,Created
5180,2011-01-01,5180,Female,42,1969-03-29,0.001,Married,1043,,2039-11-25,Yes,,,Permanent contract,31845.0,149191,No,1,,NA,1,Created
5181,2011-01-01,5181,Female,5,2006-11-25,4e-05,Single,0,,,No,,,Child,0.0,0,Yes,0,29.0,2035-05-11,1,Created
5182,2011-01-01,5182,Female,3,2008-08-13,0.00013000000000000002,Single,0,,,Yes,35.0,2043-06-27,Child,0.0,0,Yes,0,26.0,2034-03-22,1,Created
5183,2011-01-01,5183,Female,0,2011-02-04,0.0028899999999999998,Single,0,,,No,,,Child,0.0,0,No,0,40.0,2051-01-05,1,Created
5184,2011-01-01,5184,Female,11,2000-10-31,7e-05,Single,0,,,Yes,34.0,2034-09-06,Child,0.0,0,Yes,0,39.0,2039-05-06,1,Created
5185,2011-01-01,5185,Male,98,1913-03-02,0.33792,Widowed,0,,,No,,,Retired,15294.0,-42611,Yes,0,,NA,1,Created
18098,2011-10-25,5185,Male,99,1913-03-02,0.33792,Widowed,0,,,No,,,Retired,15294.0,-42611,Yes,0,,NA,0,Life event: Deceased
5186,2011-01-01,5186,Female,6,2005-02-25,8e-05,Single,0,,,Yes,48.0,2053-09-26,Child,0.0,0,No,0,24.0,2029-03-17,1,Created
5187,2011-01-01,5187,Female,41,1970-07-18,0.0007700000000000001,Single,0,,,Yes,55.0,2025-10-19,Entrepreneur without personnel,65724.0,-29489,Yes,0,,NA,1,Created
5188,2011-01-01,5188,Male,59,1952-01-14,0.00717,Widowed,0,,,Yes,,,Permanent contract,27973.0,31904,No,0,,NA,1,Created
5189,2011-01-01,5189,Female,35,1976-10-19,0.00033999999999999997,Divorced,0,,,No,,,Permanent contract,35152.0,243204,Yes,0,,NA,1,Created
5190,2011-01-01,5190,Male,71,1940-05-08,0.02034,Married,1017,,2044-10-28,No,,,Retired,37970.0,171998,No,2,,NA,1,Created
5191,2011-01-01,5191,Male,20,1991-12-07,0.00045,Single,0,,,No,,,Permanent contract,37326.0,-31677,Yes,0,,NA,1,Created
5192,2011-01-01,5192,Male,11,2000-12-07,9e-05,Single,0,,,No,,,Child,0.0,0,No,0,,NA,1,Created
5193,2011-01-01,5193,Female,24,1987-05-16,0.00018999999999999998,Single,0,,,No,,,Permanent contract,97790.0,-35426,No,0,34.0,2021-09-30,1,Created
5194,2011-01-01,5194,Female,21,1990-04-24,0.00016,Single,0,,,No,,,Permanent contract,20509.0,-23019,No,0,25.0,2015-10-16,1,Created
5195,2011-01-01,5195,Male,15,1996-03-18,0.00015,Single,0,,,No,,,Child,0.0,0,Yes,0,,NA,1,Created
5196,2011-01-01,5196,Female,9,2002-11-11,2.9999999999999997e-05,Single,0,,,No,,,Child,0.0,0,Yes,0,37.0,2039-05-09,1,Created
5197,2011-01-01,5197,Female,36,1975-10-27,0.00049,Married,1044,,2021-04-23,Yes,,,Permanent contract,17659.0,228168,Yes,1,,NA,1,Created
5198,2011-01-01,5198,Male,42,1969-11-03,0.00128,Married,1018,,2031-03-02,No,,,Flexible contract,22620.0,106747,Yes,1,,NA,1,Created
5199,2011-01-01,5199,Male,25,1986-11-13,0.00033999999999999997,Single,0,,,Yes,52.0,2038-04-05,Permanent contract,15028.0,11671,Yes,0,,NA,1,Created
5200,2011-01-01,5200,Female,49,1962-04-05,0.00193,Married,1045,,2040-10-08,Yes,,,Entrepreneur with personel,11802.0,-3226,Yes,1,,NA,1,Created
5201,2011-01-01,5201,Male,26,1985-03-19,1.0,Single,0,,,Yes,25.0,,Permanent contract,2661.0,351562,No,0,,NA,1,Created
5202,2011-01-01,5202,Male,51,1960-08-27,0.00301,Divorced,0,,,No,,,Permanent contract,36281.0,360568,Yes,0,,NA,1,Created
5203,2011-01-01,5203,Male,48,1963-03-25,0.0021100000000000003,Single,0,,,No,,,Entrepreneur with personel,16989.0,-12453,Yes,0,,NA,1,Created
5204,2011-01-01,5204,Female,9,2002-07-23,2.9999999999999997e-05,Single,0,,,No,,,Child,0.0,0,Yes,0,26.0,2028-12-13,1,Created
5205,2011-01-01,5205,Male,30,1981-10-06,0.00055,Married,1019,,2037-01-31,No,,,Family business,21371.0,167644,Yes,2,,NA,1,Created
5206,2011-01-01,5206,Female,22,1989-10-21,0.00023999999999999998,Married,1046,,2039-07-25,Yes,,,Permanent contract,17575.0,224452,Yes,3,23.0,2012-05-07,1,Created
18728,2012-05-07,5206,Female,23,1989-10-21,0.00023999999999999998,Married,1046,,2039-07-25,Yes,,,Permanent contract,17575.0,224452,Yes,2,23,2012-05-07,1,Life event: Children born
5207,2011-01-01,5207,Female,66,1945-02-15,0.009040000000000001,Married,1047,,2018-01-04,Yes,,,Permanent contract,3701.0,219464,No,1,,NA,1,Created
16915,2011-02-15,5207,Female,67,1945-02-15,0.009040000000000001,Married,1047,,2018-01-04,Yes,,,Retired,2590.7,219464,No,1,,NA,1,Life event: Retired
5208,2011-01-01,5208,Female,65,1946-10-23,0.007559999999999999,Married,1048,,2019-05-10,Yes,,,Permanent contract,8907.0,141962,No,3,,NA,1,Created
18089,2011-10-23,5208,Female,66,1946-10-23,0.007559999999999999,Married,1048,,2019-05-10,Yes,,,Retired,6234.9,141962,No,3,,NA,1,Life event: Retired
5209,2011-01-01,5209,Female,43,1968-09-24,0.0009699999999999999,Divorced,0,,,No,,,Flexible contract,3615.0,36267,Yes,0,,NA,1,Created
5210,2011-01-01,5210,Female,16,1995-11-20,8e-05,Single,0,,,Yes,33.0,2028-12-04,Child,0.0,0,Yes,0,29.0,2024-03-22,1,Created
19259,2012-11-20,5210,Female,18,1995-11-20,8e-05,Single,0,,,Yes,26,2020-12-09,Entrepreneur with personel,26218.0,-37315,Yes,0,29,2024-03-22,1,Life event: Adulthood
5211,2011-01-01,5211,Male,24,1987-02-08,0.00047999999999999996,Single,0,,,No,,,Permanent contract,3710.0,224102,No,0,,NA,1,Created
5212,2011-01-01,5212,Female,38,1973-10-10,0.00063,Divorced,0,,,Yes,,,Entrepreneur without personnel,62.0,9392,No,0,,NA,1,Created
5213,2011-01-01,5213,Female,9,2002-06-13,2.9999999999999997e-05,Single,0,,,No,,,Child,0.0,0,No,0,28.0,2030-11-08,1,Created
5214,2011-01-01,5214,Female,54,1957-02-07,0.00313,Married,1049,,2059-01-30,Yes,,,Entrepreneur without personnel,13764.0,92677,Yes,2,,NA,1,Created
5215,2011-01-01,5215,Female,22,1989-08-15,0.00023999999999999998,Single,0,,,Yes,30.0,2019-05-15,Permanent contract,11170.0,29826,No,0,32.0,2021-09-16,1,Created
5216,2011-01-01,5216,Male,58,1953-07-01,0.00603,Single,0,,,No,,,Permanent contract,98018.0,4702,Yes,0,,NA,1,Created
5217,2011-01-01,5217,Male,75,1936-11-15,0.033710000000000004,Married,1020,,2050-12-12,Yes,,,Retired,1975.0,-25135,Yes,2,,NA,1,Created
18701,2012-04-28,5217,Male,76,1936-11-15,0.033710000000000004,Married,1020,,2050-12-12,Yes,,,Retired,1975.0,-25135,Yes,2,,NA,0,Life event: Deceased
5218,2011-01-01,5218,Female,11,2000-07-21,7e-05,Single,0,,,No,,,Child,0.0,0,No,0,35.0,2035-05-15,1,Created
5219,2011-01-01,5219,Male,20,1991-08-20,0.00045,Single,0,,,No,,,Unemployed,17606.0,-3094,No,0,,NA,1,Created
5220,2011-01-01,5220,Male,72,1939-11-09,0.02384,Married,1021,,2052-11-04,No,,,Retired,49824.0,6263,No,2,,NA,1,Created
5221,2011-01-01,5221,Male,20,1991-08-10,0.00045,Single,0,,,No,,,Flexible contract,16534.0,22002,No,0,,NA,1,Created
5222,2011-01-01,5222,Female,29,1982-11-04,0.00032,Single,0,,,Yes,40.0,2022-05-24,Permanent contract,37410.0,973368,No,0,,NA,1,Created
5223,2011-01-01,5223,Female,80,1931-04-20,0.03682,Widowed,0,,,No,,,Retired,12599.0,4510,No,0,,NA,1,Created
5224,2011-01-01,5224,Female,48,1963-05-26,0.0018800000000000002,Married,1050,,2035-01-06,No,,,Permanent contract,11294.0,9113,No,3,,NA,1,Created
5225,2011-01-01,5225,Male,50,1961-01-28,0.00257,Married,1022,,2033-04-30,Yes,,,Flexible contract,7102.0,916440,No,3,,NA,1,Created
5226,2011-01-01,5226,Female,8,2003-05-24,2.9999999999999997e-05,Single,0,,,Yes,23.0,2026-05-02,Child,0.0,0,No,0,27.0,2030-11-27,1,Created
5227,2011-01-01,5227,Male,52,1959-10-06,0.00314,Single,0,,,No,,,Unemployed,27488.0,923,Yes,0,,NA,1,Created
5228,2011-01-01,5228,Female,30,1981-09-06,0.00027,Married,1051,,2022-07-16,No,,,Flexible contract,5041.0,-295,Yes,3,38.0,2019-11-12,1,Created
5229,2011-01-01,5229,Female,55,1956-10-16,0.00372,Married,1052,,2034-03-22,Yes,,,Permanent contract,37432.0,-417,No,2,,NA,1,Created
5230,2011-01-01,5230,Female,43,1968-06-19,0.0009699999999999999,Divorced,0,,,Yes,,,Permanent contract,44474.0,146238,Yes,0,,NA,1,Created
5231,2011-01-01,5231,Male,71,1940-09-19,0.02034,Widowed,0,,,No,,,Retired,5278.0,54546,No,0,,NA,1,Created
5232,2011-01-01,5232,Male,54,1957-11-11,0.00404,Married,1023,,2017-10-10,Yes,,,Permanent contract,3037.0,8399,Yes,2,,NA,1,Created
5233,2011-01-01,5233,Female,65,1946-02-24,0.007559999999999999,Widowed,0,,,No,,,Permanent contract,19510.0,34295,No,0,,NA,1,Created
16964,2011-02-24,5233,Female,66,1946-02-24,0.007559999999999999,Widowed,0,,,No,,,Retired,13657.0,34295,No,0,,NA,1,Life event: Retired
5234,2011-01-01,5234,Female,9,2002-04-10,2.9999999999999997e-05,Single,0,,,Yes,44.0,2046-09-15,Child,0.0,0,No,0,33.0,2035-10-16,1,Created
5235,2011-01-01,5235,Male,24,1987-08-17,0.00047999999999999996,Single,0,,,No,,,Permanent contract,27383.0,104521,No,0,,NA,1,Created
5236,2011-01-01,5236,Male,47,1964-07-13,0.00186,Married,1024,,2044-12-17,No,,,Permanent contract,9263.0,175366,Yes,1,,NA,1,Created
5237,2011-01-01,5237,Female,33,1978-08-21,0.00035,Single,0,,,No,,,Permanent contract,140312.0,411709,No,0,,NA,1,Created
5238,2011-01-01,5238,Male,54,1957-11-13,0.00404,Married,1025,,2058-11-07,No,,,Permanent contract,133935.0,3855,No,2,,NA,1,Created
5239,2011-01-01,5239,Female,59,1952-11-21,0.00479,Married,1053,,2034-06-09,No,,,Permanent contract,25043.0,3234,Yes,1,,NA,1,Created
5240,2011-01-01,5240,Female,20,1991-07-08,0.00018,Single,0,,,Yes,26.0,2017-03-14,Permanent contract,12866.0,28249,No,0,33.0,2024-06-19,1,Created
5241,2011-01-01,5241,Male,79,1932-06-21,0.05364,Widowed,0,,,Yes,,,Retired,18810.0,24638,Yes,0,,NA,1,Created
5242,2011-01-01,5242,Female,52,1959-02-02,0.00268,Married,1054,,2040-01-10,No,,,Entrepreneur without personnel,5041.0,-27994,Yes,3,,NA,1,Created
19189,2012-10-24,5242,Female,54,1959-02-02,0.00268,Widowed,1054,,2040-01-10,No,,,Entrepreneur without personnel,5041.0,-27994,Yes,3,,NA,1,Life event: Widowed
5243,2011-01-01,5243,Female,4,2007-06-17,5.9999999999999995e-05,Single,0,,,No,,,Child,0.0,0,Yes,0,36.0,2043-01-14,1,Created
5244,2011-01-01,5244,Male,78,1933-09-05,0.04668,Married,1026,,2040-06-08,Yes,,,Retired,12724.0,-12976,Yes,2,,NA,1,Created
5245,2011-01-01,5245,Male,4,2007-12-24,0.00011,Single,0,,,No,,,Child,0.0,0,Yes,0,,NA,1,Created
5246,2011-01-01,5246,Female,65,1946-12-29,0.007559999999999999,Married,1055,,2016-02-18,Yes,,,Flexible contract,4018.0,47360,Yes,1,,NA,1,Created
18382,2011-12-29,5246,Female,66,1946-12-29,0.007559999999999999,Married,1055,,2016-02-18,Yes,,,Retired,2812.6,47360,Yes,1,,NA,1,Life event: Retired
5247,2011-01-01,5247,Female,83,1928-02-18,0.057,Married,1056,,2012-11-16,Yes,,,Retired,12127.0,482876,Yes,1,,NA,1,Created
19246,2012-11-16,5247,Female,85,1928-02-18,0.057,Divorced,1056,,2012-11-16,Yes,,,Retired,12127.0,482876,Yes,1,,NA,1,Life event: Divorced
5248,2011-01-01,5248,Female,61,1950-02-08,0.00562,Divorced,0,,,No,,,Permanent contract,30393.0,-1050,Yes,0,,NA,1,Created
5249,2011-01-01,5249,Male,54,1957-04-22,0.00404,Married,1027,,2013-04-13,No,,,Permanent contract,10171.0,161219,No,1,,NA,1,Created
5250,2011-01-01,5250,Female,58,1953-04-06,0.00448,Married,1057,,2019-05-07,No,,,Permanent contract,2175.0,3475,Yes,1,,NA,1,Created
5251,2011-01-01,5251,Male,48,1963-12-23,0.0021100000000000003,Married,1028,,2025-02-08,No,,,Permanent contract,23386.0,531,No,3,,NA,1,Created
5252,2011-01-01,5252,Male,62,1949-12-29,0.008409999999999999,Married,1029,,2052-10-12,Yes,,,Permanent contract,93482.0,-19439,No,2,,NA,1,Created
5253,2011-01-01,5253,Male,12,1999-05-04,0.00011,Single,0,,,Yes,39.0,2038-12-01,Child,0.0,0,Yes,0,,NA,1,Created
5254,2011-01-01,5254,Male,3,2008-10-18,0.0002,Single,0,,,Yes,43.0,2051-12-04,Child,0.0,0,Yes,0,,NA,1,Created
5255,2011-01-01,5255,Male,34,1977-05-10,0.00067,Married,1030,,2028-05-31,Yes,,,Permanent contract,73554.0,90623,No,1,,NA,1,Created
5256,2011-01-01,5256,Male,1,2010-07-21,0.00056,Single,0,,,No,,,Child,0.0,0,Yes,0,,NA,1,Created
5257,2011-01-01,5257,Male,41,1970-06-12,0.0008900000000000001,Divorced,0,,,Yes,,,Permanent contract,18816.0,847199,Yes,0,,NA,1,Created
5258,2011-01-01,5258,Male,6,2005-02-12,5.9999999999999995e-05,Single,0,,,Yes,92.0,2097-10-05,Child,0.0,0,Yes,0,,NA,1,Created
5259,2011-01-01,5259,Female,79,1932-11-04,0.03112,Married,1058,,2043-11-08,Yes,,,Retired,5695.0,910717,Yes,2,,NA,1,Created
5260,2011-01-01,5260,Female,50,1961-01-06,0.00225,Married,1059,,2032-03-23,Yes,,,Unemployed,99857.0,172476,No,3,,NA,1,Created
5261,2011-01-01,5261,Male,78,1933-01-09,0.04668,Widowed,0,,,No,,,Retired,3952.0,949,No,0,,NA,1,Created
5262,2011-01-01,5262,Male,35,1976-07-20,0.00055,Married,1031,,2024-06-21,Yes,,,Permanent contract,31350.0,67182,Yes,1,,NA,1,Created
5263,2011-01-01,5263,Female,46,1965-10-02,0.00134,Married,1060,,2055-04-12,No,,,Permanent contract,44875.0,180778,No,3,,NA,1,Created
5264,2011-01-01,5264,Female,28,1983-09-01,0.00025,Single,0,,,Yes,26.0,,Flexible contract,44404.0,-16389,No,0,29.0,2012-09-26,1,Created
5265,2011-01-01,5265,Male,17,1994-02-05,0.00022999999999999998,Single,0,,,No,,,Child,0.0,0,Yes,0,,NA,1,Created
16847,2011-02-05,5265,Male,18,1994-02-05,0.00022999999999999998,Single,0,,,Yes,53,2046-11-11,Permanent contract,37179.0,77508,Yes,0,,NA,1,Life event: Adulthood
5266,2011-01-01,5266,Female,7,2004-08-23,7e-05,Single,0,,,No,,,Child,0.0,0,No,0,24.0,2028-10-18,1,Created
5267,2011-01-01,5267,Female,90,1921-12-14,0.13302999999999998,Widowed,0,,,No,,,Retired,31626.0,248698,No,0,,NA,1,Created
5268,2011-01-01,5268,Male,65,1946-11-06,0.01141,Married,1032,,2041-12-23,Yes,,,Flexible contract,5839.0,9991,No,3,,NA,1,Created
18135,2011-11-06,5268,Male,66,1946-11-06,0.01141,Married,1032,,2041-12-23,Yes,,,Retired,4087.2999999999997,9991,No,3,,NA,1,Life event: Retired
5269,2011-01-01,5269,Female,61,1950-10-27,0.00562,Married,1061,,2060-11-12,Yes,,,Permanent contract,36276.0,-4369,No,1,,NA,1,Created
5270,2011-01-01,5270,Male,18,1993-12-27,0.00032,Single,0,,,Yes,41.0,2034-06-10,Permanent contract,12540.0,9864,Yes,0,,NA,1,Created
5271,2011-01-01,5271,Female,41,1970-07-19,0.0007700000000000001,Married,1062,,2071-04-17,No,,,Permanent contract,16210.0,9410,Yes,1,,NA,1,Created
5272,2011-01-01,5272,Female,26,1985-02-26,1.0,Married,1063,,2043-05-11,No,,,Permanent contract,63730.0,213175,Yes,1,35.0,2020-11-21,1,Created
5273,2011-01-01,5273,Female,59,1952-04-04,0.00479,Married,1064,,2027-11-29,No,,,Permanent contract,16544.0,178093,No,1,,NA,1,Created
5274,2011-01-01,5274,Male,95,1916-05-07,0.25144,Married,1033,,2024-09-03,No,,,Retired,41693.0,94242,No,3,,NA,1,Created
17092,2011-03-20,5274,Male,95,1916-05-07,0.25144,Married,1033,,2024-09-03,No,,,Retired,41693.0,94242,No,3,,NA,0,Life event: Deceased
5275,2011-01-01,5275,Male,9,2002-03-11,0.00014,Single,0,,,Yes,41.0,2043-04-13,Child,0.0,0,No,0,,NA,1,Created
5276,2011-01-01,5276,Male,24,1987-02-12,0.00047999999999999996,Single,0,,,Yes,28.0,2015-09-27,Entrepreneur with personel,79059.0,381060,No,0,,NA,1,Created
5277,2011-01-01,5277,Female,39,1972-06-01,0.00074,Married,1065,,2044-09-23,Yes,,,Entrepreneur with personel,39762.0,227,No,2,,NA,1,Created
5278,2011-01-01,5278,Female,26,1985-11-14,1.0,Single,0,,,Yes,55.0,2040-10-08,Entrepreneur with personel,41289.0,124499,No,0,28.0,2013-10-21,1,Created
17705,2011-07-26,5278,Female,26,1985-11-14,1.0,Single,0,,,Yes,55,2040-10-08,Entrepreneur with personel,41289.0,124499,No,0,28,2013-10-21,0,Life event: Deceased
5279,2011-01-01,5279,Female,24,1987-03-13,0.00018999999999999998,Single,0,,,No,,,Flexible contract,19145.0,6641,No,0,29.0,2016-05-04,1,Created
5280,2011-01-01,5280,Male,26,1985-09-13,1.0,Single,0,,,No,,,Permanent contract,30346.0,2769,Yes,0,,NA,1,Created
18855,2012-06-17,5280,Male,27,1985-09-13,1.0,Single,0,,,No,,,Permanent contract,30346.0,2769,Yes,0,,NA,0,Life event: Deceased
5281,2011-01-01,5281,Female,41,1970-11-28,0.0007700000000000001,Married,1066,,2048-05-13,No,,,Flexible contract,34960.0,-25077,Yes,2,,NA,1,Created
5282,2011-01-01,5282,Male,49,1962-06-12,0.00242,Married,1034,,2037-12-10,Yes,,,Permanent contract,25010.0,-38158,Yes,1,,NA,1,Created
5283,2011-01-01,5283,Male,3,2008-03-14,0.0002,Single,0,,,No,,,Child,0.0,0,Yes,0,,NA,1,Created
5284,2011-01-01,5284,Male,4,2007-08-21,0.00011,Single,0,,,No,,,Child,0.0,0,Yes,0,,NA,1,Created
5285,2011-01-01,5285,Male,74,1937-01-20,0.0295,Married,1035,,2012-04-30,No,,,Retired,34297.0,13194,Yes,1,,NA,1,Created
18707,2012-04-30,5285,Male,76,1937-01-20,0.0295,Divorced,1035,,2012-04-30,No,,,Retired,34297.0,13194,Yes,1,,NA,1,Life event: Divorced
5286,2011-01-01,5286,Female,7,2004-04-10,7e-05,Single,0,,,Yes,31.0,2035-02-23,Child,0.0,0,No,0,43.0,2047-08-26,1,Created
5287,2011-01-01,5287,Female,44,1967-08-07,0.00107,Married,1067,,2043-04-29,No,,,Flexible contract,43239.0,19473,Yes,1,,NA,1,Created
5288,2011-01-01,5288,Female,35,1976-06-04,0.00033999999999999997,Married,1068,,2023-02-24,No,,,Permanent contract,32273.0,234748,Yes,1,,NA,1,Created
5289,2011-01-01,5289,Male,32,1979-02-07,0.00059,Married,1036,,2020-02-12,No,,,Flexible contract,25899.0,4999,Yes,1,,NA,1,Created
5290,2011-01-01,5290,Male,20,1991-01-07,0.00045,Single,0,,,Yes,48.0,2039-06-04,Permanent contract,14237.0,139737,Yes,0,,NA,1,Created
5291,2011-01-01,5291,Male,22,1989-02-26,0.00041,Single,0,,,Yes,30.0,2019-05-23,Permanent contract,17100.0,464404,No,0,,NA,1,Created
5292,2011-01-01,5292,Female,36,1975-08-08,0.00049,Single,0,,,No,,,Permanent contract,17862.0,4667,No,0,,NA,1,Created
5293,2011-01-01,5293,Male,17,1994-01-07,0.00022999999999999998,Single,0,,,No,,,Child,0.0,0,Yes,0,,NA,1,Created
16690,2011-01-07,5293,Male,18,1994-01-07,0.00022999999999999998,Single,0,,,No,,,Flexible contract,106.0,2529566,Yes,0,,NA,1,Life event: Adulthood
5294,2011-01-01,5294,Male,35,1976-08-20,0.00055,Divorced,0,,,Yes,,,Permanent contract,14953.0,986593,Yes,0,,NA,1,Created
5295,2011-01-01,5295,Female,19,1992-05-25,0.00014,Single,0,,,No,,,Entrepreneur without personnel,15647.0,1280,No,0,32.0,2024-08-03,1,Created
5296,2011-01-01,5296,Female,0,2011-11-02,0.0028899999999999998,Single,0,,,Yes,35.0,2046-12-24,Child,0.0,0,No,0,34.0,2045-06-30,1,Created
5297,2011-01-01,5297,Female,100,1911-10-10,1.0,Widowed,0,,,No,,,Retired,37308.0,116226,Yes,0,,NA,1,Created
17725,2011-07-31,5297,Female,100,1911-10-10,1.0,Widowed,0,,,No,,,Retired,37308.0,116226,Yes,0,,NA,0,Life event: Deceased
5298,2011-01-01,5298,Female,65,1946-06-27,0.007559999999999999,Divorced,0,,,Yes,,,Flexible contract,37134.0,380566,Yes,0,,NA,1,Created
17578,2011-06-27,5298,Female,66,1946-06-27,0.007559999999999999,Divorced,0,,,Yes,,,Retired,25993.8,380566,Yes,0,,NA,1,Life event: Retired
5299,2011-01-01,5299,Female,50,1961-02-08,0.00225,Married,1069,,2049-08-25,No,,,Entrepreneur without personnel,8003.0,43574,No,2,,NA,1,Created
5300,2011-01-01,5300,Female,21,1990-09-11,0.00016,Single,0,,,No,,,Flexible contract,46562.0,157071,No,0,38.0,2028-07-30,1,Created
5301,2011-01-01,5301,Female,54,1957-11-08,0.00313,Single,0,,,Yes,22.0,,Flexible contract,7833.0,937,No,0,,NA,1,Created
5302,2011-01-01,5302,Female,76,1935-07-30,0.02337,Single,0,,,Yes,32.0,,Retired,3792.0,186402,Yes,0,,NA,1,Created
5303,2011-01-01,5303,Female,35,1976-02-26,0.00033999999999999997,Married,1070,,2017-09-29,No,,,Permanent contract,6346.0,-3943,Yes,1,,NA,1,Created
5304,2011-01-01,5304,Female,16,1995-03-25,8e-05,Single,0,,,Yes,45.0,2040-02-14,Child,0.0,0,Yes,0,31.0,2026-12-12,1,Created
18617,2012-03-25,5304,Female,18,1995-03-25,8e-05,Single,0,,,Yes,45,2039-04-21,Permanent contract,9656.0,43818,Yes,0,31,2026-12-12,1,Life event: Adulthood
5305,2011-01-01,5305,Male,60,1951-03-02,0.006840000000000001,Married,1037,,2050-02-23,No,,,Permanent contract,13023.0,4375,Yes,3,,NA,1,Created
5306,2011-01-01,5306,Male,16,1995-05-21,0.00029,Single,0,,,Yes,37.0,2032-02-21,Child,0.0,0,No,0,,NA,1,Created
18769,2012-05-21,5306,Male,18,1995-05-21,0.00029,Single,0,,,No,,,Permanent contract,6883.0,53376,No,0,,NA,1,Life event: Adulthood
5307,2011-01-01,5307,Male,23,1988-01-29,0.00039,Single,0,,,Yes,39.0,2027-06-18,Entrepreneur with personel,24635.0,1635,Yes,0,,NA,1,Created
5308,2011-01-01,5308,Female,0,2011-10-08,0.0028899999999999998,Single,0,,,Yes,64.0,2075-11-03,Child,0.0,0,Yes,0,27.0,2038-09-03,1,Created
5309,2011-01-01,5309,Female,73,1938-02-15,0.01577,Widowed,0,,,No,,,Retired,78702.0,3190,No,0,,NA,1,Created
5310,2011-01-01,5310,Male,49,1962-06-02,0.00242,Married,1038,,2016-03-12,No,,,Permanent contract,97225.0,12162,Yes,2,,NA,1,Created
5311,2011-01-01,5311,Male,36,1975-08-19,0.0006,Married,1039,,2069-01-18,No,,,Permanent contract,42388.0,-7562,No,2,,NA,1,Created
5312,2011-01-01,5312,Male,11,2000-09-02,9e-05,Single,0,,,Yes,43.0,2043-10-12,Child,0.0,0,No,0,,NA,1,Created
5313,2011-01-01,5313,Female,78,1933-02-25,0.02817,Married,1071,,2026-07-06,No,,,Retired,38746.0,-33103,Yes,1,,NA,1,Created
5314,2011-01-01,5314,Female,35,1976-10-24,0.00033999999999999997,Single,0,,,Yes,53.0,2029-12-23,Entrepreneur without personnel,8531.0,4375,No,0,41.0,2017-08-18,1,Created
5315,2011-01-01,5315,Male,53,1958-10-29,0.0033299999999999996,Married,1040,,2057-03-13,Yes,,,Permanent contract,68206.0,470483,No,2,,NA,1,Created
5316,2011-01-01,5316,Male,29,1982-10-03,0.0005200000000000001,Single,0,,,No,,,Entrepreneur without personnel,18309.0,186602,No,0,,NA,1,Created
5317,2011-01-01,5317,Female,35,1976-05-14,0.00033999999999999997,Married,1072,,2015-04-16,Yes,,,Entrepreneur without personnel,18829.0,-26640,Yes,1,,NA,1,Created
5318,2011-01-01,5318,Male,25,1986-01-21,0.00033999999999999997,Married,1041,,2020-10-20,No,,,Permanent contract,95567.0,720623,No,1,,NA,1,Created
5319,2011-01-01,5319,Male,14,1997-11-10,0.00014,Single,0,,,No,,,Child,0.0,0,Yes,0,,NA,1,Created
5320,2011-01-01,5320,Male,9,2002-01-30,0.00014,Single,0,,,No,,,Child,0.0,0,No,0,,NA,1,Created
5321,2011-01-01,5321,Male,20,1991-04-29,0.00045,Single,0,,,No,,,Permanent contract,46216.0,-2652,Yes,0,,NA,1,Created
5322,2011-01-01,5322,Female,9,2002-02-11,2.9999999999999997e-05,Single,0,,,No,,,Child,0.0,0,Yes,0,30.0,2032-07-16,1,Created
5323,2011-01-01,5323,Male,48,1963-12-29,0.0021100000000000003,Married,1042,,2012-09-07,Yes,,,Entrepreneur without personnel,17141.0,212750,Yes,2,,NA,1,Created
19084,2012-09-07,5323,Male,49,1963-12-29,0.0021100000000000003,Divorced,1042,,2012-09-07,Yes,,,Entrepreneur without personnel,17141.0,212750,Yes,2,,NA,1,Life event: Divorced
5324,2011-01-01,5324,Male,1,2010-05-14,0.00056,Single,0,,,No,,,Child,0.0,0,Yes,0,,NA,1,Created
5325,2011-01-01,5325,Male,79,1932-03-28,0.05364,Married,1043,,2039-11-25,Yes,,,Retired,11635.0,37553,No,1,,NA,1,Created
5326,2011-01-01,5326,Female,76,1935-12-04,0.02337,Divorced,0,,,Yes,,,Retired,15493.0,-15604,No,0,,NA,1,Created
5327,2011-01-01,5327,Female,17,1994-06-22,0.0001,Single,0,,,No,,,Child,0.0,0,No,0,22.0,2016-02-27,1,Created
17548,2011-06-22,5327,Female,18,1994-06-22,0.0001,Single,0,,,Yes,50,2043-09-16,Permanent contract,27986.0,483739,No,0,22,2016-02-27,1,Life event: Adulthood
5328,2011-01-01,5328,Male,27,1984-01-16,0.00044,Single,0,,,Yes,31.0,2015-11-19,Permanent contract,12747.0,530094,No,0,,NA,1,Created
5329,2011-01-01,5329,Male,63,1948-05-23,0.00945,Married,1044,,2021-04-23,No,,,Unemployed,19370.0,315350,Yes,1,,NA,1,Created
18780,2012-05-23,5329,Male,65,1948-05-23,0.00945,Married,1044,,2021-04-23,No,,,Retired,13559.0,315350,Yes,1,,NA,1,Life event: Retired
5330,2011-01-01,5330,Male,57,1954-10-09,0.00572,Divorced,0,,,No,,,Permanent contract,84670.0,-5062,Yes,0,,NA,1,Created
5331,2011-01-01,5331,Female,84,1927-06-24,0.06362999999999999,Widowed,0,,,Yes,,,Retired,78757.0,281015,No,0,,NA,1,Created
5332,2011-01-01,5332,Female,45,1966-03-06,0.00134,Divorced,0,,,Yes,,,Entrepreneur with personel,8201.0,312079,No,0,,NA,1,Created
5333,2011-01-01,5333,Female,36,1975-07-31,0.00049,Married,1073,,2049-05-05,No,,,Permanent contract,50825.0,210018,Yes,2,,NA,1,Created
5334,2011-01-01,5334,Female,42,1969-02-04,0.001,Single,0,,,Yes,26.0,,Permanent contract,19500.0,73031,No,0,,NA,1,Created
5335,2011-01-01,5335,Male,29,1982-05-30,0.0005200000000000001,Single,0,,,No,,,Permanent contract,36609.0,192595,No,0,,NA,1,Created
5336,2011-01-01,5336,Male,23,1988-09-12,0.00039,Single,0,,,Yes,40.0,2028-08-27,Entrepreneur with personel,18031.0,192645,No,0,,NA,1,Created
5337,2011-01-01,5337,Female,49,1962-08-30,0.00193,Married,1074,,2051-08-15,Yes,,,Family business,73705.0,9863,Yes,2,,NA,1,Created
5338,2011-01-01,5338,Female,51,1960-05-05,0.0023899999999999998,Married,1075,,2051-06-23,No,,,Flexible contract,4634.0,439,No,1,,NA,1,Created
5339,2011-01-01,5339,Male,65,1946-08-27,0.01141,Married,1045,,2040-10-08,No,,,Permanent contract,35345.0,304998,Yes,1,,NA,1,Created
17864,2011-08-27,5339,Male,66,1946-08-27,0.01141,Married,1045,,2040-10-08,No,,,Retired,24741.5,304998,Yes,1,,NA,1,Life event: Retired
5340,2011-01-01,5340,Male,2,2009-08-15,0.00021,Single,0,,,No,,,Child,0.0,0,No,0,,NA,1,Created
5341,2011-01-01,5341,Male,40,1971-10-28,0.0009400000000000001,Single,0,,,Yes,60.0,2031-08-22,Flexible contract,3984.0,309895,Yes,0,,NA,1,Created
5342,2011-01-01,5342,Female,52,1959-11-26,0.00268,Married,1076,,2046-03-18,Yes,,,Flexible contract,9303.0,300936,Yes,2,,NA,1,Created
5343,2011-01-01,5343,Male,61,1950-02-04,0.00747,Married,1046,,2039-07-25,No,,,Permanent contract,62142.0,-25907,Yes,3,,NA,1,Created
5344,2011-01-01,5344,Female,59,1952-02-20,0.00479,Married,1077,,2037-06-13,Yes,,,Flexible contract,79519.0,-31024,No,1,,NA,1,Created
5345,2011-01-01,5345,Female,28,1983-06-25,0.00025,Single,0,,,No,,,Entrepreneur without personnel,10300.0,433739,No,0,33.0,2016-04-14,1,Created
5346,2011-01-01,5346,Male,33,1978-09-25,0.00047999999999999996,Single,0,,,No,,,Flexible contract,9484.0,-45954,Yes,0,,NA,1,Created
5347,2011-01-01,5347,Female,57,1954-07-01,0.00387,Married,1078,,2054-12-06,Yes,,,Permanent contract,18720.0,30372,No,1,,NA,1,Created
5348,2011-01-01,5348,Female,28,1983-07-06,0.00025,Single,0,,,Yes,44.0,2027-05-26,Entrepreneur without personnel,16526.0,368082,Yes,0,36.0,2019-04-02,1,Created
5349,2011-01-01,5349,Female,44,1967-09-11,0.00107,Divorced,0,,,No,,,Permanent contract,7106.0,21187,No,0,,NA,1,Created
5350,2011-01-01,5350,Male,54,1957-09-25,0.00404,Married,1047,,2018-01-04,No,,,Permanent contract,8651.0,164890,No,1,,NA,1,Created
5351,2011-01-01,5351,Female,5,2006-02-11,4e-05,Single,0,,,Yes,25.0,2031-08-08,Child,0.0,0,Yes,0,32.0,2038-04-21,1,Created
5352,2011-01-01,5352,Female,56,1955-09-26,0.0041,Married,1079,,2054-05-05,No,,,Permanent contract,12993.0,255996,Yes,1,,NA,1,Created
5353,2011-01-01,5353,Female,4,2007-01-27,5.9999999999999995e-05,Single,0,,,Yes,25.0,2032-10-30,Child,0.0,0,No,0,33.0,2040-04-24,1,Created
5354,2011-01-01,5354,Male,32,1979-01-07,0.00059,Married,1048,,2019-05-10,No,,,Flexible contract,19067.0,675657,No,3,,NA,1,Created
5355,2011-01-01,5355,Male,8,2003-11-16,9e-05,Single,0,,,No,,,Child,0.0,0,No,0,,NA,1,Created
5356,2011-01-01,5356,Male,44,1967-03-31,0.0013599999999999999,Married,1049,,2059-01-30,Yes,,,Permanent contract,78898.0,193864,Yes,2,,NA,1,Created
5357,2011-01-01,5357,Female,15,1996-10-07,8e-05,Single,0,,,Yes,26.0,2022-01-24,Child,0.0,0,Yes,0,27.0,2023-01-25,1,Created
5358,2011-01-01,5358,Female,42,1969-12-10,0.001,Married,1080,,2026-08-10,No,,,Permanent contract,43299.0,19326,Yes,1,,NA,1,Created
5359,2011-01-01,5359,Male,18,1993-01-09,0.00032,Single,0,,,Yes,40.0,2033-08-10,Flexible contract,24445.0,376904,Yes,0,,NA,1,Created
5360,2011-01-01,5360,Female,49,1962-07-13,0.00193,Married,1081,,2062-09-28,No,,,Permanent contract,2074.0,189,Yes,2,,NA,1,Created
5361,2011-01-01,5361,Male,16,1995-05-13,0.00029,Single,0,,,No,,,Child,0.0,0,Yes,0,,NA,1,Created
18745,2012-05-13,5361,Male,18,1995-05-13,0.00029,Single,0,,,Yes,49,2043-06-12,Permanent contract,14652.0,17831,Yes,0,,NA,1,Life event: Adulthood
5362,2011-01-01,5362,Female,38,1973-07-23,0.00063,Single,0,,,No,,,Permanent contract,11767.0,382,No,0,,NA,1,Created
5363,2011-01-01,5363,Female,38,1973-12-23,0.00063,Single,0,,,Yes,21.0,,Permanent contract,10602.0,528251,No,0,,NA,1,Created
5364,2011-01-01,5364,Male,30,1981-07-10,0.00055,Married,1050,,2035-01-06,Yes,,,Permanent contract,9992.0,1668,No,3,,NA,1,Created
5365,2011-01-01,5365,Male,66,1945-12-12,0.01401,Divorced,0,,,Yes,,,Unemployed,11834.0,17996,Yes,0,,NA,1,Created
18287,2011-12-12,5365,Male,67,1945-12-12,0.01401,Divorced,0,,,Yes,,,Retired,8283.8,17996,Yes,0,,NA,1,Life event: Retired
5366,2011-01-01,5366,Male,31,1980-12-02,0.00041,Single,0,,,No,,,Unemployed,52484.0,33452,No,0,,NA,1,Created
5367,2011-01-01,5367,Male,46,1965-01-25,0.00172,Married,1051,,2022-07-16,Yes,,,Family business,29475.0,706097,Yes,3,,NA,1,Created
5368,2011-01-01,5368,Male,79,1932-11-07,0.05364,Single,0,,,Yes,26.0,,Retired,1272.0,148973,No,0,,NA,1,Created
18528,2012-02-18,5368,Male,80,1932-11-07,0.05364,Single,0,,,Yes,26,,Retired,1272.0,148973,No,0,,NA,0,Life event: Deceased
5369,2011-01-01,5369,Male,9,2002-01-19,0.00014,Single,0,,,Yes,94.0,2096-12-10,Child,0.0,0,Yes,0,,NA,1,Created
5370,2011-01-01,5370,Female,78,1933-01-26,0.02817,Widowed,0,,,No,,,Retired,6413.0,60200,Yes,0,,NA,1,Created
5371,2011-01-01,5371,Female,54,1957-04-07,0.00313,Married,1082,,2019-01-04,No,,,Entrepreneur with personel,16992.0,334370,Yes,3,,NA,1,Created
5372,2011-01-01,5372,Male,51,1960-04-24,0.00301,Divorced,0,,,No,,,Permanent contract,11679.0,242973,Yes,0,,NA,1,Created
5373,2011-01-01,5373,Female,16,1995-12-22,8e-05,Single,0,,,Yes,31.0,2026-09-05,Child,0.0,0,Yes,0,28.0,2023-04-20,1,Created
19346,2012-12-22,5373,Female,18,1995-12-22,8e-05,Single,0,,,No,,,Permanent contract,28553.0,15765,Yes,0,28,2023-04-20,1,Life event: Adulthood
5374,2011-01-01,5374,Female,25,1986-08-14,0.00022999999999999998,Single,0,,,No,,,Flexible contract,78983.0,183020,No,0,,NA,1,Created
5375,2011-01-01,5375,Female,79,1932-06-16,0.03112,Married,1083,,2057-02-21,No,,,Retired,6899.0,3658,No,2,,NA,1,Created
5376,2011-01-01,5376,Male,40,1971-10-11,0.0009400000000000001,Married,1052,,2034-03-22,Yes,,,Permanent contract,49840.0,211798,No,2,,NA,1,Created
5377,2011-01-01,5377,Female,30,1981-12-21,0.00027,Married,1084,,2020-06-09,No,,,Flexible contract,3893.0,100336,No,2,31.0,2012-05-17,1,Created
18757,2012-05-17,5377,Female,31,1981-12-21,0.00027,Married,1084,,2020-06-09,No,,,Flexible contract,3893.0,100336,No,2,31,2012-05-17,1,Life event: Children born
5378,2011-01-01,5378,Male,53,1958-09-28,0.0033299999999999996,Married,1053,,2034-06-09,No,,,Permanent contract,14479.0,431750,Yes,1,,NA,1,Created
5379,2011-01-01,5379,Female,12,1999-05-17,5e-05,Single,0,,,No,,,Child,0.0,0,Yes,0,37.0,2036-03-18,1,Created
5380,2011-01-01,5380,Male,58,1953-10-27,0.00603,Married,1054,,2040-01-10,No,,,Flexible contract,11918.0,64799,Yes,3,,NA,1,Created
19188,2012-10-24,5380,Male,59,1953-10-27,0.00603,Married,1054,,2040-01-10,No,,,Flexible contract,11918.0,64799,Yes,3,,NA,0,Life event: Deceased
5381,2011-01-01,5381,Male,19,1992-02-03,0.00033,Single,0,,,Yes,41.0,2033-08-31,Permanent contract,195399.0,-23315,No,0,,NA,1,Created
5382,2011-01-01,5382,Female,16,1995-08-09,8e-05,Single,0,,,No,,,Child,0.0,0,Yes,0,27.0,2022-02-12,1,Created
18993,2012-08-09,5382,Female,18,1995-08-09,8e-05,Single,0,,,No,,,Entrepreneur without personnel,5028.0,3705,Yes,0,27,2022-02-12,1,Life event: Adulthood
5383,2011-01-01,5383,Female,30,1981-06-22,0.00027,Married,1085,,2030-05-04,No,,,Permanent contract,28500.0,-20769,No,2,30.0,2011-02-14,1,Created
16911,2011-02-14,5383,Female,30,1981-06-22,0.00027,Married,1085,,2030-05-04,No,,,Permanent contract,28500.0,-20769,No,2,30,2011-02-14,1,Life event: Children born
5384,2011-01-01,5384,Male,61,1950-12-26,0.00747,Single,0,,,Yes,89.0,2039-11-18,Permanent contract,12178.0,84859,Yes,0,,NA,1,Created
5385,2011-01-01,5385,Female,44,1967-05-01,0.00107,Single,0,,,Yes,37.0,,Permanent contract,79070.0,2561,Yes,0,,NA,1,Created
5386,2011-01-01,5386,Male,67,1944-09-07,0.01396,Married,1055,,2016-02-18,Yes,,,Permanent contract,25084.0,4135,Yes,1,,NA,1,Created
17897,2011-09-07,5386,Male,68,1944-09-07,0.01396,Married,1055,,2016-02-18,Yes,,,Retired,17558.8,4135,Yes,1,,NA,1,Life event: Retired
5387,2011-01-01,5387,Female,104,1907-03-13,1.0,Single,0,,,Yes,29.0,,Retired,27381.0,47246,Yes,0,,NA,1,Created
19356,2012-12-29,5387,Female,106,1907-03-13,1.0,Single,0,,,Yes,29,,Retired,27381.0,47246,Yes,0,,NA,0,Life event: Deceased
5388,2011-01-01,5388,Female,26,1985-07-06,1.0,Married,1086,,2018-10-27,Yes,,,Flexible contract,18375.0,4053746,No,1,42.0,2027-06-09,1,Created
5389,2011-01-01,5389,Female,39,1972-07-12,0.00074,Married,1087,,2015-08-01,No,,,Permanent contract,30982.0,697,Yes,1,,NA,1,Created
5390,2011-01-01,5390,Female,5,2006-03-08,4e-05,Single,0,,,No,,,Child,0.0,0,No,0,26.0,2032-09-28,1,Created
5391,2011-01-01,5391,Female,47,1964-10-21,0.00168,Married,1088,,2048-11-15,No,,,Flexible contract,4698.0,959,Yes,1,,NA,1,Created
5392,2011-01-01,5392,Male,27,1984-04-15,0.00044,Single,0,,,No,,,Permanent contract,33072.0,-2099,No,0,,NA,1,Created
5393,2011-01-01,5393,Female,58,1953-06-06,0.00448,Divorced,0,,,No,,,Unemployed,10339.0,6461,Yes,0,,NA,1,Created
5394,2011-01-01,5394,Male,48,1963-10-24,0.0021100000000000003,Married,1056,,2012-11-16,No,,,Permanent contract,30884.0,473,Yes,1,,NA,1,Created
19247,2012-11-16,5394,Male,50,1963-10-24,0.0021100000000000003,Divorced,1056,,2012-11-16,No,,,Permanent contract,30884.0,473,Yes,1,,NA,1,Life event: Divorced
5395,2011-01-01,5395,Male,39,1972-09-18,0.0008699999999999999,Married,1057,,2019-05-07,No,,,Permanent contract,32737.0,-40897,Yes,1,,NA,1,Created
5396,2011-01-01,5396,Female,3,2008-12-12,0.00013000000000000002,Single,0,,,Yes,26.0,2034-02-17,Child,0.0,0,Yes,0,31.0,2039-07-24,1,Created
5397,2011-01-01,5397,Female,58,1953-08-31,0.00448,Married,1089,,2032-09-17,Yes,,,Permanent contract,31285.0,-46844,No,2,,NA,1,Created
5398,2011-01-01,5398,Male,30,1981-10-18,0.00055,Single,0,,,No,,,Permanent contract,148614.0,-44953,Yes,0,,NA,1,Created
5399,2011-01-01,5399,Male,43,1968-10-05,0.00103,Married,1058,,2043-11-08,No,,,Permanent contract,15164.0,8353,Yes,2,,NA,1,Created
5400,2011-01-01,5400,Female,42,1969-11-18,0.001,Divorced,0,,,Yes,,,Permanent contract,10949.0,2384,No,0,,NA,1,Created
5401,2011-01-01,5401,Female,16,1995-07-13,8e-05,Single,0,,,No,,,Child,0.0,0,No,0,31.0,2026-11-01,1,Created
18924,2012-07-13,5401,Female,18,1995-07-13,8e-05,Single,0,,,Yes,37,2031-04-04,Permanent contract,16928.0,120649,No,0,31,2026-11-01,1,Life event: Adulthood
5402,2011-01-01,5402,Female,73,1938-09-12,0.01577,Married,1090,,2011-12-21,Yes,,,Retired,12536.0,348866,No,1,,NA,1,Created
18332,2011-12-21,5402,Female,74,1938-09-12,0.01577,Divorced,1090,,2011-12-21,Yes,,,Retired,12536.0,348866,No,1,,NA,1,Life event: Divorced
5403,2011-01-01,5403,Female,34,1977-01-11,0.00037,Single,0,,,Yes,26.0,,Flexible contract,18002.0,-918,Yes,0,,NA,1,Created
5404,2011-01-01,5404,Male,5,2006-01-23,9e-05,Single,0,,,Yes,31.0,2037-07-20,Child,0.0,0,Yes,0,,NA,1,Created
5405,2011-01-01,5405,Male,32,1979-05-24,0.00059,Single,0,,,No,,,Permanent contract,27658.0,7661,No,0,,NA,1,Created
5406,2011-01-01,5406,Female,58,1953-11-13,0.00448,Widowed,0,,,Yes,,,Permanent contract,185.0,198362,No,0,,NA,1,Created
5407,2011-01-01,5407,Female,72,1939-04-16,0.01411,Married,1091,,2033-01-12,No,,,Retired,6071.0,37555,Yes,3,,NA,1,Created
5408,2011-01-01,5408,Female,47,1964-08-17,0.00168,Married,1092,,2047-12-20,Yes,,,Permanent contract,34798.0,4763785,No,3,,NA,1,Created
5409,2011-01-01,5409,Male,46,1965-12-19,0.00172,Single,0,,,Yes,37.0,,Permanent contract,15890.0,26024,Yes,0,,NA,1,Created
5410,2011-01-01,5410,Male,28,1983-03-18,0.00045,Single,0,,,No,,,Entrepreneur without personnel,34084.0,-11316,Yes,0,,NA,1,Created
5411,2011-01-01,5411,Male,54,1957-03-31,0.00404,Divorced,0,,,Yes,,,Flexible contract,124816.0,16,Yes,0,,NA,1,Created
5412,2011-01-01,5412,Female,37,1974-08-01,0.00057,Married,1093,,2049-01-18,Yes,,,Permanent contract,12420.0,4962,Yes,1,,NA,1,Created
5413,2011-01-01,5413,Male,31,1980-04-03,0.00041,Married,1059,,2032-03-23,Yes,,,Permanent contract,14507.0,864352,No,3,,NA,1,Created
5414,2011-01-01,5414,Male,33,1978-05-12,0.00047999999999999996,Single,0,,,Yes,31.0,,Permanent contract,82189.0,-19011,No,0,,NA,1,Created
5415,2011-01-01,5415,Male,98,1913-11-25,0.33792,Widowed,0,,,Yes,,,Retired,13468.0,5596,No,0,,NA,1,Created
18477,2012-01-29,5415,Male,99,1913-11-25,0.33792,Widowed,0,,,Yes,,,Retired,13468.0,5596,No,0,,NA,0,Life event: Deceased
5416,2011-01-01,5416,Male,49,1962-12-01,0.00242,Married,1060,,2055-04-12,Yes,,,Permanent contract,93020.0,-1755,No,3,,NA,1,Created
5417,2011-01-01,5417,Female,20,1991-06-29,0.00018,Single,0,,,No,,,Permanent contract,41912.0,368751,No,0,38.0,2029-11-04,1,Created
5418,2011-01-01,5418,Female,95,1916-05-03,0.23053,Widowed,0,,,No,,,Retired,39377.0,31970,Yes,0,,NA,1,Created
5419,2011-01-01,5419,Male,16,1995-07-05,0.00029,Single,0,,,No,,,Child,0.0,0,Yes,0,,NA,1,Created
18899,2012-07-05,5419,Male,18,1995-07-05,0.00029,Single,0,,,Yes,33,2027-07-18,Entrepreneur without personnel,7931.0,116790,Yes,0,,NA,1,Life event: Adulthood
5420,2011-01-01,5420,Female,25,1986-01-29,0.00022999999999999998,Single,0,,,No,,,Permanent contract,29659.0,18820,Yes,0,37.0,2023-11-16,1,Created
5421,2011-01-01,5421,Female,80,1931-07-27,0.03682,Widowed,0,,,Yes,,,Retired,8522.0,104477,No,0,,NA,1,Created
5422,2011-01-01,5422,Male,5,2006-04-30,9e-05,Single,0,,,Yes,30.0,2036-01-16,Child,0.0,0,No,0,,NA,1,Created
5423,2011-01-01,5423,Female,63,1948-06-23,0.00672,Married,1094,,2044-07-28,Yes,,,Permanent contract,46734.0,339902,Yes,2,,NA,1,Created
18877,2012-06-23,5423,Female,65,1948-06-23,0.00672,Married,1094,,2044-07-28,Yes,,,Retired,32713.8,339902,Yes,2,,NA,1,Life event: Retired
5424,2011-01-01,5424,Male,58,1953-09-06,0.00603,Divorced,0,,,No,,,Permanent contract,8525.0,2634607,No,0,,NA,1,Created
5425,2011-01-01,5425,Female,77,1934-07-14,0.0259,Married,1095,,2075-05-09,No,,,Retired,15455.0,8821,No,3,,NA,1,Created
5426,2011-01-01,5426,Male,13,1998-02-06,0.00014,Single,0,,,Yes,46.0,2044-12-05,Child,0.0,0,No,0,,NA,1,Created
5427,2011-01-01,5427,Female,65,1946-04-03,0.007559999999999999,Married,1096,,2036-07-24,No,,,Flexible contract,12657.0,259,Yes,2,,NA,1,Created
17167,2011-04-03,5427,Female,66,1946-04-03,0.007559999999999999,Married,1096,,2036-07-24,No,,,Retired,8859.9,259,Yes,2,,NA,1,Life event: Retired
5428,2011-01-01,5428,Female,49,1962-10-04,0.00193,Married,1097,,2023-08-28,No,,,Entrepreneur with personel,19156.0,759,Yes,1,,NA,1,Created
5429,2011-01-01,5429,Male,3,2008-10-19,0.0002,Single,0,,,No,,,Child,0.0,0,Yes,0,,NA,1,Created
5430,2011-01-01,5430,Female,51,1960-03-16,0.0023899999999999998,Divorced,0,,,No,,,Permanent contract,39725.0,3505,No,0,,NA,1,Created
5431,2011-01-01,5431,Male,12,1999-07-23,0.00011,Single,0,,,No,,,Child,0.0,0,No,0,,NA,1,Created
5432,2011-01-01,5432,Male,22,1989-06-06,0.00041,Married,1061,,2060-11-12,No,,,Flexible contract,37292.0,142452,No,1,,NA,1,Created
5433,2011-01-01,5433,Female,2,2009-09-19,0.00015,Single,0,,,Yes,25.0,2034-03-28,Child,0.0,0,Yes,0,24.0,2033-06-05,1,Created
5434,2011-01-01,5434,Male,20,1991-02-01,0.00045,Single,0,,,Yes,33.0,2024-10-05,Flexible contract,14841.0,424854,Yes,0,,NA,1,Created
5435,2011-01-01,5435,Male,47,1964-12-28,0.00186,Married,1062,,2071-04-17,No,,,Permanent contract,29803.0,86850,Yes,1,,NA,1,Created
5436,2011-01-01,5436,Female,61,1950-08-13,0.00562,Married,1098,,2044-05-01,No,,,Flexible contract,16189.0,3895,No,2,,NA,1,Created
5437,2011-01-01,5437,Male,24,1987-01-29,0.00047999999999999996,Single,0,,,No,,,Permanent contract,96338.0,14370,No,0,,NA,1,Created
5438,2011-01-01,5438,Male,58,1953-07-20,0.00603,Single,0,,,Yes,54.0,,Permanent contract,53350.0,629661,No,0,,NA,1,Created
5439,2011-01-01,5439,Female,0,2011-04-14,0.0028899999999999998,Single,0,,,Yes,25.0,2036-08-04,Child,0.0,0,Yes,0,24.0,2035-10-07,1,Created
5440,2011-01-01,5440,Male,16,1995-01-29,0.00029,Single,0,,,Yes,62.0,2057-02-26,Child,0.0,0,Yes,0,,NA,1,Created
18478,2012-01-29,5440,Male,18,1995-01-29,0.00029,Single,0,,,Yes,50,2044-06-16,Permanent contract,68321.0,1727080,Yes,0,,NA,1,Life event: Adulthood
5441,2011-01-01,5441,Male,36,1975-11-22,0.0006,Single,0,,,Yes,39.0,2014-04-07,Entrepreneur without personnel,22155.0,602,No,0,,NA,1,Created
5442,2011-01-01,5442,Male,23,1988-04-30,0.00039,Single,0,,,Yes,54.0,2042-03-07,Permanent contract,23978.0,5163,Yes,0,,NA,1,Created
5443,2011-01-01,5443,Male,24,1987-04-16,0.00047999999999999996,Single,0,,,No,,,Permanent contract,46288.0,58458,Yes,0,,NA,1,Created
5444,2011-01-01,5444,Female,77,1934-04-02,0.0259,Widowed,0,,,Yes,,,Retired,36015.0,-3674,Yes,0,,NA,1,Created
5445,2011-01-01,5445,Female,7,2004-02-28,7e-05,Single,0,,,Yes,31.0,2035-10-18,Child,0.0,0,No,0,28.0,2032-01-06,1,Created
5446,2011-01-01,5446,Female,71,1940-07-06,0.013009999999999999,Married,1099,,2018-04-13,No,,,Retired,38918.0,903031,Yes,1,,NA,1,Created
5447,2011-01-01,5447,Male,31,1980-06-29,0.00041,Married,1063,,2043-05-11,No,,,Permanent contract,7830.0,4483,Yes,1,,NA,1,Created
5448,2011-01-01,5448,Male,11,2000-09-15,9e-05,Single,0,,,No,,,Child,0.0,0,Yes,0,,NA,1,Created
5449,2011-01-01,5449,Female,38,1973-09-19,0.00063,Married,1100,,2015-06-21,No,,,Permanent contract,25340.0,-1885,Yes,1,39.0,2012-11-22,1,Created
19265,2012-11-22,5449,Female,40,1973-09-19,0.00063,Married,1100,,2015-06-21,No,,,Permanent contract,25340.0,-1885,Yes,2,39,2012-11-22,1,Life event: Children born
5450,2011-01-01,5450,Female,28,1983-05-18,0.00025,Single,0,,,Yes,35.0,2018-03-05,Unemployed,31680.0,3110987,Yes,0,35.0,2018-11-06,1,Created
5451,2011-01-01,5451,Female,84,1927-10-22,0.06362999999999999,Married,1101,,2045-11-16,Yes,,,Retired,47322.0,71490,No,1,,NA,1,Created
5452,2011-01-01,5452,Female,78,1933-08-12,0.02817,Married,1102,,2053-02-14,Yes,,,Retired,7950.0,371693,No,1,,NA,1,Created
5453,2011-01-01,5453,Female,19,1992-07-08,0.00014,Single,0,,,No,,,Permanent contract,14202.0,88200,No,0,35.0,2027-12-19,1,Created
5454,2011-01-01,5454,Female,37,1974-02-08,0.00057,Single,0,,,Yes,38.0,2012-07-04,Permanent contract,2794.0,4333,No,0,37.0,2011-09-17,1,Created
18897,2012-07-04,5454,Female,39,1974-02-08,0.00057,Married,3486,5,2017-05-19,Yes,38,2012-07-04,Permanent contract,2794.0,4333,No,0,37,2011-09-17,1,Life event: Married
5455,2011-01-01,5455,Female,13,1998-08-28,0.00011999999999999999,Single,0,,,Yes,44.0,2042-10-28,Child,0.0,0,Yes,0,32.0,2030-12-08,1,Created
5456,2011-01-01,5456,Female,20,1991-08-31,0.00018,Single,0,,,Yes,46.0,2037-12-15,Permanent contract,21360.0,954,No,0,27.0,2018-03-14,1,Created
5457,2011-01-01,5457,Female,18,1993-11-17,0.00023999999999999998,Single,0,,,No,,,Permanent contract,3389.0,-2773,No,0,33.0,2026-08-10,1,Created
5458,2011-01-01,5458,Male,74,1937-11-28,0.0295,Married,1064,,2027-11-29,No,,,Retired,10691.0,-24521,No,1,,NA,1,Created
5459,2011-01-01,5459,Male,18,1993-05-30,0.00032,Single,0,,,Yes,45.0,2038-03-20,Permanent contract,37077.0,79767,Yes,0,,NA,1,Created
5460,2011-01-01,5460,Male,31,1980-01-21,0.00041,Single,0,,,Yes,27.0,,Permanent contract,14212.0,14333,No,0,,NA,1,Created
5461,2011-01-01,5461,Male,78,1933-03-26,0.04668,Single,0,,,No,,,Retired,87652.0,65654,No,0,,NA,1,Created
17788,2011-08-13,5461,Male,79,1933-03-26,0.04668,Single,0,,,No,,,Retired,87652.0,65654,No,0,,NA,0,Life event: Deceased
5462,2011-01-01,5462,Female,40,1971-05-28,0.0006900000000000001,Single,0,,,No,,,Flexible contract,19055.0,754260,Yes,0,,NA,1,Created
5463,2011-01-01,5463,Female,13,1998-06-21,0.00011999999999999999,Single,0,,,Yes,28.0,2026-01-13,Child,0.0,0,Yes,0,26.0,2024-07-25,1,Created
5464,2011-01-01,5464,Male,73,1938-11-26,0.0262,Married,1065,,2044-09-23,Yes,,,Retired,12726.0,59667,No,2,,NA,1,Created
5465,2011-01-01,5465,Male,17,1994-10-18,0.00022999999999999998,Single,0,,,Yes,38.0,2032-05-18,Child,0.0,0,Yes,0,,NA,1,Created
18068,2011-10-18,5465,Male,18,1994-10-18,0.00022999999999999998,Single,0,,,No,,,Flexible contract,1386.0,106577,Yes,0,,NA,1,Life event: Adulthood
5466,2011-01-01,5466,Female,39,1972-03-14,0.00074,Married,1103,,2011-02-26,No,,,Permanent contract,19136.0,142153,Yes,2,,NA,1,Created
16980,2011-02-26,5466,Female,39,1972-03-14,0.00074,Divorced,1103,,2011-02-26,No,,,Permanent contract,19136.0,142153,Yes,2,,NA,1,Life event: Divorced
5467,2011-01-01,5467,Female,58,1953-09-10,0.00448,Married,1104,,2019-12-09,No,,,Permanent contract,10968.0,158119,No,2,,NA,1,Created
5468,2011-01-01,5468,Female,49,1962-02-09,0.00193,Married,1105,,2022-03-14,No,,,Flexible contract,80506.0,333465,No,2,,NA,1,Created
5469,2011-01-01,5469,Male,44,1967-08-03,0.0013599999999999999,Single,0,,,No,,,Permanent contract,16112.0,-20595,No,0,,NA,1,Created
5470,2011-01-01,5470,Male,59,1952-12-05,0.00717,Married,1066,,2048-05-13,No,,,Permanent contract,17891.0,43365,Yes,2,,NA,1,Created
5471,2011-01-01,5471,Male,56,1955-08-09,0.0052,Married,1067,,2043-04-29,Yes,,,Unemployed,65614.0,-19462,Yes,1,,NA,1,Created
5472,2011-01-01,5472,Female,59,1952-01-15,0.00479,Single,0,,,No,,,Flexible contract,14965.0,8463,No,0,,NA,1,Created
5473,2011-01-01,5473,Male,22,1989-02-26,0.00041,Single,0,,,Yes,33.0,2022-02-18,Entrepreneur without personnel,14471.0,45907,No,0,,NA,1,Created
5474,2011-01-01,5474,Female,54,1957-09-12,0.00313,Married,1106,,2050-07-24,No,,,Flexible contract,27922.0,43146,No,2,,NA,1,Created
5475,2011-01-01,5475,Female,68,1943-12-08,0.00983,Married,1107,,2035-01-02,No,,,Retired,5307.0,777834,Yes,2,,NA,1,Created
5476,2011-01-01,5476,Female,103,1908-11-29,1.0,Widowed,0,,,No,,,Retired,10579.0,2059,Yes,0,,NA,1,Created
17208,2011-04-14,5476,Female,103,1908-11-29,1.0,Widowed,0,,,No,,,Retired,10579.0,2059,Yes,0,,NA,0,Life event: Deceased
5477,2011-01-01,5477,Male,16,1995-01-23,0.00029,Single,0,,,Yes,34.0,2029-09-18,Child,0.0,0,Yes,0,,NA,1,Created
18464,2012-01-23,5477,Male,18,1995-01-23,0.00029,Single,0,,,No,,,Permanent contract,28296.0,8295,Yes,0,,NA,1,Life event: Adulthood
5478,2011-01-01,5478,Female,38,1973-07-29,0.00063,Married,1108,,2070-10-09,Yes,,,Permanent contract,18693.0,830,Yes,2,39.0,2012-08-30,1,Created
19050,2012-08-30,5478,Female,40,1973-07-29,0.00063,Married,1108,,2070-10-09,Yes,,,Permanent contract,18693.0,830,Yes,1,39,2012-08-30,1,Life event: Children born
5479,2011-01-01,5479,Female,27,1984-10-14,0.00025,Single,0,,,Yes,64.0,2048-12-23,Permanent contract,5513.0,8674,Yes,0,27.0,2011-06-25,1,Created
5480,2011-01-01,5480,Male,19,1992-05-07,0.00033,Single,0,,,No,,,Permanent contract,8364.0,104079,Yes,0,,NA,1,Created
5481,2011-01-01,5481,Female,36,1975-12-18,0.00049,Married,1109,,2050-04-19,No,,,Entrepreneur without personnel,12035.0,271424,No,2,,NA,1,Created
5482,2011-01-01,5482,Male,43,1968-03-25,0.00103,Married,1068,,2023-02-24,Yes,,,Permanent contract,37972.0,5843,Yes,1,,NA,1,Created
5483,2011-01-01,5483,Male,76,1935-02-02,0.0375,Married,1069,,2049-08-25,Yes,,,Retired,50061.0,85942,No,2,,NA,1,Created
5484,2011-01-01,5484,Male,80,1931-06-08,0.05987000000000001,Widowed,0,,,No,,,Retired,8950.0,186322,No,0,,NA,1,Created
5485,2011-01-01,5485,Female,2,2009-01-02,0.00015,Single,0,,,No,,,Child,0.0,0,Yes,0,38.0,2047-01-27,1,Created
5486,2011-01-01,5486,Female,17,1994-05-26,0.0001,Single,0,,,No,,,Child,0.0,0,No,0,39.0,2033-04-25,1,Created
17418,2011-05-26,5486,Female,18,1994-05-26,0.0001,Single,0,,,Yes,21,2014-09-03,Permanent contract,28010.0,286953,No,0,39,2033-04-25,1,Life event: Adulthood
5487,2011-01-01,5487,Male,12,1999-07-12,0.00011,Single,0,,,Yes,32.0,2031-03-21,Child,0.0,0,No,0,,NA,1,Created
5488,2011-01-01,5488,Female,77,1934-10-15,0.0259,Married,1110,,2042-05-22,No,,,Retired,14365.0,18923,No,1,,NA,1,Created
5489,2011-01-01,5489,Female,69,1942-11-01,0.0108,Married,1111,,2025-11-30,No,,,Retired,39535.0,20355,Yes,3,,NA,1,Created
5490,2011-01-01,5490,Female,64,1947-10-21,0.00713,Married,1112,,2040-10-19,Yes,,,Permanent contract,12667.0,389887,No,1,,NA,1,Created
18076,2011-10-21,5490,Female,65,1947-10-21,0.00713,Married,1112,,2040-10-19,Yes,,,Retired,8866.9,389887,No,1,,NA,1,Life event: Retired
5491,2011-01-01,5491,Male,58,1953-11-27,0.00603,Married,1070,,2017-09-29,No,,,Permanent contract,77023.0,745894,Yes,1,,NA,1,Created
5492,2011-01-01,5492,Female,53,1958-04-04,0.00312,Married,1113,,2051-08-19,No,,,Flexible contract,14093.0,150477,Yes,2,,NA,1,Created
5493,2011-01-01,5493,Female,53,1958-08-23,0.00312,Single,0,,,Yes,30.0,,Flexible contract,19678.0,-19480,Yes,0,,NA,1,Created
5494,2011-01-01,5494,Male,15,1996-09-26,0.00015,Single,0,,,No,,,Child,0.0,0,Yes,0,,NA,1,Created
5495,2011-01-01,5495,Male,32,1979-07-01,0.00059,Married,1071,,2026-07-06,Yes,,,Permanent contract,13357.0,5788,Yes,1,,NA,1,Created
5496,2011-01-01,5496,Female,49,1962-10-18,0.00193,Married,1114,,2038-01-26,No,,,Flexible contract,38444.0,14527,No,2,,NA,1,Created
5497,2011-01-01,5497,Male,57,1954-01-29,0.00572,Married,1072,,2015-04-16,Yes,,,Permanent contract,13849.0,153773,Yes,1,,NA,1,Created
5498,2011-01-01,5498,Female,67,1944-09-26,0.00974,Married,1115,,2041-06-06,No,,,Permanent contract,35078.0,2513,Yes,1,,NA,1,Created
17976,2011-09-26,5498,Female,68,1944-09-26,0.00974,Married,1115,,2041-06-06,No,,,Retired,24554.6,2513,Yes,1,,NA,1,Life event: Retired
5499,2011-01-01,5499,Female,12,1999-08-14,5e-05,Single,0,,,No,,,Child,0.0,0,Yes,0,37.0,2036-03-21,1,Created
5500,2011-01-01,5500,Male,14,1997-12-08,0.00014,Single,0,,,No,,,Child,0.0,0,Yes,0,,NA,1,Created
5501,2011-01-01,5501,Female,36,1975-05-17,0.00049,Married,1116,,2033-05-08,Yes,,,Permanent contract,3702.0,-36630,No,3,,NA,1,Created
5502,2011-01-01,5502,Female,55,1956-11-02,0.00372,Married,1117,,2020-05-02,Yes,,,Permanent contract,90004.0,-26167,No,2,,NA,1,Created
5503,2011-01-01,5503,Female,38,1973-09-13,0.00063,Single,0,,,No,,,Permanent contract,1287.0,-24502,No,0,,NA,1,Created
5504,2011-01-01,5504,Male,47,1964-02-08,0.00186,Married,1073,,2049-05-05,Yes,,,Permanent contract,31641.0,949231,Yes,2,,NA,1,Created
5505,2011-01-01,5505,Female,51,1960-12-07,0.0023899999999999998,Married,1118,,2029-07-29,Yes,,,Permanent contract,31934.0,-37159,No,3,,NA,1,Created
5506,2011-01-01,5506,Female,35,1976-08-09,0.00033999999999999997,Married,1119,,2013-03-17,No,,,Permanent contract,8270.0,215025,No,2,35.0,2011-08-09,1,Created
17765,2011-08-09,5506,Female,36,1976-08-09,0.00033999999999999997,Married,1119,,2013-03-17,No,,,Permanent contract,8270.0,215025,No,1,35,2011-08-09,1,Life event: Children born
5507,2011-01-01,5507,Female,76,1935-09-07,0.02337,Divorced,0,,,Yes,,,Retired,9525.0,79709,Yes,0,,NA,1,Created
5508,2011-01-01,5508,Male,30,1981-05-23,0.00055,Single,0,,,Yes,33.0,2014-12-25,Permanent contract,13498.0,150144,Yes,0,,NA,1,Created
5509,2011-01-01,5509,Female,64,1947-01-08,0.00713,Married,1120,,2019-05-25,Yes,,,Permanent contract,47877.0,206460,Yes,1,,NA,1,Created
16699,2011-01-08,5509,Female,65,1947-01-08,0.00713,Married,1120,,2019-05-25,Yes,,,Retired,33513.9,206460,Yes,1,,NA,1,Life event: Retired
5510,2011-01-01,5510,Male,53,1958-11-01,0.0033299999999999996,Divorced,0,,,No,,,Permanent contract,17418.0,249480,Yes,0,,NA,1,Created
5511,2011-01-01,5511,Female,26,1985-11-22,1.0,Single,0,,,No,,,Permanent contract,10898.0,175297,No,0,34.0,2019-03-16,1,Created
16700,2011-01-08,5511,Female,26,1985-11-22,1.0,Single,0,,,No,,,Permanent contract,10898.0,175297,No,0,34,2019-03-16,0,Life event: Deceased
5512,2011-01-01,5512,Female,102,1909-07-21,1.0,Widowed,0,,,No,,,Retired,90924.0,65635,No,0,,NA,1,Created
17048,2011-03-12,5512,Female,102,1909-07-21,1.0,Widowed,0,,,No,,,Retired,90924.0,65635,No,0,,NA,0,Life event: Deceased
5513,2011-01-01,5513,Female,63,1948-05-25,0.00672,Married,1121,,2055-05-18,No,,,Unemployed,11342.0,-20345,Yes,3,,NA,1,Created
18784,2012-05-25,5513,Female,65,1948-05-25,0.00672,Married,1121,,2055-05-18,No,,,Retired,7939.4,-20345,Yes,3,,NA,1,Life event: Retired
5514,2011-01-01,5514,Male,42,1969-08-30,0.00128,Divorced,0,,,Yes,,,Flexible contract,9321.0,-10418,Yes,0,,NA,1,Created
5515,2011-01-01,5515,Male,26,1985-03-12,1.0,Divorced,0,,,Yes,,,Permanent contract,38929.0,135797,No,0,,NA,1,Created
18150,2011-11-08,5515,Male,27,1985-03-12,1.0,Divorced,0,,,Yes,,,Permanent contract,38929.0,135797,No,0,,NA,0,Life event: Deceased
5516,2011-01-01,5516,Male,47,1964-10-15,0.00186,Widowed,0,,,Yes,,,Permanent contract,3520.0,35092,Yes,0,,NA,1,Created
5517,2011-01-01,5517,Female,64,1947-02-09,0.00713,Married,1122,,2041-04-10,No,,,Permanent contract,11456.0,76608,No,2,,NA,1,Created
16878,2011-02-09,5517,Female,65,1947-02-09,0.00713,Married,1122,,2041-04-10,No,,,Retired,8019.2,76608,No,2,,NA,1,Life event: Retired
5518,2011-01-01,5518,Male,8,2003-10-28,9e-05,Single,0,,,No,,,Child,0.0,0,Yes,0,,NA,1,Created
5519,2011-01-01,5519,Male,38,1973-03-10,0.0009599999999999999,Married,1074,,2051-08-15,Yes,,,Flexible contract,32151.0,10393,Yes,2,,NA,1,Created
5520,2011-01-01,5520,Male,19,1992-09-16,0.00033,Single,0,,,No,,,Permanent contract,2775.0,137241,Yes,0,,NA,1,Created
5521,2011-01-01,5521,Male,42,1969-12-28,0.00128,Married,1075,,2051-06-23,No,,,Permanent contract,24785.0,134469,No,1,,NA,1,Created
5522,2011-01-01,5522,Male,56,1955-03-16,0.0052,Married,1076,,2046-03-18,Yes,,,Permanent contract,2180.0,8,Yes,2,,NA,1,Created
5523,2011-01-01,5523,Female,40,1971-01-18,0.0006900000000000001,Divorced,0,,,No,,,Flexible contract,35538.0,398401,No,0,,NA,1,Created
5524,2011-01-01,5524,Male,48,1963-01-03,0.0021100000000000003,Divorced,0,,,No,,,Entrepreneur without personnel,14679.0,2655,No,0,,NA,1,Created
5525,2011-01-01,5525,Male,71,1940-02-04,0.02034,Married,1077,,2037-06-13,Yes,,,Retired,18469.0,-2769,No,1,,NA,1,Created
5526,2011-01-01,5526,Male,64,1947-11-15,0.01097,Married,1078,,2054-12-06,Yes,,,Permanent contract,6885.0,229361,No,1,,NA,1,Created
18184,2011-11-15,5526,Male,65,1947-11-15,0.01097,Married,1078,,2054-12-06,Yes,,,Retired,4819.5,229361,No,1,,NA,1,Life event: Retired
5527,2011-01-01,5527,Female,27,1984-04-17,0.00025,Married,1123,,2030-05-07,No,,,Permanent contract,44040.0,-22178,Yes,1,40.0,2024-03-29,1,Created
5528,2011-01-01,5528,Male,3,2008-03-14,0.0002,Single,0,,,No,,,Child,0.0,0,No,0,,NA,1,Created
5529,2011-01-01,5529,Male,58,1953-12-07,0.00603,Married,1079,,2054-05-05,No,,,Entrepreneur without personnel,3403.0,-45,Yes,1,,NA,1,Created
5530,2011-01-01,5530,Female,38,1973-08-13,0.00063,Married,1124,,2018-07-28,Yes,,,Unemployed,28223.0,43724,Yes,3,,NA,1,Created
17086,2011-03-19,5530,Female,38,1973-08-13,0.00063,Widowed,1124,,2018-07-28,Yes,,,Unemployed,28223.0,43724,Yes,3,,NA,1,Life event: Widowed
5531,2011-01-01,5531,Male,93,1918-11-20,0.22959000000000002,Widowed,0,,,No,,,Retired,17155.0,-8299,No,0,,NA,1,Created
5532,2011-01-01,5532,Female,31,1980-07-18,0.00029,Single,0,,,Yes,35.0,2015-01-15,Flexible contract,97472.0,36477,No,0,,NA,1,Created
5533,2011-01-01,5533,Female,15,1996-06-03,8e-05,Single,0,,,No,,,Child,0.0,0,No,0,29.0,2025-08-10,1,Created
5534,2011-01-01,5534,Female,80,1931-03-28,0.03682,Widowed,0,,,Yes,,,Retired,79130.0,39423,Yes,0,,NA,1,Created
5535,2011-01-01,5535,Female,42,1969-06-04,0.001,Single,0,,,No,,,Permanent contract,44833.0,61698,Yes,0,,NA,1,Created
5536,2011-01-01,5536,Female,48,1963-03-17,0.0018800000000000002,Single,0,,,Yes,26.0,,Flexible contract,22816.0,53115,No,0,,NA,1,Created
5537,2011-01-01,5537,Male,31,1980-05-20,0.00041,Single,0,,,No,,,Permanent contract,4355.0,93069,No,0,,NA,1,Created
5538,2011-01-01,5538,Male,15,1996-11-07,0.00015,Single,0,,,Yes,80.0,2076-07-02,Child,0.0,0,No,0,,NA,1,Created
5539,2011-01-01,5539,Male,47,1964-08-27,0.00186,Married,1080,,2026-08-10,No,,,Permanent contract,46187.0,2552,Yes,1,,NA,1,Created
5540,2011-01-01,5540,Female,1,2010-04-28,0.00033999999999999997,Single,0,,,No,,,Child,0.0,0,Yes,0,30.0,2040-11-17,1,Created
5541,2011-01-01,5541,Female,65,1946-11-02,0.007559999999999999,Married,1125,,2041-02-25,Yes,,,Entrepreneur without personnel,12698.0,34165,No,3,,NA,1,Created
17256,2011-04-25,5541,Female,65,1946-11-02,0.007559999999999999,Married,1125,,2041-02-25,Yes,,,Entrepreneur without personnel,12698.0,34165,No,3,,NA,0,Life event: Deceased
5542,2011-01-01,5542,Male,6,2005-07-28,5.9999999999999995e-05,Single,0,,,Yes,25.0,2030-02-26,Child,0.0,0,No,0,,NA,1,Created
5543,2011-01-01,5543,Female,26,1985-04-28,1.0,Single,0,,,Yes,55.0,2040-01-27,Permanent contract,23343.0,188200,Yes,0,34.0,2019-06-09,1,Created
17035,2011-03-08,5543,Female,26,1985-04-28,1.0,Single,0,,,Yes,55,2040-01-27,Permanent contract,23343.0,188200,Yes,0,34,2019-06-09,0,Life event: Deceased
5544,2011-01-01,5544,Female,11,2000-06-16,7e-05,Single,0,,,Yes,34.0,2034-01-21,Child,0.0,0,Yes,0,23.0,2023-08-04,1,Created
5545,2011-01-01,5545,Male,1,2010-07-31,0.00056,Single,0,,,No,,,Child,0.0,0,No,0,,NA,1,Created
5546,2011-01-01,5546,Female,72,1939-01-30,0.01411,Single,0,,,Yes,27.0,,Retired,16971.0,2364,No,0,,NA,1,Created
5547,2011-01-01,5547,Male,54,1957-04-17,0.00404,Divorced,0,,,Yes,,,Permanent contract,19436.0,76846,No,0,,NA,1,Created
5548,2011-01-01,5548,Female,43,1968-01-31,0.0009699999999999999,Married,1126,,2043-08-30,Yes,,,Permanent contract,17292.0,45587,Yes,2,,NA,1,Created
5549,2011-01-01,5549,Female,57,1954-06-24,0.00387,Married,1127,,2043-07-09,No,,,Permanent contract,35401.0,-2178,No,3,,NA,1,Created
5550,2011-01-01,5550,Female,42,1969-02-01,0.001,Married,1128,,2060-12-20,Yes,,,Permanent contract,19300.0,565,No,1,,NA,1,Created
5551,2011-01-01,5551,Female,30,1981-02-11,0.00027,Married,1129,,2028-04-16,No,,,Permanent contract,26641.0,432080,Yes,1,,NA,1,Created
5552,2011-01-01,5552,Male,97,1914-03-02,0.30383000000000004,Widowed,0,,,No,,,Retired,1585.0,38543,Yes,0,,NA,1,Created
17202,2011-04-12,5552,Male,98,1914-03-02,0.30383000000000004,Widowed,0,,,No,,,Retired,1585.0,38543,Yes,0,,NA,0,Life event: Deceased
5553,2011-01-01,5553,Male,43,1968-05-03,0.00103,Single,0,,,No,,,Permanent contract,84313.0,673,Yes,0,,NA,1,Created
5554,2011-01-01,5554,Male,8,2003-09-04,9e-05,Single,0,,,Yes,40.0,2043-03-11,Child,0.0,0,Yes,0,,NA,1,Created
5555,2011-01-01,5555,Female,19,1992-01-06,0.00014,Single,0,,,Yes,26.0,2018-07-05,Permanent contract,124600.0,89123,Yes,0,30.0,2022-02-03,1,Created
5556,2011-01-01,5556,Male,19,1992-11-15,0.00033,Single,0,,,Yes,22.0,2014-04-04,Permanent contract,29385.0,-48458,No,0,,NA,1,Created
5557,2011-01-01,5557,Female,39,1972-02-08,0.00074,Single,0,,,No,,,Permanent contract,12082.0,7404,Yes,0,,NA,1,Created
5558,2011-01-01,5558,Female,33,1978-06-10,0.00035,Single,0,,,No,,,Permanent contract,11384.0,-4049,No,0,33.0,2011-04-23,1,Created
5559,2011-01-01,5559,Male,58,1953-12-10,0.00603,Married,1081,,2062-09-28,No,,,Flexible contract,926.0,21359,Yes,2,,NA,1,Created
5560,2011-01-01,5560,Female,10,2001-03-20,0.0001,Single,0,,,No,,,Child,0.0,0,Yes,0,29.0,2030-02-20,1,Created
5561,2011-01-01,5561,Female,45,1966-02-05,0.00134,Married,1130,,2024-10-04,No,,,Permanent contract,12457.0,-1489,No,2,,NA,1,Created
5562,2011-01-01,5562,Female,75,1936-05-11,0.01986,Married,1131,,2013-02-20,No,,,Retired,3562.0,326,Yes,1,,NA,1,Created
5563,2011-01-01,5563,Male,7,2004-09-03,9e-05,Single,0,,,No,,,Child,0.0,0,Yes,0,,NA,1,Created
5564,2011-01-01,5564,Male,71,1940-10-14,0.02034,Married,1082,,2019-01-04,Yes,,,Retired,43862.0,216561,Yes,3,,NA,1,Created
5565,2011-01-01,5565,Male,27,1984-12-05,0.00044,Single,0,,,Yes,43.0,2027-09-05,Permanent contract,27541.0,42722,Yes,0,,NA,1,Created
5566,2011-01-01,5566,Female,82,1929-03-14,0.0493,Married,1132,,2014-05-05,Yes,,,Retired,23051.0,849,Yes,1,,NA,1,Created
5567,2011-01-01,5567,Female,36,1975-05-15,0.00049,Single,0,,,No,,,Flexible contract,26905.0,17640,Yes,0,,NA,1,Created
5568,2011-01-01,5568,Male,51,1960-01-09,0.00301,Married,1083,,2057-02-21,Yes,,,Permanent contract,16742.0,135339,No,2,,NA,1,Created
5569,2011-01-01,5569,Female,12,1999-10-28,5e-05,Single,0,,,Yes,46.0,2045-10-27,Child,0.0,0,Yes,0,26.0,2025-11-30,1,Created
5570,2011-01-01,5570,Male,52,1959-06-12,0.00314,Married,1084,,2020-06-09,Yes,,,Permanent contract,33534.0,19231,No,2,,NA,1,Created
5571,2011-01-01,5571,Male,14,1997-05-25,0.00014,Single,0,,,No,,,Child,0.0,0,No,0,,NA,1,Created
5572,2011-01-01,5572,Female,12,1999-07-26,5e-05,Single,0,,,Yes,42.0,2041-01-06,Child,0.0,0,Yes,0,37.0,2036-04-09,1,Created
5573,2011-01-01,5573,Male,39,1972-08-09,0.0008699999999999999,Married,1085,,2030-05-04,Yes,,,Permanent contract,24645.0,766,No,2,,NA,1,Created
5574,2011-01-01,5574,Male,6,2005-01-21,5.9999999999999995e-05,Single,0,,,No,,,Child,0.0,0,No,0,,NA,1,Created
5575,2011-01-01,5575,Female,17,1994-04-08,0.0001,Single,0,,,Yes,21.0,2015-03-12,Child,0.0,0,No,0,34.0,2028-05-13,1,Created
17189,2011-04-08,5575,Female,18,1994-04-08,0.0001,Single,0,,,Yes,37,2030-07-19,Permanent contract,17682.0,4041,No,0,34,2028-05-13,1,Life event: Adulthood
5576,2011-01-01,5576,Female,0,2011-03-25,0.0028899999999999998,Single,0,,,No,,,Child,0.0,0,Yes,0,39.0,2050-04-17,1,Created
5577,2011-01-01,5577,Male,74,1937-07-16,0.0295,Married,1086,,2018-10-27,No,,,Retired,34222.0,85351,No,1,,NA,1,Created
5578,2011-01-01,5578,Female,14,1997-01-28,9e-05,Single,0,,,Yes,30.0,2027-08-06,Child,0.0,0,Yes,0,28.0,2025-11-04,1,Created
5579,2011-01-01,5579,Female,44,1967-01-20,0.00107,Single,0,,,No,,,Permanent contract,76619.0,324042,No,0,,NA,1,Created
5580,2011-01-01,5580,Female,3,2008-09-07,0.00013000000000000002,Single,0,,,Yes,29.0,2037-11-14,Child,0.0,0,No,0,33.0,2041-07-31,1,Created
5581,2011-01-01,5581,Male,61,1950-08-29,0.00747,Divorced,0,,,Yes,,,Flexible contract,20379.0,12967,No,0,,NA,1,Created
5582,2011-01-01,5582,Male,51,1960-06-14,0.00301,Single,0,,,No,,,Permanent contract,9985.0,408895,No,0,,NA,1,Created
5583,2011-01-01,5583,Male,50,1961-09-20,0.00257,Married,1087,,2015-08-01,No,,,Flexible contract,41077.0,427,Yes,1,,NA,1,Created
5584,2011-01-01,5584,Female,7,2004-09-26,7e-05,Single,0,,,Yes,42.0,2046-04-18,Child,0.0,0,Yes,0,24.0,2028-07-11,1,Created
5585,2011-01-01,5585,Female,39,1972-05-10,0.00074,Married,1133,,2034-12-31,Yes,,,Flexible contract,14911.0,-27539,Yes,2,,NA,1,Created
5586,2011-01-01,5586,Male,24,1987-04-22,0.00047999999999999996,Single,0,,,No,,,Permanent contract,58750.0,117071,Yes,0,,NA,1,Created
5587,2011-01-01,5587,Male,48,1963-04-05,0.0021100000000000003,Divorced,0,,,No,,,Permanent contract,7197.0,334798,No,0,,NA,1,Created
5588,2011-01-01,5588,Female,56,1955-05-04,0.0041,Married,1134,,2047-03-21,Yes,,,Entrepreneur without personnel,28870.0,-34256,Yes,1,,NA,1,Created
5589,2011-01-01,5589,Female,20,1991-07-06,0.00018,Single,0,,,No,,,Permanent contract,31028.0,961,No,0,27.0,2018-01-01,1,Created
5590,2011-01-01,5590,Male,73,1938-02-20,0.0262,Married,1088,,2048-11-15,No,,,Retired,46317.0,105199,Yes,1,,NA,1,Created
5591,2011-01-01,5591,Male,18,1993-07-30,0.00032,Single,0,,,Yes,25.0,2018-03-17,Entrepreneur without personnel,20148.0,74576,No,0,,NA,1,Created
5592,2011-01-01,5592,Male,25,1986-01-29,0.00033999999999999997,Single,0,,,No,,,Entrepreneur without personnel,12379.0,-5518,Yes,0,,NA,1,Created
5593,2011-01-01,5593,Female,75,1936-02-16,0.01986,Married,1135,,2028-09-29,Yes,,,Retired,10202.0,43959,Yes,1,,NA,1,Created
5594,2011-01-01,5594,Male,4,2007-10-22,0.00011,Single,0,,,No,,,Child,0.0,0,Yes,0,,NA,1,Created
5595,2011-01-01,5595,Female,80,1931-11-06,0.03682,Widowed,0,,,Yes,,,Retired,15135.0,-2521,Yes,0,,NA,1,Created
5596,2011-01-01,5596,Male,1,2010-04-18,0.00056,Single,0,,,Yes,32.0,2042-04-17,Child,0.0,0,Yes,0,,NA,1,Created
5597,2011-01-01,5597,Male,42,1969-09-24,0.00128,Married,1089,,2032-09-17,No,,,Flexible contract,22616.0,29300,No,2,,NA,1,Created
5598,2011-01-01,5598,Male,59,1952-01-20,0.00717,Widowed,0,,,No,,,Permanent contract,43875.0,227408,No,0,,NA,1,Created
5599,2011-01-01,5599,Male,38,1973-02-06,0.0009599999999999999,Single,0,,,Yes,26.0,,Permanent contract,21749.0,325492,No,0,,NA,1,Created
5600,2011-01-01,5600,Male,73,1938-12-11,0.0262,Widowed,0,,,No,,,Retired,11378.0,169969,Yes,0,,NA,1,Created
5601,2011-01-01,5601,Male,95,1916-09-07,0.25144,Widowed,0,,,No,,,Retired,7953.0,-16947,Yes,0,,NA,1,Created
18998,2012-08-11,5601,Male,96,1916-09-07,0.25144,Widowed,0,,,No,,,Retired,7953.0,-16947,Yes,0,,NA,0,Life event: Deceased
5602,2011-01-01,5602,Female,42,1969-03-29,0.001,Single,0,,,Yes,40.0,,Flexible contract,19001.0,799403,Yes,0,,NA,1,Created
5603,2011-01-01,5603,Female,19,1992-06-09,0.00014,Single,0,,,Yes,38.0,2030-12-09,Unemployed,4366.0,8687,Yes,0,22.0,2014-08-15,1,Created
5604,2011-01-01,5604,Male,60,1951-07-20,0.006840000000000001,Married,1090,,2011-12-21,No,,,Permanent contract,7395.0,807220,No,1,,NA,1,Created
18333,2011-12-21,5604,Male,61,1951-07-20,0.006840000000000001,Divorced,1090,,2011-12-21,No,,,Permanent contract,7395.0,807220,No,1,,NA,1,Life event: Divorced
5605,2011-01-01,5605,Female,51,1960-04-14,0.0023899999999999998,Married,1136,,2061-07-27,No,,,Permanent contract,18528.0,658970,No,2,,NA,1,Created
5606,2011-01-01,5606,Female,39,1972-05-19,0.00074,Divorced,0,,,No,,,Flexible contract,72057.0,106222,Yes,0,41.0,2013-03-20,1,Created
5607,2011-01-01,5607,Male,61,1950-10-24,0.00747,Married,1091,,2033-01-12,No,,,Entrepreneur with personel,14504.0,6878,Yes,3,,NA,1,Created
5608,2011-01-01,5608,Male,52,1959-07-06,0.00314,Married,1092,,2047-12-20,No,,,Permanent contract,44952.0,499,No,3,,NA,1,Created
5609,2011-01-01,5609,Female,26,1985-12-13,1.0,Single,0,,,No,,,Permanent contract,19468.0,9166,No,0,34.0,2019-10-11,1,Created
17407,2011-05-22,5609,Female,26,1985-12-13,1.0,Single,0,,,No,,,Permanent contract,19468.0,9166,No,0,34,2019-10-11,0,Life event: Deceased
5610,2011-01-01,5610,Male,65,1946-02-08,0.01141,Married,1093,,2049-01-18,Yes,,,Unemployed,19192.0,73,Yes,1,,NA,1,Created
16870,2011-02-08,5610,Male,66,1946-02-08,0.01141,Married,1093,,2049-01-18,Yes,,,Retired,13434.4,73,Yes,1,,NA,1,Life event: Retired
5611,2011-01-01,5611,Male,85,1926-11-14,0.10312,Widowed,0,,,No,,,Retired,1668.0,12762,Yes,0,,NA,1,Created
5612,2011-01-01,5612,Male,12,1999-06-18,0.00011,Single,0,,,No,,,Child,0.0,0,No,0,,NA,1,Created
5613,2011-01-01,5613,Male,11,2000-03-06,9e-05,Single,0,,,No,,,Child,0.0,0,No,0,,NA,1,Created
5614,2011-01-01,5614,Female,44,1967-12-16,0.00107,Married,1137,,2039-11-07,No,,,Flexible contract,4487.0,692,Yes,1,,NA,1,Created
5615,2011-01-01,5615,Male,12,1999-02-03,0.00011,Single,0,,,Yes,23.0,2022-06-26,Child,0.0,0,No,0,,NA,1,Created
5616,2011-01-01,5616,Male,70,1941-07-07,0.01932,Married,1094,,2044-07-28,No,,,Retired,5325.0,3617,Yes,2,,NA,1,Created
5617,2011-01-01,5617,Male,46,1965-06-03,0.00172,Married,1095,,2075-05-09,Yes,,,Permanent contract,11969.0,296004,No,3,,NA,1,Created
5618,2011-01-01,5618,Male,78,1933-08-06,0.04668,Married,1096,,2036-07-24,Yes,,,Retired,39531.0,10134,Yes,2,,NA,1,Created
5619,2011-01-01,5619,Female,49,1962-03-27,0.00193,Married,1138,,2025-07-30,No,,,Flexible contract,14678.0,288451,Yes,2,,NA,1,Created
17026,2011-03-06,5619,Female,49,1962-03-27,0.00193,Widowed,1138,,2025-07-30,No,,,Flexible contract,14678.0,288451,Yes,2,,NA,1,Life event: Widowed
5620,2011-01-01,5620,Male,58,1953-10-23,0.00603,Married,1097,,2023-08-28,Yes,,,Permanent contract,3896.0,11782,Yes,1,,NA,1,Created
5621,2011-01-01,5621,Male,50,1961-08-12,0.00257,Married,1098,,2044-05-01,Yes,,,Entrepreneur without personnel,14059.0,718779,No,2,,NA,1,Created
5622,2011-01-01,5622,Male,7,2004-04-10,9e-05,Single,0,,,Yes,44.0,2048-05-26,Child,0.0,0,Yes,0,,NA,1,Created
5623,2011-01-01,5623,Female,6,2005-03-20,8e-05,Single,0,,,Yes,64.0,2069-11-19,Child,0.0,0,Yes,0,30.0,2035-06-19,1,Created
5624,2011-01-01,5624,Female,45,1966-09-13,0.00134,Married,1139,,2052-02-11,No,,,Flexible contract,19442.0,587521,Yes,1,,NA,1,Created
5625,2011-01-01,5625,Female,14,1997-05-02,9e-05,Single,0,,,No,,,Child,0.0,0,No,0,29.0,2026-09-28,1,Created
5626,2011-01-01,5626,Female,9,2002-11-29,2.9999999999999997e-05,Single,0,,,No,,,Child,0.0,0,No,0,31.0,2033-07-28,1,Created
5627,2011-01-01,5627,Female,78,1933-07-21,0.02817,Widowed,0,,,Yes,,,Retired,31491.0,91503,Yes,0,,NA,1,Created
5628,2011-01-01,5628,Female,17,1994-06-07,0.0001,Single,0,,,Yes,30.0,2024-03-14,Child,0.0,0,Yes,0,27.0,2021-01-17,1,Created
17465,2011-06-07,5628,Female,18,1994-06-07,0.0001,Single,0,,,No,,,Permanent contract,38363.0,-29410,Yes,0,27,2021-01-17,1,Life event: Adulthood
5629,2011-01-01,5629,Male,7,2004-04-14,9e-05,Single,0,,,Yes,34.0,2038-09-15,Child,0.0,0,No,0,,NA,1,Created
5630,2011-01-01,5630,Male,37,1974-07-08,0.00082,Married,1099,,2018-04-13,Yes,,,Permanent contract,18103.0,227613,Yes,1,,NA,1,Created
5631,2011-01-01,5631,Male,66,1945-01-24,0.01401,Widowed,0,,,No,,,Permanent contract,8107.0,248,No,0,,NA,1,Created
16796,2011-01-24,5631,Male,67,1945-01-24,0.01401,Widowed,0,,,No,,,Retired,5674.9,248,No,0,,NA,1,Life event: Retired
5632,2011-01-01,5632,Male,63,1948-02-01,0.00945,Married,1100,,2015-06-21,No,,,Permanent contract,37319.0,-24548,Yes,1,,NA,1,Created
18489,2012-02-01,5632,Male,65,1948-02-01,0.00945,Married,1100,,2015-06-21,No,,,Retired,26123.3,-24548,Yes,1,,NA,1,Life event: Retired
5633,2011-01-01,5633,Female,86,1925-01-02,0.08317000000000001,Widowed,0,,,No,,,Retired,46794.0,82101,Yes,0,,NA,1,Created
5634,2011-01-01,5634,Male,61,1950-09-24,0.00747,Widowed,0,,,Yes,,,Entrepreneur without personnel,18156.0,12060,No,0,,NA,1,Created
5635,2011-01-01,5635,Male,30,1981-08-31,0.00055,Married,1101,,2045-11-16,No,,,Permanent contract,3303.0,-4943,No,1,,NA,1,Created
5636,2011-01-01,5636,Female,72,1939-02-26,0.01411,Widowed,0,,,No,,,Retired,41224.0,-32753,Yes,0,,NA,1,Created
5637,2011-01-01,5637,Male,19,1992-01-30,0.00033,Single,0,,,No,,,Permanent contract,80741.0,12781,Yes,0,,NA,1,Created
5638,2011-01-01,5638,Female,50,1961-09-29,0.00225,Divorced,0,,,No,,,Permanent contract,31927.0,933385,No,0,,NA,1,Created
5639,2011-01-01,5639,Male,23,1988-03-13,0.00039,Single,0,,,No,,,Permanent contract,21214.0,121460,No,0,,NA,1,Created
5640,2011-01-01,5640,Female,50,1961-02-09,0.00225,Married,1140,,2011-08-12,No,,,Permanent contract,14439.0,638656,Yes,1,,NA,1,Created
17786,2011-08-12,5640,Female,51,1961-02-09,0.00225,Divorced,1140,,2011-08-12,No,,,Permanent contract,14439.0,638656,Yes,1,,NA,1,Life event: Divorced
5641,2011-01-01,5641,Female,13,1998-08-17,0.00011999999999999999,Single,0,,,No,,,Child,0.0,0,Yes,0,32.0,2030-01-03,1,Created
5642,2011-01-01,5642,Female,95,1916-07-01,0.23053,Widowed,0,,,No,,,Retired,10362.0,153887,No,0,,NA,1,Created
5643,2011-01-01,5643,Female,56,1955-12-19,0.0041,Married,1141,,2048-06-22,No,,,Permanent contract,150742.0,-29675,No,1,,NA,1,Created
5644,2011-01-01,5644,Male,79,1932-11-30,0.05364,Married,1102,,2053-02-14,No,,,Retired,248.0,196987,No,1,,NA,1,Created
5645,2011-01-01,5645,Female,0,2011-06-24,0.0028899999999999998,Single,0,,,No,,,Child,0.0,0,Yes,0,33.0,2044-03-09,1,Created
5646,2011-01-01,5646,Male,59,1952-05-20,0.00717,Married,1103,,2011-02-26,Yes,,,Permanent contract,13478.0,19254,Yes,2,,NA,1,Created
16981,2011-02-26,5646,Male,59,1952-05-20,0.00717,Divorced,1103,,2011-02-26,Yes,,,Permanent contract,13478.0,19254,Yes,2,,NA,1,Life event: Divorced
5647,2011-01-01,5647,Male,3,2008-01-14,0.0002,Single,0,,,Yes,22.0,2030-09-08,Child,0.0,0,Yes,0,,NA,1,Created
5648,2011-01-01,5648,Female,73,1938-03-03,0.01577,Widowed,0,,,Yes,,,Retired,88397.0,-274,No,0,,NA,1,Created
5649,2011-01-01,5649,Male,48,1963-08-20,0.0021100000000000003,Single,0,,,No,,,Permanent contract,18919.0,-2682,Yes,0,,NA,1,Created
5650,2011-01-01,5650,Female,50,1961-08-06,0.00225,Married,1142,,2016-09-13,No,,,Permanent contract,3533.0,273518,Yes,1,,NA,1,Created
5651,2011-01-01,5651,Male,33,1978-03-29,0.00047999999999999996,Married,1104,,2019-12-09,Yes,,,Permanent contract,22586.0,9533,No,2,,NA,1,Created
5652,2011-01-01,5652,Female,60,1951-03-02,0.00541,Divorced,0,,,Yes,,,Permanent contract,1468.0,356913,No,0,,NA,1,Created
5653,2011-01-01,5653,Male,64,1947-02-28,0.01097,Married,1105,,2022-03-14,No,,,Permanent contract,15315.0,4230,No,2,,NA,1,Created
16994,2011-02-28,5653,Male,65,1947-02-28,0.01097,Married,1105,,2022-03-14,No,,,Retired,10720.5,4230,No,2,,NA,1,Life event: Retired
5654,2011-01-01,5654,Female,41,1970-09-06,0.0007700000000000001,Single,0,,,Yes,51.0,2021-04-27,Permanent contract,36684.0,443353,No,0,,NA,1,Created
5655,2011-01-01,5655,Female,38,1973-12-14,0.00063,Single,0,,,Yes,29.0,,Permanent contract,29209.0,534,No,0,,NA,1,Created
5656,2011-01-01,5656,Male,75,1936-04-25,0.033710000000000004,Married,1106,,2050-07-24,Yes,,,Retired,92885.0,19372,No,2,,NA,1,Created
5657,2011-01-01,5657,Male,18,1993-05-14,0.00032,Single,0,,,Yes,28.0,2021-03-24,Permanent contract,24172.0,145950,Yes,0,,NA,1,Created
5658,2011-01-01,5658,Female,50,1961-02-11,0.00225,Divorced,0,,,Yes,,,Permanent contract,9038.0,98745,No,0,,NA,1,Created
5659,2011-01-01,5659,Female,57,1954-04-09,0.00387,Married,1143,,2039-09-04,No,,,Permanent contract,41487.0,150356,No,1,,NA,1,Created
5660,2011-01-01,5660,Male,20,1991-04-10,0.00045,Single,0,,,Yes,54.0,2045-05-04,Permanent contract,18948.0,699617,Yes,0,,NA,1,Created
5661,2011-01-01,5661,Female,68,1943-01-05,0.00983,Single,0,,,Yes,43.0,,Retired,39576.0,3688,No,0,,NA,1,Created
5662,2011-01-01,5662,Male,20,1991-03-25,0.00045,Single,0,,,Yes,52.0,2043-05-26,Permanent contract,7709.0,112941,Yes,0,,NA,1,Created
5663,2011-01-01,5663,Female,65,1946-01-09,0.007559999999999999,Married,1144,,2018-05-26,No,,,Permanent contract,39711.0,-21878,No,1,,NA,1,Created
16704,2011-01-09,5663,Female,66,1946-01-09,0.007559999999999999,Married,1144,,2018-05-26,No,,,Retired,27797.699999999997,-21878,No,1,,NA,1,Life event: Retired
5664,2011-01-01,5664,Female,58,1953-11-19,0.00448,Married,1145,,2046-08-08,No,,,Entrepreneur with personel,10693.0,328410,Yes,2,,NA,1,Created
5665,2011-01-01,5665,Female,27,1984-01-17,0.00025,Married,1146,,2011-12-01,No,,,Permanent contract,20444.0,39817,Yes,1,35.0,2019-08-08,1,Created
18244,2011-12-01,5665,Female,28,1984-01-17,0.00025,Divorced,1146,,2011-12-01,No,,,Permanent contract,20444.0,39817,Yes,1,35,2019-08-08,1,Life event: Divorced
5666,2011-01-01,5666,Male,17,1994-02-04,0.00022999999999999998,Single,0,,,No,,,Child,0.0,0,Yes,0,,NA,1,Created
16842,2011-02-04,5666,Male,18,1994-02-04,0.00022999999999999998,Single,0,,,Yes,44,2037-07-31,Permanent contract,23505.0,187382,Yes,0,,NA,1,Life event: Adulthood
5667,2011-01-01,5667,Female,56,1955-06-20,0.0041,Single,0,,,Yes,31.0,,Permanent contract,11579.0,241009,No,0,,NA,1,Created
5668,2011-01-01,5668,Female,6,2005-05-05,8e-05,Single,0,,,No,,,Child,0.0,0,No,0,33.0,2038-09-01,1,Created
5669,2011-01-01,5669,Female,68,1943-01-04,0.00983,Married,1147,,2052-02-22,No,,,Retired,1162.0,2092,No,1,,NA,1,Created
5670,2011-01-01,5670,Female,40,1971-05-10,0.0006900000000000001,Married,1148,,2039-09-18,No,,,Entrepreneur without personnel,43336.0,39224,No,2,,NA,1,Created
5671,2011-01-01,5671,Male,35,1976-04-08,0.00055,Single,0,,,No,,,Permanent contract,86402.0,149520,No,0,,NA,1,Created
5672,2011-01-01,5672,Male,23,1988-08-30,0.00039,Single,0,,,No,,,Flexible contract,7526.0,314547,Yes,0,,NA,1,Created
5673,2011-01-01,5673,Female,58,1953-09-11,0.00448,Divorced,0,,,No,,,Flexible contract,31431.0,224805,Yes,0,,NA,1,Created
5674,2011-01-01,5674,Female,40,1971-06-23,0.0006900000000000001,Married,1149,,2033-11-19,No,,,Permanent contract,9679.0,46737,No,3,,NA,1,Created
5675,2011-01-01,5675,Female,53,1958-10-23,0.00312,Married,1150,,2041-04-21,No,,,Permanent contract,23812.0,217684,No,2,,NA,1,Created
5676,2011-01-01,5676,Female,72,1939-02-21,0.01411,Married,1151,,2062-08-12,No,,,Retired,21411.0,42922,No,3,,NA,1,Created
5677,2011-01-01,5677,Female,40,1971-02-21,0.0006900000000000001,Married,1152,,2013-07-13,No,,,Unemployed,276.0,68149,No,2,,NA,1,Created
5678,2011-01-01,5678,Female,68,1943-11-23,0.00983,Widowed,0,,,No,,,Retired,2113.0,8843,Yes,0,,NA,1,Created
5679,2011-01-01,5679,Female,39,1972-11-20,0.00074,Married,1153,,2027-01-31,No,,,Permanent contract,49188.0,371021,Yes,1,,NA,1,Created
5680,2011-01-01,5680,Male,5,2006-11-03,9e-05,Single,0,,,No,,,Child,0.0,0,Yes,0,,NA,1,Created
5681,2011-01-01,5681,Male,11,2000-01-28,9e-05,Single,0,,,Yes,39.0,2039-09-27,Child,0.0,0,No,0,,NA,1,Created
5682,2011-01-01,5682,Male,34,1977-09-16,0.00067,Single,0,,,No,,,Flexible contract,98698.0,-4631,No,0,,NA,1,Created
5683,2011-01-01,5683,Male,8,2003-01-21,9e-05,Single,0,,,Yes,49.0,2052-01-10,Child,0.0,0,Yes,0,,NA,1,Created
5684,2011-01-01,5684,Male,12,1999-04-10,0.00011,Single,0,,,Yes,29.0,2028-02-11,Child,0.0,0,No,0,,NA,1,Created
5685,2011-01-01,5685,Female,50,1961-09-14,0.00225,Divorced,0,,,No,,,Flexible contract,10345.0,240532,No,0,,NA,1,Created
5686,2011-01-01,5686,Female,7,2004-04-05,7e-05,Single,0,,,No,,,Child,0.0,0,Yes,0,32.0,2036-10-16,1,Created
5687,2011-01-01,5687,Male,47,1964-04-30,0.00186,Single,0,,,No,,,Permanent contract,16308.0,-3865,No,0,,NA,1,Created
5688,2011-01-01,5688,Male,57,1954-12-26,0.00572,Married,1107,,2035-01-02,Yes,,,Flexible contract,189337.0,-28647,Yes,2,,NA,1,Created
5689,2011-01-01,5689,Female,11,2000-08-05,7e-05,Single,0,,,No,,,Child,0.0,0,Yes,0,28.0,2028-11-15,1,Created
5690,2011-01-01,5690,Female,25,1986-03-18,0.00022999999999999998,Married,1154,,2027-04-30,Yes,,,Permanent contract,16622.0,90418,No,1,30.0,2016-09-19,1,Created
5691,2011-01-01,5691,Female,103,1908-01-30,1.0,Widowed,0,,,No,,,Retired,24878.0,415296,Yes,0,,NA,1,Created
18894,2012-07-02,5691,Female,105,1908-01-30,1.0,Widowed,0,,,No,,,Retired,24878.0,415296,Yes,0,,NA,0,Life event: Deceased
5692,2011-01-01,5692,Male,31,1980-10-09,0.00041,Single,0,,,No,,,Permanent contract,28520.0,483464,Yes,0,,NA,1,Created
5693,2011-01-01,5693,Female,58,1953-02-23,0.00448,Married,1155,,2025-12-03,Yes,,,Permanent contract,19853.0,3450,No,1,,NA,1,Created
5694,2011-01-01,5694,Male,21,1990-05-03,0.00045,Single,0,,,Yes,29.0,2019-07-21,Permanent contract,17822.0,83305,No,0,,NA,1,Created
5695,2011-01-01,5695,Female,38,1973-11-06,0.00063,Married,1156,,2061-01-18,No,,,Permanent contract,36582.0,50048,No,1,,NA,1,Created
5696,2011-01-01,5696,Male,1,2010-08-12,0.00056,Single,0,,,No,,,Child,0.0,0,Yes,0,,NA,1,Created
5697,2011-01-01,5697,Male,31,1980-10-26,0.00041,Single,0,,,No,,,Entrepreneur without personnel,16066.0,4489,Yes,0,,NA,1,Created
5698,2011-01-01,5698,Male,29,1982-08-05,0.0005200000000000001,Single,0,,,Yes,34.0,2016-09-07,Flexible contract,44329.0,105640,Yes,0,,NA,1,Created
5699,2011-01-01,5699,Male,73,1938-02-03,0.0262,Married,1108,,2070-10-09,No,,,Retired,10761.0,326851,Yes,2,,NA,1,Created
5700,2011-01-01,5700,Male,50,1961-10-18,0.00257,Married,1109,,2050-04-19,Yes,,,Flexible contract,17621.0,50510,No,2,,NA,1,Created
5701,2011-01-01,5701,Male,12,1999-05-17,0.00011,Single,0,,,Yes,26.0,2025-07-17,Child,0.0,0,No,0,,NA,1,Created
5702,2011-01-01,5702,Male,89,1922-12-18,0.16272,Single,0,,,No,,,Retired,11293.0,5397,Yes,0,,NA,1,Created
5703,2011-01-01,5703,Female,8,2003-06-12,2.9999999999999997e-05,Single,0,,,Yes,49.0,2052-10-11,Child,0.0,0,No,0,40.0,2043-04-04,1,Created
5704,2011-01-01,5704,Male,77,1934-11-04,0.0418,Married,1110,,2042-05-22,Yes,,,Retired,24412.0,-2433,No,1,,NA,1,Created
5705,2011-01-01,5705,Female,20,1991-12-07,0.00018,Single,0,,,No,,,Entrepreneur with personel,13777.0,353619,No,0,26.0,2017-10-09,1,Created
5706,2011-01-01,5706,Female,98,1913-08-01,0.27366999999999997,Widowed,0,,,No,,,Retired,23087.0,45998,No,0,,NA,1,Created
5707,2011-01-01,5707,Male,53,1958-03-28,0.0033299999999999996,Divorced,0,,,Yes,,,Permanent contract,31412.0,490,Yes,0,,NA,1,Created
5708,2011-01-01,5708,Female,47,1964-03-14,0.00168,Divorced,0,,,No,,,Flexible contract,25782.0,469343,Yes,0,,NA,1,Created
5709,2011-01-01,5709,Male,53,1958-01-06,0.0033299999999999996,Married,1111,,2025-11-30,No,,,Flexible contract,23769.0,68495,Yes,3,,NA,1,Created
5710,2011-01-01,5710,Female,21,1990-06-11,0.00016,Single,0,,,No,,,Permanent contract,49797.0,851735,No,0,37.0,2027-11-11,1,Created
5711,2011-01-01,5711,Female,21,1990-10-04,0.00016,Single,0,,,Yes,24.0,2014-04-11,Permanent contract,468.0,133362,Yes,0,26.0,2016-09-15,1,Created
5712,2011-01-01,5712,Male,44,1967-02-22,0.0013599999999999999,Single,0,,,Yes,41.0,,Entrepreneur without personnel,13484.0,-21634,Yes,0,,NA,1,Created
5713,2011-01-01,5713,Female,53,1958-05-27,0.00312,Married,1157,,2045-10-11,Yes,,,Entrepreneur without personnel,13795.0,16724,Yes,1,,NA,1,Created
5714,2011-01-01,5714,Male,88,1923-08-26,0.14094,Widowed,0,,,Yes,,,Retired,81378.0,28412,Yes,0,,NA,1,Created
5715,2011-01-01,5715,Female,5,2006-11-08,4e-05,Single,0,,,No,,,Child,0.0,0,Yes,0,35.0,2041-05-14,1,Created
5716,2011-01-01,5716,Male,3,2008-01-29,0.0002,Single,0,,,No,,,Child,0.0,0,Yes,0,,NA,1,Created
5717,2011-01-01,5717,Male,26,1985-07-25,1.0,Married,1112,,2040-10-19,No,,,Permanent contract,4376.0,161,No,1,,NA,1,Created
5718,2011-01-01,5718,Female,7,2004-12-20,7e-05,Single,0,,,Yes,49.0,2053-01-27,Child,0.0,0,Yes,0,26.0,2030-05-26,1,Created
5719,2011-01-01,5719,Female,13,1998-02-16,0.00011999999999999999,Single,0,,,No,,,Child,0.0,0,No,0,41.0,2039-12-22,1,Created
5720,2011-01-01,5720,Female,54,1957-05-25,0.00313,Married,1158,,2019-05-03,Yes,,,Permanent contract,18310.0,9671,No,2,,NA,1,Created
5721,2011-01-01,5721,Male,31,1980-07-08,0.00041,Married,1113,,2051-08-19,Yes,,,Permanent contract,36137.0,124966,Yes,2,,NA,1,Created
5722,2011-01-01,5722,Female,40,1971-03-09,0.0006900000000000001,Single,0,,,No,,,Permanent contract,29390.0,125528,No,0,,NA,1,Created
5723,2011-01-01,5723,Female,26,1985-08-21,1.0,Single,0,,,Yes,34.0,2019-12-10,Flexible contract,41781.0,104902,No,0,35.0,2020-12-09,1,Created
19203,2012-10-30,5723,Female,28,1985-08-21,1.0,Single,0,,,Yes,34,2019-12-10,Flexible contract,41781.0,104902,No,0,35,2020-12-09,0,Life event: Deceased
5724,2011-01-01,5724,Female,9,2002-12-02,2.9999999999999997e-05,Single,0,,,No,,,Child,0.0,0,No,0,35.0,2037-03-27,1,Created
5725,2011-01-01,5725,Female,46,1965-03-12,0.00134,Single,0,,,No,,,Permanent contract,46944.0,-932,No,0,,NA,1,Created
5726,2011-01-01,5726,Male,66,1945-12-21,0.01401,Married,1114,,2038-01-26,No,,,Permanent contract,15571.0,366740,No,2,,NA,1,Created
18334,2011-12-21,5726,Male,67,1945-12-21,0.01401,Married,1114,,2038-01-26,No,,,Retired,10899.699999999999,366740,No,2,,NA,1,Life event: Retired
5727,2011-01-01,5727,Female,46,1965-08-08,0.00134,Single,0,,,Yes,23.0,,Flexible contract,31165.0,746,Yes,0,,NA,1,Created
5728,2011-01-01,5728,Female,3,2008-06-02,0.00013000000000000002,Single,0,,,No,,,Child,0.0,0,Yes,0,32.0,2040-03-22,1,Created
5729,2011-01-01,5729,Male,33,1978-09-29,0.00047999999999999996,Single,0,,,Yes,33.0,2011-04-16,Flexible contract,1577.0,-3890,Yes,0,,NA,1,Created
17220,2011-04-16,5729,Male,33,1978-09-29,0.00047999999999999996,Married,3432,11,2022-10-09,Yes,33,2011-04-16,Flexible contract,1577.0,-3890,Yes,0,,NA,1,Life event: Married
5730,2011-01-01,5730,Female,13,1998-07-08,0.00011999999999999999,Single,0,,,Yes,30.0,2028-12-16,Child,0.0,0,No,0,21.0,2019-03-27,1,Created
5731,2011-01-01,5731,Male,16,1995-04-20,0.00029,Single,0,,,No,,,Child,0.0,0,Yes,0,,NA,1,Created
18683,2012-04-20,5731,Male,18,1995-04-20,0.00029,Single,0,,,No,,,Entrepreneur with personel,33155.0,-3485,Yes,0,,NA,1,Life event: Adulthood
5732,2011-01-01,5732,Female,53,1958-06-26,0.00312,Divorced,0,,,No,,,Flexible contract,37952.0,376797,No,0,,NA,1,Created
5733,2011-01-01,5733,Female,44,1967-04-17,0.00107,Single,0,,,No,,,Entrepreneur with personel,6491.0,39649,Yes,0,,NA,1,Created
5734,2011-01-01,5734,Male,14,1997-10-04,0.00014,Single,0,,,No,,,Child,0.0,0,No,0,,NA,1,Created
5735,2011-01-01,5735,Male,62,1949-03-21,0.008409999999999999,Married,1115,,2041-06-06,No,,,Flexible contract,38609.0,3748,Yes,1,,NA,1,Created
5736,2011-01-01,5736,Female,21,1990-01-01,0.00016,Single,0,,,Yes,32.0,2022-04-20,Entrepreneur without personnel,45128.0,38835,No,0,33.0,2023-08-30,1,Created
5737,2011-01-01,5737,Female,24,1987-11-11,0.00018999999999999998,Single,0,,,Yes,25.0,2012-06-23,Permanent contract,44453.0,472370,Yes,0,30.0,2017-03-05,1,Created
18878,2012-06-23,5737,Female,25,1987-11-11,0.00018999999999999998,Married,3485,10,2022-05-13,Yes,25,2012-06-23,Permanent contract,44453.0,472370,Yes,0,30,2017-03-05,1,Life event: Married
5738,2011-01-01,5738,Female,27,1984-09-20,0.00025,Single,0,,,No,,,Permanent contract,22697.0,3369,No,0,30.0,2014-08-27,1,Created
5739,2011-01-01,5739,Male,43,1968-08-15,0.00103,Married,1116,,2033-05-08,No,,,Flexible contract,83202.0,21974,No,3,,NA,1,Created
5740,2011-01-01,5740,Female,10,2001-07-07,0.0001,Single,0,,,No,,,Child,0.0,0,No,0,26.0,2027-06-05,1,Created
5741,2011-01-01,5741,Female,52,1959-07-22,0.00268,Married,1159,,2055-08-16,No,,,Permanent contract,4602.0,74952,No,2,,NA,1,Created
5742,2011-01-01,5742,Male,9,2002-05-12,0.00014,Single,0,,,Yes,38.0,2040-07-14,Child,0.0,0,No,0,,NA,1,Created
5743,2011-01-01,5743,Female,76,1935-03-28,0.02337,Married,1160,,2041-01-06,No,,,Retired,99596.0,885486,Yes,2,,NA,1,Created
5744,2011-01-01,5744,Male,61,1950-11-03,0.00747,Married,1117,,2020-05-02,Yes,,,Permanent contract,4076.0,27937,No,2,,NA,1,Created
5745,2011-01-01,5745,Male,53,1958-07-28,0.0033299999999999996,Single,0,,,No,,,Permanent contract,19401.0,79962,Yes,0,,NA,1,Created
5746,2011-01-01,5746,Female,58,1953-05-06,0.00448,Married,1161,,2015-08-23,No,,,Permanent contract,17127.0,21987,No,2,,NA,1,Created
5747,2011-01-01,5747,Female,42,1969-06-19,0.001,Married,1162,,2015-04-17,No,,,Permanent contract,25825.0,60764,No,3,,NA,1,Created
5748,2011-01-01,5748,Male,30,1981-04-29,0.00055,Single,0,,,No,,,Permanent contract,8810.0,424261,No,0,,NA,1,Created
5749,2011-01-01,5749,Female,49,1962-11-20,0.00193,Married,1163,,2062-11-29,Yes,,,Entrepreneur without personnel,21901.0,504622,No,1,,NA,1,Created
5750,2011-01-01,5750,Male,71,1940-01-03,0.02034,Married,1118,,2029-07-29,Yes,,,Retired,3691.0,338996,No,3,,NA,1,Created
5751,2011-01-01,5751,Female,34,1977-10-03,0.00037,Single,0,,,No,,,Permanent contract,34248.0,-48509,Yes,0,,NA,1,Created
5752,2011-01-01,5752,Female,52,1959-04-08,0.00268,Single,0,,,No,,,Unemployed,2477.0,-29273,No,0,,NA,1,Created
5753,2011-01-01,5753,Female,5,2006-08-27,4e-05,Single,0,,,No,,,Child,0.0,0,No,0,30.0,2036-04-14,1,Created
5754,2011-01-01,5754,Female,6,2005-05-31,8e-05,Single,0,,,No,,,Child,0.0,0,No,0,37.0,2042-09-16,1,Created
5755,2011-01-01,5755,Male,11,2000-07-27,9e-05,Single,0,,,No,,,Child,0.0,0,Yes,0,,NA,1,Created
5756,2011-01-01,5756,Female,49,1962-06-29,0.00193,Single,0,,,No,,,Flexible contract,31671.0,252110,Yes,0,,NA,1,Created
5757,2011-01-01,5757,Male,45,1966-03-20,0.0014199999999999998,Married,1119,,2013-03-17,No,,,Permanent contract,31999.0,798,No,2,,NA,1,Created
5758,2011-01-01,5758,Male,4,2007-02-09,0.00011,Single,0,,,No,,,Child,0.0,0,Yes,0,,NA,1,Created
5759,2011-01-01,5759,Male,15,1996-12-17,0.00015,Single,0,,,No,,,Child,0.0,0,No,0,,NA,1,Created
5760,2011-01-01,5760,Male,28,1983-01-18,0.00045,Single,0,,,Yes,62.0,2045-11-16,Permanent contract,11627.0,-2244,No,0,,NA,1,Created
5761,2011-01-01,5761,Female,37,1974-01-29,0.00057,Married,1164,,2034-03-18,No,,,Entrepreneur without personnel,25974.0,39648,Yes,1,,NA,1,Created
5762,2011-01-01,5762,Male,42,1969-08-30,0.00128,Single,0,,,No,,,Permanent contract,17536.0,958788,No,0,,NA,1,Created
5763,2011-01-01,5763,Female,10,2001-01-02,0.0001,Single,0,,,No,,,Child,0.0,0,No,0,23.0,2024-09-12,1,Created
5764,2011-01-01,5764,Female,25,1986-12-06,0.00022999999999999998,Single,0,,,Yes,30.0,2016-09-22,Permanent contract,20801.0,124317,No,0,28.0,2014-06-28,1,Created
5765,2011-01-01,5765,Male,65,1946-10-11,0.01141,Married,1120,,2019-05-25,No,,,Permanent contract,33731.0,9585,Yes,1,,NA,1,Created
18036,2011-10-11,5765,Male,66,1946-10-11,0.01141,Married,1120,,2019-05-25,No,,,Retired,23611.699999999997,9585,Yes,1,,NA,1,Life event: Retired
5766,2011-01-01,5766,Male,55,1956-05-03,0.00419,Married,1121,,2055-05-18,No,,,Unemployed,16110.0,2358,Yes,3,,NA,1,Created
5767,2011-01-01,5767,Female,64,1947-05-21,0.00713,Divorced,0,,,Yes,,,Permanent contract,14881.0,-27200,Yes,0,,NA,1,Created
17399,2011-05-21,5767,Female,65,1947-05-21,0.00713,Divorced,0,,,Yes,,,Retired,10416.699999999999,-27200,Yes,0,,NA,1,Life event: Retired
5768,2011-01-01,5768,Female,33,1978-01-31,0.00035,Married,1165,,2031-03-11,Yes,,,Permanent contract,21036.0,353677,No,2,,NA,1,Created
5769,2011-01-01,5769,Male,57,1954-12-29,0.00572,Married,1122,,2041-04-10,Yes,,,Permanent contract,21572.0,415597,No,2,,NA,1,Created
5770,2011-01-01,5770,Female,54,1957-10-16,0.00313,Married,1166,,2027-08-28,Yes,,,Permanent contract,13989.0,150,Yes,2,,NA,1,Created
5771,2011-01-01,5771,Male,79,1932-12-09,0.05364,Widowed,0,,,No,,,Retired,10132.0,14560,Yes,0,,NA,1,Created
5772,2011-01-01,5772,Male,19,1992-12-08,0.00033,Single,0,,,No,,,Permanent contract,36631.0,23746,Yes,0,,NA,1,Created
5773,2011-01-01,5773,Female,27,1984-01-01,0.00025,Single,0,,,Yes,31.0,2015-11-24,Entrepreneur with personel,9678.0,-12,Yes,0,29.0,2013-06-29,1,Created
5774,2011-01-01,5774,Female,3,2008-05-31,0.00013000000000000002,Single,0,,,Yes,25.0,2033-11-25,Child,0.0,0,Yes,0,31.0,2039-06-13,1,Created
5775,2011-01-01,5775,Female,21,1990-09-10,0.00016,Single,0,,,Yes,26.0,2016-06-07,Permanent contract,6930.0,23892,No,0,27.0,2017-11-12,1,Created
5776,2011-01-01,5776,Female,38,1973-02-12,0.00063,Married,1167,,2057-04-18,Yes,,,Permanent contract,21417.0,184644,Yes,1,,NA,1,Created
5777,2011-01-01,5777,Female,47,1964-06-30,0.00168,Single,0,,,No,,,Flexible contract,42604.0,718828,No,0,,NA,1,Created
5778,2011-01-01,5778,Male,44,1967-09-29,0.0013599999999999999,Single,0,,,No,,,Permanent contract,25135.0,359255,Yes,0,,NA,1,Created
5779,2011-01-01,5779,Female,10,2001-09-12,0.0001,Single,0,,,Yes,37.0,2038-09-13,Child,0.0,0,Yes,0,29.0,2030-06-19,1,Created
5780,2011-01-01,5780,Female,81,1930-02-27,0.04307,Widowed,0,,,No,,,Retired,12930.0,807817,Yes,0,,NA,1,Created
5781,2011-01-01,5781,Female,46,1965-03-07,0.00134,Married,1168,,2062-07-19,No,,,Permanent contract,68564.0,8767,No,2,,NA,1,Created
5782,2011-01-01,5782,Male,35,1976-01-29,0.00055,Married,1123,,2030-05-07,Yes,,,Permanent contract,8968.0,217194,Yes,1,,NA,1,Created
5783,2011-01-01,5783,Male,26,1985-01-17,1.0,Married,1124,,2018-07-28,Yes,,,Permanent contract,11891.0,19839,Yes,3,,NA,1,Created
17085,2011-03-19,5783,Male,27,1985-01-17,1.0,Married,1124,,2018-07-28,Yes,,,Permanent contract,11891.0,19839,Yes,3,,NA,0,Life event: Deceased
5784,2011-01-01,5784,Female,65,1946-05-15,0.007559999999999999,Married,1169,,2015-05-12,No,,,Permanent contract,6155.0,44170,No,2,,NA,1,Created
17356,2011-05-15,5784,Female,66,1946-05-15,0.007559999999999999,Married,1169,,2015-05-12,No,,,Retired,4308.5,44170,No,2,,NA,1,Life event: Retired
5785,2011-01-01,5785,Female,61,1950-06-28,0.00562,Married,1170,,2025-12-18,Yes,,,Permanent contract,19366.0,154495,No,1,,NA,1,Created
5786,2011-01-01,5786,Female,65,1946-04-14,0.007559999999999999,Married,1171,,2017-10-10,No,,,Flexible contract,33616.0,23015,Yes,3,,NA,1,Created
17209,2011-04-14,5786,Female,66,1946-04-14,0.007559999999999999,Married,1171,,2017-10-10,No,,,Retired,23531.199999999997,23015,Yes,3,,NA,1,Life event: Retired
5787,2011-01-01,5787,Male,2,2009-12-20,0.00021,Single,0,,,Yes,50.0,2059-01-30,Child,0.0,0,Yes,0,,NA,1,Created
5788,2011-01-01,5788,Male,6,2005-01-30,5.9999999999999995e-05,Single,0,,,Yes,51.0,2056-07-11,Child,0.0,0,No,0,,NA,1,Created
5789,2011-01-01,5789,Female,4,2007-05-24,5.9999999999999995e-05,Single,0,,,Yes,31.0,2038-08-23,Child,0.0,0,Yes,0,30.0,2037-04-30,1,Created
5790,2011-01-01,5790,Male,65,1946-01-28,0.01141,Married,1125,,2041-02-25,No,,,Permanent contract,10835.0,273481,No,3,,NA,1,Created
16813,2011-01-28,5790,Male,66,1946-01-28,0.01141,Married,1125,,2041-02-25,No,,,Retired,7584.499999999999,273481,No,3,,NA,1,Life event: Retired
17257,2011-04-25,5790,Male,66,1946-01-28,0.01141,Widowed,1125,,2041-02-25,No,,,Retired,7584.499999999999,273481,No,3,,NA,1,Life event: Widowed
5791,2011-01-01,5791,Male,7,2004-04-13,9e-05,Single,0,,,Yes,30.0,2034-05-03,Child,0.0,0,Yes,0,,NA,1,Created
5792,2011-01-01,5792,Female,43,1968-12-16,0.0009699999999999999,Single,0,,,Yes,48.0,2016-12-28,Permanent contract,26851.0,-42627,Yes,0,,NA,1,Created
5793,2011-01-01,5793,Female,30,1981-09-29,0.00027,Married,1172,,2033-03-10,No,,,Entrepreneur without personnel,31133.0,390396,No,1,33.0,2014-06-12,1,Created
5794,2011-01-01,5794,Male,44,1967-03-28,0.0013599999999999999,Married,1126,,2043-08-30,No,,,Flexible contract,95453.0,-49552,Yes,2,,NA,1,Created
5795,2011-01-01,5795,Female,86,1925-03-23,0.08317000000000001,Single,0,,,Yes,29.0,,Retired,18998.0,2321,No,0,,NA,1,Created
5796,2011-01-01,5796,Male,77,1934-05-22,0.0418,Widowed,0,,,No,,,Retired,823.0,36782,No,0,,NA,1,Created
5797,2011-01-01,5797,Female,56,1955-06-14,0.0041,Divorced,0,,,No,,,Permanent contract,80988.0,1586,No,0,,NA,1,Created
5798,2011-01-01,5798,Male,50,1961-08-30,0.00257,Divorced,0,,,Yes,,,Unemployed,47644.0,50971,Yes,0,,NA,1,Created
5799,2011-01-01,5799,Male,66,1945-06-17,0.01401,Married,1127,,2043-07-09,Yes,,,Permanent contract,72540.0,259843,No,3,,NA,1,Created
17524,2011-06-17,5799,Male,67,1945-06-17,0.01401,Married,1127,,2043-07-09,Yes,,,Retired,50778.0,259843,No,3,,NA,1,Life event: Retired
5800,2011-01-01,5800,Female,37,1974-02-25,0.00057,Married,1173,,2072-01-24,No,,,Permanent contract,47700.0,206777,No,2,,NA,1,Created
5801,2011-01-01,5801,Female,64,1947-04-11,0.00713,Single,0,,,Yes,30.0,,Permanent contract,6704.0,-40929,No,0,,NA,1,Created
17199,2011-04-11,5801,Female,65,1947-04-11,0.00713,Single,0,,,Yes,30,,Retired,4692.799999999999,-40929,No,0,,NA,1,Life event: Retired
5802,2011-01-01,5802,Male,24,1987-04-23,0.00047999999999999996,Single,0,,,Yes,41.0,2028-06-14,Flexible contract,34087.0,-29034,No,0,,NA,1,Created
5803,2011-01-01,5803,Female,22,1989-03-08,0.00023999999999999998,Single,0,,,No,,,Flexible contract,6859.0,-46320,Yes,0,34.0,2023-02-17,1,Created
5804,2011-01-01,5804,Female,21,1990-10-09,0.00016,Single,0,,,Yes,40.0,2030-08-20,Permanent contract,28398.0,222514,Yes,0,28.0,2018-10-26,1,Created
5805,2011-01-01,5805,Female,57,1954-11-29,0.00387,Married,1174,,2019-02-01,No,,,Permanent contract,36507.0,465111,No,1,,NA,1,Created
5806,2011-01-01,5806,Male,61,1950-08-23,0.00747,Married,1128,,2060-12-20,No,,,Flexible contract,1921.0,34191,No,1,,NA,1,Created
5807,2011-01-01,5807,Female,31,1980-01-25,0.00029,Married,1175,,2059-12-19,Yes,,,Permanent contract,96819.0,3132964,No,2,33.0,2013-02-20,1,Created
5808,2011-01-01,5808,Female,7,2004-09-25,7e-05,Single,0,,,No,,,Child,0.0,0,Yes,0,34.0,2038-12-03,1,Created
5809,2011-01-01,5809,Female,51,1960-12-23,0.0023899999999999998,Divorced,0,,,Yes,,,Entrepreneur without personnel,37683.0,747213,Yes,0,,NA,1,Created
5810,2011-01-01,5810,Male,4,2007-10-05,0.00011,Single,0,,,No,,,Child,0.0,0,Yes,0,,NA,1,Created
5811,2011-01-01,5811,Male,12,1999-01-15,0.00011,Single,0,,,No,,,Child,0.0,0,No,0,,NA,1,Created
5812,2011-01-01,5812,Male,40,1971-08-02,0.0009400000000000001,Married,1129,,2028-04-16,No,,,Permanent contract,24687.0,144882,Yes,1,,NA,1,Created
5813,2011-01-01,5813,Male,3,2008-11-07,0.0002,Single,0,,,Yes,27.0,2035-12-05,Child,0.0,0,Yes,0,,NA,1,Created
5814,2011-01-01,5814,Male,21,1990-10-16,0.00045,Single,0,,,No,,,Entrepreneur with personel,23538.0,-35258,Yes,0,,NA,1,Created
5815,2011-01-01,5815,Female,47,1964-05-20,0.00168,Married,1176,,2036-01-10,Yes,,,Permanent contract,17782.0,49133,Yes,1,,NA,1,Created
5816,2011-01-01,5816,Female,9,2002-12-12,2.9999999999999997e-05,Single,0,,,Yes,31.0,2033-07-29,Child,0.0,0,Yes,0,32.0,2034-08-27,1,Created
5817,2011-01-01,5817,Male,20,1991-08-14,0.00045,Single,0,,,Yes,30.0,2021-01-08,Flexible contract,33630.0,32533,No,0,,NA,1,Created
5818,2011-01-01,5818,Male,45,1966-08-19,0.0014199999999999998,Married,1130,,2024-10-04,No,,,Permanent contract,40119.0,3023,No,2,,NA,1,Created
5819,2011-01-01,5819,Female,47,1964-09-25,0.00168,Married,1177,,2063-10-19,Yes,,,Permanent contract,89686.0,139697,No,2,,NA,1,Created
5820,2011-01-01,5820,Male,4,2007-02-07,0.00011,Single,0,,,Yes,53.0,2060-11-16,Child,0.0,0,Yes,0,,NA,1,Created
5821,2011-01-01,5821,Male,70,1941-07-16,0.01932,Divorced,0,,,No,,,Retired,35511.0,60308,Yes,0,,NA,1,Created
5822,2011-01-01,5822,Female,33,1978-10-14,0.00035,Married,1178,,2031-07-20,No,,,Permanent contract,13616.0,312790,Yes,2,37.0,2015-03-19,1,Created
5823,2011-01-01,5823,Female,25,1986-09-10,0.00022999999999999998,Single,0,,,No,,,Entrepreneur without personnel,45543.0,244060,No,0,34.0,2020-08-02,1,Created
5824,2011-01-01,5824,Female,62,1949-07-12,0.0057399999999999994,Married,1179,,2040-10-29,No,,,Permanent contract,19967.0,26304,No,2,,NA,1,Created
5825,2011-01-01,5825,Female,32,1979-05-26,0.00041,Single,0,,,No,,,Permanent contract,25046.0,3362,Yes,0,,NA,1,Created
5826,2011-01-01,5826,Female,47,1964-07-12,0.00168,Married,1180,,2042-05-27,Yes,,,Permanent contract,4529.0,-39654,Yes,2,,NA,1,Created
5827,2011-01-01,5827,Female,61,1950-11-02,0.00562,Married,1181,,2055-01-29,No,,,Unemployed,18734.0,85370,Yes,2,,NA,1,Created
5828,2011-01-01,5828,Female,37,1974-07-16,0.00057,Divorced,0,,,No,,,Permanent contract,96433.0,46103,Yes,0,,NA,1,Created
5829,2011-01-01,5829,Male,21,1990-09-03,0.00045,Single,0,,,Yes,35.0,2025-04-16,Flexible contract,30367.0,-29026,Yes,0,,NA,1,Created
5830,2011-01-01,5830,Female,10,2001-01-09,0.0001,Single,0,,,No,,,Child,0.0,0,Yes,0,33.0,2034-02-27,1,Created
5831,2011-01-01,5831,Female,41,1970-05-28,0.0007700000000000001,Divorced,0,,,No,,,Entrepreneur with personel,12755.0,431604,No,0,,NA,1,Created
5832,2011-01-01,5832,Male,15,1996-01-29,0.00015,Single,0,,,Yes,33.0,2029-05-19,Child,0.0,0,No,0,,NA,1,Created
5833,2011-01-01,5833,Male,65,1946-01-16,0.01141,Married,1131,,2013-02-20,Yes,,,Permanent contract,24581.0,350399,Yes,1,,NA,1,Created
16752,2011-01-16,5833,Male,66,1946-01-16,0.01141,Married,1131,,2013-02-20,Yes,,,Retired,17206.699999999997,350399,Yes,1,,NA,1,Life event: Retired
5834,2011-01-01,5834,Female,16,1995-01-09,8e-05,Single,0,,,Yes,22.0,2017-03-30,Child,0.0,0,No,0,34.0,2029-05-24,1,Created
18410,2012-01-09,5834,Female,18,1995-01-09,8e-05,Single,0,,,No,,,Permanent contract,8049.0,444551,No,0,34,2029-05-24,1,Life event: Adulthood
5835,2011-01-01,5835,Female,48,1963-01-22,0.0018800000000000002,Married,1182,,2034-10-17,No,,,Permanent contract,25925.0,-18066,Yes,2,,NA,1,Created
5836,2011-01-01,5836,Female,20,1991-12-07,0.00018,Single,0,,,No,,,Permanent contract,6459.0,146217,Yes,0,33.0,2024-06-26,1,Created
5837,2011-01-01,5837,Female,65,1946-09-24,0.007559999999999999,Married,1183,,2017-12-15,Yes,,,Permanent contract,8023.0,855,No,2,,NA,1,Created
17969,2011-09-24,5837,Female,66,1946-09-24,0.007559999999999999,Married,1183,,2017-12-15,Yes,,,Retired,5616.099999999999,855,No,2,,NA,1,Life event: Retired
5838,2011-01-01,5838,Female,60,1951-06-07,0.00541,Divorced,0,,,No,,,Entrepreneur without personnel,96713.0,324222,Yes,0,,NA,1,Created
5839,2011-01-01,5839,Female,45,1966-09-07,0.00134,Married,1184,,2021-12-01,Yes,,,Permanent contract,880.0,4823,Yes,2,,NA,1,Created
5840,2011-01-01,5840,Male,42,1969-11-26,0.00128,Married,1132,,2014-05-05,No,,,Flexible contract,10261.0,25995,Yes,1,,NA,1,Created
5841,2011-01-01,5841,Female,56,1955-05-02,0.0041,Married,1185,,2030-04-21,Yes,,,Permanent contract,66412.0,15929,No,3,,NA,1,Created
5842,2011-01-01,5842,Female,12,1999-05-14,5e-05,Single,0,,,No,,,Child,0.0,0,No,0,39.0,2038-04-13,1,Created
5843,2011-01-01,5843,Male,40,1971-06-07,0.0009400000000000001,Married,1133,,2034-12-31,Yes,,,Permanent contract,18085.0,2662,Yes,2,,NA,1,Created
5844,2011-01-01,5844,Male,33,1978-07-25,0.00047999999999999996,Single,0,,,No,,,Entrepreneur with personel,20997.0,775275,No,0,,NA,1,Created
5845,2011-01-01,5845,Male,4,2007-02-10,0.00011,Single,0,,,No,,,Child,0.0,0,No,0,,NA,1,Created
5846,2011-01-01,5846,Male,30,1981-06-27,0.00055,Married,1134,,2047-03-21,Yes,,,Entrepreneur without personnel,11614.0,-39726,Yes,1,,NA,1,Created
5847,2011-01-01,5847,Male,34,1977-10-09,0.00067,Married,1135,,2028-09-29,Yes,,,Flexible contract,309864.0,29231,Yes,1,,NA,1,Created
5848,2011-01-01,5848,Male,39,1972-06-12,0.0008699999999999999,Married,1136,,2061-07-27,No,,,Entrepreneur with personel,4260.0,54627,No,2,,NA,1,Created
5849,2011-01-01,5849,Female,37,1974-03-02,0.00057,Single,0,,,Yes,34.0,,Flexible contract,30286.0,29609,Yes,0,,NA,1,Created
5850,2011-01-01,5850,Female,72,1939-08-26,0.01411,Married,1186,,2063-12-31,Yes,,,Retired,22484.0,132176,Yes,1,,NA,1,Created
5851,2011-01-01,5851,Female,43,1968-10-07,0.0009699999999999999,Married,1187,,2054-06-27,No,,,Permanent contract,18307.0,3242,Yes,3,,NA,1,Created
5852,2011-01-01,5852,Male,40,1971-11-01,0.0009400000000000001,Married,1137,,2039-11-07,Yes,,,Entrepreneur without personnel,32159.0,171549,Yes,1,,NA,1,Created
5853,2011-01-01,5853,Female,39,1972-05-17,0.00074,Married,1188,,2050-06-24,Yes,,,Permanent contract,162908.0,-41168,Yes,2,,NA,1,Created
5854,2011-01-01,5854,Female,63,1948-01-26,0.00672,Widowed,0,,,No,,,Permanent contract,12429.0,29191,No,0,,NA,1,Created
18471,2012-01-26,5854,Female,65,1948-01-26,0.00672,Widowed,0,,,No,,,Retired,8700.3,29191,No,0,,NA,1,Life event: Retired
5855,2011-01-01,5855,Female,53,1958-08-04,0.00312,Married,1189,,2032-11-16,Yes,,,Permanent contract,13815.0,745642,Yes,3,,NA,1,Created
5856,2011-01-01,5856,Male,70,1941-06-19,0.01932,Widowed,0,,,No,,,Retired,21332.0,97107,Yes,0,,NA,1,Created
5857,2011-01-01,5857,Male,68,1943-04-26,0.01522,Divorced,0,,,No,,,Retired,20529.0,-46,Yes,0,,NA,1,Created
5858,2011-01-01,5858,Male,76,1935-12-30,0.0375,Married,1138,,2025-07-30,No,,,Retired,33060.0,2138728,Yes,2,,NA,1,Created
17025,2011-03-06,5858,Male,76,1935-12-30,0.0375,Married,1138,,2025-07-30,No,,,Retired,33060.0,2138728,Yes,2,,NA,0,Life event: Deceased
5859,2011-01-01,5859,Female,51,1960-06-08,0.0023899999999999998,Widowed,0,,,Yes,,,Permanent contract,12453.0,-20954,Yes,0,,NA,1,Created
5860,2011-01-01,5860,Female,79,1932-03-04,0.03112,Married,1190,,2059-12-18,No,,,Retired,46492.0,4397,No,3,,NA,1,Created
5861,2011-01-01,5861,Female,63,1948-11-25,0.00672,Married,1191,,2045-07-15,Yes,,,Flexible contract,26827.0,46772,Yes,1,,NA,1,Created
19272,2012-11-25,5861,Female,65,1948-11-25,0.00672,Married,1191,,2045-07-15,Yes,,,Retired,18778.899999999998,46772,Yes,1,,NA,1,Life event: Retired
5862,2011-01-01,5862,Female,91,1920-06-23,0.14715,Widowed,0,,,Yes,,,Retired,45127.0,10323,Yes,0,,NA,1,Created
5863,2011-01-01,5863,Female,8,2003-02-03,2.9999999999999997e-05,Single,0,,,Yes,12.0,2015-06-22,Child,0.0,0,Yes,0,38.0,2041-01-24,1,Created
5864,2011-01-01,5864,Male,18,1993-07-22,0.00032,Single,0,,,No,,,Permanent contract,16011.0,3973,Yes,0,,NA,1,Created
5865,2011-01-01,5865,Male,76,1935-08-25,0.0375,Divorced,0,,,No,,,Retired,40329.0,18466,Yes,0,,NA,1,Created
5866,2011-01-01,5866,Male,38,1973-05-18,0.0009599999999999999,Married,1139,,2052-02-11,Yes,,,Permanent contract,32457.0,-12268,Yes,1,,NA,1,Created
5867,2011-01-01,5867,Female,26,1985-02-25,1.0,Single,0,,,No,,,Permanent contract,40686.0,338324,No,0,31.0,2016-07-01,1,Created
18077,2011-10-21,5867,Female,27,1985-02-25,1.0,Single,0,,,No,,,Permanent contract,40686.0,338324,No,0,31,2016-07-01,0,Life event: Deceased
5868,2011-01-01,5868,Male,23,1988-11-09,0.00039,Single,0,,,No,,,Permanent contract,19174.0,786511,No,0,,NA,1,Created
5869,2011-01-01,5869,Female,65,1946-07-09,0.007559999999999999,Divorced,0,,,No,,,Permanent contract,14814.0,1580,Yes,0,,NA,1,Created
17622,2011-07-09,5869,Female,66,1946-07-09,0.007559999999999999,Divorced,0,,,No,,,Retired,10369.8,1580,Yes,0,,NA,1,Life event: Retired
5870,2011-01-01,5870,Female,49,1962-12-20,0.00193,Married,1192,,2050-08-21,No,,,Flexible contract,22306.0,409182,No,1,,NA,1,Created
5871,2011-01-01,5871,Female,58,1953-09-03,0.00448,Married,1193,,2034-04-29,No,,,Permanent contract,28646.0,112135,No,2,,NA,1,Created
5872,2011-01-01,5872,Male,18,1993-01-17,0.00032,Single,0,,,No,,,Flexible contract,1897.0,108157,Yes,0,,NA,1,Created
5873,2011-01-01,5873,Female,18,1993-08-29,0.00023999999999999998,Single,0,,,Yes,33.0,2026-08-08,Permanent contract,17504.0,-40794,Yes,0,34.0,2027-10-12,1,Created
5874,2011-01-01,5874,Male,5,2006-05-17,9e-05,Single,0,,,Yes,35.0,2041-01-30,Child,0.0,0,Yes,0,,NA,1,Created
5875,2011-01-01,5875,Male,5,2006-01-31,9e-05,Single,0,,,Yes,34.0,2040-03-08,Child,0.0,0,No,0,,NA,1,Created
5876,2011-01-01,5876,Male,51,1960-11-07,0.00301,Married,1140,,2011-08-12,Yes,,,Permanent contract,40124.0,69079,Yes,1,,NA,1,Created
17787,2011-08-12,5876,Male,51,1960-11-07,0.00301,Divorced,1140,,2011-08-12,Yes,,,Permanent contract,40124.0,69079,Yes,1,,NA,1,Life event: Divorced
5877,2011-01-01,5877,Male,70,1941-12-29,0.01932,Divorced,0,,,Yes,,,Retired,47240.0,429805,Yes,0,,NA,1,Created
5878,2011-01-01,5878,Male,16,1995-08-13,0.00029,Single,0,,,No,,,Child,0.0,0,No,0,,NA,1,Created
19001,2012-08-13,5878,Male,18,1995-08-13,0.00029,Single,0,,,Yes,37,2031-12-06,Permanent contract,20436.0,20485,No,0,,NA,1,Life event: Adulthood
5879,2011-01-01,5879,Female,16,1995-12-12,8e-05,Single,0,,,Yes,28.0,2023-06-22,Child,0.0,0,No,0,26.0,2021-04-20,1,Created
19308,2012-12-12,5879,Female,18,1995-12-12,8e-05,Single,0,,,No,,,Flexible contract,60466.0,380162,No,0,26,2021-04-20,1,Life event: Adulthood
5880,2011-01-01,5880,Male,62,1949-04-07,0.008409999999999999,Married,1141,,2048-06-22,Yes,,,Permanent contract,28881.0,12754,No,1,,NA,1,Created
5881,2011-01-01,5881,Male,39,1972-11-24,0.0008699999999999999,Single,0,,,Yes,34.0,,Permanent contract,23029.0,439,No,0,,NA,1,Created
5882,2011-01-01,5882,Female,14,1997-09-29,9e-05,Single,0,,,Yes,25.0,2022-10-04,Child,0.0,0,No,0,32.0,2029-10-29,1,Created
5883,2011-01-01,5883,Male,60,1951-11-04,0.006840000000000001,Married,1142,,2016-09-13,No,,,Permanent contract,44906.0,466492,Yes,1,,NA,1,Created
5884,2011-01-01,5884,Male,16,1995-04-21,0.00029,Single,0,,,Yes,20.0,2015-11-11,Child,0.0,0,No,0,,NA,1,Created
18687,2012-04-21,5884,Male,18,1995-04-21,0.00029,Single,0,,,No,,,Permanent contract,30915.0,698,No,0,,NA,1,Life event: Adulthood
5885,2011-01-01,5885,Female,85,1926-09-16,0.07042999999999999,Widowed,0,,,Yes,,,Retired,41615.0,341673,Yes,0,,NA,1,Created
5886,2011-01-01,5886,Female,48,1963-03-23,0.0018800000000000002,Married,1194,,2048-01-02,No,,,Permanent contract,16080.0,159526,Yes,3,,NA,1,Created
5887,2011-01-01,5887,Male,4,2007-02-02,0.00011,Single,0,,,No,,,Child,0.0,0,Yes,0,,NA,1,Created
5888,2011-01-01,5888,Female,41,1970-10-18,0.0007700000000000001,Married,1195,,2042-04-20,No,,,Entrepreneur without personnel,83487.0,25615,Yes,1,,NA,1,Created
17948,2011-09-19,5888,Female,41,1970-10-18,0.0007700000000000001,Widowed,1195,,2042-04-20,No,,,Entrepreneur without personnel,83487.0,25615,Yes,1,,NA,1,Life event: Widowed
5889,2011-01-01,5889,Female,66,1945-02-13,0.009040000000000001,Divorced,0,,,Yes,,,Permanent contract,25573.0,-7631,Yes,0,,NA,1,Created
16904,2011-02-13,5889,Female,67,1945-02-13,0.009040000000000001,Divorced,0,,,Yes,,,Retired,17901.1,-7631,Yes,0,,NA,1,Life event: Retired
5890,2011-01-01,5890,Male,19,1992-11-21,0.00033,Single,0,,,Yes,46.0,2038-10-01,Permanent contract,33792.0,497392,No,0,,NA,1,Created
5891,2011-01-01,5891,Female,55,1956-09-20,0.00372,Married,1196,,2053-10-13,No,,,Permanent contract,35020.0,307009,Yes,2,,NA,1,Created
5892,2011-01-01,5892,Male,53,1958-01-16,0.0033299999999999996,Married,1143,,2039-09-04,Yes,,,Entrepreneur with personel,42117.0,-8770,No,1,,NA,1,Created
5893,2011-01-01,5893,Male,7,2004-06-03,9e-05,Single,0,,,No,,,Child,0.0,0,No,0,,NA,1,Created
5894,2011-01-01,5894,Female,52,1959-06-08,0.00268,Single,0,,,No,,,Permanent contract,23361.0,36001,No,0,,NA,1,Created
5895,2011-01-01,5895,Female,34,1977-11-20,0.00037,Married,1197,,2031-09-14,Yes,,,Permanent contract,12372.0,371,No,2,,NA,1,Created
5896,2011-01-01,5896,Male,6,2005-08-20,5.9999999999999995e-05,Single,0,,,Yes,98.0,2103-08-19,Child,0.0,0,No,0,,NA,1,Created
5897,2011-01-01,5897,Male,45,1966-10-14,0.0014199999999999998,Married,1144,,2018-05-26,Yes,,,Flexible contract,31365.0,418635,No,1,,NA,1,Created
5898,2011-01-01,5898,Male,8,2003-11-12,9e-05,Single,0,,,Yes,37.0,2040-11-20,Child,0.0,0,Yes,0,,NA,1,Created
5899,2011-01-01,5899,Female,21,1990-07-08,0.00016,Single,0,,,No,,,Flexible contract,4761.0,431944,Yes,0,42.0,2032-08-08,1,Created
5900,2011-01-01,5900,Male,0,2011-10-09,0.0036200000000000004,Single,0,,,Yes,58.0,2069-07-29,Child,0.0,0,Yes,0,,NA,1,Created
5901,2011-01-01,5901,Male,101,1910-07-30,1.0,Widowed,0,,,No,,,Retired,26219.0,3603,No,0,,NA,1,Created
16928,2011-02-18,5901,Male,101,1910-07-30,1.0,Widowed,0,,,No,,,Retired,26219.0,3603,No,0,,NA,0,Life event: Deceased
5902,2011-01-01,5902,Female,20,1991-08-30,0.00018,Single,0,,,No,,,Permanent contract,11891.0,809,No,0,32.0,2023-12-13,1,Created
5903,2011-01-01,5903,Female,22,1989-09-11,0.00023999999999999998,Single,0,,,No,,,Permanent contract,25606.0,207754,No,0,40.0,2029-09-26,1,Created
5904,2011-01-01,5904,Female,42,1969-10-19,0.001,Single,0,,,No,,,Permanent contract,27398.0,23236,No,0,,NA,1,Created
5905,2011-01-01,5905,Male,90,1921-05-24,0.16977,Widowed,0,,,Yes,,,Retired,66541.0,229943,Yes,0,,NA,1,Created
5906,2011-01-01,5906,Male,59,1952-12-03,0.00717,Divorced,0,,,No,,,Flexible contract,39236.0,3036,No,0,,NA,1,Created
5907,2011-01-01,5907,Female,62,1949-04-01,0.0057399999999999994,Married,1198,,2024-10-24,No,,,Permanent contract,8855.0,12980,Yes,2,,NA,1,Created
5908,2011-01-01,5908,Female,8,2003-10-14,2.9999999999999997e-05,Single,0,,,No,,,Child,0.0,0,Yes,0,35.0,2038-03-20,1,Created
5909,2011-01-01,5909,Female,36,1975-12-13,0.00049,Single,0,,,Yes,24.0,,Permanent contract,47044.0,14485,Yes,0,,NA,1,Created
5910,2011-01-01,5910,Female,36,1975-08-15,0.00049,Married,1199,,2021-10-06,No,,,Permanent contract,7743.0,982,No,2,,NA,1,Created
5911,2011-01-01,5911,Male,19,1992-06-22,0.00033,Single,0,,,Yes,54.0,2046-07-09,Flexible contract,2207.0,464561,Yes,0,,NA,1,Created
5912,2011-01-01,5912,Male,20,1991-11-11,0.00045,Single,0,,,Yes,26.0,2017-08-20,Permanent contract,9615.0,483735,Yes,0,,NA,1,Created
5913,2011-01-01,5913,Male,12,1999-11-26,0.00011,Single,0,,,No,,,Child,0.0,0,No,0,,NA,1,Created
5914,2011-01-01,5914,Male,15,1996-11-25,0.00015,Single,0,,,Yes,32.0,2028-08-26,Child,0.0,0,No,0,,NA,1,Created
5915,2011-01-01,5915,Female,91,1920-04-05,0.14715,Widowed,0,,,Yes,,,Retired,15603.0,-3370,Yes,0,,NA,1,Created
5916,2011-01-01,5916,Male,95,1916-06-01,0.25144,Widowed,0,,,Yes,,,Retired,8517.0,348461,No,0,,NA,1,Created
19216,2012-11-05,5916,Male,97,1916-06-01,0.25144,Widowed,0,,,Yes,,,Retired,8517.0,348461,No,0,,NA,0,Life event: Deceased
5917,2011-01-01,5917,Male,40,1971-07-14,0.0009400000000000001,Married,1145,,2046-08-08,No,,,Permanent contract,37546.0,263327,Yes,2,,NA,1,Created
5918,2011-01-01,5918,Female,24,1987-08-14,0.00018999999999999998,Single,0,,,Yes,42.0,2029-12-09,Permanent contract,85393.0,-40845,Yes,0,27.0,2014-05-24,1,Created
5919,2011-01-01,5919,Female,33,1978-12-12,0.00035,Married,1200,,2041-05-05,No,,,Permanent contract,36730.0,765849,Yes,1,33.0,2011-11-18,1,Created
18197,2011-11-18,5919,Female,33,1978-12-12,0.00035,Married,1200,,2041-05-05,No,,,Permanent contract,36730.0,765849,Yes,1,33,2011-11-18,1,Life event: Children born
5920,2011-01-01,5920,Male,33,1978-05-05,0.00047999999999999996,Single,0,,,No,,,Permanent contract,30478.0,4990388,Yes,0,,NA,1,Created
5921,2011-01-01,5921,Male,52,1959-04-22,0.00314,Married,1146,,2011-12-01,Yes,,,Permanent contract,10575.0,-46951,Yes,1,,NA,1,Created
18245,2011-12-01,5921,Male,53,1959-04-22,0.00314,Divorced,1146,,2011-12-01,Yes,,,Permanent contract,10575.0,-46951,Yes,1,,NA,1,Life event: Divorced
5922,2011-01-01,5922,Male,44,1967-11-14,0.0013599999999999999,Single,0,,,Yes,35.0,,Permanent contract,62877.0,-21887,No,0,,NA,1,Created
5923,2011-01-01,5923,Male,57,1954-05-02,0.00572,Married,1147,,2052-02-22,No,,,Flexible contract,91046.0,552,No,1,,NA,1,Created
5924,2011-01-01,5924,Male,12,1999-10-01,0.00011,Single,0,,,No,,,Child,0.0,0,No,0,,NA,1,Created
5925,2011-01-01,5925,Female,37,1974-01-06,0.00057,Married,1201,,2041-07-01,No,,,Entrepreneur without personnel,84189.0,36225,No,1,,NA,1,Created
5926,2011-01-01,5926,Male,50,1961-08-09,0.00257,Married,1148,,2039-09-18,Yes,,,Entrepreneur with personel,22189.0,75985,No,2,,NA,1,Created
5927,2011-01-01,5927,Male,33,1978-04-28,0.00047999999999999996,Single,0,,,Yes,26.0,,Permanent contract,52363.0,18169,Yes,0,,NA,1,Created
5928,2011-01-01,5928,Male,32,1979-08-04,0.00059,Single,0,,,No,,,Permanent contract,35961.0,424671,No,0,,NA,1,Created
5929,2011-01-01,5929,Male,19,1992-05-28,0.00033,Single,0,,,No,,,Entrepreneur with personel,106627.0,194724,Yes,0,,NA,1,Created
5930,2011-01-01,5930,Male,48,1963-04-28,0.0021100000000000003,Divorced,0,,,Yes,,,Flexible contract,31557.0,460276,No,0,,NA,1,Created
5931,2011-01-01,5931,Male,78,1933-11-19,0.04668,Widowed,0,,,No,,,Retired,16535.0,-4457,Yes,0,,NA,1,Created
5932,2011-01-01,5932,Female,48,1963-04-16,0.0018800000000000002,Married,1202,,2011-07-19,Yes,,,Unemployed,36822.0,2630,No,2,,NA,1,Created
17676,2011-07-19,5932,Female,49,1963-04-16,0.0018800000000000002,Divorced,1202,,2011-07-19,Yes,,,Unemployed,36822.0,2630,No,2,,NA,1,Life event: Divorced
5933,2011-01-01,5933,Male,64,1947-08-26,0.01097,Married,1149,,2033-11-19,Yes,,,Flexible contract,36602.0,153523,No,3,,NA,1,Created
17857,2011-08-26,5933,Male,65,1947-08-26,0.01097,Married,1149,,2033-11-19,Yes,,,Retired,25621.399999999998,153523,No,3,,NA,1,Life event: Retired
5934,2011-01-01,5934,Female,17,1994-02-07,0.0001,Single,0,,,No,,,Child,0.0,0,No,0,29.0,2023-05-10,1,Created
16862,2011-02-07,5934,Female,18,1994-02-07,0.0001,Single,0,,,No,,,Permanent contract,57537.0,60792,No,0,29,2023-05-10,1,Life event: Adulthood
5935,2011-01-01,5935,Male,11,2000-11-29,9e-05,Single,0,,,Yes,34.0,2034-06-21,Child,0.0,0,No,0,,NA,1,Created
5936,2011-01-01,5936,Male,22,1989-03-30,0.00041,Single,0,,,No,,,Flexible contract,10087.0,257,No,0,,NA,1,Created
5937,2011-01-01,5937,Male,60,1951-03-16,0.006840000000000001,Married,1150,,2041-04-21,No,,,Permanent contract,34456.0,1656666,No,2,,NA,1,Created
5938,2011-01-01,5938,Male,62,1949-01-14,0.008409999999999999,Married,1151,,2062-08-12,No,,,Permanent contract,12769.0,170580,No,3,,NA,1,Created
5939,2011-01-01,5939,Female,0,2011-06-24,0.0028899999999999998,Single,0,,,No,,,Child,0.0,0,No,0,34.0,2045-12-08,1,Created
5940,2011-01-01,5940,Female,58,1953-04-13,0.00448,Married,1203,,2034-03-04,Yes,,,Flexible contract,10821.0,19571,Yes,1,,NA,1,Created
5941,2011-01-01,5941,Female,12,1999-11-10,5e-05,Single,0,,,No,,,Child,0.0,0,Yes,0,39.0,2038-11-15,1,Created
5942,2011-01-01,5942,Female,9,2002-08-11,2.9999999999999997e-05,Single,0,,,Yes,35.0,2037-10-15,Child,0.0,0,Yes,0,34.0,2036-12-08,1,Created
5943,2011-01-01,5943,Female,24,1987-09-15,0.00018999999999999998,Single,0,,,No,,,Entrepreneur without personnel,6766.0,955524,Yes,0,34.0,2021-06-18,1,Created
5944,2011-01-01,5944,Female,80,1931-11-17,0.03682,Widowed,0,,,No,,,Retired,42423.0,3939,Yes,0,,NA,1,Created
5945,2011-01-01,5945,Female,15,1996-09-03,8e-05,Single,0,,,Yes,29.0,2025-10-11,Child,0.0,0,Yes,0,31.0,2027-07-11,1,Created
5946,2011-01-01,5946,Male,22,1989-10-04,0.00041,Single,0,,,No,,,Permanent contract,39925.0,49415,Yes,0,,NA,1,Created
5947,2011-01-01,5947,Male,55,1956-02-14,0.00419,Married,1152,,2013-07-13,No,,,Permanent contract,117398.0,1070,No,2,,NA,1,Created
5948,2011-01-01,5948,Male,57,1954-10-01,0.00572,Married,1153,,2027-01-31,No,,,Permanent contract,72889.0,39955,Yes,1,,NA,1,Created
5949,2011-01-01,5949,Female,18,1993-04-23,0.00023999999999999998,Single,0,,,No,,,Entrepreneur without personnel,8369.0,14670,Yes,0,29.0,2022-05-11,1,Created
5950,2011-01-01,5950,Female,17,1994-01-24,0.0001,Single,0,,,No,,,Child,0.0,0,Yes,0,34.0,2028-02-26,1,Created
16797,2011-01-24,5950,Female,18,1994-01-24,0.0001,Single,0,,,Yes,19,2012-09-02,Permanent contract,3941.0,43988,Yes,0,34,2028-02-26,1,Life event: Adulthood
19068,2012-09-02,5950,Female,19,1994-01-24,0.0001,Married,3494,22,2034-05-25,Yes,19,2012-09-02,Permanent contract,3941.0,43988,Yes,0,34,2028-02-26,1,Life event: Married
5951,2011-01-01,5951,Female,64,1947-10-23,0.00713,Widowed,0,,,Yes,,,Permanent contract,35538.0,179449,No,0,,NA,1,Created
18090,2011-10-23,5951,Female,65,1947-10-23,0.00713,Widowed,0,,,Yes,,,Retired,24876.6,179449,No,0,,NA,1,Life event: Retired
5952,2011-01-01,5952,Male,54,1957-10-18,0.00404,Married,1154,,2027-04-30,Yes,,,Entrepreneur with personel,5139.0,38558,No,1,,NA,1,Created
5953,2011-01-01,5953,Female,16,1995-08-16,8e-05,Single,0,,,Yes,35.0,2030-03-03,Child,0.0,0,No,0,31.0,2026-04-11,1,Created
19014,2012-08-16,5953,Female,18,1995-08-16,8e-05,Single,0,,,Yes,45,2039-02-16,Flexible contract,35623.0,414454,No,0,31,2026-04-11,1,Life event: Adulthood
5954,2011-01-01,5954,Female,75,1936-08-12,0.01986,Widowed,0,,,No,,,Retired,7605.0,-18222,Yes,0,,NA,1,Created
5955,2011-01-01,5955,Male,68,1943-05-27,0.01522,Married,1155,,2025-12-03,Yes,,,Retired,28855.0,54555,No,1,,NA,1,Created
5956,2011-01-01,5956,Male,39,1972-09-05,0.0008699999999999999,Married,1156,,2061-01-18,No,,,Permanent contract,4834.0,371353,No,1,,NA,1,Created
5957,2011-01-01,5957,Male,80,1931-12-19,0.05987000000000001,Married,1157,,2045-10-11,No,,,Retired,39709.0,57915,Yes,1,,NA,1,Created
5958,2011-01-01,5958,Female,53,1958-10-18,0.00312,Married,1204,,2015-06-12,No,,,Entrepreneur without personnel,18398.0,-4223,No,1,,NA,1,Created
5959,2011-01-01,5959,Male,20,1991-09-06,0.00045,Single,0,,,No,,,Permanent contract,26168.0,471160,Yes,0,,NA,1,Created
5960,2011-01-01,5960,Male,59,1952-12-17,0.00717,Married,1158,,2019-05-03,No,,,Flexible contract,34579.0,196268,No,2,,NA,1,Created
5961,2011-01-01,5961,Female,6,2005-06-18,8e-05,Single,0,,,Yes,26.0,2031-04-11,Child,0.0,0,No,0,39.0,2044-11-21,1,Created
5962,2011-01-01,5962,Female,72,1939-09-03,0.01411,Married,1205,,2033-12-02,No,,,Retired,37510.0,124248,Yes,2,,NA,1,Created
5963,2011-01-01,5963,Female,35,1976-08-12,0.00033999999999999997,Married,1206,,2017-02-20,Yes,,,Unemployed,36841.0,385539,No,1,,NA,1,Created
5964,2011-01-01,5964,Male,44,1967-06-23,0.0013599999999999999,Married,1159,,2055-08-16,No,,,Permanent contract,82988.0,41213,No,2,,NA,1,Created
5965,2011-01-01,5965,Male,4,2007-07-12,0.00011,Single,0,,,Yes,43.0,2050-05-12,Child,0.0,0,Yes,0,,NA,1,Created
5966,2011-01-01,5966,Female,99,1912-08-14,0.34497,Widowed,0,,,No,,,Retired,50117.0,106410,Yes,0,,NA,1,Created
16943,2011-02-21,5966,Female,99,1912-08-14,0.34497,Widowed,0,,,No,,,Retired,50117.0,106410,Yes,0,,NA,0,Life event: Deceased
5967,2011-01-01,5967,Male,43,1968-01-11,0.00103,Married,1160,,2041-01-06,Yes,,,Flexible contract,24623.0,413876,Yes,2,,NA,1,Created
5968,2011-01-01,5968,Male,30,1981-09-28,0.00055,Married,1161,,2015-08-23,No,,,Unemployed,28346.0,-46957,No,2,,NA,1,Created
5969,2011-01-01,5969,Female,96,1915-11-17,0.24602,Widowed,0,,,No,,,Retired,45252.0,-86,Yes,0,,NA,1,Created
5970,2011-01-01,5970,Female,9,2002-03-21,2.9999999999999997e-05,Single,0,,,No,,,Child,0.0,0,Yes,0,28.0,2030-05-16,1,Created
5971,2011-01-01,5971,Male,60,1951-05-27,0.006840000000000001,Married,1162,,2015-04-17,No,,,Entrepreneur without personnel,116570.0,-1230,No,3,,NA,1,Created
5972,2011-01-01,5972,Male,58,1953-04-08,0.00603,Married,1163,,2062-11-29,Yes,,,Permanent contract,32294.0,266853,No,1,,NA,1,Created
5973,2011-01-01,5973,Female,20,1991-03-04,0.00018,Single,0,,,No,,,Permanent contract,8535.0,349680,Yes,0,22.0,2013-03-01,1,Created
5974,2011-01-01,5974,Male,69,1942-03-15,0.01804,Married,1164,,2034-03-18,Yes,,,Retired,54091.0,4081,Yes,1,,NA,1,Created
5975,2011-01-01,5975,Male,72,1939-09-19,0.02384,Married,1165,,2031-03-11,No,,,Retired,6044.0,90267,No,2,,NA,1,Created
5976,2011-01-01,5976,Male,29,1982-03-13,0.0005200000000000001,Married,1166,,2027-08-28,Yes,,,Entrepreneur without personnel,18247.0,476619,Yes,2,,NA,1,Created
5977,2011-01-01,5977,Female,45,1966-05-27,0.00134,Married,1207,,2026-03-21,No,,,Permanent contract,13411.0,451015,Yes,2,,NA,1,Created
5978,2011-01-01,5978,Male,10,2001-01-09,0.00011999999999999999,Single,0,,,Yes,41.0,2042-12-24,Child,0.0,0,Yes,0,,NA,1,Created
5979,2011-01-01,5979,Female,25,1986-05-06,0.00022999999999999998,Single,0,,,Yes,26.0,2012-12-08,Unemployed,89302.0,-13932,Yes,0,31.0,2017-04-22,1,Created
19305,2012-12-08,5979,Female,27,1986-05-06,0.00022999999999999998,Married,3502,32,2044-07-19,Yes,26,2012-12-08,Unemployed,89302.0,-13932,Yes,0,31,2017-04-22,1,Life event: Married
5980,2011-01-01,5980,Male,33,1978-10-03,0.00047999999999999996,Single,0,,,Yes,44.0,2022-03-30,Permanent contract,28674.0,902,No,0,,NA,1,Created
5981,2011-01-01,5981,Female,58,1953-03-16,0.00448,Married,1208,,2049-07-06,No,,,Permanent contract,13639.0,4658,Yes,1,,NA,1,Created
5982,2011-01-01,5982,Female,97,1914-07-05,0.27028,Widowed,0,,,Yes,,,Retired,32239.0,51739,Yes,0,,NA,1,Created
17216,2011-04-15,5982,Female,97,1914-07-05,0.27028,Widowed,0,,,Yes,,,Retired,32239.0,51739,Yes,0,,NA,0,Life event: Deceased
5983,2011-01-01,5983,Female,77,1934-01-26,0.0259,Divorced,0,,,Yes,,,Retired,24405.0,807991,Yes,0,,NA,1,Created
5984,2011-01-01,5984,Male,11,2000-12-12,9e-05,Single,0,,,Yes,25.0,2025-07-11,Child,0.0,0,Yes,0,,NA,1,Created
5985,2011-01-01,5985,Male,39,1972-07-16,0.0008699999999999999,Married,1167,,2057-04-18,Yes,,,Unemployed,33344.0,2506,Yes,1,,NA,1,Created
5986,2011-01-01,5986,Male,44,1967-12-15,0.0013599999999999999,Married,1168,,2062-07-19,No,,,Permanent contract,5627.0,303104,No,2,,NA,1,Created
5987,2011-01-01,5987,Male,34,1977-01-31,0.00067,Single,0,,,No,,,Entrepreneur without personnel,25514.0,-13447,Yes,0,,NA,1,Created
5988,2011-01-01,5988,Male,36,1975-12-23,0.0006,Married,1169,,2015-05-12,No,,,Permanent contract,45590.0,87186,No,2,,NA,1,Created
5989,2011-01-01,5989,Female,47,1964-04-25,0.00168,Married,1209,,2047-07-18,No,,,Flexible contract,39918.0,647,Yes,1,,NA,1,Created
5990,2011-01-01,5990,Male,34,1977-11-03,0.00067,Single,0,,,Yes,56.0,2033-11-04,Permanent contract,10243.0,448,Yes,0,,NA,1,Created
5991,2011-01-01,5991,Male,43,1968-08-02,0.00103,Single,0,,,Yes,24.0,,Permanent contract,34356.0,352735,No,0,,NA,1,Created
5992,2011-01-01,5992,Male,65,1946-02-05,0.01141,Married,1170,,2025-12-18,Yes,,,Entrepreneur without personnel,44700.0,849,No,1,,NA,1,Created
16848,2011-02-05,5992,Male,66,1946-02-05,0.01141,Married,1170,,2025-12-18,Yes,,,Retired,31289.999999999996,849,No,1,,NA,1,Life event: Retired
5993,2011-01-01,5993,Male,51,1960-04-20,0.00301,Divorced,0,,,No,,,Permanent contract,14605.0,9591,Yes,0,,NA,1,Created
5994,2011-01-01,5994,Female,77,1934-03-13,0.0259,Widowed,0,,,No,,,Retired,32071.0,336903,No,0,,NA,1,Created
5995,2011-01-01,5995,Male,17,1994-07-19,0.00022999999999999998,Single,0,,,Yes,58.0,2052-08-31,Child,0.0,0,Yes,0,,NA,1,Created
17677,2011-07-19,5995,Male,18,1994-07-19,0.00022999999999999998,Single,0,,,No,,,Entrepreneur with personel,95365.0,-4096,Yes,0,,NA,1,Life event: Adulthood
5996,2011-01-01,5996,Male,40,1971-12-18,0.0009400000000000001,Single,0,,,Yes,33.0,,Entrepreneur without personnel,14951.0,241424,No,0,,NA,1,Created
5997,2011-01-01,5997,Female,0,2011-08-09,0.0028899999999999998,Single,0,,,No,,,Child,0.0,0,No,0,34.0,2045-06-23,1,Created
5998,2011-01-01,5998,Female,91,1920-11-02,0.14715,Widowed,0,,,No,,,Retired,19549.0,117913,No,0,,NA,1,Created
5999,2011-01-01,5999,Female,70,1941-07-23,0.01252,Single,0,,,No,,,Retired,25425.0,157948,No,0,,NA,1,Created
6000,2011-01-01,6000,Male,6,2005-06-08,5.9999999999999995e-05,Single,0,,,Yes,35.0,2040-08-06,Child,0.0,0,Yes,0,,NA,1,Created
6001,2011-01-01,6001,Female,35,1976-04-12,0.00033999999999999997,Single,0,,,No,,,Entrepreneur without personnel,3822.0,345142,Yes,0,,NA,1,Created
6002,2011-01-01,6002,Female,1,2010-02-08,0.00033999999999999997,Single,0,,,Yes,31.0,2041-02-23,Child,0.0,0,No,0,30.0,2040-01-02,1,Created
6003,2011-01-01,6003,Male,15,1996-09-10,0.00015,Single,0,,,No,,,Child,0.0,0,No,0,,NA,1,Created
6004,2011-01-01,6004,Male,53,1958-04-13,0.0033299999999999996,Married,1171,,2017-10-10,Yes,,,Permanent contract,16505.0,586,Yes,3,,NA,1,Created
6005,2011-01-01,6005,Male,0,2011-08-28,0.0036200000000000004,Single,0,,,Yes,46.0,2057-02-25,Child,0.0,0,No,0,,NA,1,Created
6006,2011-01-01,6006,Female,44,1967-04-10,0.00107,Married,1210,,2054-04-03,No,,,Entrepreneur without personnel,6051.0,34692,Yes,2,,NA,1,Created
6007,2011-01-01,6007,Male,24,1987-06-22,0.00047999999999999996,Single,0,,,No,,,Unemployed,15343.0,-39124,No,0,,NA,1,Created
6008,2011-01-01,6008,Female,65,1946-01-11,0.007559999999999999,Widowed,0,,,Yes,,,Permanent contract,11732.0,-35637,No,0,,NA,1,Created
16717,2011-01-11,6008,Female,66,1946-01-11,0.007559999999999999,Widowed,0,,,Yes,,,Retired,8212.4,-35637,No,0,,NA,1,Life event: Retired
6009,2011-01-01,6009,Female,50,1961-01-17,0.00225,Married,1211,,2062-08-14,No,,,Flexible contract,27900.0,32718,No,3,,NA,1,Created
17136,2011-03-28,6009,Female,51,1961-01-17,0.00225,Widowed,1211,,2062-08-14,No,,,Flexible contract,27900.0,32718,No,3,,NA,1,Life event: Widowed
6010,2011-01-01,6010,Male,47,1964-06-24,0.00186,Divorced,0,,,Yes,,,Permanent contract,48791.0,4660465,No,0,,NA,1,Created
6011,2011-01-01,6011,Male,46,1965-10-04,0.00172,Single,0,,,No,,,Permanent contract,37347.0,98758,Yes,0,,NA,1,Created
6012,2011-01-01,6012,Male,3,2008-10-07,0.0002,Single,0,,,Yes,20.0,2028-10-24,Child,0.0,0,Yes,0,,NA,1,Created
6013,2011-01-01,6013,Female,66,1945-06-04,0.009040000000000001,Married,1212,,2029-06-28,No,,,Permanent contract,39909.0,-25703,Yes,2,,NA,1,Created
17454,2011-06-04,6013,Female,67,1945-06-04,0.009040000000000001,Married,1212,,2029-06-28,No,,,Retired,27936.3,-25703,Yes,2,,NA,1,Life event: Retired
6014,2011-01-01,6014,Male,43,1968-09-08,0.00103,Married,1172,,2033-03-10,No,,,Permanent contract,33279.0,-25905,No,1,,NA,1,Created
6015,2011-01-01,6015,Female,8,2003-02-15,2.9999999999999997e-05,Single,0,,,Yes,21.0,2024-12-06,Child,0.0,0,Yes,0,29.0,2032-10-22,1,Created
6016,2011-01-01,6016,Male,35,1976-05-06,0.00055,Married,1173,,2072-01-24,No,,,Permanent contract,138758.0,-1390,No,2,,NA,1,Created
6017,2011-01-01,6017,Female,29,1982-03-02,0.00032,Single,0,,,No,,,Permanent contract,1815.0,1583,Yes,0,43.0,2025-08-18,1,Created
6018,2011-01-01,6018,Female,9,2002-05-13,2.9999999999999997e-05,Single,0,,,Yes,43.0,2045-10-24,Child,0.0,0,Yes,0,36.0,2038-02-19,1,Created
6019,2011-01-01,6019,Male,10,2001-05-08,0.00011999999999999999,Single,0,,,No,,,Child,0.0,0,Yes,0,,NA,1,Created
6020,2011-01-01,6020,Female,0,2011-01-06,0.0028899999999999998,Single,0,,,Yes,45.0,2056-09-02,Child,0.0,0,No,0,30.0,2041-02-01,1,Created
6021,2011-01-01,6021,Male,50,1961-11-03,0.00257,Single,0,,,Yes,43.0,,Permanent contract,37854.0,241227,No,0,,NA,1,Created
6022,2011-01-01,6022,Female,44,1967-10-17,0.00107,Single,0,,,No,,,Entrepreneur without personnel,1916.0,108559,Yes,0,,NA,1,Created
6023,2011-01-01,6023,Female,14,1997-09-08,9e-05,Single,0,,,Yes,35.0,2032-01-06,Child,0.0,0,No,0,30.0,2027-11-24,1,Created
6024,2011-01-01,6024,Male,37,1974-03-03,0.00082,Single,0,,,Yes,34.0,,Permanent contract,26669.0,16142,No,0,,NA,1,Created
6025,2011-01-01,6025,Female,74,1937-02-23,0.0185,Widowed,0,,,Yes,,,Retired,5930.0,-17390,Yes,0,,NA,1,Created
6026,2011-01-01,6026,Female,18,1993-03-01,0.00023999999999999998,Single,0,,,No,,,Permanent contract,6270.0,-49869,Yes,0,42.0,2035-11-22,1,Created
6027,2011-01-01,6027,Female,35,1976-02-20,0.00033999999999999997,Single,0,,,Yes,38.0,2014-12-18,Unemployed,9358.0,174742,Yes,0,,NA,1,Created
6028,2011-01-01,6028,Male,61,1950-12-30,0.00747,Divorced,0,,,No,,,Entrepreneur without personnel,196542.0,414855,Yes,0,,NA,1,Created
6029,2011-01-01,6029,Male,65,1946-08-27,0.01141,Married,1174,,2019-02-01,No,,,Permanent contract,26297.0,-23278,No,1,,NA,1,Created
17865,2011-08-27,6029,Male,66,1946-08-27,0.01141,Married,1174,,2019-02-01,No,,,Retired,18407.899999999998,-23278,No,1,,NA,1,Life event: Retired
6030,2011-01-01,6030,Male,57,1954-05-10,0.00572,Married,1175,,2059-12-19,Yes,,,Flexible contract,17295.0,493,No,2,,NA,1,Created
6031,2011-01-01,6031,Male,7,2004-05-03,9e-05,Single,0,,,Yes,43.0,2047-02-22,Child,0.0,0,Yes,0,,NA,1,Created
6032,2011-01-01,6032,Female,10,2001-01-21,0.0001,Single,0,,,Yes,41.0,2042-03-19,Child,0.0,0,No,0,35.0,2036-05-30,1,Created
6033,2011-01-01,6033,Female,66,1945-12-07,0.009040000000000001,Married,1213,,2043-07-21,Yes,,,Permanent contract,82306.0,30685,Yes,2,,NA,1,Created
18270,2011-12-07,6033,Female,67,1945-12-07,0.009040000000000001,Married,1213,,2043-07-21,Yes,,,Retired,57614.2,30685,Yes,2,,NA,1,Life event: Retired
6034,2011-01-01,6034,Male,67,1944-11-07,0.01396,Married,1176,,2036-01-10,Yes,,,Permanent contract,4024.0,132543,Yes,1,,NA,1,Created
18140,2011-11-07,6034,Male,68,1944-11-07,0.01396,Married,1176,,2036-01-10,Yes,,,Retired,2816.7999999999997,132543,Yes,1,,NA,1,Life event: Retired
6035,2011-01-01,6035,Male,24,1987-07-24,0.00047999999999999996,Single,0,,,Yes,55.0,2042-04-25,Permanent contract,24369.0,1357,No,0,,NA,1,Created
6036,2011-01-01,6036,Male,3,2008-11-26,0.0002,Single,0,,,Yes,32.0,2040-07-06,Child,0.0,0,Yes,0,,NA,1,Created
6037,2011-01-01,6037,Male,56,1955-04-13,0.0052,Married,1177,,2063-10-19,Yes,,,Permanent contract,26925.0,56348,No,2,,NA,1,Created
6038,2011-01-01,6038,Female,31,1980-10-10,0.00029,Single,0,,,No,,,Entrepreneur with personel,31071.0,140618,Yes,0,35.0,2015-08-25,1,Created
6039,2011-01-01,6039,Female,1,2010-08-13,0.00033999999999999997,Single,0,,,Yes,29.0,2039-09-07,Child,0.0,0,No,0,30.0,2040-09-16,1,Created
6040,2011-01-01,6040,Male,3,2008-12-26,0.0002,Single,0,,,Yes,61.0,2069-03-08,Child,0.0,0,Yes,0,,NA,1,Created
6041,2011-01-01,6041,Female,82,1929-03-09,0.0493,Widowed,0,,,No,,,Retired,14763.0,344809,No,0,,NA,1,Created
6042,2011-01-01,6042,Male,55,1956-06-29,0.00419,Married,1178,,2031-07-20,No,,,Permanent contract,92324.0,520410,Yes,2,,NA,1,Created
6043,2011-01-01,6043,Female,26,1985-12-12,1.0,Married,1214,,2052-12-10,Yes,,,Entrepreneur without personnel,12743.0,-1212,No,1,27.0,2012-03-26,1,Created
18620,2012-03-26,6043,Female,27,1985-12-12,1.0,Married,1214,,2052-12-10,Yes,,,Entrepreneur without personnel,12743.0,-1212,No,1,27,2012-03-26,1,Life event: Children born
19039,2012-08-26,6043,Female,27,1985-12-12,1.0,Married,1214,,2052-12-10,Yes,,,Entrepreneur without personnel,12743.0,-1212,No,1,27,2012-03-26,0,Life event: Deceased
6044,2011-01-01,6044,Male,44,1967-12-18,0.0013599999999999999,Divorced,0,,,Yes,,,Entrepreneur without personnel,66849.0,-2224,No,0,,NA,1,Created
6045,2011-01-01,6045,Male,22,1989-10-01,0.00041,Single,0,,,Yes,27.0,2016-03-08,Permanent contract,38741.0,6207,Yes,0,,NA,1,Created
6046,2011-01-01,6046,Female,72,1939-06-15,0.01411,Single,0,,,No,,,Retired,55.0,36661,Yes,0,,NA,1,Created
6047,2011-01-01,6047,Male,28,1983-09-15,0.00045,Single,0,,,Yes,51.0,2034-04-03,Permanent contract,29896.0,25430,Yes,0,,NA,1,Created
6048,2011-01-01,6048,Female,12,1999-11-26,5e-05,Single,0,,,No,,,Child,0.0,0,Yes,0,38.0,2037-02-09,1,Created
6049,2011-01-01,6049,Female,46,1965-09-26,0.00134,Divorced,0,,,No,,,Permanent contract,525.0,77190,No,0,,NA,1,Created
6050,2011-01-01,6050,Female,27,1984-08-29,0.00025,Single,0,,,No,,,Permanent contract,3979.0,18712,No,0,40.0,2024-03-11,1,Created
6051,2011-01-01,6051,Female,4,2007-11-13,5.9999999999999995e-05,Single,0,,,Yes,27.0,2034-12-03,Child,0.0,0,Yes,0,29.0,2036-03-24,1,Created
6052,2011-01-01,6052,Female,43,1968-12-14,0.0009699999999999999,Married,1215,,2034-06-19,Yes,,,Permanent contract,8.0,411276,No,2,,NA,1,Created
6053,2011-01-01,6053,Female,17,1994-03-03,0.0001,Single,0,,,No,,,Child,0.0,0,No,0,29.0,2023-10-18,1,Created
17013,2011-03-03,6053,Female,18,1994-03-03,0.0001,Single,0,,,No,,,Permanent contract,81814.0,109468,No,0,29,2023-10-18,1,Life event: Adulthood
6054,2011-01-01,6054,Male,55,1956-07-06,0.00419,Married,1179,,2040-10-29,Yes,,,Entrepreneur without personnel,41680.0,2945517,No,2,,NA,1,Created
6055,2011-01-01,6055,Female,37,1974-04-03,0.00057,Married,1216,,2054-08-29,Yes,,,Permanent contract,31909.0,21925,Yes,3,,NA,1,Created
6056,2011-01-01,6056,Male,8,2003-06-24,9e-05,Single,0,,,No,,,Child,0.0,0,No,0,,NA,1,Created
6057,2011-01-01,6057,Male,6,2005-05-06,5.9999999999999995e-05,Single,0,,,Yes,41.0,2046-03-31,Child,0.0,0,Yes,0,,NA,1,Created
6058,2011-01-01,6058,Female,38,1973-10-16,0.00063,Single,0,,,No,,,Permanent contract,16325.0,57551,Yes,0,41.0,2014-01-21,1,Created
6059,2011-01-01,6059,Male,27,1984-04-30,0.00044,Single,0,,,No,,,Permanent contract,61103.0,-20736,No,0,,NA,1,Created
6060,2011-01-01,6060,Female,36,1975-02-04,0.00049,Married,1217,,2068-08-24,No,,,Permanent contract,75373.0,83905,Yes,2,39.0,2014-02-17,1,Created
6061,2011-01-01,6061,Female,40,1971-07-21,0.0006900000000000001,Married,1218,,2015-08-11,No,,,Permanent contract,36585.0,133872,Yes,1,,NA,1,Created
6062,2011-01-01,6062,Male,9,2002-04-06,0.00014,Single,0,,,Yes,39.0,2041-05-23,Child,0.0,0,No,0,,NA,1,Created
6063,2011-01-01,6063,Female,32,1979-03-08,0.00041,Single,0,,,No,,,Permanent contract,6471.0,16987,Yes,0,34.0,2013-01-28,1,Created
6064,2011-01-01,6064,Female,51,1960-05-17,0.0023899999999999998,Married,1219,,2043-02-04,Yes,,,Flexible contract,48767.0,-43867,Yes,3,,NA,1,Created
6065,2011-01-01,6065,Male,22,1989-06-02,0.00041,Single,0,,,Yes,35.0,2024-05-09,Permanent contract,11468.0,73849,Yes,0,,NA,1,Created
6066,2011-01-01,6066,Male,20,1991-09-11,0.00045,Single,0,,,Yes,61.0,2052-05-19,Permanent contract,20604.0,6006,No,0,,NA,1,Created
6067,2011-01-01,6067,Female,55,1956-04-12,0.00372,Married,1220,,2046-07-24,Yes,,,Permanent contract,747.0,-4534,Yes,2,,NA,1,Created
6068,2011-01-01,6068,Male,5,2006-02-15,9e-05,Single,0,,,Yes,61.0,2067-11-21,Child,0.0,0,No,0,,NA,1,Created
6069,2011-01-01,6069,Male,24,1987-05-09,0.00047999999999999996,Single,0,,,Yes,64.0,2051-07-22,Permanent contract,30625.0,117125,No,0,,NA,1,Created
6070,2011-01-01,6070,Male,40,1971-02-27,0.0009400000000000001,Single,0,,,No,,,Permanent contract,33945.0,719,Yes,0,,NA,1,Created
6071,2011-01-01,6071,Male,17,1994-06-19,0.00022999999999999998,Single,0,,,No,,,Child,0.0,0,No,0,,NA,1,Created
17534,2011-06-19,6071,Male,18,1994-06-19,0.00022999999999999998,Single,0,,,No,,,Permanent contract,53814.0,-22328,No,0,,NA,1,Life event: Adulthood
6072,2011-01-01,6072,Female,26,1985-06-23,1.0,Married,1221,,2013-05-24,Yes,,,Flexible contract,13520.0,340246,Yes,3,36.0,2021-11-01,1,Created
16774,2011-01-21,6072,Female,26,1985-06-23,1.0,Married,1221,,2013-05-24,Yes,,,Flexible contract,13520.0,340246,Yes,3,36,2021-11-01,0,Life event: Deceased
6073,2011-01-01,6073,Female,58,1953-09-21,0.00448,Married,1222,,2027-08-29,No,,,Entrepreneur without personnel,14684.0,44984,No,1,,NA,1,Created
6074,2011-01-01,6074,Male,63,1948-03-14,0.00945,Divorced,0,,,Yes,,,Permanent contract,32065.0,86104,Yes,0,,NA,1,Created
18587,2012-03-14,6074,Male,65,1948-03-14,0.00945,Divorced,0,,,Yes,,,Retired,22445.5,86104,Yes,0,,NA,1,Life event: Retired
6075,2011-01-01,6075,Female,43,1968-12-20,0.0009699999999999999,Single,0,,,Yes,20.0,,Permanent contract,1567.0,22847,No,0,,NA,1,Created
6076,2011-01-01,6076,Male,42,1969-11-12,0.00128,Married,1180,,2042-05-27,Yes,,,Permanent contract,17608.0,469338,Yes,2,,NA,1,Created
6077,2011-01-01,6077,Female,61,1950-09-21,0.00562,Divorced,0,,,Yes,,,Permanent contract,19211.0,163187,No,0,,NA,1,Created
6078,2011-01-01,6078,Female,28,1983-05-03,0.00025,Single,0,,,No,,,Permanent contract,6451.0,646846,Yes,0,36.0,2019-05-28,1,Created
6079,2011-01-01,6079,Female,3,2008-02-07,0.00013000000000000002,Single,0,,,Yes,20.0,2028-03-15,Child,0.0,0,Yes,0,28.0,2036-04-10,1,Created
6080,2011-01-01,6080,Female,22,1989-09-09,0.00023999999999999998,Single,0,,,No,,,Flexible contract,19223.0,45482,Yes,0,38.0,2027-12-05,1,Created
6081,2011-01-01,6081,Male,49,1962-03-12,0.00242,Married,1181,,2055-01-29,Yes,,,Permanent contract,20898.0,87105,Yes,2,,NA,1,Created
6082,2011-01-01,6082,Female,70,1941-02-16,0.01252,Married,1223,,2040-05-29,Yes,,,Retired,46552.0,170764,No,2,,NA,1,Created
6083,2011-01-01,6083,Male,80,1931-09-29,0.05987000000000001,Married,1182,,2034-10-17,No,,,Retired,77798.0,598,Yes,2,,NA,1,Created
6084,2011-01-01,6084,Female,57,1954-02-15,0.00387,Married,1224,,2024-01-12,Yes,,,Permanent contract,38118.0,16699,No,1,,NA,1,Created
6085,2011-01-01,6085,Female,33,1978-04-25,0.00035,Single,0,,,No,,,Flexible contract,74354.0,67160,No,0,,NA,1,Created
6086,2011-01-01,6086,Male,54,1957-12-10,0.00404,Widowed,0,,,Yes,,,Permanent contract,19676.0,376118,No,0,,NA,1,Created
6087,2011-01-01,6087,Male,29,1982-12-21,0.0005200000000000001,Single,0,,,Yes,30.0,2012-08-31,Permanent contract,34679.0,2708,No,0,,NA,1,Created
19058,2012-08-31,6087,Male,30,1982-12-21,0.0005200000000000001,Married,3493,50,2062-01-21,Yes,30,2012-08-31,Permanent contract,34679.0,2708,No,0,,NA,1,Life event: Married
6088,2011-01-01,6088,Male,40,1971-09-25,0.0009400000000000001,Divorced,0,,,Yes,,,Permanent contract,44186.0,254590,Yes,0,,NA,1,Created
6089,2011-01-01,6089,Female,3,2008-09-07,0.00013000000000000002,Single,0,,,Yes,35.0,2043-07-04,Child,0.0,0,Yes,0,39.0,2047-01-06,1,Created
6090,2011-01-01,6090,Male,70,1941-05-27,0.01932,Married,1183,,2017-12-15,Yes,,,Retired,10839.0,-460,No,2,,NA,1,Created
6091,2011-01-01,6091,Female,2,2009-08-01,0.00015,Single,0,,,No,,,Child,0.0,0,No,0,39.0,2048-07-24,1,Created
6092,2011-01-01,6092,Male,4,2007-06-27,0.00011,Single,0,,,No,,,Child,0.0,0,Yes,0,,NA,1,Created
6093,2011-01-01,6093,Female,54,1957-05-22,0.00313,Widowed,0,,,No,,,Permanent contract,17423.0,242763,Yes,0,,NA,1,Created
6094,2011-01-01,6094,Male,47,1964-11-07,0.00186,Divorced,0,,,Yes,,,Permanent contract,18107.0,337315,Yes,0,,NA,1,Created
6095,2011-01-01,6095,Female,8,2003-01-29,2.9999999999999997e-05,Single,0,,,Yes,22.0,2025-07-30,Child,0.0,0,No,0,29.0,2032-07-01,1,Created
6096,2011-01-01,6096,Female,41,1970-12-24,0.0007700000000000001,Married,1225,,2049-02-06,Yes,,,Flexible contract,61178.0,232467,Yes,3,,NA,1,Created
6097,2011-01-01,6097,Female,105,1906-11-18,1.0,Widowed,0,,,No,,,Retired,13890.0,141484,Yes,0,,NA,1,Created
19204,2012-10-30,6097,Female,106,1906-11-18,1.0,Widowed,0,,,No,,,Retired,13890.0,141484,Yes,0,,NA,0,Life event: Deceased
6098,2011-01-01,6098,Female,35,1976-07-08,0.00033999999999999997,Single,0,,,Yes,21.0,,Permanent contract,37111.0,6874,No,0,,NA,1,Created
6099,2011-01-01,6099,Male,50,1961-03-05,0.00257,Married,1184,,2021-12-01,No,,,Flexible contract,1382.0,88190,Yes,2,,NA,1,Created
6100,2011-01-01,6100,Male,28,1983-10-15,0.00045,Married,1185,,2030-04-21,No,,,Permanent contract,2422.0,857,No,3,,NA,1,Created
6101,2011-01-01,6101,Female,43,1968-01-10,0.0009699999999999999,Married,1226,,2011-11-22,No,,,Permanent contract,852.0,125188,Yes,2,,NA,1,Created
18209,2011-11-22,6101,Female,44,1968-01-10,0.0009699999999999999,Divorced,1226,,2011-11-22,No,,,Permanent contract,852.0,125188,Yes,2,,NA,1,Life event: Divorced
6102,2011-01-01,6102,Male,21,1990-04-04,0.00045,Single,0,,,Yes,37.0,2027-07-19,Permanent contract,814.0,325344,Yes,0,,NA,1,Created
6103,2011-01-01,6103,Female,65,1946-11-14,0.007559999999999999,Married,1227,,2028-10-24,Yes,,,Permanent contract,27549.0,70306,No,2,,NA,1,Created
18180,2011-11-14,6103,Female,66,1946-11-14,0.007559999999999999,Married,1227,,2028-10-24,Yes,,,Retired,19284.3,70306,No,2,,NA,1,Life event: Retired
6104,2011-01-01,6104,Male,103,1908-10-06,1.0,Widowed,0,,,Yes,,,Retired,45749.0,13577,Yes,0,,NA,1,Created
6105,2011-01-01,6105,Male,34,1977-03-15,0.00067,Single,0,,,No,,,Flexible contract,10350.0,14816,No,0,,NA,1,Created
6106,2011-01-01,6106,Female,102,1909-06-07,1.0,Widowed,0,,,Yes,,,Retired,86772.0,-9707,Yes,0,,NA,1,Created
16849,2011-02-05,6106,Female,102,1909-06-07,1.0,Widowed,0,,,Yes,,,Retired,86772.0,-9707,Yes,0,,NA,0,Life event: Deceased
6107,2011-01-01,6107,Male,22,1989-02-05,0.00041,Single,0,,,Yes,44.0,2033-08-01,Permanent contract,20514.0,3377,No,0,,NA,1,Created
6108,2011-01-01,6108,Female,9,2002-11-28,2.9999999999999997e-05,Single,0,,,Yes,27.0,2029-12-12,Child,0.0,0,Yes,0,34.0,2036-07-18,1,Created
6109,2011-01-01,6109,Female,52,1959-12-28,0.00268,Married,1228,,2034-01-14,No,,,Permanent contract,24557.0,111568,Yes,3,,NA,1,Created
6110,2011-01-01,6110,Male,37,1974-02-11,0.00082,Single,0,,,Yes,23.0,,Flexible contract,49899.0,433576,Yes,0,,NA,1,Created
6111,2011-01-01,6111,Female,5,2006-02-20,4e-05,Single,0,,,Yes,32.0,2038-02-24,Child,0.0,0,No,0,33.0,2039-04-05,1,Created
6112,2011-01-01,6112,Female,50,1961-07-07,0.00225,Married,1229,,2055-06-02,No,,,Permanent contract,15779.0,913452,Yes,1,,NA,1,Created
6113,2011-01-01,6113,Female,3,2008-11-17,0.00013000000000000002,Single,0,,,No,,,Child,0.0,0,No,0,34.0,2042-07-06,1,Created
6114,2011-01-01,6114,Male,27,1984-03-18,0.00044,Single,0,,,Yes,32.0,2016-11-10,Permanent contract,6443.0,357813,Yes,0,,NA,1,Created
6115,2011-01-01,6115,Male,69,1942-12-31,0.01804,Married,1186,,2063-12-31,No,,,Retired,40607.0,609,Yes,1,,NA,1,Created
6116,2011-01-01,6116,Male,40,1971-12-10,0.0009400000000000001,Married,1187,,2054-06-27,No,,,Permanent contract,12689.0,78451,Yes,3,,NA,1,Created
6117,2011-01-01,6117,Male,47,1964-12-02,0.00186,Married,1188,,2050-06-24,Yes,,,Permanent contract,29559.0,35206,Yes,2,,NA,1,Created
6118,2011-01-01,6118,Female,51,1960-01-07,0.0023899999999999998,Married,1230,,2013-06-08,Yes,,,Permanent contract,14966.0,34414,Yes,1,,NA,1,Created
6119,2011-01-01,6119,Male,62,1949-06-09,0.008409999999999999,Married,1189,,2032-11-16,Yes,,,Permanent contract,4221.0,-18864,Yes,3,,NA,1,Created
6120,2011-01-01,6120,Female,63,1948-06-19,0.00672,Married,1231,,2044-10-22,No,,,Permanent contract,20625.0,285126,Yes,1,,NA,1,Created
18859,2012-06-19,6120,Female,65,1948-06-19,0.00672,Married,1231,,2044-10-22,No,,,Retired,14437.499999999998,285126,Yes,1,,NA,1,Life event: Retired
6121,2011-01-01,6121,Male,20,1991-04-21,0.00045,Single,0,,,No,,,Permanent contract,21916.0,633843,Yes,0,,NA,1,Created
6122,2011-01-01,6122,Male,63,1948-04-16,0.00945,Married,1190,,2059-12-18,Yes,,,Permanent contract,21146.0,56599,No,3,,NA,1,Created
18677,2012-04-16,6122,Male,65,1948-04-16,0.00945,Married,1190,,2059-12-18,Yes,,,Retired,14802.199999999999,56599,No,3,,NA,1,Life event: Retired
6123,2011-01-01,6123,Female,45,1966-08-12,0.00134,Divorced,0,,,Yes,,,Permanent contract,19113.0,-36576,No,0,,NA,1,Created
6124,2011-01-01,6124,Female,71,1940-05-13,0.013009999999999999,Married,1232,,2026-12-13,No,,,Retired,1964.0,71897,Yes,2,,NA,1,Created
6125,2011-01-01,6125,Male,75,1936-01-05,0.033710000000000004,Married,1191,,2045-07-15,Yes,,,Retired,2295.0,68482,Yes,1,,NA,1,Created
6126,2011-01-01,6126,Female,27,1984-03-11,0.00025,Single,0,,,No,,,Permanent contract,16912.0,127234,Yes,0,30.0,2014-05-24,1,Created
6127,2011-01-01,6127,Female,97,1914-05-14,0.27028,Widowed,0,,,No,,,Retired,12122.0,129829,Yes,0,,NA,1,Created
6128,2011-01-01,6128,Female,83,1928-03-09,0.057,Married,1233,,2011-11-23,No,,,Retired,34309.0,-16129,No,2,,NA,1,Created
17477,2011-06-09,6128,Female,84,1928-03-09,0.057,Married,1233,,2011-11-23,No,,,Retired,34309.0,-16129,No,2,,NA,0,Life event: Deceased
6129,2011-01-01,6129,Male,41,1970-09-19,0.0008900000000000001,Single,0,,,No,,,Permanent contract,26582.0,-37298,Yes,0,,NA,1,Created
6130,2011-01-01,6130,Female,1,2010-06-24,0.00033999999999999997,Single,0,,,No,,,Child,0.0,0,Yes,0,31.0,2041-04-12,1,Created
6131,2011-01-01,6131,Female,19,1992-05-08,0.00014,Single,0,,,Yes,49.0,2041-06-21,Permanent contract,15969.0,33247,No,0,33.0,2025-04-07,1,Created
6132,2011-01-01,6132,Male,26,1985-05-02,1.0,Single,0,,,No,,,Permanent contract,15043.0,169306,No,0,,NA,1,Created
17600,2011-07-03,6132,Male,27,1985-05-02,1.0,Single,0,,,No,,,Permanent contract,15043.0,169306,No,0,,NA,0,Life event: Deceased
6133,2011-01-01,6133,Male,80,1931-01-18,0.05987000000000001,Married,1192,,2050-08-21,No,,,Retired,46240.0,112685,No,1,,NA,1,Created
6134,2011-01-01,6134,Male,64,1947-01-02,0.01097,Married,1193,,2034-04-29,No,,,Permanent contract,19620.0,226612,No,2,,NA,1,Created
16660,2011-01-02,6134,Male,65,1947-01-02,0.01097,Married,1193,,2034-04-29,No,,,Retired,13734.0,226612,No,2,,NA,1,Life event: Retired
6135,2011-01-01,6135,Female,66,1945-03-17,0.009040000000000001,Married,1234,,2018-06-10,Yes,,,Permanent contract,48991.0,197614,No,3,,NA,1,Created
17079,2011-03-17,6135,Female,67,1945-03-17,0.009040000000000001,Married,1234,,2018-06-10,Yes,,,Retired,34293.7,197614,No,3,,NA,1,Life event: Retired
6136,2011-01-01,6136,Female,72,1939-03-17,0.01411,Divorced,0,,,No,,,Retired,3204.0,121031,Yes,0,,NA,1,Created
6137,2011-01-01,6137,Male,27,1984-08-27,0.00044,Single,0,,,No,,,Permanent contract,34667.0,85250,Yes,0,,NA,1,Created
6138,2011-01-01,6138,Male,37,1974-01-10,0.00082,Married,1194,,2048-01-02,No,,,Flexible contract,23503.0,265083,Yes,3,,NA,1,Created
6139,2011-01-01,6139,Male,72,1939-04-24,0.02384,Married,1195,,2042-04-20,Yes,,,Retired,40810.0,106034,Yes,1,,NA,1,Created
17947,2011-09-19,6139,Male,73,1939-04-24,0.02384,Married,1195,,2042-04-20,Yes,,,Retired,40810.0,106034,Yes,1,,NA,0,Life event: Deceased
6140,2011-01-01,6140,Female,39,1972-02-18,0.00074,Married,1235,,2011-07-26,No,,,Flexible contract,1117.0,-48161,No,1,,NA,1,Created
17706,2011-07-26,6140,Female,40,1972-02-18,0.00074,Divorced,1235,,2011-07-26,No,,,Flexible contract,1117.0,-48161,No,1,,NA,1,Life event: Divorced
6141,2011-01-01,6141,Female,67,1944-01-19,0.00974,Married,1236,,2051-11-09,Yes,,,Permanent contract,5488.0,120734,No,1,,NA,1,Created
16764,2011-01-19,6141,Female,68,1944-01-19,0.00974,Married,1236,,2051-11-09,Yes,,,Retired,3841.6,120734,No,1,,NA,1,Life event: Retired
6142,2011-01-01,6142,Female,2,2009-03-15,0.00015,Single,0,,,No,,,Child,0.0,0,Yes,0,26.0,2035-03-02,1,Created
6143,2011-01-01,6143,Female,59,1952-10-08,0.00479,Married,1237,,2030-07-27,Yes,,,Permanent contract,23260.0,185444,Yes,3,,NA,1,Created
6144,2011-01-01,6144,Female,69,1942-06-10,0.0108,Married,1238,,2016-02-05,Yes,,,Retired,46570.0,3042,Yes,2,,NA,1,Created
6145,2011-01-01,6145,Male,54,1957-07-10,0.00404,Married,1196,,2053-10-13,Yes,,,Permanent contract,27536.0,63828,Yes,2,,NA,1,Created
6146,2011-01-01,6146,Male,73,1938-03-20,0.0262,Married,1197,,2031-09-14,No,,,Retired,15589.0,657,No,2,,NA,1,Created
6147,2011-01-01,6147,Male,24,1987-04-23,0.00047999999999999996,Single,0,,,Yes,46.0,2033-10-29,Entrepreneur without personnel,52249.0,444348,Yes,0,,NA,1,Created
6148,2011-01-01,6148,Female,60,1951-05-19,0.00541,Married,1239,,2062-11-06,Yes,,,Flexible contract,2287.0,36649,No,1,,NA,1,Created
6149,2011-01-01,6149,Female,1,2010-10-11,0.00033999999999999997,Single,0,,,Yes,34.0,2044-02-17,Child,0.0,0,Yes,0,31.0,2041-10-25,1,Created
6150,2011-01-01,6150,Female,75,1936-06-03,0.01986,Married,1240,,2014-02-04,No,,,Retired,83268.0,1545,No,1,,NA,1,Created
6151,2011-01-01,6151,Female,77,1934-01-06,0.0259,Married,1241,,2054-08-16,No,,,Retired,34787.0,60449,No,2,,NA,1,Created
6152,2011-01-01,6152,Female,60,1951-09-25,0.00541,Married,1242,,2021-08-14,Yes,,,Permanent contract,22018.0,491049,Yes,2,,NA,1,Created
6153,2011-01-01,6153,Female,65,1946-09-02,0.007559999999999999,Single,0,,,No,,,Permanent contract,77557.0,194,No,0,,NA,1,Created
17884,2011-09-02,6153,Female,66,1946-09-02,0.007559999999999999,Single,0,,,No,,,Retired,54289.899999999994,194,No,0,,NA,1,Life event: Retired
6154,2011-01-01,6154,Male,12,1999-05-16,0.00011,Single,0,,,No,,,Child,0.0,0,No,0,,NA,1,Created
6155,2011-01-01,6155,Female,20,1991-04-20,0.00018,Single,0,,,Yes,56.0,2047-06-09,Permanent contract,44196.0,-29682,Yes,0,33.0,2024-09-27,1,Created
6156,2011-01-01,6156,Male,85,1926-04-30,0.10312,Married,1198,,2024-10-24,Yes,,,Retired,7414.0,30657,Yes,2,,NA,1,Created
6157,2011-01-01,6157,Male,104,1907-06-27,1.0,Single,0,,,No,,,Retired,48895.0,-20336,Yes,0,,NA,1,Created
17993,2011-10-01,6157,Male,105,1907-06-27,1.0,Single,0,,,No,,,Retired,48895.0,-20336,Yes,0,,NA,0,Life event: Deceased
6158,2011-01-01,6158,Male,45,1966-08-24,0.0014199999999999998,Single,0,,,No,,,Permanent contract,3286.0,-3453,Yes,0,,NA,1,Created
6159,2011-01-01,6159,Female,39,1972-02-20,0.00074,Single,0,,,Yes,52.0,2024-07-06,Permanent contract,4272.0,30289,No,0,,NA,1,Created
6160,2011-01-01,6160,Male,22,1989-12-04,0.00041,Married,1199,,2021-10-06,Yes,,,Permanent contract,40573.0,61909,No,2,,NA,1,Created
6161,2011-01-01,6161,Male,51,1960-11-02,0.00301,Divorced,0,,,No,,,Permanent contract,69701.0,-43048,Yes,0,,NA,1,Created
6162,2011-01-01,6162,Female,3,2008-03-05,0.00013000000000000002,Single,0,,,Yes,25.0,2033-12-13,Child,0.0,0,No,0,30.0,2038-04-23,1,Created
6163,2011-01-01,6163,Female,28,1983-07-31,0.00025,Single,0,,,Yes,11.0,,Permanent contract,26777.0,314750,No,0,41.0,2024-08-08,1,Created
6164,2011-01-01,6164,Female,36,1975-04-08,0.00049,Married,1243,,2033-09-06,No,,,Permanent contract,18221.0,145062,Yes,2,,NA,1,Created
6165,2011-01-01,6165,Female,18,1993-07-21,0.00023999999999999998,Single,0,,,Yes,40.0,2033-11-07,Permanent contract,13581.0,572518,Yes,0,30.0,2023-07-20,1,Created
6166,2011-01-01,6166,Female,4,2007-03-22,5.9999999999999995e-05,Single,0,,,No,,,Child,0.0,0,No,0,38.0,2045-12-28,1,Created
6167,2011-01-01,6167,Male,4,2007-02-23,0.00011,Single,0,,,No,,,Child,0.0,0,No,0,,NA,1,Created
6168,2011-01-01,6168,Female,71,1940-02-25,0.013009999999999999,Married,1244,,2046-05-27,Yes,,,Retired,9210.0,41181,No,2,,NA,1,Created
18556,2012-02-27,6168,Female,73,1940-02-25,0.013009999999999999,Married,1244,,2046-05-27,Yes,,,Retired,9210.0,41181,No,2,,NA,0,Life event: Deceased
6169,2011-01-01,6169,Female,38,1973-09-13,0.00063,Married,1245,,2029-11-27,Yes,,,Entrepreneur without personnel,29519.0,302465,Yes,3,,NA,1,Created
6170,2011-01-01,6170,Female,50,1961-02-23,0.00225,Married,1246,,2022-08-08,No,,,Permanent contract,41341.0,278792,Yes,2,,NA,1,Created
6171,2011-01-01,6171,Female,3,2008-08-11,0.00013000000000000002,Single,0,,,No,,,Child,0.0,0,No,0,30.0,2038-10-12,1,Created
6172,2011-01-01,6172,Male,15,1996-09-27,0.00015,Single,0,,,No,,,Child,0.0,0,Yes,0,,NA,1,Created
6173,2011-01-01,6173,Female,45,1966-09-04,0.00134,Divorced,0,,,Yes,,,Permanent contract,183023.0,4559,Yes,0,,NA,1,Created
6174,2011-01-01,6174,Male,34,1977-04-12,0.00067,Single,0,,,Yes,32.0,,Flexible contract,220.0,4987,No,0,,NA,1,Created
6175,2011-01-01,6175,Male,25,1986-12-09,0.00033999999999999997,Single,0,,,No,,,Permanent contract,18327.0,-2483,No,0,,NA,1,Created
6176,2011-01-01,6176,Female,36,1975-08-30,0.00049,Single,0,,,No,,,Permanent contract,11472.0,-40324,No,0,,NA,1,Created
6177,2011-01-01,6177,Male,91,1920-09-04,0.18929,Widowed,0,,,No,,,Retired,3123.0,517199,No,0,,NA,1,Created
18736,2012-05-09,6177,Male,92,1920-09-04,0.18929,Widowed,0,,,No,,,Retired,3123.0,517199,No,0,,NA,0,Life event: Deceased
6178,2011-01-01,6178,Female,24,1987-10-25,0.00018999999999999998,Married,1247,,2014-01-02,No,,,Permanent contract,37324.0,-6522,Yes,2,33.0,2020-10-03,1,Created
6179,2011-01-01,6179,Male,62,1949-05-22,0.008409999999999999,Married,1200,,2041-05-05,Yes,,,Flexible contract,23579.0,423817,Yes,1,,NA,1,Created
6180,2011-01-01,6180,Female,36,1975-11-04,0.00049,Single,0,,,Yes,22.0,,Unemployed,28010.0,1669248,No,0,38.0,2013-01-07,1,Created
6181,2011-01-01,6181,Female,77,1934-09-21,0.0259,Married,1248,,2036-04-29,No,,,Retired,12195.0,411475,Yes,2,,NA,1,Created
6182,2011-01-01,6182,Male,3,2008-04-01,0.0002,Single,0,,,Yes,30.0,2038-11-13,Child,0.0,0,No,0,,NA,1,Created
6183,2011-01-01,6183,Female,43,1968-12-12,0.0009699999999999999,Single,0,,,Yes,46.0,2014-04-25,Unemployed,45040.0,3033,No,0,,NA,1,Created
6184,2011-01-01,6184,Male,26,1985-04-12,1.0,Single,0,,,No,,,Entrepreneur without personnel,5073.0,3021,No,0,,NA,1,Created
17612,2011-07-06,6184,Male,27,1985-04-12,1.0,Single,0,,,No,,,Entrepreneur without personnel,5073.0,3021,No,0,,NA,0,Life event: Deceased
6185,2011-01-01,6185,Female,41,1970-01-03,0.0007700000000000001,Married,1249,,2059-01-22,Yes,,,Permanent contract,58251.0,48230,Yes,1,,NA,1,Created
6186,2011-01-01,6186,Female,56,1955-05-16,0.0041,Divorced,0,,,Yes,,,Flexible contract,97238.0,818726,No,0,,NA,1,Created
6187,2011-01-01,6187,Female,44,1967-03-06,0.00107,Married,1250,,2041-09-21,Yes,,,Permanent contract,25133.0,-2415,No,1,,NA,1,Created
6188,2011-01-01,6188,Male,33,1978-12-18,0.00047999999999999996,Married,1201,,2041-07-01,No,,,Permanent contract,41268.0,3951,No,1,,NA,1,Created
6189,2011-01-01,6189,Female,6,2005-10-13,8e-05,Single,0,,,No,,,Child,0.0,0,Yes,0,43.0,2048-08-05,1,Created
6190,2011-01-01,6190,Female,48,1963-01-24,0.0018800000000000002,Single,0,,,No,,,Unemployed,10749.0,187,No,0,,NA,1,Created
6191,2011-01-01,6191,Female,9,2002-04-15,2.9999999999999997e-05,Single,0,,,Yes,42.0,2044-09-18,Child,0.0,0,No,0,29.0,2031-10-02,1,Created
6192,2011-01-01,6192,Female,30,1981-01-31,0.00027,Married,1251,,2053-05-10,Yes,,,Permanent contract,14717.0,901,Yes,2,33.0,2014-03-04,1,Created
6193,2011-01-01,6193,Female,8,2003-05-29,2.9999999999999997e-05,Single,0,,,No,,,Child,0.0,0,No,0,31.0,2034-09-21,1,Created
6194,2011-01-01,6194,Female,49,1962-07-15,0.00193,Single,0,,,Yes,22.0,,Permanent contract,5368.0,16140,No,0,,NA,1,Created
6195,2011-01-01,6195,Female,59,1952-09-19,0.00479,Single,0,,,No,,,Flexible contract,34767.0,4803,No,0,,NA,1,Created
6196,2011-01-01,6196,Female,102,1909-06-17,1.0,Widowed,0,,,No,,,Retired,46270.0,-3419,Yes,0,,NA,1,Created
17760,2011-08-08,6196,Female,103,1909-06-17,1.0,Widowed,0,,,No,,,Retired,46270.0,-3419,Yes,0,,NA,0,Life event: Deceased
6197,2011-01-01,6197,Male,6,2005-10-04,5.9999999999999995e-05,Single,0,,,No,,,Child,0.0,0,Yes,0,,NA,1,Created
6198,2011-01-01,6198,Male,77,1934-10-25,0.0418,Married,1202,,2011-07-19,No,,,Retired,33347.0,-48862,No,2,,NA,1,Created
17678,2011-07-19,6198,Male,77,1934-10-25,0.0418,Divorced,1202,,2011-07-19,No,,,Retired,33347.0,-48862,No,2,,NA,1,Life event: Divorced
6199,2011-01-01,6199,Male,7,2004-10-07,9e-05,Single,0,,,Yes,25.0,2029-05-17,Child,0.0,0,Yes,0,,NA,1,Created
6200,2011-01-01,6200,Female,70,1941-08-05,0.01252,Married,1252,,2032-12-02,No,,,Retired,45999.0,3930,No,2,,NA,1,Created
6201,2011-01-01,6201,Male,18,1993-11-27,0.00032,Single,0,,,Yes,30.0,2023-07-21,Permanent contract,28084.0,5519,Yes,0,,NA,1,Created
6202,2011-01-01,6202,Female,44,1967-04-16,0.00107,Married,1253,,2042-03-11,Yes,,,Permanent contract,18826.0,148374,No,1,,NA,1,Created
6203,2011-01-01,6203,Female,58,1953-12-12,0.00448,Widowed,0,,,No,,,Permanent contract,26113.0,281927,Yes,0,,NA,1,Created
6204,2011-01-01,6204,Female,22,1989-07-08,0.00023999999999999998,Single,0,,,Yes,30.0,2019-11-01,Permanent contract,22988.0,-32378,No,0,27.0,2016-12-01,1,Created
6205,2011-01-01,6205,Female,30,1981-07-22,0.00027,Married,1254,,2042-07-28,Yes,,,Permanent contract,11763.0,464348,No,2,35.0,2016-11-29,1,Created
6206,2011-01-01,6206,Female,51,1960-06-07,0.0023899999999999998,Married,1255,,2060-08-16,Yes,,,Permanent contract,35038.0,46092,No,3,,NA,1,Created
6207,2011-01-01,6207,Female,57,1954-05-27,0.00387,Married,1256,,2034-08-30,No,,,Permanent contract,17665.0,13435,No,1,,NA,1,Created
6208,2011-01-01,6208,Male,15,1996-12-01,0.00015,Single,0,,,No,,,Child,0.0,0,No,0,,NA,1,Created
6209,2011-01-01,6209,Female,70,1941-07-28,0.01252,Married,1257,,2014-04-04,No,,,Retired,24875.0,43769,Yes,1,,NA,1,Created
6210,2011-01-01,6210,Female,12,1999-05-01,5e-05,Single,0,,,Yes,34.0,2033-02-04,Child,0.0,0,No,0,28.0,2027-05-02,1,Created
6211,2011-01-01,6211,Female,80,1931-02-09,0.03682,Married,1258,,2021-02-23,Yes,,,Retired,33075.0,21023,Yes,2,,NA,1,Created
6212,2011-01-01,6212,Male,73,1938-11-13,0.0262,Married,1203,,2034-03-04,No,,,Retired,733.0,368728,Yes,1,,NA,1,Created
6213,2011-01-01,6213,Male,25,1986-08-15,0.00033999999999999997,Single,0,,,No,,,Permanent contract,78495.0,1118166,No,0,,NA,1,Created
6214,2011-01-01,6214,Female,74,1937-10-05,0.0185,Married,1259,,2032-02-18,No,,,Retired,9208.0,4618506,Yes,2,,NA,1,Created
6215,2011-01-01,6215,Female,63,1948-03-08,0.00672,Married,1260,,2025-11-06,No,,,Permanent contract,45779.0,388288,No,2,,NA,1,Created
18577,2012-03-08,6215,Female,65,1948-03-08,0.00672,Married,1260,,2025-11-06,No,,,Retired,32045.3,388288,No,2,,NA,1,Life event: Retired
6216,2011-01-01,6216,Male,37,1974-07-21,0.00082,Married,1204,,2015-06-12,No,,,Permanent contract,10386.0,141521,No,1,,NA,1,Created
6217,2011-01-01,6217,Female,39,1972-03-22,0.00074,Married,1261,,2015-12-29,Yes,,,Permanent contract,86275.0,2310,No,1,,NA,1,Created
6218,2011-01-01,6218,Male,83,1928-11-29,0.08242999999999999,Widowed,0,,,No,,,Retired,34669.0,69764,Yes,0,,NA,1,Created
6219,2011-01-01,6219,Male,4,2007-03-16,0.00011,Single,0,,,No,,,Child,0.0,0,Yes,0,,NA,1,Created
6220,2011-01-01,6220,Female,33,1978-06-02,0.00035,Divorced,0,,,No,,,Permanent contract,36794.0,-2778,No,0,37.0,2015-07-19,1,Created
6221,2011-01-01,6221,Male,67,1944-12-10,0.01396,Married,1205,,2033-12-02,Yes,,,Unemployed,908.0,193447,Yes,2,,NA,1,Created
18281,2011-12-10,6221,Male,68,1944-12-10,0.01396,Married,1205,,2033-12-02,Yes,,,Retired,635.5999999999999,193447,Yes,2,,NA,1,Life event: Retired
6222,2011-01-01,6222,Female,23,1988-01-05,0.0001,Single,0,,,Yes,21.0,,Permanent contract,38758.0,40696,Yes,0,29.0,2017-10-17,1,Created
6223,2011-01-01,6223,Male,98,1913-03-26,0.33792,Widowed,0,,,Yes,,,Retired,18255.0,195244,No,0,,NA,1,Created
6224,2011-01-01,6224,Female,20,1991-11-16,0.00018,Single,0,,,No,,,Permanent contract,53969.0,451719,No,0,30.0,2021-02-08,1,Created
6225,2011-01-01,6225,Male,63,1948-09-20,0.00945,Married,1206,,2017-02-20,Yes,,,Permanent contract,31643.0,49690,No,1,,NA,1,Created
19111,2012-09-20,6225,Male,65,1948-09-20,0.00945,Married,1206,,2017-02-20,Yes,,,Retired,22150.1,49690,No,1,,NA,1,Life event: Retired
6226,2011-01-01,6226,Male,37,1974-03-24,0.00082,Married,1207,,2026-03-21,No,,,Permanent contract,8115.0,744,Yes,2,,NA,1,Created
6227,2011-01-01,6227,Male,20,1991-05-23,0.00045,Single,0,,,Yes,31.0,2022-06-26,Flexible contract,37351.0,302583,No,0,,NA,1,Created
6228,2011-01-01,6228,Male,36,1975-03-07,0.0006,Single,0,,,No,,,Permanent contract,28372.0,35622,Yes,0,,NA,1,Created
6229,2011-01-01,6229,Male,53,1958-11-05,0.0033299999999999996,Married,1208,,2049-07-06,Yes,,,Unemployed,26908.0,1994,Yes,1,,NA,1,Created
6230,2011-01-01,6230,Female,64,1947-06-13,0.00713,Married,1262,,2051-02-19,Yes,,,Permanent contract,16287.0,3078,No,3,,NA,1,Created
17502,2011-06-13,6230,Female,65,1947-06-13,0.00713,Married,1262,,2051-02-19,Yes,,,Retired,11400.9,3078,No,3,,NA,1,Life event: Retired
6231,2011-01-01,6231,Male,28,1983-03-03,0.00045,Single,0,,,No,,,Permanent contract,13714.0,6771,Yes,0,,NA,1,Created
6232,2011-01-01,6232,Female,28,1983-07-06,0.00025,Single,0,,,Yes,39.0,2022-09-18,Unemployed,6719.0,-4786,Yes,0,38.0,2021-03-05,1,Created
6233,2011-01-01,6233,Male,49,1962-12-16,0.00242,Single,0,,,No,,,Permanent contract,24202.0,457931,No,0,,NA,1,Created
6234,2011-01-01,6234,Female,44,1967-06-03,0.00107,Married,1263,,2057-04-08,Yes,,,Flexible contract,18749.0,341130,Yes,2,,NA,1,Created
6235,2011-01-01,6235,Male,49,1962-10-05,0.00242,Single,0,,,No,,,Permanent contract,22665.0,6816,No,0,,NA,1,Created
6236,2011-01-01,6236,Male,44,1967-02-24,0.0013599999999999999,Married,1209,,2047-07-18,No,,,Permanent contract,10718.0,3406111,Yes,1,,NA,1,Created
6237,2011-01-01,6237,Male,34,1977-10-11,0.00067,Single,0,,,Yes,37.0,2014-08-13,Permanent contract,20280.0,-2976,No,0,,NA,1,Created
6238,2011-01-01,6238,Female,63,1948-10-14,0.00672,Married,1264,,2060-08-21,No,,,Permanent contract,35199.0,2800,No,3,,NA,1,Created
16665,2011-01-03,6238,Female,63,1948-10-14,0.00672,Widowed,1264,,2060-08-21,No,,,Permanent contract,35199.0,2800,No,3,,NA,1,Life event: Widowed
19159,2012-10-14,6238,Female,65,1948-10-14,0.00672,Widowed,1264,,2060-08-21,No,,,Retired,24639.3,2800,No,3,,NA,1,Life event: Retired
6239,2011-01-01,6239,Male,65,1946-05-10,0.01141,Married,1210,,2054-04-03,No,,,Entrepreneur without personnel,26770.0,-4411,Yes,2,,NA,1,Created
17340,2011-05-10,6239,Male,66,1946-05-10,0.01141,Married,1210,,2054-04-03,No,,,Retired,18739.0,-4411,Yes,2,,NA,1,Life event: Retired
6240,2011-01-01,6240,Female,63,1948-09-12,0.00672,Married,1265,,2019-12-13,No,,,Permanent contract,13310.0,3136,Yes,1,,NA,1,Created
19096,2012-09-12,6240,Female,65,1948-09-12,0.00672,Married,1265,,2019-12-13,No,,,Retired,9317.0,3136,Yes,1,,NA,1,Life event: Retired
6241,2011-01-01,6241,Female,6,2005-06-09,8e-05,Single,0,,,Yes,82.0,2087-02-11,Child,0.0,0,Yes,0,29.0,2034-12-08,1,Created
6242,2011-01-01,6242,Male,18,1993-04-29,0.00032,Single,0,,,Yes,25.0,2018-03-29,Entrepreneur without personnel,28742.0,-14437,No,0,,NA,1,Created
6243,2011-01-01,6243,Female,63,1948-10-04,0.00672,Married,1266,,2052-05-23,No,,,Permanent contract,23655.0,152195,Yes,2,,NA,1,Created
19140,2012-10-04,6243,Female,65,1948-10-04,0.00672,Married,1266,,2052-05-23,No,,,Retired,16558.5,152195,Yes,2,,NA,1,Life event: Retired
6244,2011-01-01,6244,Male,22,1989-05-02,0.00041,Single,0,,,No,,,Permanent contract,28157.0,437099,Yes,0,,NA,1,Created
6245,2011-01-01,6245,Female,80,1931-12-16,0.03682,Married,1267,,2050-10-21,Yes,,,Retired,6054.0,195453,Yes,3,,NA,1,Created
19313,2012-12-14,6245,Female,81,1931-12-16,0.03682,Married,1267,,2050-10-21,Yes,,,Retired,6054.0,195453,Yes,3,,NA,0,Life event: Deceased
6246,2011-01-01,6246,Male,14,1997-06-09,0.00014,Single,0,,,No,,,Child,0.0,0,Yes,0,,NA,1,Created
6247,2011-01-01,6247,Female,57,1954-01-18,0.00387,Married,1268,,2015-03-28,No,,,Permanent contract,25632.0,263970,Yes,3,,NA,1,Created
6248,2011-01-01,6248,Female,59,1952-03-02,0.00479,Married,1269,,2031-10-31,Yes,,,Permanent contract,14722.0,932532,Yes,1,,NA,1,Created
6249,2011-01-01,6249,Female,0,2011-11-08,0.0028899999999999998,Single,0,,,No,,,Child,0.0,0,Yes,0,34.0,2045-07-07,1,Created
6250,2011-01-01,6250,Female,2,2009-07-25,0.00015,Single,0,,,Yes,39.0,2048-04-26,Child,0.0,0,No,0,33.0,2042-10-05,1,Created
6251,2011-01-01,6251,Female,37,1974-05-31,0.00057,Single,0,,,Yes,50.0,2024-05-12,Entrepreneur without personnel,48364.0,3397,No,0,40.0,2014-11-09,1,Created
6252,2011-01-01,6252,Female,13,1998-12-05,0.00011999999999999999,Single,0,,,Yes,30.0,2028-01-18,Child,0.0,0,Yes,0,34.0,2032-06-30,1,Created
6253,2011-01-01,6253,Male,25,1986-01-24,0.00033999999999999997,Single,0,,,No,,,Entrepreneur without personnel,3118.0,36330,No,0,,NA,1,Created
6254,2011-01-01,6254,Female,45,1966-04-11,0.00134,Married,1270,,2013-05-15,Yes,,,Flexible contract,24345.0,-15853,Yes,2,,NA,1,Created
6255,2011-01-01,6255,Female,11,2000-02-20,7e-05,Single,0,,,Yes,29.0,2029-05-24,Child,0.0,0,No,0,27.0,2027-01-31,1,Created
6256,2011-01-01,6256,Female,22,1989-02-25,0.00023999999999999998,Single,0,,,No,,,Flexible contract,7821.0,9221,Yes,0,32.0,2021-07-22,1,Created
6257,2011-01-01,6257,Female,64,1947-05-24,0.00713,Married,1271,,2031-05-06,Yes,,,Permanent contract,34037.0,64408,No,3,,NA,1,Created
17412,2011-05-24,6257,Female,65,1947-05-24,0.00713,Married,1271,,2031-05-06,Yes,,,Retired,23825.899999999998,64408,No,3,,NA,1,Life event: Retired
6258,2011-01-01,6258,Male,74,1937-11-26,0.0295,Married,1211,,2062-08-14,No,,,Retired,10394.0,383252,No,3,,NA,1,Created
17135,2011-03-28,6258,Male,74,1937-11-26,0.0295,Married,1211,,2062-08-14,No,,,Retired,10394.0,383252,No,3,,NA,0,Life event: Deceased
6259,2011-01-01,6259,Male,3,2008-05-12,0.0002,Single,0,,,Yes,31.0,2039-10-25,Child,0.0,0,No,0,,NA,1,Created
6260,2011-01-01,6260,Female,53,1958-10-04,0.00312,Married,1272,,2053-09-25,No,,,Permanent contract,26013.0,938,No,2,,NA,1,Created
6261,2011-01-01,6261,Male,38,1973-12-07,0.0009599999999999999,Married,1212,,2029-06-28,No,,,Permanent contract,10619.0,24808,Yes,2,,NA,1,Created
6262,2011-01-01,6262,Female,25,1986-04-02,0.00022999999999999998,Single,0,,,Yes,24.0,,Permanent contract,20930.0,179316,Yes,0,33.0,2019-03-11,1,Created
6263,2011-01-01,6263,Male,22,1989-05-06,0.00041,Married,1213,,2043-07-21,No,,,Entrepreneur without personnel,37158.0,-14665,Yes,2,,NA,1,Created
6264,2011-01-01,6264,Female,58,1953-02-07,0.00448,Single,0,,,No,,,Permanent contract,27976.0,476292,No,0,,NA,1,Created
6265,2011-01-01,6265,Male,60,1951-03-26,0.006840000000000001,Married,1214,,2052-12-10,Yes,,,Permanent contract,192164.0,29520,No,1,,NA,1,Created
19040,2012-08-26,6265,Male,62,1951-03-26,0.006840000000000001,Widowed,1214,,2052-12-10,Yes,,,Permanent contract,192164.0,29520,No,1,,NA,1,Life event: Widowed
6266,2011-01-01,6266,Male,23,1988-04-07,0.00039,Single,0,,,No,,,Permanent contract,23500.0,13526,No,0,,NA,1,Created
6267,2011-01-01,6267,Female,46,1965-12-14,0.00134,Married,1273,,2016-02-23,Yes,,,Permanent contract,16932.0,367,No,1,,NA,1,Created
6268,2011-01-01,6268,Male,38,1973-12-29,0.0009599999999999999,Married,1215,,2034-06-19,Yes,,,Permanent contract,2597.0,136669,No,2,,NA,1,Created
6269,2011-01-01,6269,Male,2,2009-05-16,0.00021,Single,0,,,Yes,30.0,2039-10-08,Child,0.0,0,Yes,0,,NA,1,Created
6270,2011-01-01,6270,Female,40,1971-01-04,0.0006900000000000001,Married,1274,,2046-09-02,No,,,Flexible contract,72792.0,392358,Yes,2,,NA,1,Created
6271,2011-01-01,6271,Male,65,1946-05-16,0.01141,Married,1216,,2054-08-29,Yes,,,Flexible contract,18559.0,14538,Yes,3,,NA,1,Created
17364,2011-05-16,6271,Male,66,1946-05-16,0.01141,Married,1216,,2054-08-29,Yes,,,Retired,12991.3,14538,Yes,3,,NA,1,Life event: Retired
6272,2011-01-01,6272,Male,44,1967-04-09,0.0013599999999999999,Married,1217,,2068-08-24,No,,,Permanent contract,10739.0,3401320,Yes,2,,NA,1,Created
6273,2011-01-01,6273,Female,28,1983-03-29,0.00025,Single,0,,,No,,,Permanent contract,4253.0,355562,No,0,,NA,1,Created
6274,2011-01-01,6274,Male,23,1988-03-13,0.00039,Single,0,,,Yes,32.0,2020-09-07,Entrepreneur without personnel,24952.0,21491,No,0,,NA,1,Created
6275,2011-01-01,6275,Female,67,1944-02-04,0.00974,Married,1275,,2046-05-29,Yes,,,Permanent contract,1812.0,343484,Yes,1,,NA,1,Created
16843,2011-02-04,6275,Female,68,1944-02-04,0.00974,Married,1275,,2046-05-29,Yes,,,Retired,1268.3999999999999,343484,Yes,1,,NA,1,Life event: Retired
6276,2011-01-01,6276,Female,27,1984-05-27,0.00025,Married,1276,,2049-05-12,Yes,,,Unemployed,10262.0,305529,Yes,1,38.0,2022-03-03,1,Created
6277,2011-01-01,6277,Male,78,1933-04-05,0.04668,Widowed,0,,,No,,,Retired,47450.0,442306,No,0,,NA,1,Created
6278,2011-01-01,6278,Male,45,1966-01-20,0.0014199999999999998,Married,1218,,2015-08-11,No,,,Entrepreneur without personnel,4142.0,32267,Yes,1,,NA,1,Created
6279,2011-01-01,6279,Female,27,1984-08-13,0.00025,Single,0,,,Yes,25.0,,Flexible contract,20140.0,109119,Yes,0,31.0,2015-04-24,1,Created
6280,2011-01-01,6280,Male,0,2011-02-10,0.0036200000000000004,Single,0,,,No,,,Child,0.0,0,No,0,,NA,1,Created
6281,2011-01-01,6281,Female,28,1983-06-21,0.00025,Single,0,,,No,,,Permanent contract,14383.0,3309,Yes,0,31.0,2014-03-16,1,Created
6282,2011-01-01,6282,Male,60,1951-04-11,0.006840000000000001,Divorced,0,,,Yes,,,Flexible contract,37216.0,308436,No,0,,NA,1,Created
6283,2011-01-01,6283,Female,19,1992-08-25,0.00014,Single,0,,,Yes,48.0,2040-11-18,Permanent contract,62796.0,184146,Yes,0,30.0,2022-02-05,1,Created
6284,2011-01-01,6284,Female,70,1941-09-29,0.01252,Married,1277,,2043-01-09,No,,,Retired,58501.0,348810,No,3,,NA,1,Created
6285,2011-01-01,6285,Female,33,1978-05-14,0.00035,Single,0,,,No,,,Permanent contract,41723.0,11246,Yes,0,40.0,2018-06-06,1,Created
6286,2011-01-01,6286,Male,89,1922-12-31,0.16272,Widowed,0,,,No,,,Retired,99609.0,255621,Yes,0,,NA,1,Created
6287,2011-01-01,6287,Male,26,1985-12-29,1.0,Single,0,,,No,,,Flexible contract,48044.0,86464,Yes,0,,NA,1,Created
16691,2011-01-07,6287,Male,26,1985-12-29,1.0,Single,0,,,No,,,Flexible contract,48044.0,86464,Yes,0,,NA,0,Life event: Deceased
6288,2011-01-01,6288,Male,57,1954-07-29,0.00572,Married,1219,,2043-02-04,Yes,,,Entrepreneur with personel,15347.0,76,Yes,3,,NA,1,Created
6289,2011-01-01,6289,Female,73,1938-05-19,0.01577,Widowed,0,,,No,,,Retired,19585.0,219696,Yes,0,,NA,1,Created
6290,2011-01-01,6290,Male,64,1947-01-09,0.01097,Married,1220,,2046-07-24,No,,,Unemployed,39142.0,-31086,Yes,2,,NA,1,Created
16705,2011-01-09,6290,Male,65,1947-01-09,0.01097,Married,1220,,2046-07-24,No,,,Retired,27399.399999999998,-31086,Yes,2,,NA,1,Life event: Retired
6291,2011-01-01,6291,Male,21,1990-10-31,0.00045,Single,0,,,Yes,33.0,2023-10-16,Permanent contract,15764.0,-45469,Yes,0,,NA,1,Created
6292,2011-01-01,6292,Female,45,1966-11-05,0.00134,Married,1278,,2022-11-17,No,,,Permanent contract,30070.0,425671,Yes,2,,NA,1,Created
6293,2011-01-01,6293,Male,43,1968-08-07,0.00103,Married,1221,,2013-05-24,Yes,,,Permanent contract,21289.0,205720,Yes,3,,NA,1,Created
16775,2011-01-21,6293,Male,43,1968-08-07,0.00103,Widowed,1221,,2013-05-24,Yes,,,Permanent contract,21289.0,205720,Yes,3,,NA,1,Life event: Widowed
6294,2011-01-01,6294,Female,73,1938-02-20,0.01577,Widowed,0,,,No,,,Retired,85401.0,-17498,No,0,,NA,1,Created
6295,2011-01-01,6295,Female,63,1948-12-01,0.00672,Married,1279,,2055-03-11,Yes,,,Flexible contract,2647.0,559,Yes,2,,NA,1,Created
19285,2012-12-01,6295,Female,65,1948-12-01,0.00672,Married,1279,,2055-03-11,Yes,,,Retired,1852.8999999999999,559,Yes,2,,NA,1,Life event: Retired
6296,2011-01-01,6296,Male,3,2008-02-24,0.0002,Single,0,,,Yes,20.0,2028-12-12,Child,0.0,0,No,0,,NA,1,Created
6297,2011-01-01,6297,Male,13,1998-05-11,0.00014,Single,0,,,Yes,32.0,2030-07-27,Child,0.0,0,Yes,0,,NA,1,Created
6298,2011-01-01,6298,Female,21,1990-05-19,0.00016,Single,0,,,No,,,Permanent contract,12472.0,2935,No,0,36.0,2026-12-26,1,Created
6299,2011-01-01,6299,Male,28,1983-02-09,0.00045,Married,1222,,2027-08-29,Yes,,,Permanent contract,36233.0,26832,No,1,,NA,1,Created
6300,2011-01-01,6300,Female,1,2010-09-24,0.00033999999999999997,Single,0,,,Yes,27.0,2037-08-14,Child,0.0,0,Yes,0,28.0,2038-09-16,1,Created
6301,2011-01-01,6301,Female,0,2011-12-06,0.0028899999999999998,Single,0,,,Yes,41.0,2052-02-05,Child,0.0,0,No,0,37.0,2048-04-21,1,Created
6302,2011-01-01,6302,Female,55,1956-05-31,0.00372,Married,1280,,2041-09-03,Yes,,,Permanent contract,15223.0,-9417,Yes,1,,NA,1,Created
6303,2011-01-01,6303,Male,74,1937-04-29,0.0295,Married,1223,,2040-05-29,Yes,,,Retired,21470.0,-3215,No,2,,NA,1,Created
6304,2011-01-01,6304,Male,24,1987-09-22,0.00047999999999999996,Single,0,,,No,,,Permanent contract,28471.0,3390,No,0,,NA,1,Created
6305,2011-01-01,6305,Male,18,1993-12-10,0.00032,Single,0,,,Yes,32.0,2025-09-20,Permanent contract,29266.0,284256,Yes,0,,NA,1,Created
6306,2011-01-01,6306,Female,67,1944-05-03,0.00974,Married,1281,,2031-12-21,Yes,,,Permanent contract,29537.0,129326,No,2,,NA,1,Created
17293,2011-05-03,6306,Female,68,1944-05-03,0.00974,Married,1281,,2031-12-21,Yes,,,Retired,20675.899999999998,129326,No,2,,NA,1,Life event: Retired
6307,2011-01-01,6307,Male,61,1950-12-09,0.00747,Married,1224,,2024-01-12,No,,,Entrepreneur without personnel,24491.0,345811,No,1,,NA,1,Created
6308,2011-01-01,6308,Female,5,2006-08-01,4e-05,Single,0,,,No,,,Child,0.0,0,No,0,34.0,2040-03-26,1,Created
6309,2011-01-01,6309,Male,50,1961-03-25,0.00257,Divorced,0,,,Yes,,,Permanent contract,22728.0,946661,No,0,,NA,1,Created
6310,2011-01-01,6310,Male,73,1938-06-24,0.0262,Married,1225,,2049-02-06,No,,,Retired,45794.0,-9727,Yes,3,,NA,1,Created
6311,2011-01-01,6311,Male,8,2003-09-27,9e-05,Single,0,,,Yes,38.0,2041-09-13,Child,0.0,0,No,0,,NA,1,Created
6312,2011-01-01,6312,Female,16,1995-01-02,8e-05,Single,0,,,Yes,34.0,2029-11-14,Child,0.0,0,No,0,30.0,2025-10-28,1,Created
18393,2012-01-02,6312,Female,18,1995-01-02,8e-05,Single,0,,,No,,,Permanent contract,25006.0,-49521,No,0,30,2025-10-28,1,Life event: Adulthood
6313,2011-01-01,6313,Female,51,1960-09-04,0.0023899999999999998,Married,1282,,2013-10-16,No,,,Flexible contract,9653.0,-1579,Yes,1,,NA,1,Created
6314,2011-01-01,6314,Female,11,2000-06-21,7e-05,Single,0,,,No,,,Child,0.0,0,Yes,0,29.0,2029-08-28,1,Created
6315,2011-01-01,6315,Female,30,1981-01-13,0.00027,Single,0,,,No,,,Flexible contract,83989.0,260600,No,0,39.0,2020-06-14,1,Created
6316,2011-01-01,6316,Female,10,2001-08-06,0.0001,Single,0,,,No,,,Child,0.0,0,No,0,29.0,2030-02-25,1,Created
6317,2011-01-01,6317,Female,77,1934-02-16,0.0259,Single,0,,,No,,,Retired,18435.0,235,No,0,,NA,1,Created
6318,2011-01-01,6318,Male,8,2003-02-13,9e-05,Single,0,,,Yes,60.0,2063-06-20,Child,0.0,0,Yes,0,,NA,1,Created
6319,2011-01-01,6319,Male,61,1950-02-12,0.00747,Married,1226,,2011-11-22,No,,,Entrepreneur without personnel,6442.0,-29063,Yes,2,,NA,1,Created
18210,2011-11-22,6319,Male,62,1950-02-12,0.00747,Divorced,1226,,2011-11-22,No,,,Entrepreneur without personnel,6442.0,-29063,Yes,2,,NA,1,Life event: Divorced
6320,2011-01-01,6320,Male,32,1979-11-14,0.00059,Married,1227,,2028-10-24,No,,,Flexible contract,11440.0,168229,No,2,,NA,1,Created
6321,2011-01-01,6321,Female,59,1952-01-31,0.00479,Married,1283,,2045-07-18,No,,,Permanent contract,6924.0,632769,No,1,,NA,1,Created
6322,2011-01-01,6322,Male,67,1944-07-31,0.01396,Married,1228,,2034-01-14,No,,,Permanent contract,19996.0,16156,Yes,3,,NA,1,Created
17726,2011-07-31,6322,Male,68,1944-07-31,0.01396,Married,1228,,2034-01-14,No,,,Retired,13997.199999999999,16156,Yes,3,,NA,1,Life event: Retired
6323,2011-01-01,6323,Male,31,1980-03-06,0.00041,Married,1229,,2055-06-02,Yes,,,Permanent contract,78830.0,275476,Yes,1,,NA,1,Created
6324,2011-01-01,6324,Female,23,1988-11-26,0.0001,Single,0,,,Yes,32.0,2020-10-16,Permanent contract,40208.0,-3035,No,0,32.0,2020-06-26,1,Created
6325,2011-01-01,6325,Male,34,1977-07-28,0.00067,Married,1230,,2013-06-08,No,,,Permanent contract,16035.0,-29283,Yes,1,,NA,1,Created
6326,2011-01-01,6326,Male,24,1987-10-04,0.00047999999999999996,Single,0,,,No,,,Flexible contract,47322.0,-40906,No,0,,NA,1,Created
6327,2011-01-01,6327,Male,56,1955-01-24,0.0052,Married,1231,,2044-10-22,No,,,Permanent contract,12899.0,-4220,Yes,1,,NA,1,Created
6328,2011-01-01,6328,Male,51,1960-10-12,0.00301,Married,1232,,2026-12-13,Yes,,,Permanent contract,19180.0,578525,Yes,2,,NA,1,Created
6329,2011-01-01,6329,Male,20,1991-08-04,0.00045,Single,0,,,Yes,45.0,2036-01-26,Flexible contract,32702.0,18158,No,0,,NA,1,Created
6330,2011-01-01,6330,Female,8,2003-10-05,2.9999999999999997e-05,Single,0,,,Yes,29.0,2032-04-09,Child,0.0,0,Yes,0,24.0,2027-02-05,1,Created
6331,2011-01-01,6331,Male,66,1945-05-10,0.01401,Widowed,0,,,Yes,,,Permanent contract,32533.0,10402,No,0,,NA,1,Created
17341,2011-05-10,6331,Male,67,1945-05-10,0.01401,Widowed,0,,,Yes,,,Retired,22773.1,10402,No,0,,NA,1,Life event: Retired
6332,2011-01-01,6332,Female,62,1949-01-21,0.0057399999999999994,Married,1284,,2025-04-25,Yes,,,Permanent contract,22157.0,-3958,No,2,,NA,1,Created
6333,2011-01-01,6333,Female,0,2011-07-11,0.0028899999999999998,Single,0,,,Yes,25.0,2036-09-21,Child,0.0,0,Yes,0,29.0,2040-05-09,1,Created
18187,2011-11-16,6333,Female,1,2011-07-11,0.0028899999999999998,Single,0,,,Yes,25,2036-09-21,Child,0.0,0,Yes,0,29,2040-05-09,0,Life event: Deceased
6334,2011-01-01,6334,Female,7,2004-08-18,7e-05,Single,0,,,Yes,46.0,2050-06-15,Child,0.0,0,No,0,29.0,2033-03-28,1,Created
6335,2011-01-01,6335,Male,61,1950-02-12,0.00747,Married,1233,,2011-11-23,No,,,Flexible contract,13662.0,62688,No,2,,NA,1,Created
17478,2011-06-09,6335,Male,62,1950-02-12,0.00747,Widowed,1233,,2011-11-23,No,,,Flexible contract,13662.0,62688,No,2,,NA,1,Life event: Widowed
18214,2011-11-23,6335,Male,62,1950-02-12,0.00747,Divorced,1233,,2011-11-23,No,,,Flexible contract,13662.0,62688,No,2,,NA,1,Life event: Divorced
6336,2011-01-01,6336,Male,15,1996-12-12,0.00015,Single,0,,,Yes,80.0,2076-05-28,Child,0.0,0,Yes,0,,NA,1,Created
6337,2011-01-01,6337,Male,22,1989-08-03,0.00041,Single,0,,,No,,,Entrepreneur without personnel,43542.0,3928,Yes,0,,NA,1,Created
6338,2011-01-01,6338,Female,8,2003-05-23,2.9999999999999997e-05,Single,0,,,Yes,26.0,2029-06-25,Child,0.0,0,Yes,0,37.0,2040-06-12,1,Created
6339,2011-01-01,6339,Male,25,1986-05-26,0.00033999999999999997,Married,1234,,2018-06-10,No,,,Permanent contract,12962.0,-47708,No,3,,NA,1,Created
6340,2011-01-01,6340,Female,7,2004-02-12,7e-05,Single,0,,,Yes,21.0,2025-11-30,Child,0.0,0,No,0,25.0,2029-11-21,1,Created
6341,2011-01-01,6341,Male,6,2005-12-30,5.9999999999999995e-05,Single,0,,,Yes,60.0,2065-04-14,Child,0.0,0,No,0,,NA,1,Created
6342,2011-01-01,6342,Female,18,1993-03-15,0.00023999999999999998,Single,0,,,Yes,40.0,2033-12-25,Permanent contract,10512.0,-4391,No,0,30.0,2023-08-24,1,Created
6343,2011-01-01,6343,Female,50,1961-08-13,0.00225,Single,0,,,No,,,Permanent contract,88820.0,-19757,Yes,0,,NA,1,Created
6344,2011-01-01,6344,Male,70,1941-12-16,0.01932,Divorced,0,,,No,,,Retired,59169.0,-3709,Yes,0,,NA,1,Created
6345,2011-01-01,6345,Male,40,1971-10-19,0.0009400000000000001,Divorced,0,,,Yes,,,Permanent contract,8670.0,200382,Yes,0,,NA,1,Created
6346,2011-01-01,6346,Male,18,1993-12-10,0.00032,Single,0,,,Yes,43.0,2036-11-25,Permanent contract,27864.0,838,Yes,0,,NA,1,Created
6347,2011-01-01,6347,Female,40,1971-10-16,0.0006900000000000001,Married,1285,,2018-04-25,Yes,,,Permanent contract,21916.0,-31983,No,2,,NA,1,Created
6348,2011-01-01,6348,Female,37,1974-10-16,0.00057,Single,0,,,Yes,33.0,,Flexible contract,14607.0,-8425,No,0,,NA,1,Created
6349,2011-01-01,6349,Male,41,1970-11-27,0.0008900000000000001,Single,0,,,Yes,46.0,2016-06-28,Permanent contract,38556.0,8458,Yes,0,,NA,1,Created
6350,2011-01-01,6350,Female,35,1976-03-16,0.00033999999999999997,Married,1286,,2011-08-04,Yes,,,Entrepreneur without personnel,25527.0,89658,No,2,,NA,1,Created
17738,2011-08-04,6350,Female,36,1976-03-16,0.00033999999999999997,Divorced,1286,,2011-08-04,Yes,,,Entrepreneur without personnel,25527.0,89658,No,2,,NA,1,Life event: Divorced
6351,2011-01-01,6351,Male,66,1945-07-28,0.01401,Single,0,,,No,,,Entrepreneur without personnel,24595.0,217983,No,0,,NA,1,Created
17712,2011-07-28,6351,Male,67,1945-07-28,0.01401,Single,0,,,No,,,Retired,17216.5,217983,No,0,,NA,1,Life event: Retired
6352,2011-01-01,6352,Male,41,1970-11-01,0.0008900000000000001,Married,1235,,2011-07-26,No,,,Permanent contract,3200.0,2500,No,1,,NA,1,Created
17707,2011-07-26,6352,Male,41,1970-11-01,0.0008900000000000001,Divorced,1235,,2011-07-26,No,,,Permanent contract,3200.0,2500,No,1,,NA,1,Life event: Divorced
6353,2011-01-01,6353,Female,20,1991-09-30,0.00018,Single,0,,,No,,,Flexible contract,5839.0,-18026,Yes,0,34.0,2025-03-08,1,Created
6354,2011-01-01,6354,Female,79,1932-05-12,0.03112,Widowed,0,,,Yes,,,Retired,29752.0,-8052,No,0,,NA,1,Created
6355,2011-01-01,6355,Male,43,1968-07-29,0.00103,Married,1236,,2051-11-09,Yes,,,Permanent contract,46236.0,1714048,No,1,,NA,1,Created
6356,2011-01-01,6356,Female,97,1914-02-16,0.27028,Widowed,0,,,No,,,Retired,10373.0,26804,Yes,0,,NA,1,Created
6357,2011-01-01,6357,Male,60,1951-04-11,0.006840000000000001,Married,1237,,2030-07-27,Yes,,,Permanent contract,21788.0,388863,Yes,3,,NA,1,Created
6358,2011-01-01,6358,Male,44,1967-04-26,0.0013599999999999999,Married,1238,,2016-02-05,No,,,Permanent contract,15230.0,8037,Yes,2,,NA,1,Created
6359,2011-01-01,6359,Male,17,1994-11-05,0.00022999999999999998,Single,0,,,No,,,Child,0.0,0,Yes,0,,NA,1,Created
18131,2011-11-05,6359,Male,18,1994-11-05,0.00022999999999999998,Single,0,,,No,,,Permanent contract,40495.0,118597,Yes,0,,NA,1,Life event: Adulthood
6360,2011-01-01,6360,Male,49,1962-02-09,0.00242,Married,1239,,2062-11-06,Yes,,,Permanent contract,9168.0,1352,No,1,,NA,1,Created
6361,2011-01-01,6361,Female,45,1966-06-02,0.00134,Married,1287,,2030-04-22,Yes,,,Permanent contract,14841.0,1,No,2,,NA,1,Created
6362,2011-01-01,6362,Male,60,1951-03-19,0.006840000000000001,Married,1240,,2014-02-04,No,,,Flexible contract,952.0,996411,No,1,,NA,1,Created
6363,2011-01-01,6363,Female,4,2007-02-14,5.9999999999999995e-05,Single,0,,,Yes,25.0,2032-04-22,Child,0.0,0,No,0,37.0,2044-04-08,1,Created
6364,2011-01-01,6364,Female,34,1977-11-13,0.00037,Married,1288,,2027-02-09,Yes,,,Entrepreneur with personel,25222.0,65265,No,1,,NA,1,Created
6365,2011-01-01,6365,Male,1,2010-05-02,0.00056,Single,0,,,No,,,Child,0.0,0,Yes,0,,NA,1,Created
6366,2011-01-01,6366,Female,82,1929-05-14,0.0493,Married,1289,,2017-03-09,No,,,Retired,1175.0,320782,Yes,1,,NA,1,Created
6367,2011-01-01,6367,Male,51,1960-12-17,0.00301,Divorced,0,,,No,,,Flexible contract,40276.0,163295,No,0,,NA,1,Created
6368,2011-01-01,6368,Female,24,1987-08-16,0.00018999999999999998,Single,0,,,No,,,Flexible contract,10899.0,261,Yes,0,26.0,2013-02-13,1,Created
6369,2011-01-01,6369,Male,44,1967-07-22,0.0013599999999999999,Married,1241,,2054-08-16,Yes,,,Flexible contract,91126.0,-3627,No,2,,NA,1,Created
6370,2011-01-01,6370,Female,0,2011-11-17,0.0028899999999999998,Single,0,,,Yes,57.0,2068-07-23,Child,0.0,0,Yes,0,32.0,2043-04-22,1,Created
6371,2011-01-01,6371,Male,47,1964-08-02,0.00186,Married,1242,,2021-08-14,No,,,Permanent contract,44177.0,29498,Yes,2,,NA,1,Created
6372,2011-01-01,6372,Female,15,1996-01-04,8e-05,Single,0,,,No,,,Child,0.0,0,No,0,38.0,2034-02-23,1,Created
6373,2011-01-01,6373,Female,28,1983-07-30,0.00025,Married,1290,,2022-10-08,Yes,,,Permanent contract,11634.0,-16251,Yes,2,37.0,2020-05-22,1,Created
6374,2011-01-01,6374,Male,39,1972-09-08,0.0008699999999999999,Married,1243,,2033-09-06,No,,,Flexible contract,99031.0,724583,Yes,2,,NA,1,Created
6375,2011-01-01,6375,Male,18,1993-01-24,0.00032,Single,0,,,No,,,Permanent contract,5966.0,774,Yes,0,,NA,1,Created
6376,2011-01-01,6376,Female,32,1979-06-07,0.00041,Single,0,,,No,,,Permanent contract,5371.0,-4814,No,0,,NA,1,Created
6377,2011-01-01,6377,Male,4,2007-12-03,0.00011,Single,0,,,Yes,29.0,2036-02-13,Child,0.0,0,Yes,0,,NA,1,Created
6378,2011-01-01,6378,Female,20,1991-07-27,0.00018,Single,0,,,Yes,25.0,2016-01-29,Permanent contract,33297.0,-10087,No,0,30.0,2021-03-30,1,Created
6379,2011-01-01,6379,Male,7,2004-09-05,9e-05,Single,0,,,Yes,25.0,2029-08-25,Child,0.0,0,No,0,,NA,1,Created
6380,2011-01-01,6380,Female,57,1954-06-18,0.00387,Married,1291,,2030-10-08,Yes,,,Entrepreneur without personnel,29520.0,618753,Yes,1,,NA,1,Created
6381,2011-01-01,6381,Male,29,1982-08-05,0.0005200000000000001,Single,0,,,No,,,Permanent contract,12874.0,-9393,No,0,,NA,1,Created
6382,2011-01-01,6382,Female,38,1973-05-17,0.00063,Single,0,,,No,,,Flexible contract,13601.0,608,No,0,,NA,1,Created
6383,2011-01-01,6383,Male,6,2005-09-11,5.9999999999999995e-05,Single,0,,,Yes,36.0,2041-09-25,Child,0.0,0,Yes,0,,NA,1,Created
6384,2011-01-01,6384,Male,37,1974-08-06,0.00082,Single,0,,,Yes,37.0,2011-02-21,Permanent contract,92457.0,180680,No,0,,NA,1,Created
16944,2011-02-21,6384,Male,37,1974-08-06,0.00082,Married,3424,12,2023-02-24,Yes,37,2011-02-21,Permanent contract,92457.0,180680,No,0,,NA,1,Life event: Married
6385,2011-01-01,6385,Male,79,1932-08-20,0.05364,Married,1244,,2046-05-27,No,,,Retired,34230.0,256599,No,2,,NA,1,Created
18557,2012-02-27,6385,Male,80,1932-08-20,0.05364,Widowed,1244,,2046-05-27,No,,,Retired,34230.0,256599,No,2,,NA,1,Life event: Widowed
6386,2011-01-01,6386,Female,2,2009-03-25,0.00015,Single,0,,,No,,,Child,0.0,0,Yes,0,26.0,2035-10-02,1,Created
6387,2011-01-01,6387,Female,19,1992-02-03,0.00014,Single,0,,,No,,,Flexible contract,79834.0,3072404,No,0,30.0,2022-01-01,1,Created
6388,2011-01-01,6388,Female,52,1959-11-16,0.00268,Married,1292,,2030-11-25,No,,,Permanent contract,2703.0,3003,Yes,2,,NA,1,Created
6389,2011-01-01,6389,Male,18,1993-08-19,0.00032,Single,0,,,No,,,Unemployed,25027.0,18262,Yes,0,,NA,1,Created
6390,2011-01-01,6390,Male,8,2003-06-18,9e-05,Single,0,,,No,,,Child,0.0,0,No,0,,NA,1,Created
6391,2011-01-01,6391,Male,19,1992-08-09,0.00033,Single,0,,,No,,,Unemployed,21278.0,86208,No,0,,NA,1,Created
6392,2011-01-01,6392,Male,46,1965-07-21,0.00172,Married,1245,,2029-11-27,Yes,,,Permanent contract,75346.0,415,Yes,3,,NA,1,Created
6393,2011-01-01,6393,Female,23,1988-05-18,0.0001,Married,1293,,2046-12-05,Yes,,,Permanent contract,18087.0,365,Yes,1,23.0,2011-01-28,1,Created
16814,2011-01-28,6393,Female,23,1988-05-18,0.0001,Married,1293,,2046-12-05,Yes,,,Permanent contract,18087.0,365,Yes,2,23,2011-01-28,1,Life event: Children born
6394,2011-01-01,6394,Female,26,1985-06-15,1.0,Married,1294,,2044-04-26,Yes,,,Flexible contract,88556.0,340682,Yes,2,37.0,2022-12-19,1,Created
16714,2011-01-10,6394,Female,26,1985-06-15,1.0,Married,1294,,2044-04-26,Yes,,,Flexible contract,88556.0,340682,Yes,2,37,2022-12-19,0,Life event: Deceased
6395,2011-01-01,6395,Female,24,1987-10-02,0.00018999999999999998,Married,1295,,2049-08-15,No,,,Permanent contract,28430.0,70938,Yes,2,31.0,2018-05-25,1,Created
6396,2011-01-01,6396,Male,2,2009-09-20,0.00021,Single,0,,,No,,,Child,0.0,0,No,0,,NA,1,Created
6397,2011-01-01,6397,Male,50,1961-08-11,0.00257,Single,0,,,Yes,63.0,2024-04-13,Permanent contract,2944.0,105710,No,0,,NA,1,Created
6398,2011-01-01,6398,Female,50,1961-12-11,0.00225,Married,1296,,2027-03-20,Yes,,,Permanent contract,12920.0,57668,Yes,3,,NA,1,Created
6399,2011-01-01,6399,Male,25,1986-01-27,0.00033999999999999997,Single,0,,,No,,,Permanent contract,14602.0,42808,Yes,0,,NA,1,Created
6400,2011-01-01,6400,Male,28,1983-10-06,0.00045,Married,1246,,2022-08-08,No,,,Permanent contract,10282.0,250918,Yes,2,,NA,1,Created
6401,2011-01-01,6401,Female,1,2010-06-05,0.00033999999999999997,Single,0,,,No,,,Child,0.0,0,Yes,0,34.0,2044-06-23,1,Created
6402,2011-01-01,6402,Female,33,1978-02-28,0.00035,Single,0,,,No,,,Flexible contract,5813.0,14890,Yes,0,35.0,2013-06-11,1,Created
6403,2011-01-01,6403,Male,31,1980-01-02,0.00041,Married,1247,,2014-01-02,No,,,Permanent contract,15607.0,430634,Yes,2,,NA,1,Created
6404,2011-01-01,6404,Female,7,2004-05-01,7e-05,Single,0,,,No,,,Child,0.0,0,No,0,34.0,2038-11-29,1,Created
6405,2011-01-01,6405,Male,66,1945-02-20,0.01401,Married,1248,,2036-04-29,No,,,Permanent contract,38136.0,135619,Yes,2,,NA,1,Created
16941,2011-02-20,6405,Male,67,1945-02-20,0.01401,Married,1248,,2036-04-29,No,,,Retired,26695.199999999997,135619,Yes,2,,NA,1,Life event: Retired
6406,2011-01-01,6406,Male,45,1966-04-01,0.0014199999999999998,Married,1249,,2059-01-22,No,,,Permanent contract,33839.0,121996,Yes,1,,NA,1,Created
6407,2011-01-01,6407,Male,50,1961-05-16,0.00257,Married,1250,,2041-09-21,No,,,Permanent contract,22880.0,8921,No,1,,NA,1,Created
6408,2011-01-01,6408,Female,37,1974-09-22,0.00057,Divorced,0,,,No,,,Unemployed,53618.0,147627,Yes,0,38.0,2012-05-22,1,Created
6409,2011-01-01,6409,Female,9,2002-01-12,2.9999999999999997e-05,Single,0,,,No,,,Child,0.0,0,No,0,28.0,2030-08-19,1,Created
6410,2011-01-01,6410,Female,55,1956-01-08,0.00372,Married,1297,,2057-10-06,No,,,Entrepreneur without personnel,75635.0,117954,Yes,1,,NA,1,Created
6411,2011-01-01,6411,Female,21,1990-01-29,0.00016,Single,0,,,Yes,30.0,2020-01-07,Permanent contract,26411.0,635,Yes,0,32.0,2022-02-16,1,Created
6412,2011-01-01,6412,Male,61,1950-03-06,0.00747,Married,1251,,2053-05-10,No,,,Flexible contract,458.0,25803,Yes,2,,NA,1,Created
6413,2011-01-01,6413,Female,65,1946-04-02,0.007559999999999999,Married,1298,,2021-02-10,No,,,Entrepreneur without personnel,15076.0,101402,Yes,1,,NA,1,Created
17153,2011-04-02,6413,Female,66,1946-04-02,0.007559999999999999,Married,1298,,2021-02-10,No,,,Retired,10553.199999999999,101402,Yes,1,,NA,1,Life event: Retired
6414,2011-01-01,6414,Female,40,1971-06-19,0.0006900000000000001,Married,1299,,2034-06-23,Yes,,,Entrepreneur without personnel,6260.0,3222,Yes,1,40.0,2011-10-05,1,Created
18009,2011-10-05,6414,Female,41,1971-06-19,0.0006900000000000001,Married,1299,,2034-06-23,Yes,,,Entrepreneur without personnel,6260.0,3222,Yes,3,40,2011-10-05,1,Life event: Children born
6415,2011-01-01,6415,Female,49,1962-09-21,0.00193,Married,1300,,2031-11-24,No,,,Flexible contract,15629.0,1884327,No,2,,NA,1,Created
6416,2011-01-01,6416,Female,26,1985-06-04,1.0,Single,0,,,Yes,42.0,2027-10-19,Entrepreneur without personnel,63508.0,173808,Yes,0,,NA,1,Created
16826,2011-01-31,6416,Female,26,1985-06-04,1.0,Single,0,,,Yes,42,2027-10-19,Entrepreneur without personnel,63508.0,173808,Yes,0,,NA,0,Life event: Deceased
6417,2011-01-01,6417,Female,70,1941-07-28,0.01252,Married,1301,,2041-11-26,Yes,,,Retired,22156.0,321666,No,2,,NA,1,Created
6418,2011-01-01,6418,Female,12,1999-02-19,5e-05,Single,0,,,Yes,42.0,2041-10-18,Child,0.0,0,Yes,0,33.0,2032-10-27,1,Created
6419,2011-01-01,6419,Male,88,1923-10-18,0.14094,Single,0,,,No,,,Retired,42041.0,275780,No,0,,NA,1,Created
6420,2011-01-01,6420,Female,60,1951-06-07,0.00541,Married,1302,,2054-04-22,No,,,Flexible contract,24749.0,656,Yes,2,,NA,1,Created
6421,2011-01-01,6421,Female,40,1971-11-30,0.0006900000000000001,Married,1303,,2040-11-15,Yes,,,Permanent contract,10117.0,4377,No,3,,NA,1,Created
6422,2011-01-01,6422,Male,24,1987-09-12,0.00047999999999999996,Single,0,,,Yes,39.0,2026-06-08,Permanent contract,22262.0,352362,Yes,0,,NA,1,Created
6423,2011-01-01,6423,Female,31,1980-02-29,0.00029,Single,0,,,No,,,Permanent contract,41912.0,466559,No,0,32.0,2012-01-02,1,Created
6424,2011-01-01,6424,Female,45,1966-09-10,0.00134,Divorced,0,,,Yes,,,Permanent contract,5287.0,3302,No,0,,NA,1,Created
6425,2011-01-01,6425,Female,21,1990-06-05,0.00016,Single,0,,,Yes,26.0,2016-09-20,Flexible contract,15348.0,103678,Yes,0,32.0,2022-09-10,1,Created
6426,2011-01-01,6426,Female,25,1986-01-31,0.00022999999999999998,Single,0,,,No,,,Permanent contract,5887.0,27388,No,0,25.0,2011-06-04,1,Created
6427,2011-01-01,6427,Female,0,2011-12-22,0.0028899999999999998,Single,0,,,No,,,Child,0.0,0,No,0,22.0,2033-05-11,1,Created
6428,2011-01-01,6428,Male,37,1974-01-09,0.00082,Single,0,,,No,,,Permanent contract,3007.0,41820,No,0,,NA,1,Created
6429,2011-01-01,6429,Male,70,1941-06-21,0.01932,Married,1252,,2032-12-02,No,,,Retired,87037.0,8318,No,2,,NA,1,Created
6430,2011-01-01,6430,Male,40,1971-10-06,0.0009400000000000001,Single,0,,,No,,,Flexible contract,35359.0,-28801,No,0,,NA,1,Created
6431,2011-01-01,6431,Female,4,2007-03-09,5.9999999999999995e-05,Single,0,,,Yes,27.0,2034-02-04,Child,0.0,0,No,0,35.0,2042-08-19,1,Created
6432,2011-01-01,6432,Female,53,1958-12-10,0.00312,Married,1304,,2051-06-09,Yes,,,Flexible contract,35785.0,-32751,Yes,2,,NA,1,Created
6433,2011-01-01,6433,Female,48,1963-09-14,0.0018800000000000002,Married,1305,,2016-11-10,Yes,,,Permanent contract,72652.0,30340,Yes,1,,NA,1,Created
6434,2011-01-01,6434,Male,67,1944-07-10,0.01396,Married,1253,,2042-03-11,Yes,,,Permanent contract,6196.0,209791,No,1,,NA,1,Created
17628,2011-07-10,6434,Male,68,1944-07-10,0.01396,Married,1253,,2042-03-11,Yes,,,Retired,4337.2,209791,No,1,,NA,1,Life event: Retired
6435,2011-01-01,6435,Male,15,1996-03-19,0.00015,Single,0,,,Yes,32.0,2028-10-23,Child,0.0,0,Yes,0,,NA,1,Created
6436,2011-01-01,6436,Female,64,1947-06-01,0.00713,Married,1306,,2053-11-19,Yes,,,Permanent contract,50902.0,-27778,Yes,2,,NA,1,Created
17442,2011-06-01,6436,Female,65,1947-06-01,0.00713,Married,1306,,2053-11-19,Yes,,,Retired,35631.399999999994,-27778,Yes,2,,NA,1,Life event: Retired
6437,2011-01-01,6437,Male,91,1920-11-24,0.18929,Widowed,0,,,Yes,,,Retired,29272.0,59,No,0,,NA,1,Created
6438,2011-01-01,6438,Male,50,1961-02-07,0.00257,Divorced,0,,,Yes,,,Entrepreneur with personel,2679.0,151379,Yes,0,,NA,1,Created
6439,2011-01-01,6439,Female,30,1981-02-17,0.00027,Divorced,0,,,No,,,Flexible contract,25455.0,145793,Yes,0,,NA,1,Created
6440,2011-01-01,6440,Male,28,1983-08-05,0.00045,Single,0,,,No,,,Permanent contract,5812.0,129412,Yes,0,,NA,1,Created
6441,2011-01-01,6441,Male,64,1947-01-15,0.01097,Married,1254,,2042-07-28,Yes,,,Permanent contract,19733.0,1410,No,2,,NA,1,Created
16743,2011-01-15,6441,Male,65,1947-01-15,0.01097,Married,1254,,2042-07-28,Yes,,,Retired,13813.099999999999,1410,No,2,,NA,1,Life event: Retired
6442,2011-01-01,6442,Male,3,2008-11-24,0.0002,Single,0,,,No,,,Child,0.0,0,No,0,,NA,1,Created
6443,2011-01-01,6443,Male,55,1956-11-23,0.00419,Married,1255,,2060-08-16,No,,,Flexible contract,99460.0,-1665,No,3,,NA,1,Created
6444,2011-01-01,6444,Female,55,1956-04-14,0.00372,Single,0,,,No,,,Flexible contract,4588.0,468042,No,0,,NA,1,Created
6445,2011-01-01,6445,Female,24,1987-07-11,0.00018999999999999998,Single,0,,,Yes,22.0,,Permanent contract,848.0,642745,No,0,,NA,1,Created
6446,2011-01-01,6446,Male,43,1968-07-01,0.00103,Married,1256,,2034-08-30,No,,,Unemployed,3767.0,213581,No,1,,NA,1,Created
6447,2011-01-01,6447,Female,44,1967-11-23,0.00107,Single,0,,,No,,,Entrepreneur without personnel,15997.0,4376,Yes,0,,NA,1,Created
6448,2011-01-01,6448,Male,32,1979-01-21,0.00059,Single,0,,,Yes,32.0,2011-10-13,Flexible contract,12245.0,54234,No,0,,NA,1,Created
18042,2011-10-13,6448,Male,33,1979-01-21,0.00059,Married,3461,10,2021-11-25,Yes,32,2011-10-13,Flexible contract,12245.0,54234,No,0,,NA,1,Life event: Married
6449,2011-01-01,6449,Male,70,1941-01-05,0.01932,Married,1257,,2014-04-04,No,,,Retired,57244.0,33452,Yes,1,,NA,1,Created
6450,2011-01-01,6450,Male,36,1975-02-21,0.0006,Single,0,,,No,,,Permanent contract,24610.0,737693,No,0,,NA,1,Created
6451,2011-01-01,6451,Male,66,1945-06-20,0.01401,Married,1258,,2021-02-23,No,,,Permanent contract,12903.0,14105,Yes,2,,NA,1,Created
17538,2011-06-20,6451,Male,67,1945-06-20,0.01401,Married,1258,,2021-02-23,No,,,Retired,9032.099999999999,14105,Yes,2,,NA,1,Life event: Retired
6452,2011-01-01,6452,Female,42,1969-11-13,0.001,Married,1307,,2020-07-01,No,,,Permanent contract,24565.0,518730,No,2,,NA,1,Created
6453,2011-01-01,6453,Female,34,1977-02-22,0.00037,Single,0,,,Yes,40.0,2017-12-09,Entrepreneur without personnel,39376.0,75263,No,0,34.0,2011-07-11,1,Created
6454,2011-01-01,6454,Male,20,1991-11-03,0.00045,Single,0,,,Yes,43.0,2034-01-29,Permanent contract,19616.0,545,No,0,,NA,1,Created
6455,2011-01-01,6455,Female,53,1958-10-31,0.00312,Married,1308,,2011-09-18,Yes,,,Permanent contract,28843.0,520489,Yes,1,,NA,1,Created
17939,2011-09-18,6455,Female,53,1958-10-31,0.00312,Divorced,1308,,2011-09-18,Yes,,,Permanent contract,28843.0,520489,Yes,1,,NA,1,Life event: Divorced
6456,2011-01-01,6456,Male,17,1994-02-06,0.00022999999999999998,Single,0,,,Yes,32.0,2026-05-20,Child,0.0,0,Yes,0,,NA,1,Created
16858,2011-02-06,6456,Male,18,1994-02-06,0.00022999999999999998,Single,0,,,No,,,Permanent contract,65687.0,-37284,Yes,0,,NA,1,Life event: Adulthood
6457,2011-01-01,6457,Male,22,1989-09-14,0.00041,Single,0,,,No,,,Permanent contract,13954.0,162965,No,0,,NA,1,Created
6458,2011-01-01,6458,Female,56,1955-06-17,0.0041,Divorced,0,,,Yes,,,Permanent contract,24257.0,304460,No,0,,NA,1,Created
6459,2011-01-01,6459,Male,29,1982-01-13,0.0005200000000000001,Single,0,,,Yes,25.0,,Permanent contract,48735.0,138430,No,0,,NA,1,Created
6460,2011-01-01,6460,Male,28,1983-12-02,0.00045,Single,0,,,Yes,44.0,2027-05-26,Entrepreneur without personnel,10166.0,-45671,Yes,0,,NA,1,Created
6461,2011-01-01,6461,Female,46,1965-05-24,0.00134,Married,1309,,2020-04-22,Yes,,,Permanent contract,2206.0,152789,Yes,2,,NA,1,Created
6462,2011-01-01,6462,Female,16,1995-02-26,8e-05,Single,0,,,Yes,20.0,2015-05-03,Child,0.0,0,Yes,0,24.0,2019-12-17,1,Created
18549,2012-02-26,6462,Female,18,1995-02-26,8e-05,Single,0,,,No,,,Permanent contract,48340.0,-45959,Yes,0,24,2019-12-17,1,Life event: Adulthood
6463,2011-01-01,6463,Female,52,1959-01-30,0.00268,Married,1310,,2031-07-03,Yes,,,Entrepreneur with personel,17388.0,246,Yes,3,,NA,1,Created
6464,2011-01-01,6464,Female,19,1992-06-29,0.00014,Single,0,,,No,,,Permanent contract,38840.0,-47474,Yes,0,33.0,2025-11-21,1,Created
6465,2011-01-01,6465,Female,5,2006-11-12,4e-05,Single,0,,,No,,,Child,0.0,0,No,0,24.0,2030-01-18,1,Created
6466,2011-01-01,6466,Female,43,1968-03-30,0.0009699999999999999,Divorced,0,,,Yes,,,Unemployed,32783.0,30993,No,0,,NA,1,Created
6467,2011-01-01,6467,Female,74,1937-11-03,0.0185,Married,1311,,2015-01-24,No,,,Retired,2204.0,21005,Yes,2,,NA,1,Created
6468,2011-01-01,6468,Female,71,1940-10-20,0.013009999999999999,Married,1312,,2038-06-18,Yes,,,Retired,17150.0,1709,No,2,,NA,1,Created
6469,2011-01-01,6469,Female,93,1918-01-13,0.18566,Widowed,0,,,Yes,,,Retired,84146.0,741293,Yes,0,,NA,1,Created
6470,2011-01-01,6470,Female,65,1946-04-17,0.007559999999999999,Married,1313,,2045-09-21,Yes,,,Permanent contract,20592.0,13319,Yes,2,,NA,1,Created
17225,2011-04-17,6470,Female,66,1946-04-17,0.007559999999999999,Married,1313,,2045-09-21,Yes,,,Retired,14414.4,13319,Yes,2,,NA,1,Life event: Retired
6471,2011-01-01,6471,Male,70,1941-02-24,0.01932,Married,1259,,2032-02-18,No,,,Retired,65965.0,955,Yes,2,,NA,1,Created
6472,2011-01-01,6472,Female,63,1948-05-30,0.00672,Married,1314,,2050-07-23,No,,,Permanent contract,31250.0,67858,Yes,3,,NA,1,Created
18798,2012-05-30,6472,Female,65,1948-05-30,0.00672,Married,1314,,2050-07-23,No,,,Retired,21875.0,67858,Yes,3,,NA,1,Life event: Retired
6473,2011-01-01,6473,Female,76,1935-07-08,0.02337,Married,1315,,2056-02-17,No,,,Retired,7410.0,78506,Yes,1,,NA,1,Created
6474,2011-01-01,6474,Male,26,1985-11-07,1.0,Single,0,,,Yes,55.0,2040-08-09,Permanent contract,70440.0,-38378,Yes,0,,NA,1,Created
6475,2011-01-01,6475,Male,73,1938-11-01,0.0262,Widowed,0,,,Yes,,,Retired,19086.0,61433,Yes,0,,NA,1,Created
6476,2011-01-01,6476,Male,53,1958-06-02,0.0033299999999999996,Married,1260,,2025-11-06,Yes,,,Unemployed,36287.0,156,No,2,,NA,1,Created
6477,2011-01-01,6477,Female,64,1947-01-05,0.00713,Married,1316,,2025-04-27,No,,,Permanent contract,25494.0,410258,No,1,,NA,1,Created
16679,2011-01-05,6477,Female,65,1947-01-05,0.00713,Married,1316,,2025-04-27,No,,,Retired,17845.8,410258,No,1,,NA,1,Life event: Retired
6478,2011-01-01,6478,Female,50,1961-03-02,0.00225,Married,1317,,2044-02-15,Yes,,,Permanent contract,959.0,13031,Yes,1,,NA,1,Created
6479,2011-01-01,6479,Male,54,1957-03-27,0.00404,Married,1261,,2015-12-29,Yes,,,Permanent contract,58499.0,488499,No,1,,NA,1,Created
6480,2011-01-01,6480,Female,46,1965-12-27,0.00134,Single,0,,,Yes,38.0,,Permanent contract,62451.0,104655,Yes,0,,NA,1,Created
6481,2011-01-01,6481,Female,53,1958-12-17,0.00312,Divorced,0,,,No,,,Flexible contract,11698.0,949,No,0,,NA,1,Created
6482,2011-01-01,6482,Female,31,1980-11-26,0.00029,Married,1318,,2028-09-16,Yes,,,Permanent contract,14196.0,-1914,Yes,1,37.0,2017-06-08,1,Created
6483,2011-01-01,6483,Female,6,2005-10-05,8e-05,Single,0,,,Yes,65.0,2070-06-20,Child,0.0,0,No,0,32.0,2037-07-29,1,Created
6484,2011-01-01,6484,Male,26,1985-09-17,1.0,Single,0,,,Yes,42.0,2027-04-09,Flexible contract,10227.0,487288,No,0,,NA,1,Created
17635,2011-07-11,6484,Male,26,1985-09-17,1.0,Single,0,,,Yes,42,2027-04-09,Flexible contract,10227.0,487288,No,0,,NA,0,Life event: Deceased
6485,2011-01-01,6485,Female,11,2000-01-17,7e-05,Single,0,,,No,,,Child,0.0,0,No,0,28.0,2028-11-21,1,Created
6486,2011-01-01,6486,Male,71,1940-06-27,0.02034,Widowed,0,,,Yes,,,Retired,76901.0,74637,Yes,0,,NA,1,Created
6487,2011-01-01,6487,Male,8,2003-03-18,9e-05,Single,0,,,No,,,Child,0.0,0,Yes,0,,NA,1,Created
6488,2011-01-01,6488,Male,33,1978-09-13,0.00047999999999999996,Single,0,,,No,,,Permanent contract,44530.0,127547,Yes,0,,NA,1,Created
6489,2011-01-01,6489,Male,64,1947-07-09,0.01097,Married,1262,,2051-02-19,No,,,Flexible contract,7019.0,40044,No,3,,NA,1,Created
17623,2011-07-09,6489,Male,65,1947-07-09,0.01097,Married,1262,,2051-02-19,No,,,Retired,4913.299999999999,40044,No,3,,NA,1,Life event: Retired
6490,2011-01-01,6490,Male,21,1990-09-18,0.00045,Single,0,,,No,,,Permanent contract,30999.0,637021,No,0,,NA,1,Created
6491,2011-01-01,6491,Male,3,2008-02-26,0.0002,Single,0,,,Yes,53.0,2061-11-06,Child,0.0,0,Yes,0,,NA,1,Created
6492,2011-01-01,6492,Female,68,1943-02-17,0.00983,Widowed,0,,,Yes,,,Retired,92485.0,150295,Yes,0,,NA,1,Created
6493,2011-01-01,6493,Male,60,1951-06-01,0.006840000000000001,Married,1263,,2057-04-08,No,,,Permanent contract,36293.0,2179,Yes,2,,NA,1,Created
6494,2011-01-01,6494,Male,26,1985-01-09,1.0,Married,1264,,2060-08-21,No,,,Permanent contract,3664.0,-4500,No,3,,NA,1,Created
16664,2011-01-03,6494,Male,26,1985-01-09,1.0,Married,1264,,2060-08-21,No,,,Permanent contract,3664.0,-4500,No,3,,NA,0,Life event: Deceased
6495,2011-01-01,6495,Female,7,2004-08-12,7e-05,Single,0,,,Yes,33.0,2037-12-08,Child,0.0,0,No,0,32.0,2036-05-10,1,Created
6496,2011-01-01,6496,Female,30,1981-12-05,0.00027,Single,0,,,No,,,Entrepreneur with personel,47721.0,21491,Yes,0,,NA,1,Created
6497,2011-01-01,6497,Female,50,1961-06-18,0.00225,Married,1319,,2028-04-21,Yes,,,Permanent contract,82736.0,32661,Yes,2,,NA,1,Created
6498,2011-01-01,6498,Male,55,1956-12-07,0.00419,Married,1265,,2019-12-13,Yes,,,Entrepreneur with personel,10921.0,10641,Yes,1,,NA,1,Created
6499,2011-01-01,6499,Male,16,1995-12-07,0.00029,Single,0,,,Yes,34.0,2029-12-12,Child,0.0,0,Yes,0,,NA,1,Created
19303,2012-12-07,6499,Male,18,1995-12-07,0.00029,Single,0,,,Yes,55,2049-09-11,Permanent contract,47429.0,-20096,Yes,0,,NA,1,Life event: Adulthood
6500,2011-01-01,6500,Female,54,1957-03-06,0.00313,Divorced,0,,,Yes,,,Flexible contract,2571.0,406352,Yes,0,,NA,1,Created
6501,2011-01-01,6501,Female,38,1973-03-05,0.00063,Divorced,0,,,Yes,,,Entrepreneur without personnel,27294.0,674,No,0,38.0,2011-04-06,1,Created
6502,2011-01-01,6502,Male,40,1971-04-11,0.0009400000000000001,Single,0,,,No,,,Entrepreneur without personnel,989.0,91457,Yes,0,,NA,1,Created
6503,2011-01-01,6503,Female,18,1993-07-18,0.00023999999999999998,Single,0,,,No,,,Flexible contract,12623.0,12922,No,0,42.0,2035-08-16,1,Created
6504,2011-01-01,6504,Male,22,1989-01-04,0.00041,Single,0,,,Yes,29.0,2018-03-04,Permanent contract,4533.0,40291,Yes,0,,NA,1,Created
6505,2011-01-01,6505,Female,56,1955-09-28,0.0041,Married,1320,,2020-11-07,No,,,Unemployed,31655.0,8380,No,1,,NA,1,Created
6506,2011-01-01,6506,Female,50,1961-09-23,0.00225,Divorced,0,,,Yes,,,Flexible contract,10368.0,9964,Yes,0,,NA,1,Created
6507,2011-01-01,6507,Female,18,1993-07-28,0.00023999999999999998,Single,0,,,Yes,27.0,2020-12-24,Permanent contract,200.0,12912,Yes,0,29.0,2022-01-26,1,Created
6508,2011-01-01,6508,Male,71,1940-06-11,0.02034,Divorced,0,,,Yes,,,Retired,80330.0,-13363,Yes,0,,NA,1,Created
6509,2011-01-01,6509,Male,52,1959-04-26,0.00314,Single,0,,,No,,,Permanent contract,15202.0,83279,No,0,,NA,1,Created
6510,2011-01-01,6510,Female,42,1969-06-27,0.001,Married,1321,,2056-09-11,No,,,Permanent contract,25518.0,13299,Yes,1,,NA,1,Created
6511,2011-01-01,6511,Male,65,1946-07-08,0.01141,Married,1266,,2052-05-23,Yes,,,Permanent contract,5910.0,1322,Yes,2,,NA,1,Created
17617,2011-07-08,6511,Male,66,1946-07-08,0.01141,Married,1266,,2052-05-23,Yes,,,Retired,4137.0,1322,Yes,2,,NA,1,Life event: Retired
6512,2011-01-01,6512,Female,57,1954-12-27,0.00387,Married,1322,,2029-05-01,No,,,Flexible contract,9187.0,4603,No,2,,NA,1,Created
6513,2011-01-01,6513,Male,42,1969-12-03,0.00128,Married,1267,,2050-10-21,No,,,Permanent contract,37591.0,6976,Yes,3,,NA,1,Created
19314,2012-12-14,6513,Male,44,1969-12-03,0.00128,Widowed,1267,,2050-10-21,No,,,Permanent contract,37591.0,6976,Yes,3,,NA,1,Life event: Widowed
6514,2011-01-01,6514,Male,20,1991-06-11,0.00045,Single,0,,,No,,,Flexible contract,32663.0,44123,No,0,,NA,1,Created
6515,2011-01-01,6515,Male,103,1908-02-10,1.0,Single,0,,,Yes,34.0,,Retired,3345.0,6746,No,0,,NA,1,Created
18217,2011-11-24,6515,Male,104,1908-02-10,1.0,Single,0,,,Yes,34,,Retired,3345.0,6746,No,0,,NA,0,Life event: Deceased
6516,2011-01-01,6516,Male,47,1964-02-24,0.00186,Single,0,,,No,,,Permanent contract,9186.0,770,Yes,0,,NA,1,Created
6517,2011-01-01,6517,Male,33,1978-06-19,0.00047999999999999996,Single,0,,,No,,,Permanent contract,29109.0,966382,No,0,,NA,1,Created
6518,2011-01-01,6518,Female,46,1965-03-05,0.00134,Married,1323,,2011-04-02,No,,,Entrepreneur without personnel,43144.0,358648,Yes,1,,NA,1,Created
17154,2011-04-02,6518,Female,47,1965-03-05,0.00134,Divorced,1323,,2011-04-02,No,,,Entrepreneur without personnel,43144.0,358648,Yes,1,,NA,1,Life event: Divorced
6519,2011-01-01,6519,Male,34,1977-11-17,0.00067,Married,1268,,2015-03-28,Yes,,,Permanent contract,22317.0,112661,Yes,3,,NA,1,Created
6520,2011-01-01,6520,Male,24,1987-11-24,0.00047999999999999996,Single,0,,,Yes,45.0,2032-09-17,Flexible contract,16575.0,40270,No,0,,NA,1,Created
6521,2011-01-01,6521,Female,67,1944-03-15,0.00974,Married,1324,,2016-12-14,No,,,Permanent contract,48293.0,-3461,Yes,2,,NA,1,Created
17065,2011-03-15,6521,Female,68,1944-03-15,0.00974,Married,1324,,2016-12-14,No,,,Retired,33805.1,-3461,Yes,2,,NA,1,Life event: Retired
6522,2011-01-01,6522,Female,48,1963-07-05,0.0018800000000000002,Single,0,,,No,,,Permanent contract,10431.0,-33281,Yes,0,,NA,1,Created
6523,2011-01-01,6523,Female,61,1950-03-03,0.00562,Divorced,0,,,No,,,Permanent contract,17297.0,169200,Yes,0,,NA,1,Created
6524,2011-01-01,6524,Female,10,2001-12-14,0.0001,Single,0,,,Yes,15.0,2016-07-19,Child,0.0,0,Yes,0,43.0,2044-02-07,1,Created
6525,2011-01-01,6525,Female,46,1965-05-24,0.00134,Married,1325,,2024-07-11,Yes,,,Entrepreneur without personnel,33931.0,528203,Yes,2,,NA,1,Created
6526,2011-01-01,6526,Male,40,1971-05-03,0.0009400000000000001,Married,1269,,2031-10-31,No,,,Permanent contract,16818.0,605,Yes,1,,NA,1,Created
6527,2011-01-01,6527,Male,65,1946-07-09,0.01141,Widowed,0,,,Yes,,,Permanent contract,11946.0,13637,Yes,0,,NA,1,Created
17624,2011-07-09,6527,Male,66,1946-07-09,0.01141,Widowed,0,,,Yes,,,Retired,8362.199999999999,13637,Yes,0,,NA,1,Life event: Retired
6528,2011-01-01,6528,Female,56,1955-11-13,0.0041,Married,1326,,2048-01-05,Yes,,,Permanent contract,32845.0,-32351,Yes,1,,NA,1,Created
6529,2011-01-01,6529,Female,59,1952-06-25,0.00479,Single,0,,,Yes,38.0,,Permanent contract,11983.0,13066,Yes,0,,NA,1,Created
6530,2011-01-01,6530,Male,2,2009-08-14,0.00021,Single,0,,,Yes,30.0,2039-02-21,Child,0.0,0,Yes,0,,NA,1,Created
6531,2011-01-01,6531,Male,91,1920-08-19,0.18929,Widowed,0,,,Yes,,,Retired,19217.0,336021,Yes,0,,NA,1,Created
6532,2011-01-01,6532,Male,51,1960-06-07,0.00301,Divorced,0,,,Yes,,,Permanent contract,12447.0,78322,No,0,,NA,1,Created
6533,2011-01-01,6533,Female,61,1950-05-13,0.00562,Married,1327,,2054-07-05,No,,,Permanent contract,6789.0,-3153,No,1,,NA,1,Created
6534,2011-01-01,6534,Male,105,1906-02-28,1.0,Single,0,,,No,,,Retired,13288.0,281024,Yes,0,,NA,1,Created
18768,2012-05-20,6534,Male,107,1906-02-28,1.0,Single,0,,,No,,,Retired,13288.0,281024,Yes,0,,NA,0,Life event: Deceased
6535,2011-01-01,6535,Male,15,1996-09-06,0.00015,Single,0,,,Yes,50.0,2046-09-04,Child,0.0,0,No,0,,NA,1,Created
6536,2011-01-01,6536,Male,55,1956-08-15,0.00419,Single,0,,,Yes,52.0,,Flexible contract,30125.0,-2545,Yes,0,,NA,1,Created
6537,2011-01-01,6537,Female,28,1983-02-28,0.00025,Single,0,,,Yes,29.0,2012-07-09,Permanent contract,48803.0,-32750,No,0,36.0,2019-01-02,1,Created
18906,2012-07-09,6537,Female,30,1983-02-28,0.00025,Married,3487,56,2068-05-18,Yes,29,2012-07-09,Permanent contract,48803.0,-32750,No,0,36,2019-01-02,1,Life event: Married
6538,2011-01-01,6538,Female,57,1954-09-17,0.00387,Married,1328,,2053-08-03,No,,,Permanent contract,18735.0,-2722,No,3,,NA,1,Created
6539,2011-01-01,6539,Male,48,1963-04-20,0.0021100000000000003,Single,0,,,No,,,Entrepreneur with personel,21609.0,252,Yes,0,,NA,1,Created
6540,2011-01-01,6540,Female,0,2011-11-21,0.0028899999999999998,Single,0,,,No,,,Child,0.0,0,No,0,29.0,2040-03-31,1,Created
6541,2011-01-01,6541,Male,65,1946-06-22,0.01141,Divorced,0,,,Yes,,,Permanent contract,1719.0,-4910,Yes,0,,NA,1,Created
17549,2011-06-22,6541,Male,66,1946-06-22,0.01141,Divorced,0,,,Yes,,,Retired,1203.3,-4910,Yes,0,,NA,1,Life event: Retired
6542,2011-01-01,6542,Male,19,1992-12-06,0.00033,Single,0,,,Yes,44.0,2036-08-10,Entrepreneur with personel,44852.0,10298,No,0,,NA,1,Created
6543,2011-01-01,6543,Female,34,1977-05-08,0.00037,Married,1329,,2030-10-09,Yes,,,Permanent contract,12796.0,10998,Yes,1,,NA,1,Created
6544,2011-01-01,6544,Male,103,1908-04-08,1.0,Widowed,0,,,Yes,,,Retired,45036.0,170144,No,0,,NA,1,Created
16844,2011-02-04,6544,Male,103,1908-04-08,1.0,Widowed,0,,,Yes,,,Retired,45036.0,170144,No,0,,NA,0,Life event: Deceased
6545,2011-01-01,6545,Female,42,1969-05-21,0.001,Divorced,0,,,Yes,,,Flexible contract,7686.0,158650,No,0,,NA,1,Created
6546,2011-01-01,6546,Male,56,1955-06-11,0.0052,Married,1270,,2013-05-15,No,,,Permanent contract,84247.0,-32535,Yes,2,,NA,1,Created
6547,2011-01-01,6547,Male,41,1970-12-12,0.0008900000000000001,Married,1271,,2031-05-06,No,,,Flexible contract,8520.0,708876,No,3,,NA,1,Created
6548,2011-01-01,6548,Female,48,1963-10-07,0.0018800000000000002,Married,1330,,2046-11-04,Yes,,,Entrepreneur without personnel,23927.0,286026,Yes,2,,NA,1,Created
6549,2011-01-01,6549,Male,25,1986-08-12,0.00033999999999999997,Married,1272,,2053-09-25,No,,,Permanent contract,30188.0,958271,No,2,,NA,1,Created
6550,2011-01-01,6550,Female,6,2005-10-04,8e-05,Single,0,,,Yes,30.0,2035-12-13,Child,0.0,0,No,0,28.0,2033-05-11,1,Created
6551,2011-01-01,6551,Male,65,1946-07-14,0.01141,Married,1273,,2016-02-23,No,,,Permanent contract,23729.0,-40089,No,1,,NA,1,Created
17652,2011-07-14,6551,Male,66,1946-07-14,0.01141,Married,1273,,2016-02-23,No,,,Retired,16610.3,-40089,No,1,,NA,1,Life event: Retired
6552,2011-01-01,6552,Male,36,1975-05-05,0.0006,Divorced,0,,,Yes,,,Permanent contract,35215.0,335926,Yes,0,,NA,1,Created
6553,2011-01-01,6553,Male,39,1972-03-19,0.0008699999999999999,Married,1274,,2046-09-02,Yes,,,Entrepreneur without personnel,22706.0,480059,Yes,2,,NA,1,Created
6554,2011-01-01,6554,Female,54,1957-07-04,0.00313,Married,1331,,2020-11-08,Yes,,,Permanent contract,22551.0,24973,No,2,,NA,1,Created
6555,2011-01-01,6555,Female,56,1955-11-18,0.0041,Married,1332,,2064-08-08,Yes,,,Permanent contract,21677.0,740489,No,2,,NA,1,Created
6556,2011-01-01,6556,Male,56,1955-08-22,0.0052,Married,1275,,2046-05-29,No,,,Entrepreneur without personnel,22659.0,7561,Yes,1,,NA,1,Created
6557,2011-01-01,6557,Male,23,1988-02-12,0.00039,Single,0,,,Yes,47.0,2035-05-22,Permanent contract,8775.0,955,Yes,0,,NA,1,Created
6558,2011-01-01,6558,Female,39,1972-06-13,0.00074,Married,1333,,2051-08-22,No,,,Flexible contract,22651.0,97672,No,3,,NA,1,Created
6559,2011-01-01,6559,Male,78,1933-11-29,0.04668,Married,1276,,2049-05-12,Yes,,,Retired,3117.0,2263047,Yes,1,,NA,1,Created
6560,2011-01-01,6560,Male,93,1918-09-07,0.22959000000000002,Widowed,0,,,No,,,Retired,13578.0,10326,No,0,,NA,1,Created
6561,2011-01-01,6561,Female,1,2010-12-12,0.00033999999999999997,Single,0,,,Yes,58.0,2068-07-14,Child,0.0,0,No,0,33.0,2043-12-30,1,Created
6562,2011-01-01,6562,Female,48,1963-10-08,0.0018800000000000002,Married,1334,,2033-10-17,Yes,,,Permanent contract,27250.0,8360,Yes,1,,NA,1,Created
6563,2011-01-01,6563,Female,37,1974-10-23,0.00057,Single,0,,,Yes,39.0,2013-12-01,Permanent contract,13909.0,-30805,No,0,38.0,2012-01-04,1,Created
6564,2011-01-01,6564,Male,43,1968-11-28,0.00103,Single,0,,,Yes,30.0,,Entrepreneur with personel,29983.0,3636853,Yes,0,,NA,1,Created
6565,2011-01-01,6565,Male,11,2000-12-23,9e-05,Single,0,,,Yes,30.0,2030-09-30,Child,0.0,0,Yes,0,,NA,1,Created
6566,2011-01-01,6566,Female,56,1955-11-15,0.0041,Married,1335,,2019-04-28,No,,,Permanent contract,30677.0,48159,No,2,,NA,1,Created
6567,2011-01-01,6567,Female,54,1957-04-11,0.00313,Married,1336,,2054-08-25,No,,,Permanent contract,47913.0,168029,No,2,,NA,1,Created
6568,2011-01-01,6568,Male,57,1954-12-17,0.00572,Married,1277,,2043-01-09,Yes,,,Unemployed,45359.0,40320,No,3,,NA,1,Created
6569,2011-01-01,6569,Female,6,2005-05-30,8e-05,Single,0,,,No,,,Child,0.0,0,Yes,0,35.0,2040-11-21,1,Created
6570,2011-01-01,6570,Female,34,1977-12-01,0.00037,Single,0,,,No,,,Entrepreneur with personel,77844.0,8490,No,0,,NA,1,Created
6571,2011-01-01,6571,Male,8,2003-07-30,9e-05,Single,0,,,Yes,25.0,2028-07-14,Child,0.0,0,Yes,0,,NA,1,Created
6572,2011-01-01,6572,Male,70,1941-04-11,0.01932,Married,1278,,2022-11-17,No,,,Retired,98405.0,12102,Yes,2,,NA,1,Created
6573,2011-01-01,6573,Male,33,1978-06-28,0.00047999999999999996,Married,1279,,2055-03-11,Yes,,,Permanent contract,32531.0,3687846,Yes,2,,NA,1,Created
6574,2011-01-01,6574,Male,38,1973-02-21,0.0009599999999999999,Single,0,,,No,,,Permanent contract,9521.0,3571,No,0,,NA,1,Created
6575,2011-01-01,6575,Female,25,1986-09-14,0.00022999999999999998,Married,1337,,2016-05-04,No,,,Permanent contract,28892.0,39232,No,1,,NA,1,Created
6576,2011-01-01,6576,Female,64,1947-02-25,0.00713,Married,1338,,2017-04-09,No,,,Flexible contract,6660.0,61910,No,2,,NA,1,Created
16976,2011-02-25,6576,Female,65,1947-02-25,0.00713,Married,1338,,2017-04-09,No,,,Retired,4662.0,61910,No,2,,NA,1,Life event: Retired
6577,2011-01-01,6577,Male,22,1989-05-12,0.00041,Single,0,,,Yes,30.0,2019-04-18,Permanent contract,14267.0,79,No,0,,NA,1,Created
6578,2011-01-01,6578,Female,64,1947-09-26,0.00713,Divorced,0,,,Yes,,,Permanent contract,6417.0,-29013,Yes,0,,NA,1,Created
17977,2011-09-26,6578,Female,65,1947-09-26,0.00713,Divorced,0,,,Yes,,,Retired,4491.9,-29013,Yes,0,,NA,1,Life event: Retired
6579,2011-01-01,6579,Male,65,1946-05-10,0.01141,Married,1280,,2041-09-03,No,,,Permanent contract,5385.0,194941,Yes,1,,NA,1,Created
17342,2011-05-10,6579,Male,66,1946-05-10,0.01141,Married,1280,,2041-09-03,No,,,Retired,3769.4999999999995,194941,Yes,1,,NA,1,Life event: Retired
6580,2011-01-01,6580,Female,39,1972-02-20,0.00074,Married,1339,,2029-10-04,No,,,Permanent contract,61954.0,-25943,No,1,,NA,1,Created
6581,2011-01-01,6581,Female,19,1992-10-15,0.00014,Single,0,,,Yes,57.0,2049-04-21,Permanent contract,63943.0,574,Yes,0,28.0,2020-08-26,1,Created
6582,2011-01-01,6582,Male,48,1963-11-01,0.0021100000000000003,Divorced,0,,,No,,,Permanent contract,11592.0,25297,No,0,,NA,1,Created
6583,2011-01-01,6583,Male,54,1957-01-21,0.00404,Divorced,0,,,Yes,,,Flexible contract,22791.0,156093,No,0,,NA,1,Created
6584,2011-01-01,6584,Male,17,1994-07-24,0.00022999999999999998,Single,0,,,Yes,25.0,2019-10-21,Child,0.0,0,Yes,0,,NA,1,Created
17697,2011-07-24,6584,Male,18,1994-07-24,0.00022999999999999998,Single,0,,,No,,,Permanent contract,2708.0,2337,Yes,0,,NA,1,Life event: Adulthood
6585,2011-01-01,6585,Male,16,1995-05-29,0.00029,Single,0,,,No,,,Child,0.0,0,No,0,,NA,1,Created
18795,2012-05-29,6585,Male,18,1995-05-29,0.00029,Single,0,,,No,,,Permanent contract,84794.0,3986,No,0,,NA,1,Life event: Adulthood
6586,2011-01-01,6586,Female,24,1987-08-31,0.00018999999999999998,Single,0,,,Yes,35.0,2022-10-15,Flexible contract,43468.0,7293,Yes,0,37.0,2024-11-01,1,Created
6587,2011-01-01,6587,Male,5,2006-07-31,9e-05,Single,0,,,No,,,Child,0.0,0,Yes,0,,NA,1,Created
6588,2011-01-01,6588,Male,11,2000-03-04,9e-05,Single,0,,,No,,,Child,0.0,0,No,0,,NA,1,Created
6589,2011-01-01,6589,Male,64,1947-08-10,0.01097,Married,1281,,2031-12-21,Yes,,,Permanent contract,10249.0,168353,No,2,,NA,1,Created
17774,2011-08-10,6589,Male,65,1947-08-10,0.01097,Married,1281,,2031-12-21,Yes,,,Retired,7174.299999999999,168353,No,2,,NA,1,Life event: Retired
6590,2011-01-01,6590,Male,35,1976-02-23,0.00055,Married,1282,,2013-10-16,Yes,,,Unemployed,33487.0,181996,Yes,1,,NA,1,Created
6591,2011-01-01,6591,Female,40,1971-06-11,0.0006900000000000001,Single,0,,,Yes,26.0,,Permanent contract,422738.0,463987,No,0,,NA,1,Created
6592,2011-01-01,6592,Male,86,1925-09-07,0.1126,Widowed,0,,,Yes,,,Retired,2093.0,114303,No,0,,NA,1,Created
6593,2011-01-01,6593,Male,3,2008-09-09,0.0002,Single,0,,,Yes,34.0,2042-07-12,Child,0.0,0,No,0,,NA,1,Created
6594,2011-01-01,6594,Female,93,1918-01-09,0.18566,Widowed,0,,,Yes,,,Retired,6291.0,21001,Yes,0,,NA,1,Created
6595,2011-01-01,6595,Female,40,1971-09-16,0.0006900000000000001,Single,0,,,Yes,35.0,,Permanent contract,8918.0,-39653,No,0,,NA,1,Created
6596,2011-01-01,6596,Female,32,1979-09-16,0.00041,Single,0,,,Yes,38.0,2017-04-20,Unemployed,39218.0,4402,Yes,0,,NA,1,Created
6597,2011-01-01,6597,Male,15,1996-01-06,0.00015,Single,0,,,Yes,29.0,2025-08-12,Child,0.0,0,Yes,0,,NA,1,Created
6598,2011-01-01,6598,Female,26,1985-08-02,1.0,Single,0,,,Yes,35.0,2020-02-06,Permanent contract,49234.0,8169,No,0,35.0,2020-10-24,1,Created
18171,2011-11-12,6598,Female,27,1985-08-02,1.0,Single,0,,,Yes,35,2020-02-06,Permanent contract,49234.0,8169,No,0,35,2020-10-24,0,Life event: Deceased
6599,2011-01-01,6599,Female,25,1986-06-15,0.00022999999999999998,Single,0,,,Yes,30.0,2016-04-06,Permanent contract,41914.0,136242,Yes,0,31.0,2017-05-08,1,Created
6600,2011-01-01,6600,Male,22,1989-07-10,0.00041,Single,0,,,No,,,Permanent contract,27412.0,13815,Yes,0,,NA,1,Created
6601,2011-01-01,6601,Male,13,1998-03-01,0.00014,Single,0,,,No,,,Child,0.0,0,Yes,0,,NA,1,Created
6602,2011-01-01,6602,Male,0,2011-06-04,0.0036200000000000004,Single,0,,,Yes,64.0,2075-11-21,Child,0.0,0,Yes,0,,NA,1,Created
6603,2011-01-01,6603,Female,13,1998-10-31,0.00011999999999999999,Single,0,,,No,,,Child,0.0,0,No,0,27.0,2025-12-10,1,Created
6604,2011-01-01,6604,Male,22,1989-11-15,0.00041,Single,0,,,Yes,29.0,2018-07-20,Permanent contract,37732.0,51158,Yes,0,,NA,1,Created
6605,2011-01-01,6605,Female,31,1980-07-16,0.00029,Married,1340,,2049-10-12,No,,,Permanent contract,38085.0,815749,Yes,1,,NA,1,Created
6606,2011-01-01,6606,Male,43,1968-08-07,0.00103,Married,1283,,2045-07-18,Yes,,,Permanent contract,38981.0,39934,No,1,,NA,1,Created
6607,2011-01-01,6607,Male,77,1934-03-04,0.0418,Single,0,,,No,,,Retired,36727.0,82,No,0,,NA,1,Created
6608,2011-01-01,6608,Male,66,1945-05-11,0.01401,Divorced,0,,,Yes,,,Entrepreneur without personnel,95796.0,840,No,0,,NA,1,Created
17344,2011-05-11,6608,Male,67,1945-05-11,0.01401,Divorced,0,,,Yes,,,Retired,67057.2,840,No,0,,NA,1,Life event: Retired
6609,2011-01-01,6609,Male,33,1978-11-22,0.00047999999999999996,Single,0,,,Yes,30.0,,Permanent contract,86598.0,-37139,No,0,,NA,1,Created
6610,2011-01-01,6610,Male,58,1953-08-24,0.00603,Divorced,0,,,Yes,,,Permanent contract,6243.0,-11805,Yes,0,,NA,1,Created
6611,2011-01-01,6611,Male,30,1981-10-19,0.00055,Married,1284,,2025-04-25,No,,,Permanent contract,30999.0,125238,No,2,,NA,1,Created
6612,2011-01-01,6612,Female,34,1977-08-05,0.00037,Married,1341,,2058-06-30,Yes,,,Permanent contract,4735.0,723940,Yes,3,,NA,1,Created
6613,2011-01-01,6613,Female,23,1988-04-08,0.0001,Single,0,,,No,,,Permanent contract,38515.0,122097,No,0,26.0,2014-05-24,1,Created
6614,2011-01-01,6614,Male,40,1971-06-12,0.0009400000000000001,Married,1285,,2018-04-25,Yes,,,Permanent contract,26695.0,3295,No,2,,NA,1,Created
6615,2011-01-01,6615,Male,42,1969-03-03,0.00128,Married,1286,,2011-08-04,No,,,Permanent contract,338.0,-4609,No,2,,NA,1,Created
17739,2011-08-04,6615,Male,43,1969-03-03,0.00128,Divorced,1286,,2011-08-04,No,,,Permanent contract,338.0,-4609,No,2,,NA,1,Life event: Divorced
6616,2011-01-01,6616,Male,80,1931-04-13,0.05987000000000001,Widowed,0,,,Yes,,,Retired,44893.0,25114,No,0,,NA,1,Created
6617,2011-01-01,6617,Female,48,1963-10-29,0.0018800000000000002,Married,1342,,2012-11-22,Yes,,,Permanent contract,20661.0,64223,Yes,3,,NA,1,Created
19266,2012-11-22,6617,Female,50,1963-10-29,0.0018800000000000002,Divorced,1342,,2012-11-22,Yes,,,Permanent contract,20661.0,64223,Yes,3,,NA,1,Life event: Divorced
6618,2011-01-01,6618,Male,71,1940-02-22,0.02034,Married,1287,,2030-04-22,No,,,Retired,26327.0,18425,No,2,,NA,1,Created
6619,2011-01-01,6619,Female,75,1936-05-03,0.01986,Widowed,0,,,No,,,Retired,2469.0,4670,Yes,0,,NA,1,Created
6620,2011-01-01,6620,Female,65,1946-12-22,0.007559999999999999,Married,1343,,2039-07-21,Yes,,,Permanent contract,49648.0,799026,No,1,,NA,1,Created
18340,2011-12-22,6620,Female,66,1946-12-22,0.007559999999999999,Married,1343,,2039-07-21,Yes,,,Retired,34753.6,799026,No,1,,NA,1,Life event: Retired
6621,2011-01-01,6621,Female,52,1959-10-08,0.00268,Married,1344,,2018-12-28,No,,,Flexible contract,23806.0,35800,Yes,1,,NA,1,Created
6622,2011-01-01,6622,Female,40,1971-05-13,0.0006900000000000001,Divorced,0,,,No,,,Permanent contract,5702.0,991629,Yes,0,45.0,2016-12-27,1,Created
6623,2011-01-01,6623,Male,35,1976-10-01,0.00055,Single,0,,,Yes,26.0,,Unemployed,57096.0,7833,No,0,,NA,1,Created
6624,2011-01-01,6624,Female,25,1986-07-18,0.00022999999999999998,Married,1345,,2048-12-09,No,,,Permanent contract,54076.0,173005,No,1,45.0,2031-03-18,1,Created
6625,2011-01-01,6625,Male,0,2011-03-15,0.0036200000000000004,Single,0,,,Yes,27.0,2038-04-22,Child,0.0,0,Yes,0,,NA,1,Created
6626,2011-01-01,6626,Female,39,1972-10-10,0.00074,Married,1346,,2060-03-08,Yes,,,Entrepreneur without personnel,39070.0,311564,No,1,,NA,1,Created
6627,2011-01-01,6627,Female,78,1933-01-28,0.02817,Divorced,0,,,No,,,Retired,3314.0,191378,Yes,0,,NA,1,Created
6628,2011-01-01,6628,Male,17,1994-02-07,0.00022999999999999998,Single,0,,,Yes,40.0,2034-10-16,Child,0.0,0,Yes,0,,NA,1,Created
16863,2011-02-07,6628,Male,18,1994-02-07,0.00022999999999999998,Single,0,,,Yes,29,2022-12-04,Flexible contract,12015.0,444625,Yes,0,,NA,1,Life event: Adulthood
6629,2011-01-01,6629,Male,20,1991-09-24,0.00045,Single,0,,,Yes,39.0,2030-07-14,Flexible contract,79606.0,-7958,No,0,,NA,1,Created
6630,2011-01-01,6630,Male,69,1942-09-29,0.01804,Divorced,0,,,No,,,Retired,16554.0,126373,Yes,0,,NA,1,Created
6631,2011-01-01,6631,Male,67,1944-03-20,0.01396,Married,1288,,2027-02-09,Yes,,,Entrepreneur without personnel,23007.0,3024,No,1,,NA,1,Created
17094,2011-03-20,6631,Male,68,1944-03-20,0.01396,Married,1288,,2027-02-09,Yes,,,Retired,16104.9,3024,No,1,,NA,1,Life event: Retired
6632,2011-01-01,6632,Male,37,1974-05-30,0.00082,Divorced,0,,,No,,,Permanent contract,158221.0,45987,Yes,0,,NA,1,Created
6633,2011-01-01,6633,Male,15,1996-01-01,0.00015,Single,0,,,No,,,Child,0.0,0,Yes,0,,NA,1,Created
6634,2011-01-01,6634,Female,9,2002-07-11,2.9999999999999997e-05,Single,0,,,No,,,Child,0.0,0,Yes,0,25.0,2027-11-08,1,Created
6635,2011-01-01,6635,Male,71,1940-04-30,0.02034,Married,1289,,2017-03-09,No,,,Retired,8783.0,598,Yes,1,,NA,1,Created
6636,2011-01-01,6636,Male,56,1955-01-17,0.0052,Married,1290,,2022-10-08,No,,,Permanent contract,8208.0,584136,Yes,2,,NA,1,Created
6637,2011-01-01,6637,Female,5,2006-02-01,4e-05,Single,0,,,Yes,25.0,2031-09-03,Child,0.0,0,Yes,0,30.0,2036-01-18,1,Created
6638,2011-01-01,6638,Male,40,1971-11-19,0.0009400000000000001,Married,1291,,2030-10-08,Yes,,,Permanent contract,17979.0,255408,Yes,1,,NA,1,Created
6639,2011-01-01,6639,Male,59,1952-07-06,0.00717,Single,0,,,Yes,25.0,,Permanent contract,84423.0,114691,No,0,,NA,1,Created
6640,2011-01-01,6640,Male,53,1958-07-06,0.0033299999999999996,Married,1292,,2030-11-25,Yes,,,Permanent contract,1293.0,727,Yes,2,,NA,1,Created
6641,2011-01-01,6641,Male,17,1994-05-05,0.00022999999999999998,Single,0,,,Yes,25.0,2019-05-18,Child,0.0,0,Yes,0,,NA,1,Created
17301,2011-05-05,6641,Male,18,1994-05-05,0.00022999999999999998,Single,0,,,No,,,Entrepreneur without personnel,35621.0,9794,Yes,0,,NA,1,Life event: Adulthood
6642,2011-01-01,6642,Female,46,1965-05-06,0.00134,Married,1347,,2013-07-12,Yes,,,Permanent contract,77971.0,47388,Yes,1,,NA,1,Created
6643,2011-01-01,6643,Female,53,1958-05-18,0.00312,Married,1348,,2049-05-07,No,,,Permanent contract,43148.0,376881,Yes,2,,NA,1,Created
6644,2011-01-01,6644,Female,63,1948-03-28,0.00672,Married,1349,,2053-07-08,Yes,,,Permanent contract,74636.0,21815,Yes,3,,NA,1,Created
18627,2012-03-28,6644,Female,65,1948-03-28,0.00672,Married,1349,,2053-07-08,Yes,,,Retired,52245.2,21815,Yes,3,,NA,1,Life event: Retired
6645,2011-01-01,6645,Male,43,1968-02-22,0.00103,Married,1293,,2046-12-05,No,,,Entrepreneur without personnel,14930.0,-16517,Yes,1,,NA,1,Created
6646,2011-01-01,6646,Male,55,1956-04-25,0.00419,Divorced,0,,,Yes,,,Permanent contract,39257.0,5833,Yes,0,,NA,1,Created
6647,2011-01-01,6647,Female,32,1979-08-04,0.00041,Single,0,,,Yes,32.0,2011-03-13,Permanent contract,42882.0,438979,No,0,,NA,1,Created
17055,2011-03-13,6647,Female,32,1979-08-04,0.00041,Married,3430,3,2014-10-24,Yes,32,2011-03-13,Permanent contract,42882.0,438979,No,0,,NA,1,Life event: Married
6648,2011-01-01,6648,Male,49,1962-02-15,0.00242,Married,1294,,2044-04-26,No,,,Flexible contract,24051.0,172042,Yes,2,,NA,1,Created
16715,2011-01-10,6648,Male,49,1962-02-15,0.00242,Widowed,1294,,2044-04-26,No,,,Flexible contract,24051.0,172042,Yes,2,,NA,1,Life event: Widowed
6649,2011-01-01,6649,Female,55,1956-09-02,0.00372,Married,1350,,2040-08-04,Yes,,,Flexible contract,1731.0,25617,No,2,,NA,1,Created
6650,2011-01-01,6650,Female,2,2009-06-09,0.00015,Single,0,,,Yes,29.0,2038-07-09,Child,0.0,0,No,0,26.0,2035-10-28,1,Created
6651,2011-01-01,6651,Male,47,1964-06-05,0.00186,Married,1295,,2049-08-15,Yes,,,Permanent contract,82492.0,3086,Yes,2,,NA,1,Created
6652,2011-01-01,6652,Male,31,1980-10-23,0.00041,Married,1296,,2027-03-20,No,,,Permanent contract,51106.0,-36540,Yes,3,,NA,1,Created
6653,2011-01-01,6653,Female,30,1981-05-15,0.00027,Married,1351,,2055-03-08,Yes,,,Permanent contract,91126.0,32786,Yes,2,31.0,2012-08-18,1,Created
19021,2012-08-18,6653,Female,32,1981-05-15,0.00027,Married,1351,,2055-03-08,Yes,,,Permanent contract,91126.0,32786,Yes,2,31,2012-08-18,1,Life event: Children born
6654,2011-01-01,6654,Female,91,1920-09-14,0.14715,Single,0,,,No,,,Retired,21143.0,473936,No,0,,NA,1,Created
6655,2011-01-01,6655,Female,36,1975-12-19,0.00049,Single,0,,,No,,,Permanent contract,16661.0,8154,No,0,,NA,1,Created
6656,2011-01-01,6656,Male,17,1994-08-27,0.00022999999999999998,Single,0,,,Yes,42.0,2036-07-07,Child,0.0,0,No,0,,NA,1,Created
17866,2011-08-27,6656,Male,18,1994-08-27,0.00022999999999999998,Single,0,,,Yes,39,2032-02-03,Permanent contract,5689.0,188,No,0,,NA,1,Life event: Adulthood
6657,2011-01-01,6657,Female,72,1939-05-01,0.01411,Married,1352,,2062-03-14,No,,,Retired,21393.0,58635,Yes,2,,NA,1,Created
6658,2011-01-01,6658,Male,67,1944-10-23,0.01396,Married,1297,,2057-10-06,Yes,,,Permanent contract,209.0,26187,Yes,1,,NA,1,Created
18091,2011-10-23,6658,Male,68,1944-10-23,0.01396,Married,1297,,2057-10-06,Yes,,,Retired,146.29999999999998,26187,Yes,1,,NA,1,Life event: Retired
6659,2011-01-01,6659,Male,48,1963-08-24,0.0021100000000000003,Married,1298,,2021-02-10,Yes,,,Permanent contract,26297.0,179287,Yes,1,,NA,1,Created
6660,2011-01-01,6660,Female,40,1971-01-08,0.0006900000000000001,Married,1353,,2029-10-31,Yes,,,Entrepreneur without personnel,23066.0,1880,No,2,,NA,1,Created
6661,2011-01-01,6661,Male,16,1995-11-07,0.00029,Single,0,,,No,,,Child,0.0,0,No,0,,NA,1,Created
19224,2012-11-07,6661,Male,18,1995-11-07,0.00029,Single,0,,,No,,,Flexible contract,41235.0,768,No,0,,NA,1,Life event: Adulthood
6662,2011-01-01,6662,Male,46,1965-07-12,0.00172,Married,1299,,2034-06-23,No,,,Unemployed,35100.0,1241842,Yes,1,,NA,1,Created
6663,2011-01-01,6663,Male,62,1949-11-26,0.008409999999999999,Divorced,0,,,No,,,Entrepreneur without personnel,17020.0,692,No,0,,NA,1,Created
6664,2011-01-01,6664,Female,57,1954-09-14,0.00387,Married,1354,,2057-03-05,Yes,,,Permanent contract,88437.0,55935,Yes,1,,NA,1,Created
6665,2011-01-01,6665,Male,61,1950-06-02,0.00747,Married,1300,,2031-11-24,No,,,Flexible contract,72229.0,203038,No,2,,NA,1,Created
6666,2011-01-01,6666,Female,24,1987-02-14,0.00018999999999999998,Single,0,,,No,,,Permanent contract,810.0,148094,No,0,27.0,2014-04-25,1,Created
6667,2011-01-01,6667,Female,49,1962-05-10,0.00193,Single,0,,,Yes,42.0,,Permanent contract,18074.0,975949,No,0,,NA,1,Created
6668,2011-01-01,6668,Male,7,2004-07-09,9e-05,Single,0,,,Yes,30.0,2034-09-09,Child,0.0,0,No,0,,NA,1,Created
6669,2011-01-01,6669,Male,29,1982-10-20,0.0005200000000000001,Single,0,,,No,,,Permanent contract,28585.0,837,Yes,0,,NA,1,Created
6670,2011-01-01,6670,Male,63,1948-06-19,0.00945,Married,1301,,2041-11-26,No,,,Entrepreneur without personnel,4072.0,44870,No,2,,NA,1,Created
18860,2012-06-19,6670,Male,65,1948-06-19,0.00945,Married,1301,,2041-11-26,No,,,Retired,2850.3999999999996,44870,No,2,,NA,1,Life event: Retired
6671,2011-01-01,6671,Female,33,1978-10-25,0.00035,Married,1355,,2033-06-12,Yes,,,Permanent contract,44339.0,509707,No,3,,NA,1,Created
6672,2011-01-01,6672,Male,20,1991-03-19,0.00045,Single,0,,,Yes,26.0,2017-08-27,Permanent contract,2517.0,254495,No,0,,NA,1,Created
6673,2011-01-01,6673,Male,6,2005-12-30,5.9999999999999995e-05,Single,0,,,No,,,Child,0.0,0,No,0,,NA,1,Created
6674,2011-01-01,6674,Female,51,1960-04-22,0.0023899999999999998,Married,1356,,2047-01-16,Yes,,,Flexible contract,7768.0,9985,No,2,,NA,1,Created
6675,2011-01-01,6675,Male,43,1968-12-12,0.00103,Single,0,,,Yes,27.0,,Entrepreneur without personnel,15461.0,713961,Yes,0,,NA,1,Created
6676,2011-01-01,6676,Female,15,1996-07-03,8e-05,Single,0,,,No,,,Child,0.0,0,Yes,0,23.0,2019-11-19,1,Created
6677,2011-01-01,6677,Female,46,1965-10-20,0.00134,Single,0,,,No,,,Permanent contract,9786.0,158962,No,0,,NA,1,Created
6678,2011-01-01,6678,Female,27,1984-04-06,0.00025,Single,0,,,Yes,38.0,2022-09-20,Permanent contract,48311.0,426090,No,0,34.0,2018-12-21,1,Created
6679,2011-01-01,6679,Male,16,1995-11-04,0.00029,Single,0,,,No,,,Child,0.0,0,No,0,,NA,1,Created
19214,2012-11-04,6679,Male,18,1995-11-04,0.00029,Single,0,,,No,,,Permanent contract,41997.0,406450,No,0,,NA,1,Life event: Adulthood
6680,2011-01-01,6680,Male,21,1990-02-02,0.00045,Single,0,,,Yes,30.0,2020-11-26,Permanent contract,22480.0,323,Yes,0,,NA,1,Created
6681,2011-01-01,6681,Male,41,1970-12-26,0.0008900000000000001,Married,1302,,2054-04-22,Yes,,,Permanent contract,31013.0,489150,Yes,2,,NA,1,Created
6682,2011-01-01,6682,Male,10,2001-11-26,0.00011999999999999999,Single,0,,,Yes,71.0,2072-12-09,Child,0.0,0,Yes,0,,NA,1,Created
6683,2011-01-01,6683,Male,44,1967-03-09,0.0013599999999999999,Married,1303,,2040-11-15,Yes,,,Permanent contract,28734.0,-263,No,3,,NA,1,Created
6684,2011-01-01,6684,Male,50,1961-10-05,0.00257,Married,1304,,2051-06-09,Yes,,,Permanent contract,39357.0,-30613,Yes,2,,NA,1,Created
6685,2011-01-01,6685,Male,70,1941-07-15,0.01932,Married,1305,,2016-11-10,Yes,,,Retired,30238.0,338612,Yes,1,,NA,1,Created
6686,2011-01-01,6686,Female,73,1938-05-24,0.01577,Married,1357,,2060-07-04,Yes,,,Retired,150381.0,85404,No,1,,NA,1,Created
6687,2011-01-01,6687,Female,96,1915-01-30,0.24602,Widowed,0,,,No,,,Retired,2674.0,62,No,0,,NA,1,Created
6688,2011-01-01,6688,Female,6,2005-04-01,8e-05,Single,0,,,Yes,29.0,2034-05-01,Child,0.0,0,Yes,0,36.0,2041-07-22,1,Created
6689,2011-01-01,6689,Female,72,1939-05-03,0.01411,Divorced,0,,,No,,,Retired,20177.0,1581,Yes,0,,NA,1,Created
6690,2011-01-01,6690,Female,30,1981-04-15,0.00027,Single,0,,,No,,,Permanent contract,36958.0,566537,Yes,0,,NA,1,Created
6691,2011-01-01,6691,Female,35,1976-10-06,0.00033999999999999997,Married,1358,,2049-11-24,No,,,Permanent contract,11188.0,5461,Yes,1,35.0,2011-09-15,1,Created
17922,2011-09-15,6691,Female,35,1976-10-06,0.00033999999999999997,Married,1358,,2049-11-24,No,,,Permanent contract,11188.0,5461,Yes,2,35,2011-09-15,1,Life event: Children born
6692,2011-01-01,6692,Male,79,1932-02-16,0.05364,Married,1306,,2053-11-19,Yes,,,Retired,18158.0,193592,Yes,2,,NA,1,Created
6693,2011-01-01,6693,Male,68,1943-05-28,0.01522,Married,1307,,2020-07-01,Yes,,,Retired,13537.0,98764,No,2,,NA,1,Created
6694,2011-01-01,6694,Female,45,1966-05-21,0.00134,Married,1359,,2028-01-29,No,,,Permanent contract,10430.0,896,Yes,3,,NA,1,Created
6695,2011-01-01,6695,Female,63,1948-01-28,0.00672,Married,1360,,2030-10-14,Yes,,,Flexible contract,65266.0,268704,Yes,2,,NA,1,Created
18473,2012-01-28,6695,Female,65,1948-01-28,0.00672,Married,1360,,2030-10-14,Yes,,,Retired,45686.2,268704,Yes,2,,NA,1,Life event: Retired
6696,2011-01-01,6696,Female,27,1984-01-16,0.00025,Single,0,,,Yes,22.0,,Permanent contract,47996.0,19808,Yes,0,32.0,2016-11-26,1,Created
6697,2011-01-01,6697,Female,1,2010-01-16,0.00033999999999999997,Single,0,,,Yes,25.0,2035-04-24,Child,0.0,0,No,0,30.0,2040-01-03,1,Created
6698,2011-01-01,6698,Male,60,1951-10-08,0.006840000000000001,Divorced,0,,,No,,,Entrepreneur with personel,34097.0,59380,Yes,0,,NA,1,Created
6699,2011-01-01,6699,Male,45,1966-10-01,0.0014199999999999998,Single,0,,,Yes,52.0,2018-02-17,Entrepreneur with personel,9673.0,271999,No,0,,NA,1,Created
6700,2011-01-01,6700,Female,100,1911-01-04,1.0,Widowed,0,,,Yes,,,Retired,30372.0,27263,Yes,0,,NA,1,Created
19097,2012-09-12,6700,Female,102,1911-01-04,1.0,Widowed,0,,,Yes,,,Retired,30372.0,27263,Yes,0,,NA,0,Life event: Deceased
6701,2011-01-01,6701,Male,68,1943-05-10,0.01522,Single,0,,,No,,,Retired,55766.0,79405,No,0,,NA,1,Created
6702,2011-01-01,6702,Male,7,2004-03-24,9e-05,Single,0,,,Yes,45.0,2049-08-09,Child,0.0,0,Yes,0,,NA,1,Created
6703,2011-01-01,6703,Male,12,1999-08-30,0.00011,Single,0,,,No,,,Child,0.0,0,Yes,0,,NA,1,Created
6704,2011-01-01,6704,Female,64,1947-09-25,0.00713,Married,1361,,2042-06-29,No,,,Permanent contract,83627.0,3471,Yes,3,,NA,1,Created
17973,2011-09-25,6704,Female,65,1947-09-25,0.00713,Married,1361,,2042-06-29,No,,,Retired,58538.899999999994,3471,Yes,3,,NA,1,Life event: Retired
6705,2011-01-01,6705,Male,9,2002-04-10,0.00014,Single,0,,,No,,,Child,0.0,0,Yes,0,,NA,1,Created
6706,2011-01-01,6706,Male,39,1972-10-01,0.0008699999999999999,Married,1308,,2011-09-18,Yes,,,Permanent contract,14772.0,33601,Yes,1,,NA,1,Created
17940,2011-09-18,6706,Male,39,1972-10-01,0.0008699999999999999,Divorced,1308,,2011-09-18,Yes,,,Permanent contract,14772.0,33601,Yes,1,,NA,1,Life event: Divorced
6707,2011-01-01,6707,Male,71,1940-12-07,0.02034,Married,1309,,2020-04-22,No,,,Retired,32683.0,425696,Yes,2,,NA,1,Created
6708,2011-01-01,6708,Male,48,1963-06-14,0.0021100000000000003,Divorced,0,,,No,,,Permanent contract,81407.0,307759,Yes,0,,NA,1,Created
6709,2011-01-01,6709,Male,79,1932-01-17,0.05364,Married,1310,,2031-07-03,No,,,Retired,48861.0,272608,Yes,3,,NA,1,Created
6710,2011-01-01,6710,Male,78,1933-03-26,0.04668,Married,1311,,2015-01-24,Yes,,,Retired,8170.0,2071,Yes,2,,NA,1,Created
6711,2011-01-01,6711,Male,20,1991-07-08,0.00045,Single,0,,,Yes,40.0,2031-07-27,Entrepreneur with personel,12514.0,30138,No,0,,NA,1,Created
6712,2011-01-01,6712,Female,47,1964-05-14,0.00168,Married,1362,,2058-11-20,No,,,Permanent contract,41571.0,156397,Yes,1,,NA,1,Created
6713,2011-01-01,6713,Female,9,2002-09-29,2.9999999999999997e-05,Single,0,,,No,,,Child,0.0,0,No,0,35.0,2037-11-07,1,Created
6714,2011-01-01,6714,Female,22,1989-06-20,0.00023999999999999998,Single,0,,,Yes,48.0,2037-06-08,Permanent contract,5405.0,-16729,Yes,0,29.0,2018-07-25,1,Created
6715,2011-01-01,6715,Male,53,1958-05-05,0.0033299999999999996,Married,1312,,2038-06-18,No,,,Permanent contract,82486.0,631,No,2,,NA,1,Created
6716,2011-01-01,6716,Male,41,1970-09-28,0.0008900000000000001,Married,1313,,2045-09-21,Yes,,,Permanent contract,4890.0,46808,Yes,2,,NA,1,Created
6717,2011-01-01,6717,Female,76,1935-03-28,0.02337,Married,1363,,2021-07-03,No,,,Retired,15208.0,17,Yes,2,,NA,1,Created
6718,2011-01-01,6718,Female,19,1992-12-10,0.00014,Single,0,,,No,,,Permanent contract,21144.0,146756,No,0,22.0,2014-06-17,1,Created
6719,2011-01-01,6719,Male,45,1966-12-29,0.0014199999999999998,Married,1314,,2050-07-23,No,,,Entrepreneur with personel,41328.0,345627,Yes,3,,NA,1,Created
6720,2011-01-01,6720,Male,22,1989-05-09,0.00041,Single,0,,,Yes,32.0,2021-01-08,Permanent contract,43800.0,13316,No,0,,NA,1,Created
6721,2011-01-01,6721,Female,49,1962-05-22,0.00193,Single,0,,,Yes,21.0,,Permanent contract,26004.0,405084,No,0,,NA,1,Created
6722,2011-01-01,6722,Male,17,1994-09-15,0.00022999999999999998,Single,0,,,Yes,50.0,2044-11-02,Child,0.0,0,Yes,0,,NA,1,Created
17923,2011-09-15,6722,Male,18,1994-09-15,0.00022999999999999998,Single,0,,,Yes,30,2023-06-06,Permanent contract,10059.0,3750,Yes,0,,NA,1,Life event: Adulthood
6723,2011-01-01,6723,Female,45,1966-07-24,0.00134,Married,1364,,2039-08-09,Yes,,,Permanent contract,23478.0,290829,No,2,,NA,1,Created
6724,2011-01-01,6724,Male,30,1981-08-18,0.00055,Single,0,,,Yes,31.0,2012-10-23,Permanent contract,3223.0,382,No,0,,NA,1,Created
19182,2012-10-23,6724,Male,32,1981-08-18,0.00055,Married,3497,20,2032-06-28,Yes,31,2012-10-23,Permanent contract,3223.0,382,No,0,,NA,1,Life event: Married
6725,2011-01-01,6725,Female,56,1955-03-05,0.0041,Married,1365,,2014-07-27,No,,,Flexible contract,73751.0,255146,No,1,,NA,1,Created
6726,2011-01-01,6726,Female,29,1982-06-23,0.00032,Married,1366,,2015-08-09,No,,,Permanent contract,1027.0,-21681,Yes,3,32.0,2014-11-10,1,Created
18491,2012-02-02,6726,Female,30,1982-06-23,0.00032,Widowed,1366,,2015-08-09,No,,,Permanent contract,1027.0,-21681,Yes,3,32,2014-11-10,1,Life event: Widowed
6727,2011-01-01,6727,Male,17,1994-06-16,0.00022999999999999998,Single,0,,,No,,,Child,0.0,0,Yes,0,,NA,1,Created
17519,2011-06-16,6727,Male,18,1994-06-16,0.00022999999999999998,Single,0,,,No,,,Permanent contract,32346.0,-3256,Yes,0,,NA,1,Life event: Adulthood
6728,2011-01-01,6728,Female,34,1977-10-08,0.00037,Single,0,,,No,,,Permanent contract,21213.0,-28458,No,0,34.0,2011-06-07,1,Created
6729,2011-01-01,6729,Female,58,1953-04-15,0.00448,Married,1367,,2052-01-12,No,,,Permanent contract,599.0,281153,No,1,,NA,1,Created
6730,2011-01-01,6730,Male,40,1971-08-23,0.0009400000000000001,Married,1315,,2056-02-17,No,,,Entrepreneur with personel,4868.0,249399,Yes,1,,NA,1,Created
6731,2011-01-01,6731,Female,64,1947-03-24,0.00713,Married,1368,,2048-10-24,Yes,,,Permanent contract,8572.0,-28528,Yes,2,,NA,1,Created
17113,2011-03-24,6731,Female,65,1947-03-24,0.00713,Married,1368,,2048-10-24,Yes,,,Retired,6000.4,-28528,Yes,2,,NA,1,Life event: Retired
6732,2011-01-01,6732,Male,38,1973-07-01,0.0009599999999999999,Divorced,0,,,Yes,,,Permanent contract,29934.0,-31604,Yes,0,,NA,1,Created
6733,2011-01-01,6733,Female,68,1943-08-14,0.00983,Married,1369,,2027-05-20,No,,,Retired,4705.0,90673,Yes,1,,NA,1,Created
6734,2011-01-01,6734,Female,65,1946-09-26,0.007559999999999999,Widowed,0,,,No,,,Permanent contract,30102.0,112974,Yes,0,,NA,1,Created
17978,2011-09-26,6734,Female,66,1946-09-26,0.007559999999999999,Widowed,0,,,No,,,Retired,21071.399999999998,112974,Yes,0,,NA,1,Life event: Retired
6735,2011-01-01,6735,Female,38,1973-08-19,0.00063,Married,1370,,2054-12-23,Yes,,,Permanent contract,21443.0,174498,No,2,,NA,1,Created
6736,2011-01-01,6736,Male,43,1968-06-03,0.00103,Divorced,0,,,No,,,Permanent contract,70877.0,647657,Yes,0,,NA,1,Created
6737,2011-01-01,6737,Female,101,1910-01-19,1.0,Widowed,0,,,Yes,,,Retired,28925.0,332414,Yes,0,,NA,1,Created
6738,2011-01-01,6738,Female,59,1952-07-01,0.00479,Divorced,0,,,Yes,,,Entrepreneur without personnel,41438.0,-348,No,0,,NA,1,Created
6739,2011-01-01,6739,Female,49,1962-09-30,0.00193,Divorced,0,,,No,,,Permanent contract,23093.0,986401,No,0,,NA,1,Created
6740,2011-01-01,6740,Female,4,2007-12-31,5.9999999999999995e-05,Single,0,,,No,,,Child,0.0,0,Yes,0,28.0,2035-12-25,1,Created
6741,2011-01-01,6741,Male,55,1956-06-13,0.00419,Married,1316,,2025-04-27,Yes,,,Entrepreneur without personnel,92249.0,517,No,1,,NA,1,Created
6742,2011-01-01,6742,Male,0,2011-04-04,0.0036200000000000004,Single,0,,,No,,,Child,0.0,0,Yes,0,,NA,1,Created
6743,2011-01-01,6743,Female,24,1987-11-24,0.00018999999999999998,Single,0,,,No,,,Permanent contract,61328.0,-33307,No,0,25.0,2012-04-14,1,Created
6744,2011-01-01,6744,Male,34,1977-08-27,0.00067,Married,1317,,2044-02-15,No,,,Permanent contract,17158.0,-4032,Yes,1,,NA,1,Created
6745,2011-01-01,6745,Male,4,2007-06-09,0.00011,Single,0,,,No,,,Child,0.0,0,Yes,0,,NA,1,Created
6746,2011-01-01,6746,Female,31,1980-07-15,0.00029,Single,0,,,Yes,35.0,2015-02-28,Permanent contract,71399.0,39186,Yes,0,,NA,1,Created
6747,2011-01-01,6747,Male,65,1946-12-25,0.01141,Married,1318,,2028-09-16,No,,,Permanent contract,13911.0,3152,Yes,1,,NA,1,Created
18359,2011-12-25,6747,Male,66,1946-12-25,0.01141,Married,1318,,2028-09-16,No,,,Retired,9737.699999999999,3152,Yes,1,,NA,1,Life event: Retired
6748,2011-01-01,6748,Male,51,1960-06-18,0.00301,Married,1319,,2028-04-21,No,,,Permanent contract,53809.0,18871,Yes,2,,NA,1,Created
6749,2011-01-01,6749,Female,10,2001-02-25,0.0001,Single,0,,,Yes,40.0,2041-03-27,Child,0.0,0,Yes,0,28.0,2029-05-15,1,Created
6750,2011-01-01,6750,Female,35,1976-10-05,0.00033999999999999997,Married,1371,,2064-07-06,Yes,,,Flexible contract,3224.0,12025,Yes,1,36.0,2012-01-06,1,Created
18403,2012-01-06,6750,Female,36,1976-10-05,0.00033999999999999997,Married,1371,,2064-07-06,Yes,,,Flexible contract,3224.0,12025,Yes,3,36,2012-01-06,1,Life event: Children born
6751,2011-01-01,6751,Female,19,1992-05-27,0.00014,Single,0,,,Yes,41.0,2033-12-08,Permanent contract,27009.0,226825,No,0,39.0,2031-09-13,1,Created
6752,2011-01-01,6752,Male,67,1944-08-24,0.01396,Married,1320,,2020-11-07,No,,,Permanent contract,48740.0,138129,No,1,,NA,1,Created
17850,2011-08-24,6752,Male,68,1944-08-24,0.01396,Married,1320,,2020-11-07,No,,,Retired,34118.0,138129,No,1,,NA,1,Life event: Retired
6753,2011-01-01,6753,Female,32,1979-06-19,0.00041,Single,0,,,Yes,20.0,,Permanent contract,76804.0,420875,Yes,0,41.0,2020-09-18,1,Created
6754,2011-01-01,6754,Female,94,1917-01-11,0.20800000000000002,Married,1372,,2047-11-03,Yes,,,Retired,6095.0,140864,No,3,,NA,1,Created
19149,2012-10-08,6754,Female,96,1917-01-11,0.20800000000000002,Widowed,1372,,2047-11-03,Yes,,,Retired,6095.0,140864,No,3,,NA,1,Life event: Widowed
6755,2011-01-01,6755,Male,53,1958-10-25,0.0033299999999999996,Married,1321,,2056-09-11,No,,,Permanent contract,55655.0,113183,Yes,1,,NA,1,Created
6756,2011-01-01,6756,Male,54,1957-01-06,0.00404,Married,1322,,2029-05-01,No,,,Flexible contract,242.0,107454,No,2,,NA,1,Created
6757,2011-01-01,6757,Male,14,1997-11-15,0.00014,Single,0,,,No,,,Child,0.0,0,No,0,,NA,1,Created
6758,2011-01-01,6758,Female,51,1960-04-13,0.0023899999999999998,Married,1373,,2018-08-09,No,,,Flexible contract,85126.0,38668,Yes,2,,NA,1,Created
6759,2011-01-01,6759,Male,33,1978-08-22,0.00047999999999999996,Married,1323,,2011-04-02,No,,,Permanent contract,39571.0,277991,Yes,1,,NA,1,Created
17155,2011-04-02,6759,Male,33,1978-08-22,0.00047999999999999996,Divorced,1323,,2011-04-02,No,,,Permanent contract,39571.0,277991,Yes,1,,NA,1,Life event: Divorced
6760,2011-01-01,6760,Male,8,2003-06-07,9e-05,Single,0,,,No,,,Child,0.0,0,Yes,0,,NA,1,Created
6761,2011-01-01,6761,Male,22,1989-05-06,0.00041,Married,1324,,2016-12-14,Yes,,,Entrepreneur without personnel,16206.0,63252,Yes,2,,NA,1,Created
6762,2011-01-01,6762,Female,21,1990-01-03,0.00016,Single,0,,,No,,,Flexible contract,72928.0,900405,No,0,36.0,2026-07-31,1,Created
6763,2011-01-01,6763,Male,35,1976-02-28,0.00055,Married,1325,,2024-07-11,Yes,,,Permanent contract,26054.0,13092,Yes,2,,NA,1,Created
6764,2011-01-01,6764,Female,52,1959-03-11,0.00268,Widowed,0,,,Yes,,,Flexible contract,4809.0,11618,Yes,0,,NA,1,Created
6765,2011-01-01,6765,Male,52,1959-12-12,0.00314,Married,1326,,2048-01-05,No,,,Permanent contract,7966.0,-43921,Yes,1,,NA,1,Created
6766,2011-01-01,6766,Female,52,1959-05-05,0.00268,Divorced,0,,,No,,,Permanent contract,11736.0,19147,Yes,0,,NA,1,Created
6767,2011-01-01,6767,Male,61,1950-01-11,0.00747,Widowed,0,,,No,,,Permanent contract,26064.0,462760,Yes,0,,NA,1,Created
6768,2011-01-01,6768,Female,53,1958-11-22,0.00312,Married,1374,,2063-09-07,No,,,Permanent contract,37254.0,3456,No,1,,NA,1,Created
6769,2011-01-01,6769,Male,25,1986-08-30,0.00033999999999999997,Single,0,,,Yes,46.0,2032-01-30,Permanent contract,16024.0,54308,Yes,0,,NA,1,Created
6770,2011-01-01,6770,Female,47,1964-05-31,0.00168,Married,1375,,2017-10-22,No,,,Permanent contract,39878.0,-1730,Yes,3,,NA,1,Created
6771,2011-01-01,6771,Female,21,1990-02-17,0.00016,Single,0,,,Yes,32.0,2022-02-19,Permanent contract,11039.0,31503,Yes,0,34.0,2024-02-01,1,Created
6772,2011-01-01,6772,Female,70,1941-04-13,0.01252,Divorced,0,,,Yes,,,Retired,25270.0,-49080,Yes,0,,NA,1,Created
6773,2011-01-01,6773,Male,65,1946-06-16,0.01141,Married,1327,,2054-07-05,Yes,,,Flexible contract,12733.0,133477,No,1,,NA,1,Created
17520,2011-06-16,6773,Male,66,1946-06-16,0.01141,Married,1327,,2054-07-05,Yes,,,Retired,8913.099999999999,133477,No,1,,NA,1,Life event: Retired
6774,2011-01-01,6774,Female,54,1957-11-21,0.00313,Married,1376,,2017-11-05,No,,,Flexible contract,1376.0,-49444,Yes,1,,NA,1,Created
6775,2011-01-01,6775,Female,53,1958-05-21,0.00312,Married,1377,,2051-07-29,Yes,,,Permanent contract,48035.0,278995,Yes,1,,NA,1,Created
6776,2011-01-01,6776,Male,60,1951-04-08,0.006840000000000001,Married,1328,,2053-08-03,Yes,,,Entrepreneur without personnel,21714.0,176319,No,3,,NA,1,Created
6777,2011-01-01,6777,Male,35,1976-08-09,0.00055,Single,0,,,No,,,Permanent contract,35494.0,-15276,Yes,0,,NA,1,Created
6778,2011-01-01,6778,Female,3,2008-05-29,0.00013000000000000002,Single,0,,,Yes,34.0,2042-10-24,Child,0.0,0,Yes,0,20.0,2028-05-17,1,Created
6779,2011-01-01,6779,Male,32,1979-11-27,0.00059,Single,0,,,No,,,Permanent contract,12905.0,18403,No,0,,NA,1,Created
6780,2011-01-01,6780,Female,6,2005-10-22,8e-05,Single,0,,,No,,,Child,0.0,0,Yes,0,37.0,2042-02-04,1,Created
6781,2011-01-01,6781,Male,63,1948-08-14,0.00945,Married,1329,,2030-10-09,Yes,,,Flexible contract,20713.0,236441,Yes,1,,NA,1,Created
19006,2012-08-14,6781,Male,65,1948-08-14,0.00945,Married,1329,,2030-10-09,Yes,,,Retired,14499.099999999999,236441,Yes,1,,NA,1,Life event: Retired
6782,2011-01-01,6782,Female,55,1956-04-12,0.00372,Married,1378,,2065-06-23,No,,,Permanent contract,66838.0,-3746,Yes,3,,NA,1,Created
6783,2011-01-01,6783,Female,12,1999-09-25,5e-05,Single,0,,,Yes,32.0,2031-12-26,Child,0.0,0,No,0,32.0,2031-06-13,1,Created
6784,2011-01-01,6784,Male,31,1980-06-05,0.00041,Married,1330,,2046-11-04,No,,,Entrepreneur without personnel,93986.0,28185,Yes,2,,NA,1,Created
6785,2011-01-01,6785,Male,70,1941-07-30,0.01932,Married,1331,,2020-11-08,No,,,Retired,37515.0,387362,No,2,,NA,1,Created
6786,2011-01-01,6786,Female,40,1971-07-03,0.0006900000000000001,Single,0,,,No,,,Permanent contract,27395.0,319312,Yes,0,,NA,1,Created
6787,2011-01-01,6787,Female,63,1948-02-20,0.00672,Married,1379,,2052-03-27,No,,,Permanent contract,18263.0,335,No,2,,NA,1,Created
18534,2012-02-20,6787,Female,65,1948-02-20,0.00672,Married,1379,,2052-03-27,No,,,Retired,12784.099999999999,335,No,2,,NA,1,Life event: Retired
6788,2011-01-01,6788,Male,41,1970-03-19,0.0008900000000000001,Married,1332,,2064-08-08,No,,,Flexible contract,41802.0,416,No,2,,NA,1,Created
6789,2011-01-01,6789,Female,78,1933-06-28,0.02817,Married,1380,,2039-03-28,No,,,Retired,17269.0,460473,Yes,2,,NA,1,Created
6790,2011-01-01,6790,Female,51,1960-03-02,0.0023899999999999998,Married,1381,,2065-02-24,No,,,Entrepreneur without personnel,32652.0,130828,Yes,2,,NA,1,Created
6791,2011-01-01,6791,Male,48,1963-06-02,0.0021100000000000003,Married,1333,,2051-08-22,Yes,,,Entrepreneur without personnel,21359.0,932453,No,3,,NA,1,Created
6792,2011-01-01,6792,Male,64,1947-12-26,0.01097,Married,1334,,2033-10-17,No,,,Permanent contract,220.0,-1113,Yes,1,,NA,1,Created
18364,2011-12-26,6792,Male,65,1947-12-26,0.01097,Married,1334,,2033-10-17,No,,,Retired,154.0,-1113,Yes,1,,NA,1,Life event: Retired
6793,2011-01-01,6793,Male,18,1993-05-31,0.00032,Single,0,,,Yes,40.0,2033-02-07,Permanent contract,82900.0,-33206,No,0,,NA,1,Created
6794,2011-01-01,6794,Male,74,1937-01-25,0.0295,Married,1335,,2019-04-28,No,,,Retired,25452.0,23,No,2,,NA,1,Created
6795,2011-01-01,6795,Male,13,1998-02-15,0.00014,Single,0,,,No,,,Child,0.0,0,Yes,0,,NA,1,Created
6796,2011-01-01,6796,Female,47,1964-12-06,0.00168,Single,0,,,No,,,Entrepreneur without personnel,7227.0,889,No,0,,NA,1,Created
6797,2011-01-01,6797,Female,27,1984-06-01,0.00025,Single,0,,,Yes,27.0,2011-02-24,Permanent contract,35832.0,491,Yes,0,27.0,2011-09-20,1,Created
16965,2011-02-24,6797,Female,27,1984-06-01,0.00025,Married,3426,4,2015-09-13,Yes,27,2011-02-24,Permanent contract,35832.0,491,Yes,0,27,2011-09-20,1,Life event: Married
17953,2011-09-20,6797,Female,28,1984-06-01,0.00025,Married,3426,4,2015-09-13,Yes,27,2011-02-24,Permanent contract,35832.0,491,Yes,1,27,2011-09-20,1,Life event: Children born
6798,2011-01-01,6798,Male,45,1966-04-28,0.0014199999999999998,Married,1336,,2054-08-25,Yes,,,Permanent contract,8403.0,407199,No,2,,NA,1,Created
6799,2011-01-01,6799,Male,28,1983-08-15,0.00045,Single,0,,,Yes,40.0,2023-04-14,Permanent contract,19579.0,1409,Yes,0,,NA,1,Created
6800,2011-01-01,6800,Male,39,1972-05-08,0.0008699999999999999,Single,0,,,No,,,Permanent contract,22588.0,772636,No,0,,NA,1,Created
6801,2011-01-01,6801,Male,65,1946-07-16,0.01141,Widowed,0,,,Yes,,,Permanent contract,128.0,-44476,Yes,0,,NA,1,Created
17657,2011-07-16,6801,Male,66,1946-07-16,0.01141,Widowed,0,,,Yes,,,Retired,89.6,-44476,Yes,0,,NA,1,Life event: Retired
6802,2011-01-01,6802,Male,36,1975-08-11,0.0006,Single,0,,,Yes,59.0,2034-01-04,Permanent contract,8446.0,49928,Yes,0,,NA,1,Created
6803,2011-01-01,6803,Female,18,1993-01-06,0.00023999999999999998,Single,0,,,Yes,35.0,2028-10-10,Unemployed,55846.0,87,No,0,33.0,2026-06-13,1,Created
6804,2011-01-01,6804,Male,40,1971-07-12,0.0009400000000000001,Married,1337,,2016-05-04,Yes,,,Permanent contract,12492.0,78913,No,1,,NA,1,Created
6805,2011-01-01,6805,Female,20,1991-09-28,0.00018,Single,0,,,Yes,50.0,2041-01-28,Permanent contract,39431.0,311663,Yes,0,32.0,2023-02-14,1,Created
6806,2011-01-01,6806,Female,51,1960-01-24,0.0023899999999999998,Divorced,0,,,No,,,Permanent contract,48916.0,716,Yes,0,,NA,1,Created
6807,2011-01-01,6807,Female,76,1935-09-05,0.02337,Married,1382,,2051-02-20,No,,,Retired,5018.0,-4856,No,3,,NA,1,Created
19311,2012-12-13,6807,Female,78,1935-09-05,0.02337,Married,1382,,2051-02-20,No,,,Retired,5018.0,-4856,No,3,,NA,0,Life event: Deceased
6808,2011-01-01,6808,Male,90,1921-05-30,0.16977,Widowed,0,,,No,,,Retired,36050.0,3995,Yes,0,,NA,1,Created
6809,2011-01-01,6809,Female,20,1991-08-10,0.00018,Single,0,,,No,,,Permanent contract,29048.0,199,No,0,29.0,2020-04-01,1,Created
6810,2011-01-01,6810,Female,67,1944-11-09,0.00974,Married,1383,,2058-03-12,Yes,,,Permanent contract,41869.0,-4309,No,1,,NA,1,Created
18158,2011-11-09,6810,Female,68,1944-11-09,0.00974,Married,1383,,2058-03-12,Yes,,,Retired,29308.3,-4309,No,1,,NA,1,Life event: Retired
6811,2011-01-01,6811,Female,55,1956-09-06,0.00372,Married,1384,,2038-08-10,Yes,,,Permanent contract,28290.0,121660,No,2,,NA,1,Created
6812,2011-01-01,6812,Female,4,2007-07-30,5.9999999999999995e-05,Single,0,,,Yes,28.0,2035-02-25,Child,0.0,0,Yes,0,39.0,2046-07-03,1,Created
6813,2011-01-01,6813,Male,13,1998-01-27,0.00014,Single,0,,,No,,,Child,0.0,0,No,0,,NA,1,Created
6814,2011-01-01,6814,Female,8,2003-01-27,2.9999999999999997e-05,Single,0,,,Yes,25.0,2028-10-07,Child,0.0,0,No,0,37.0,2040-04-04,1,Created
6815,2011-01-01,6815,Male,18,1993-01-14,0.00032,Single,0,,,Yes,29.0,2022-10-10,Flexible contract,37640.0,-4212,Yes,0,,NA,1,Created
6816,2011-01-01,6816,Male,19,1992-06-14,0.00033,Single,0,,,Yes,35.0,2027-02-10,Permanent contract,13809.0,3130,No,0,,NA,1,Created
6817,2011-01-01,6817,Male,33,1978-03-24,0.00047999999999999996,Single,0,,,No,,,Permanent contract,1800.0,12080,Yes,0,,NA,1,Created
6818,2011-01-01,6818,Male,32,1979-08-29,0.00059,Married,1338,,2017-04-09,No,,,Permanent contract,19252.0,-9874,No,2,,NA,1,Created
6819,2011-01-01,6819,Male,37,1974-08-29,0.00082,Married,1339,,2029-10-04,No,,,Permanent contract,30411.0,489636,No,1,,NA,1,Created
6820,2011-01-01,6820,Male,43,1968-09-20,0.00103,Single,0,,,Yes,25.0,,Unemployed,904.0,-1717,No,0,,NA,1,Created
6821,2011-01-01,6821,Male,19,1992-05-31,0.00033,Single,0,,,Yes,32.0,2024-02-04,Permanent contract,9813.0,782,Yes,0,,NA,1,Created
6822,2011-01-01,6822,Male,10,2001-10-20,0.00011999999999999999,Single,0,,,No,,,Child,0.0,0,No,0,,NA,1,Created
6823,2011-01-01,6823,Male,25,1986-11-18,0.00033999999999999997,Single,0,,,No,,,Permanent contract,27807.0,-3169,No,0,,NA,1,Created
6824,2011-01-01,6824,Female,51,1960-01-02,0.0023899999999999998,Married,1385,,2021-05-28,Yes,,,Permanent contract,47528.0,-41300,No,2,,NA,1,Created
6825,2011-01-01,6825,Female,26,1985-08-04,1.0,Married,1386,,2038-11-04,Yes,,,Permanent contract,12136.0,466948,No,1,34.0,2019-12-09,1,Created
16967,2011-02-24,6825,Female,26,1985-08-04,1.0,Married,1386,,2038-11-04,Yes,,,Permanent contract,12136.0,466948,No,1,34,2019-12-09,0,Life event: Deceased
6826,2011-01-01,6826,Female,34,1977-02-14,0.00037,Married,1387,,2034-12-03,No,,,Entrepreneur with personel,12065.0,451,Yes,1,34.0,2011-10-25,1,Created
18099,2011-10-25,6826,Female,35,1977-02-14,0.00037,Married,1387,,2034-12-03,No,,,Entrepreneur with personel,12065.0,451,Yes,1,34,2011-10-25,1,Life event: Children born
6827,2011-01-01,6827,Male,41,1970-06-27,0.0008900000000000001,Married,1340,,2049-10-12,No,,,Permanent contract,12130.0,13973,Yes,1,,NA,1,Created
6828,2011-01-01,6828,Female,0,2011-05-20,0.0028899999999999998,Single,0,,,Yes,22.0,2033-08-04,Child,0.0,0,No,0,26.0,2037-09-28,1,Created
6829,2011-01-01,6829,Male,50,1961-07-23,0.00257,Married,1341,,2058-06-30,No,,,Entrepreneur with personel,7770.0,88131,Yes,3,,NA,1,Created
6830,2011-01-01,6830,Male,8,2003-07-15,9e-05,Single,0,,,Yes,25.0,2028-11-22,Child,0.0,0,Yes,0,,NA,1,Created
6831,2011-01-01,6831,Male,52,1959-08-19,0.00314,Married,1342,,2012-11-22,No,,,Entrepreneur with personel,10059.0,407947,Yes,3,,NA,1,Created
19267,2012-11-22,6831,Male,54,1959-08-19,0.00314,Divorced,1342,,2012-11-22,No,,,Entrepreneur with personel,10059.0,407947,Yes,3,,NA,1,Life event: Divorced
6832,2011-01-01,6832,Male,39,1972-08-27,0.0008699999999999999,Single,0,,,Yes,25.0,,Permanent contract,16604.0,6330,No,0,,NA,1,Created
6833,2011-01-01,6833,Male,65,1946-09-06,0.01141,Married,1343,,2039-07-21,Yes,,,Permanent contract,19257.0,94354,No,1,,NA,1,Created
17894,2011-09-06,6833,Male,66,1946-09-06,0.01141,Married,1343,,2039-07-21,Yes,,,Retired,13479.9,94354,No,1,,NA,1,Life event: Retired
6834,2011-01-01,6834,Male,16,1995-12-21,0.00029,Single,0,,,No,,,Child,0.0,0,No,0,,NA,1,Created
19341,2012-12-21,6834,Male,18,1995-12-21,0.00029,Single,0,,,No,,,Permanent contract,38490.0,3773,No,0,,NA,1,Life event: Adulthood
6835,2011-01-01,6835,Female,42,1969-08-22,0.001,Married,1388,,2034-01-11,Yes,,,Permanent contract,9846.0,244688,Yes,3,,NA,1,Created
6836,2011-01-01,6836,Male,24,1987-06-07,0.00047999999999999996,Single,0,,,Yes,35.0,2022-01-05,Permanent contract,14446.0,14503,No,0,,NA,1,Created
6837,2011-01-01,6837,Female,53,1958-11-03,0.00312,Single,0,,,No,,,Flexible contract,15568.0,32966,No,0,,NA,1,Created
6838,2011-01-01,6838,Male,29,1982-12-24,0.0005200000000000001,Married,1344,,2018-12-28,Yes,,,Permanent contract,27489.0,26678,Yes,1,,NA,1,Created
6839,2011-01-01,6839,Female,29,1982-09-26,0.00032,Married,1389,,2052-05-28,No,,,Permanent contract,21894.0,33969,Yes,3,38.0,2020-06-24,1,Created
6840,2011-01-01,6840,Male,105,1906-03-13,1.0,Single,0,,,Yes,31.0,,Retired,47493.0,707141,No,0,,NA,1,Created
17466,2011-06-07,6840,Male,106,1906-03-13,1.0,Single,0,,,Yes,31,,Retired,47493.0,707141,No,0,,NA,0,Life event: Deceased
6841,2011-01-01,6841,Male,60,1951-01-22,0.006840000000000001,Married,1345,,2048-12-09,No,,,Entrepreneur with personel,35735.0,377730,No,1,,NA,1,Created
6842,2011-01-01,6842,Female,68,1943-09-30,0.00983,Married,1390,,2066-09-09,No,,,Retired,10491.0,48657,No,1,,NA,1,Created
18078,2011-10-21,6842,Female,69,1943-09-30,0.00983,Married,1390,,2066-09-09,No,,,Retired,10491.0,48657,No,1,,NA,0,Life event: Deceased
6843,2011-01-01,6843,Female,55,1956-11-02,0.00372,Married,1391,,2043-10-19,Yes,,,Entrepreneur without personnel,4405.0,-7140,No,2,,NA,1,Created
6844,2011-01-01,6844,Female,2,2009-05-28,0.00015,Single,0,,,Yes,29.0,2038-12-05,Child,0.0,0,Yes,0,21.0,2030-12-19,1,Created
6845,2011-01-01,6845,Female,50,1961-11-07,0.00225,Married,1392,,2025-01-04,No,,,Flexible contract,11418.0,2225,No,2,,NA,1,Created
6846,2011-01-01,6846,Male,9,2002-04-25,0.00014,Single,0,,,Yes,35.0,2037-08-11,Child,0.0,0,No,0,,NA,1,Created
6847,2011-01-01,6847,Male,80,1931-01-11,0.05987000000000001,Single,0,,,No,,,Retired,62988.0,6821,Yes,0,,NA,1,Created
6848,2011-01-01,6848,Male,44,1967-03-07,0.0013599999999999999,Married,1346,,2060-03-08,Yes,,,Entrepreneur without personnel,49738.0,179,No,1,,NA,1,Created
6849,2011-01-01,6849,Female,42,1969-02-19,0.001,Married,1393,,2040-09-10,Yes,,,Flexible contract,17003.0,454782,Yes,2,,NA,1,Created
6850,2011-01-01,6850,Female,50,1961-08-11,0.00225,Married,1394,,2048-02-20,No,,,Permanent contract,10211.0,749205,Yes,2,,NA,1,Created
6851,2011-01-01,6851,Male,30,1981-03-09,0.00055,Single,0,,,No,,,Permanent contract,31681.0,67750,Yes,0,,NA,1,Created
6852,2011-01-01,6852,Female,80,1931-01-11,0.03682,Married,1395,,2028-01-28,No,,,Retired,42965.0,204548,No,1,,NA,1,Created
6853,2011-01-01,6853,Female,16,1995-05-07,8e-05,Single,0,,,Yes,31.0,2026-09-03,Child,0.0,0,Yes,0,33.0,2028-08-31,1,Created
18729,2012-05-07,6853,Female,18,1995-05-07,8e-05,Single,0,,,No,,,Permanent contract,37888.0,4248,Yes,0,33,2028-08-31,1,Life event: Adulthood
6854,2011-01-01,6854,Male,48,1963-03-08,0.0021100000000000003,Single,0,,,Yes,37.0,,Entrepreneur without personnel,34156.0,767269,Yes,0,,NA,1,Created
6855,2011-01-01,6855,Male,43,1968-07-14,0.00103,Married,1347,,2013-07-12,Yes,,,Entrepreneur without personnel,19736.0,274279,Yes,1,,NA,1,Created
6856,2011-01-01,6856,Female,6,2005-11-21,8e-05,Single,0,,,No,,,Child,0.0,0,Yes,0,39.0,2044-08-27,1,Created
6857,2011-01-01,6857,Female,51,1960-01-13,0.0023899999999999998,Married,1396,,2037-01-27,Yes,,,Permanent contract,42433.0,196374,Yes,1,,NA,1,Created
6858,2011-01-01,6858,Female,54,1957-07-29,0.00313,Married,1397,,2019-12-09,No,,,Permanent contract,1821.0,374983,Yes,1,,NA,1,Created
16890,2011-02-11,6858,Female,54,1957-07-29,0.00313,Widowed,1397,,2019-12-09,No,,,Permanent contract,1821.0,374983,Yes,1,,NA,1,Life event: Widowed
6859,2011-01-01,6859,Female,97,1914-12-29,0.27028,Widowed,0,,,No,,,Retired,42369.0,110886,Yes,0,,NA,1,Created
17847,2011-08-23,6859,Female,97,1914-12-29,0.27028,Widowed,0,,,No,,,Retired,42369.0,110886,Yes,0,,NA,0,Life event: Deceased
6860,2011-01-01,6860,Male,32,1979-08-11,0.00059,Divorced,0,,,Yes,,,Permanent contract,21597.0,5519,Yes,0,,NA,1,Created
6861,2011-01-01,6861,Female,53,1958-01-13,0.00312,Married,1398,,2013-01-06,No,,,Flexible contract,85936.0,9937,Yes,1,,NA,1,Created
6862,2011-01-01,6862,Male,103,1908-03-23,1.0,Widowed,0,,,Yes,,,Retired,1204.0,368080,Yes,0,,NA,1,Created
16946,2011-02-21,6862,Male,103,1908-03-23,1.0,Widowed,0,,,Yes,,,Retired,1204.0,368080,Yes,0,,NA,0,Life event: Deceased
6863,2011-01-01,6863,Male,4,2007-05-14,0.00011,Single,0,,,Yes,27.0,2034-08-01,Child,0.0,0,No,0,,NA,1,Created
6864,2011-01-01,6864,Male,88,1923-10-07,0.14094,Widowed,0,,,No,,,Retired,86172.0,128367,Yes,0,,NA,1,Created
6865,2011-01-01,6865,Female,62,1949-07-24,0.0057399999999999994,Married,1399,,2039-05-16,Yes,,,Flexible contract,4948.0,106,No,2,,NA,1,Created
6866,2011-01-01,6866,Male,31,1980-05-17,0.00041,Married,1348,,2049-05-07,Yes,,,Permanent contract,21488.0,120720,Yes,2,,NA,1,Created
6867,2011-01-01,6867,Female,62,1949-12-11,0.0057399999999999994,Married,1400,,2052-06-08,No,,,Permanent contract,80063.0,167778,No,2,,NA,1,Created
6868,2011-01-01,6868,Female,60,1951-05-29,0.00541,Married,1401,,2050-07-28,No,,,Permanent contract,28514.0,-33938,Yes,2,,NA,1,Created
6869,2011-01-01,6869,Female,43,1968-10-25,0.0009699999999999999,Single,0,,,Yes,29.0,,Permanent contract,68432.0,325968,No,0,,NA,1,Created
6870,2011-01-01,6870,Male,1,2010-06-08,0.00056,Single,0,,,Yes,30.0,2040-10-17,Child,0.0,0,Yes,0,,NA,1,Created
6871,2011-01-01,6871,Male,35,1976-07-28,0.00055,Married,1349,,2053-07-08,No,,,Permanent contract,83796.0,460966,Yes,3,,NA,1,Created
6872,2011-01-01,6872,Male,59,1952-05-04,0.00717,Divorced,0,,,No,,,Permanent contract,19767.0,7484,Yes,0,,NA,1,Created
6873,2011-01-01,6873,Male,37,1974-11-28,0.00082,Divorced,0,,,No,,,Permanent contract,5675.0,386702,No,0,,NA,1,Created
6874,2011-01-01,6874,Female,15,1996-01-24,8e-05,Single,0,,,No,,,Child,0.0,0,No,0,28.0,2024-09-28,1,Created
6875,2011-01-01,6875,Female,14,1997-06-27,9e-05,Single,0,,,Yes,29.0,2026-10-13,Child,0.0,0,No,0,37.0,2034-02-02,1,Created
6876,2011-01-01,6876,Male,83,1928-08-18,0.08242999999999999,Married,1350,,2040-08-04,No,,,Retired,186536.0,99666,No,2,,NA,1,Created
6877,2011-01-01,6877,Male,64,1947-03-01,0.01097,Married,1351,,2055-03-08,No,,,Entrepreneur without personnel,43515.0,-43347,Yes,2,,NA,1,Created
17001,2011-03-01,6877,Male,65,1947-03-01,0.01097,Married,1351,,2055-03-08,No,,,Retired,30460.499999999996,-43347,Yes,2,,NA,1,Life event: Retired
6878,2011-01-01,6878,Female,64,1947-06-12,0.00713,Married,1402,,2054-02-16,Yes,,,Entrepreneur with personel,4781.0,51946,Yes,1,,NA,1,Created
17496,2011-06-12,6878,Female,65,1947-06-12,0.00713,Married,1402,,2054-02-16,Yes,,,Retired,3346.7,51946,Yes,1,,NA,1,Life event: Retired
6879,2011-01-01,6879,Male,18,1993-06-14,0.00032,Single,0,,,No,,,Permanent contract,4833.0,82293,Yes,0,,NA,1,Created
6880,2011-01-01,6880,Male,45,1966-03-18,0.0014199999999999998,Divorced,0,,,Yes,,,Flexible contract,15885.0,240100,Yes,0,,NA,1,Created
6881,2011-01-01,6881,Male,99,1912-06-03,0.39916999999999997,Widowed,0,,,Yes,,,Retired,25494.0,13416,No,0,,NA,1,Created
16920,2011-02-16,6881,Male,99,1912-06-03,0.39916999999999997,Widowed,0,,,Yes,,,Retired,25494.0,13416,No,0,,NA,0,Life event: Deceased
6882,2011-01-01,6882,Female,54,1957-03-11,0.00313,Married,1403,,2059-10-24,Yes,,,Flexible contract,64398.0,155275,No,2,,NA,1,Created
6883,2011-01-01,6883,Female,17,1994-03-15,0.0001,Single,0,,,No,,,Child,0.0,0,Yes,0,36.0,2030-06-26,1,Created
17066,2011-03-15,6883,Female,18,1994-03-15,0.0001,Single,0,,,No,,,Permanent contract,76961.0,-770,Yes,0,36,2030-06-26,1,Life event: Adulthood
6884,2011-01-01,6884,Male,18,1993-03-17,0.00032,Single,0,,,Yes,39.0,2032-06-09,Flexible contract,8895.0,962,No,0,,NA,1,Created
6885,2011-01-01,6885,Female,59,1952-08-16,0.00479,Married,1404,,2018-11-03,Yes,,,Entrepreneur without personnel,9907.0,6063,Yes,1,,NA,1,Created
6886,2011-01-01,6886,Male,36,1975-10-17,0.0006,Married,1352,,2062-03-14,Yes,,,Unemployed,41390.0,49710,Yes,2,,NA,1,Created
6887,2011-01-01,6887,Male,15,1996-01-15,0.00015,Single,0,,,No,,,Child,0.0,0,Yes,0,,NA,1,Created
6888,2011-01-01,6888,Male,24,1987-10-11,0.00047999999999999996,Single,0,,,Yes,86.0,2073-05-28,Permanent contract,12807.0,23291,No,0,,NA,1,Created
6889,2011-01-01,6889,Female,68,1943-12-29,0.00983,Married,1405,,2027-06-27,Yes,,,Retired,35772.0,34772,No,1,,NA,1,Created
6890,2011-01-01,6890,Female,38,1973-09-05,0.00063,Married,1406,,2064-12-05,Yes,,,Permanent contract,38552.0,-18061,No,1,,NA,1,Created
6891,2011-01-01,6891,Female,17,1994-10-05,0.0001,Single,0,,,Yes,30.0,2024-07-06,Child,0.0,0,Yes,0,32.0,2026-01-04,1,Created
18010,2011-10-05,6891,Female,18,1994-10-05,0.0001,Single,0,,,No,,,Permanent contract,44837.0,-27364,Yes,0,32,2026-01-04,1,Life event: Adulthood
6892,2011-01-01,6892,Female,75,1936-06-22,0.01986,Widowed,0,,,No,,,Retired,128816.0,460479,Yes,0,,NA,1,Created
6893,2011-01-01,6893,Female,60,1951-09-01,0.00541,Married,1407,,2055-09-18,No,,,Permanent contract,30392.0,461283,Yes,1,,NA,1,Created
6894,2011-01-01,6894,Male,57,1954-09-27,0.00572,Single,0,,,Yes,40.0,,Permanent contract,183977.0,421489,No,0,,NA,1,Created
6895,2011-01-01,6895,Male,26,1985-10-13,1.0,Single,0,,,Yes,52.0,2037-02-03,Permanent contract,16806.0,5562,No,0,,NA,1,Created
6896,2011-01-01,6896,Male,46,1965-03-19,0.00172,Married,1353,,2029-10-31,No,,,Permanent contract,11365.0,4420,No,2,,NA,1,Created
6897,2011-01-01,6897,Female,35,1976-04-12,0.00033999999999999997,Single,0,,,No,,,Entrepreneur with personel,26255.0,438,Yes,0,,NA,1,Created
6898,2011-01-01,6898,Male,67,1944-08-30,0.01396,Married,1354,,2057-03-05,Yes,,,Permanent contract,6278.0,-622,Yes,1,,NA,1,Created
17876,2011-08-30,6898,Male,68,1944-08-30,0.01396,Married,1354,,2057-03-05,Yes,,,Retired,4394.599999999999,-622,Yes,1,,NA,1,Life event: Retired
6899,2011-01-01,6899,Male,18,1993-08-31,0.00032,Single,0,,,Yes,33.0,2026-06-25,Permanent contract,29749.0,231567,Yes,0,,NA,1,Created
6900,2011-01-01,6900,Female,50,1961-01-21,0.00225,Married,1408,,2035-12-13,Yes,,,Flexible contract,32435.0,92055,No,1,,NA,1,Created
6901,2011-01-01,6901,Female,7,2004-12-10,7e-05,Single,0,,,Yes,52.0,2056-09-10,Child,0.0,0,Yes,0,33.0,2037-10-03,1,Created
6902,2011-01-01,6902,Female,27,1984-09-14,0.00025,Single,0,,,Yes,51.0,2035-05-16,Permanent contract,22454.0,-139,Yes,0,29.0,2013-09-13,1,Created
6903,2011-01-01,6903,Female,55,1956-06-29,0.00372,Married,1409,,2058-10-31,Yes,,,Flexible contract,17032.0,111661,No,2,,NA,1,Created
6904,2011-01-01,6904,Male,55,1956-10-01,0.00419,Divorced,0,,,Yes,,,Permanent contract,37141.0,131193,No,0,,NA,1,Created
6905,2011-01-01,6905,Female,105,1906-12-20,1.0,Widowed,0,,,Yes,,,Retired,5722.0,12612,Yes,0,,NA,1,Created
18291,2011-12-13,6905,Female,105,1906-12-20,1.0,Widowed,0,,,Yes,,,Retired,5722.0,12612,Yes,0,,NA,0,Life event: Deceased
6906,2011-01-01,6906,Male,3,2008-03-02,0.0002,Single,0,,,No,,,Child,0.0,0,No,0,,NA,1,Created
6907,2011-01-01,6907,Female,55,1956-04-30,0.00372,Single,0,,,No,,,Permanent contract,76716.0,14591,No,0,,NA,1,Created
6908,2011-01-01,6908,Female,50,1961-07-12,0.00225,Married,1410,,2051-10-13,Yes,,,Permanent contract,7475.0,118798,Yes,2,,NA,1,Created
6909,2011-01-01,6909,Male,19,1992-10-06,0.00033,Single,0,,,No,,,Entrepreneur with personel,16404.0,14111,No,0,,NA,1,Created
6910,2011-01-01,6910,Male,25,1986-06-27,0.00033999999999999997,Single,0,,,No,,,Permanent contract,23767.0,-4200,Yes,0,,NA,1,Created
6911,2011-01-01,6911,Female,35,1976-06-27,0.00033999999999999997,Married,1411,,2017-11-08,Yes,,,Permanent contract,63702.0,274973,No,2,,NA,1,Created
6912,2011-01-01,6912,Female,24,1987-03-23,0.00018999999999999998,Single,0,,,No,,,Permanent contract,1747.0,134021,No,0,26.0,2013-11-28,1,Created
6913,2011-01-01,6913,Female,18,1993-02-25,0.00023999999999999998,Single,0,,,Yes,41.0,2034-01-05,Permanent contract,20832.0,-1452,No,0,22.0,2015-03-10,1,Created
6914,2011-01-01,6914,Male,56,1955-08-25,0.0052,Married,1355,,2033-06-12,No,,,Entrepreneur without personnel,25768.0,40044,No,3,,NA,1,Created
6915,2011-01-01,6915,Female,60,1951-11-28,0.00541,Married,1412,,2050-05-17,Yes,,,Permanent contract,7281.0,-10209,Yes,2,,NA,1,Created
6916,2011-01-01,6916,Female,72,1939-03-05,0.01411,Widowed,0,,,No,,,Retired,33258.0,341120,Yes,0,,NA,1,Created
6917,2011-01-01,6917,Male,34,1977-08-04,0.00067,Married,1356,,2047-01-16,Yes,,,Permanent contract,2795.0,48969,No,2,,NA,1,Created
6918,2011-01-01,6918,Female,51,1960-03-25,0.0023899999999999998,Divorced,0,,,No,,,Unemployed,3984.0,1687655,Yes,0,,NA,1,Created
6919,2011-01-01,6919,Male,64,1947-01-23,0.01097,Single,0,,,Yes,29.0,,Permanent contract,29746.0,19009,Yes,0,,NA,1,Created
16788,2011-01-23,6919,Male,65,1947-01-23,0.01097,Single,0,,,Yes,29,,Retired,20822.199999999997,19009,Yes,0,,NA,1,Life event: Retired
6920,2011-01-01,6920,Female,53,1958-10-03,0.00312,Married,1413,,2013-09-30,Yes,,,Flexible contract,13913.0,234399,Yes,3,,NA,1,Created
6921,2011-01-01,6921,Male,37,1974-04-25,0.00082,Married,1357,,2060-07-04,Yes,,,Permanent contract,22937.0,573,No,1,,NA,1,Created
6922,2011-01-01,6922,Female,20,1991-12-26,0.00018,Single,0,,,Yes,28.0,2019-07-19,Permanent contract,27156.0,2304460,Yes,0,31.0,2022-11-14,1,Created
6923,2011-01-01,6923,Female,105,1906-04-07,1.0,Widowed,0,,,Yes,,,Retired,30396.0,3984978,No,0,,NA,1,Created
16776,2011-01-21,6923,Female,105,1906-04-07,1.0,Widowed,0,,,Yes,,,Retired,30396.0,3984978,No,0,,NA,0,Life event: Deceased
6924,2011-01-01,6924,Male,74,1937-03-10,0.0295,Married,1358,,2049-11-24,Yes,,,Retired,33298.0,-35107,Yes,1,,NA,1,Created
6925,2011-01-01,6925,Female,64,1947-06-12,0.00713,Widowed,0,,,Yes,,,Entrepreneur without personnel,23295.0,323363,Yes,0,,NA,1,Created
17497,2011-06-12,6925,Female,65,1947-06-12,0.00713,Widowed,0,,,Yes,,,Retired,16306.499999999998,323363,Yes,0,,NA,1,Life event: Retired
6926,2011-01-01,6926,Female,54,1957-12-01,0.00313,Married,1414,,2014-10-12,No,,,Permanent contract,8407.0,4232,Yes,1,,NA,1,Created
6927,2011-01-01,6927,Female,6,2005-08-01,8e-05,Single,0,,,Yes,28.0,2033-01-20,Child,0.0,0,Yes,0,35.0,2040-11-21,1,Created
6928,2011-01-01,6928,Male,20,1991-12-12,0.00045,Single,0,,,Yes,39.0,2030-10-09,Permanent contract,28623.0,38945,Yes,0,,NA,1,Created
6929,2011-01-01,6929,Male,57,1954-01-29,0.00572,Single,0,,,No,,,Permanent contract,56696.0,6840,No,0,,NA,1,Created
6930,2011-01-01,6930,Male,61,1950-11-22,0.00747,Divorced,0,,,Yes,,,Permanent contract,78504.0,292739,No,0,,NA,1,Created
6931,2011-01-01,6931,Female,25,1986-06-12,0.00022999999999999998,Married,1415,,2037-10-10,No,,,Flexible contract,45717.0,-35793,Yes,2,34.0,2020-02-07,1,Created
6932,2011-01-01,6932,Female,15,1996-03-13,8e-05,Single,0,,,No,,,Child,0.0,0,Yes,0,33.0,2029-03-16,1,Created
6933,2011-01-01,6933,Male,56,1955-09-01,0.0052,Married,1359,,2028-01-29,Yes,,,Permanent contract,21644.0,515882,Yes,3,,NA,1,Created
6934,2011-01-01,6934,Female,53,1958-02-12,0.00312,Married,1416,,2023-07-07,Yes,,,Permanent contract,147119.0,-13724,Yes,3,,NA,1,Created
6935,2011-01-01,6935,Female,32,1979-09-23,0.00041,Single,0,,,No,,,Permanent contract,29235.0,-3902,No,0,,NA,1,Created
6936,2011-01-01,6936,Male,78,1933-12-17,0.04668,Married,1360,,2030-10-14,Yes,,,Retired,26485.0,1736226,Yes,2,,NA,1,Created
6937,2011-01-01,6937,Female,6,2005-02-05,8e-05,Single,0,,,No,,,Child,0.0,0,Yes,0,28.0,2033-01-02,1,Created
6938,2011-01-01,6938,Female,64,1947-11-03,0.00713,Married,1417,,2064-06-23,No,,,Permanent contract,11803.0,2775,No,1,,NA,1,Created
18128,2011-11-03,6938,Female,65,1947-11-03,0.00713,Married,1417,,2064-06-23,No,,,Retired,8262.1,2775,No,1,,NA,1,Life event: Retired
6939,2011-01-01,6939,Male,31,1980-05-04,0.00041,Married,1361,,2042-06-29,Yes,,,Entrepreneur without personnel,41835.0,-23863,Yes,3,,NA,1,Created
6940,2011-01-01,6940,Female,71,1940-02-23,0.013009999999999999,Married,1418,,2058-11-09,Yes,,,Retired,29926.0,288934,No,2,,NA,1,Created
17205,2011-04-13,6940,Female,72,1940-02-23,0.013009999999999999,Married,1418,,2058-11-09,Yes,,,Retired,29926.0,288934,No,2,,NA,0,Life event: Deceased
6941,2011-01-01,6941,Male,55,1956-10-04,0.00419,Single,0,,,No,,,Entrepreneur with personel,49721.0,46403,Yes,0,,NA,1,Created
6942,2011-01-01,6942,Male,11,2000-08-20,9e-05,Single,0,,,Yes,25.0,2025-12-02,Child,0.0,0,No,0,,NA,1,Created
6943,2011-01-01,6943,Female,8,2003-11-19,2.9999999999999997e-05,Single,0,,,No,,,Child,0.0,0,Yes,0,39.0,2042-10-05,1,Created
6944,2011-01-01,6944,Female,52,1959-01-21,0.00268,Married,1419,,2060-03-09,No,,,Entrepreneur with personel,27443.0,-1297,No,1,,NA,1,Created
6945,2011-01-01,6945,Female,9,2002-03-21,2.9999999999999997e-05,Single,0,,,No,,,Child,0.0,0,No,0,34.0,2036-02-19,1,Created
6946,2011-01-01,6946,Female,20,1991-04-19,0.00018,Single,0,,,No,,,Permanent contract,11978.0,859,Yes,0,32.0,2023-12-18,1,Created
6947,2011-01-01,6947,Female,68,1943-10-01,0.00983,Married,1420,,2024-03-22,Yes,,,Retired,12294.0,5099,Yes,1,,NA,1,Created
6948,2011-01-01,6948,Male,51,1960-01-24,0.00301,Single,0,,,Yes,26.0,,Permanent contract,28150.0,300048,No,0,,NA,1,Created
6949,2011-01-01,6949,Male,75,1936-09-18,0.033710000000000004,Divorced,0,,,No,,,Retired,49868.0,104227,Yes,0,,NA,1,Created
6950,2011-01-01,6950,Female,19,1992-12-05,0.00014,Single,0,,,No,,,Permanent contract,7724.0,460685,No,0,30.0,2022-03-03,1,Created
6951,2011-01-01,6951,Female,9,2002-10-16,2.9999999999999997e-05,Single,0,,,Yes,41.0,2043-01-30,Child,0.0,0,No,0,32.0,2034-07-16,1,Created
6952,2011-01-01,6952,Male,26,1985-06-30,1.0,Single,0,,,No,,,Permanent contract,13885.0,-20856,Yes,0,,NA,1,Created
6953,2011-01-01,6953,Female,5,2006-08-06,4e-05,Single,0,,,Yes,26.0,2032-02-15,Child,0.0,0,No,0,28.0,2034-12-03,1,Created
6954,2011-01-01,6954,Female,37,1974-06-06,0.00057,Married,1421,,2047-12-05,Yes,,,Permanent contract,18967.0,-4524,No,2,,NA,1,Created
6955,2011-01-01,6955,Male,58,1953-02-08,0.00603,Married,1362,,2058-11-20,No,,,Permanent contract,16677.0,464486,Yes,1,,NA,1,Created
6956,2011-01-01,6956,Female,29,1982-05-27,0.00032,Single,0,,,Yes,26.0,,Entrepreneur without personnel,31100.0,9279,Yes,0,,NA,1,Created
6957,2011-01-01,6957,Female,31,1980-01-30,0.00029,Married,1422,,2056-05-10,No,,,Permanent contract,164836.0,47376,No,2,36.0,2016-09-12,1,Created
6958,2011-01-01,6958,Male,40,1971-12-18,0.0009400000000000001,Married,1363,,2021-07-03,No,,,Permanent contract,11291.0,428570,Yes,2,,NA,1,Created
6959,2011-01-01,6959,Male,63,1948-05-12,0.00945,Divorced,0,,,Yes,,,Permanent contract,18975.0,191793,No,0,,NA,1,Created
18741,2012-05-12,6959,Male,65,1948-05-12,0.00945,Divorced,0,,,Yes,,,Retired,13282.5,191793,No,0,,NA,1,Life event: Retired
6960,2011-01-01,6960,Male,27,1984-07-28,0.00044,Single,0,,,No,,,Flexible contract,89589.0,247465,No,0,,NA,1,Created
6961,2011-01-01,6961,Male,18,1993-11-29,0.00032,Single,0,,,Yes,37.0,2030-02-09,Permanent contract,79691.0,181548,No,0,,NA,1,Created
6962,2011-01-01,6962,Male,8,2003-01-09,9e-05,Single,0,,,No,,,Child,0.0,0,Yes,0,,NA,1,Created
6963,2011-01-01,6963,Female,67,1944-03-25,0.00974,Married,1423,,2056-12-05,No,,,Permanent contract,37559.0,270789,Yes,2,,NA,1,Created
17118,2011-03-25,6963,Female,68,1944-03-25,0.00974,Married,1423,,2056-12-05,No,,,Retired,26291.3,270789,Yes,2,,NA,1,Life event: Retired
18758,2012-05-17,6963,Female,69,1944-03-25,0.00974,Married,1423,,2056-12-05,No,,,Retired,26291.3,270789,Yes,2,,NA,0,Life event: Deceased
6964,2011-01-01,6964,Male,65,1946-11-10,0.01141,Married,1364,,2039-08-09,Yes,,,Entrepreneur without personnel,33169.0,87763,No,2,,NA,1,Created
18164,2011-11-10,6964,Male,66,1946-11-10,0.01141,Married,1364,,2039-08-09,Yes,,,Retired,23218.3,87763,No,2,,NA,1,Life event: Retired
6965,2011-01-01,6965,Male,54,1957-10-26,0.00404,Married,1365,,2014-07-27,Yes,,,Permanent contract,24507.0,43419,No,1,,NA,1,Created
6966,2011-01-01,6966,Female,53,1958-08-30,0.00312,Single,0,,,Yes,35.0,,Permanent contract,4560.0,113775,Yes,0,,NA,1,Created
6967,2011-01-01,6967,Female,42,1969-09-26,0.001,Married,1424,,2035-02-12,Yes,,,Permanent contract,35994.0,134265,Yes,2,,NA,1,Created
6968,2011-01-01,6968,Male,70,1941-09-18,0.01932,Married,1366,,2015-08-09,No,,,Retired,82863.0,960,Yes,3,,NA,1,Created
18490,2012-02-02,6968,Male,71,1941-09-18,0.01932,Married,1366,,2015-08-09,No,,,Retired,82863.0,960,Yes,3,,NA,0,Life event: Deceased
6969,2011-01-01,6969,Female,0,2011-02-04,0.0028899999999999998,Single,0,,,No,,,Child,0.0,0,No,0,34.0,2045-03-20,1,Created
6970,2011-01-01,6970,Female,77,1934-05-31,0.0259,Married,1425,,2063-09-04,Yes,,,Retired,16621.0,3271,Yes,1,,NA,1,Created
6971,2011-01-01,6971,Male,68,1943-11-13,0.01522,Married,1367,,2052-01-12,No,,,Retired,53187.0,6451,No,1,,NA,1,Created
6972,2011-01-01,6972,Male,33,1978-12-06,0.00047999999999999996,Single,0,,,No,,,Permanent contract,90083.0,2547,Yes,0,,NA,1,Created
6973,2011-01-01,6973,Male,15,1996-06-14,0.00015,Single,0,,,Yes,54.0,2050-11-24,Child,0.0,0,No,0,,NA,1,Created
6974,2011-01-01,6974,Male,1,2010-03-23,0.00056,Single,0,,,No,,,Child,0.0,0,No,0,,NA,1,Created
6975,2011-01-01,6975,Male,55,1956-12-23,0.00419,Married,1368,,2048-10-24,Yes,,,Permanent contract,1367.0,-27760,Yes,2,,NA,1,Created
6976,2011-01-01,6976,Female,63,1948-05-15,0.00672,Married,1426,,2047-11-01,No,,,Permanent contract,3832.0,8100,No,2,,NA,1,Created
18753,2012-05-15,6976,Female,65,1948-05-15,0.00672,Married,1426,,2047-11-01,No,,,Retired,2682.3999999999996,8100,No,2,,NA,1,Life event: Retired
6977,2011-01-01,6977,Male,79,1932-01-02,0.05364,Married,1369,,2027-05-20,Yes,,,Retired,29839.0,184375,Yes,1,,NA,1,Created
6978,2011-01-01,6978,Female,54,1957-03-01,0.00313,Married,1427,,2051-04-02,No,,,Permanent contract,39692.0,1791,No,2,,NA,1,Created
6979,2011-01-01,6979,Male,61,1950-12-11,0.00747,Married,1370,,2054-12-23,Yes,,,Permanent contract,9886.0,56231,No,2,,NA,1,Created
6980,2011-01-01,6980,Male,56,1955-05-10,0.0052,Married,1371,,2064-07-06,No,,,Permanent contract,55322.0,21937,Yes,1,,NA,1,Created
6981,2011-01-01,6981,Male,0,2011-08-21,0.0036200000000000004,Single,0,,,Yes,35.0,2046-05-27,Child,0.0,0,No,0,,NA,1,Created
6982,2011-01-01,6982,Male,69,1942-04-25,0.01804,Widowed,0,,,No,,,Retired,27276.0,181629,No,0,,NA,1,Created
6983,2011-01-01,6983,Female,20,1991-11-06,0.00018,Single,0,,,Yes,23.0,2014-07-20,Permanent contract,95442.0,-35310,Yes,0,31.0,2022-05-09,1,Created
6984,2011-01-01,6984,Male,69,1942-07-03,0.01804,Married,1372,,2047-11-03,No,,,Retired,72861.0,9783,No,3,,NA,1,Created
19148,2012-10-08,6984,Male,71,1942-07-03,0.01804,Married,1372,,2047-11-03,No,,,Retired,72861.0,9783,No,3,,NA,0,Life event: Deceased
6985,2011-01-01,6985,Male,64,1947-12-26,0.01097,Married,1373,,2018-08-09,No,,,Permanent contract,22181.0,-44049,Yes,2,,NA,1,Created
18365,2011-12-26,6985,Male,65,1947-12-26,0.01097,Married,1373,,2018-08-09,No,,,Retired,15526.699999999999,-44049,Yes,2,,NA,1,Life event: Retired
6986,2011-01-01,6986,Female,50,1961-12-05,0.00225,Married,1428,,2034-12-12,No,,,Entrepreneur without personnel,97159.0,23982,No,3,,NA,1,Created
6987,2011-01-01,6987,Male,65,1946-12-18,0.01141,Married,1374,,2063-09-07,No,,,Entrepreneur with personel,4506.0,4790341,No,1,,NA,1,Created
18313,2011-12-18,6987,Male,66,1946-12-18,0.01141,Married,1374,,2063-09-07,No,,,Retired,3154.2,4790341,No,1,,NA,1,Life event: Retired
6988,2011-01-01,6988,Male,22,1989-04-23,0.00041,Single,0,,,Yes,34.0,2023-07-29,Permanent contract,23758.0,181138,No,0,,NA,1,Created
6989,2011-01-01,6989,Female,17,1994-02-28,0.0001,Single,0,,,Yes,29.0,2023-10-08,Child,0.0,0,No,0,38.0,2032-01-31,1,Created
16995,2011-02-28,6989,Female,18,1994-02-28,0.0001,Single,0,,,Yes,29,2022-06-25,Flexible contract,39869.0,39914,No,0,38,2032-01-31,1,Life event: Adulthood
6990,2011-01-01,6990,Male,46,1965-09-11,0.00172,Married,1375,,2017-10-22,No,,,Permanent contract,6923.0,3615,Yes,3,,NA,1,Created
6991,2011-01-01,6991,Male,56,1955-10-12,0.0052,Married,1376,,2017-11-05,Yes,,,Entrepreneur without personnel,35527.0,246030,Yes,1,,NA,1,Created
6992,2011-01-01,6992,Female,51,1960-07-19,0.0023899999999999998,Married,1429,,2040-07-07,Yes,,,Permanent contract,1441.0,11503,No,2,,NA,1,Created
6993,2011-01-01,6993,Female,40,1971-12-04,0.0006900000000000001,Married,1430,,2057-05-11,Yes,,,Entrepreneur without personnel,82172.0,116474,No,2,,NA,1,Created
6994,2011-01-01,6994,Male,14,1997-06-17,0.00014,Single,0,,,No,,,Child,0.0,0,Yes,0,,NA,1,Created
6995,2011-01-01,6995,Female,65,1946-12-08,0.007559999999999999,Married,1431,,2033-07-04,Yes,,,Flexible contract,51066.0,267145,No,2,,NA,1,Created
18272,2011-12-08,6995,Female,66,1946-12-08,0.007559999999999999,Married,1431,,2033-07-04,Yes,,,Retired,35746.2,267145,No,2,,NA,1,Life event: Retired
6996,2011-01-01,6996,Male,33,1978-12-14,0.00047999999999999996,Married,1377,,2051-07-29,Yes,,,Permanent contract,2721.0,184156,Yes,1,,NA,1,Created
6997,2011-01-01,6997,Female,56,1955-04-06,0.0041,Married,1432,,2031-01-26,Yes,,,Entrepreneur without personnel,13920.0,15946,Yes,2,,NA,1,Created
6998,2011-01-01,6998,Male,12,1999-12-29,0.00011,Single,0,,,No,,,Child,0.0,0,Yes,0,,NA,1,Created
6999,2011-01-01,6999,Female,81,1930-01-19,0.04307,Married,1433,,2031-03-25,No,,,Retired,16469.0,9510,No,2,,NA,1,Created
7000,2011-01-01,7000,Male,80,1931-10-31,0.05987000000000001,Widowed,0,,,Yes,,,Retired,28432.0,102,Yes,0,,NA,1,Created
7001,2011-01-01,7001,Female,18,1993-10-21,0.00023999999999999998,Single,0,,,No,,,Permanent contract,10037.0,381909,No,0,28.0,2021-09-11,1,Created
7002,2011-01-01,7002,Female,77,1934-06-19,0.0259,Married,1434,,2025-07-19,No,,,Retired,19062.0,332,No,1,,NA,1,Created
7003,2011-01-01,7003,Female,21,1990-10-12,0.00016,Single,0,,,No,,,Permanent contract,151701.0,170920,Yes,0,26.0,2016-10-31,1,Created
7004,2011-01-01,7004,Male,34,1977-04-03,0.00067,Single,0,,,No,,,Flexible contract,24497.0,20566,No,0,,NA,1,Created
7005,2011-01-01,7005,Female,2,2009-10-31,0.00015,Single,0,,,No,,,Child,0.0,0,Yes,0,24.0,2033-05-29,1,Created
7006,2011-01-01,7006,Female,5,2006-08-06,4e-05,Single,0,,,Yes,32.0,2038-09-25,Child,0.0,0,Yes,0,26.0,2032-09-20,1,Created
7007,2011-01-01,7007,Female,63,1948-03-21,0.00672,Married,1435,,2026-10-01,No,,,Permanent contract,10304.0,937,No,2,,NA,1,Created
18607,2012-03-21,7007,Female,65,1948-03-21,0.00672,Married,1435,,2026-10-01,No,,,Retired,7212.799999999999,937,No,2,,NA,1,Life event: Retired
7008,2011-01-01,7008,Male,64,1947-04-04,0.01097,Married,1378,,2065-06-23,No,,,Permanent contract,29993.0,37004,Yes,3,,NA,1,Created
17171,2011-04-04,7008,Male,65,1947-04-04,0.01097,Married,1378,,2065-06-23,No,,,Retired,20995.1,37004,Yes,3,,NA,1,Life event: Retired
7009,2011-01-01,7009,Male,40,1971-04-13,0.0009400000000000001,Married,1379,,2052-03-27,Yes,,,Permanent contract,22995.0,-34928,No,2,,NA,1,Created
7010,2011-01-01,7010,Female,0,2011-05-21,0.0028899999999999998,Single,0,,,Yes,30.0,2041-06-27,Child,0.0,0,No,0,32.0,2043-07-29,1,Created
7011,2011-01-01,7011,Male,27,1984-04-17,0.00044,Single,0,,,Yes,23.0,,Flexible contract,15830.0,19,No,0,,NA,1,Created
7012,2011-01-01,7012,Male,16,1995-06-02,0.00029,Single,0,,,No,,,Child,0.0,0,No,0,,NA,1,Created
18808,2012-06-02,7012,Male,18,1995-06-02,0.00029,Single,0,,,No,,,Flexible contract,13210.0,-28687,No,0,,NA,1,Life event: Adulthood
7013,2011-01-01,7013,Male,41,1970-02-13,0.0008900000000000001,Married,1380,,2039-03-28,Yes,,,Flexible contract,24981.0,123182,Yes,2,,NA,1,Created
7014,2011-01-01,7014,Male,63,1948-01-15,0.00945,Single,0,,,No,,,Permanent contract,28458.0,-14789,No,0,,NA,1,Created
18430,2012-01-15,7014,Male,65,1948-01-15,0.00945,Single,0,,,No,,,Retired,19920.6,-14789,No,0,,NA,1,Life event: Retired
7015,2011-01-01,7015,Male,54,1957-03-15,0.00404,Married,1381,,2065-02-24,Yes,,,Permanent contract,15605.0,179304,Yes,2,,NA,1,Created
7016,2011-01-01,7016,Female,46,1965-07-03,0.00134,Married,1436,,2047-01-18,Yes,,,Permanent contract,39300.0,263,Yes,3,,NA,1,Created
7017,2011-01-01,7017,Female,70,1941-05-31,0.01252,Married,1437,,2040-08-09,No,,,Retired,38863.0,40390,No,2,,NA,1,Created
7018,2011-01-01,7018,Female,44,1967-01-25,0.00107,Married,1438,,2040-03-09,No,,,Permanent contract,8026.0,689,No,2,,NA,1,Created
7019,2011-01-01,7019,Male,50,1961-08-16,0.00257,Married,1382,,2051-02-20,Yes,,,Flexible contract,26766.0,8544,No,3,,NA,1,Created
19312,2012-12-13,7019,Male,52,1961-08-16,0.00257,Widowed,1382,,2051-02-20,Yes,,,Flexible contract,26766.0,8544,No,3,,NA,1,Life event: Widowed
7020,2011-01-01,7020,Male,33,1978-05-03,0.00047999999999999996,Single,0,,,No,,,Permanent contract,7385.0,-4790,Yes,0,,NA,1,Created
7021,2011-01-01,7021,Female,30,1981-03-08,0.00027,Married,1439,,2033-12-18,No,,,Permanent contract,30697.0,801348,No,3,34.0,2015-01-11,1,Created
7022,2011-01-01,7022,Female,24,1987-11-20,0.00018999999999999998,Single,0,,,Yes,33.0,2020-05-20,Permanent contract,43900.0,257654,No,0,37.0,2024-12-12,1,Created
7023,2011-01-01,7023,Female,8,2003-10-07,2.9999999999999997e-05,Single,0,,,No,,,Child,0.0,0,Yes,0,28.0,2031-05-22,1,Created
7024,2011-01-01,7024,Female,22,1989-03-06,0.00023999999999999998,Single,0,,,No,,,Permanent contract,16027.0,15195,No,0,30.0,2019-10-23,1,Created
7025,2011-01-01,7025,Male,49,1962-06-22,0.00242,Single,0,,,No,,,Entrepreneur without personnel,17908.0,3854,No,0,,NA,1,Created
7026,2011-01-01,7026,Female,60,1951-10-05,0.00541,Married,1440,,2028-03-21,No,,,Permanent contract,11549.0,3196,Yes,2,,NA,1,Created
7027,2011-01-01,7027,Male,51,1960-10-25,0.00301,Single,0,,,No,,,Permanent contract,18000.0,5742,Yes,0,,NA,1,Created
7028,2011-01-01,7028,Female,43,1968-08-28,0.0009699999999999999,Married,1441,,2019-06-24,Yes,,,Permanent contract,28340.0,227221,No,1,,NA,1,Created
7029,2011-01-01,7029,Male,4,2007-09-23,0.00011,Single,0,,,Yes,29.0,2036-04-20,Child,0.0,0,Yes,0,,NA,1,Created
7030,2011-01-01,7030,Female,72,1939-08-18,0.01411,Widowed,0,,,No,,,Retired,10726.0,80418,No,0,,NA,1,Created
7031,2011-01-01,7031,Male,13,1998-04-26,0.00014,Single,0,,,Yes,29.0,2027-06-28,Child,0.0,0,Yes,0,,NA,1,Created
7032,2011-01-01,7032,Female,39,1972-05-17,0.00074,Married,1442,,2044-02-29,No,,,Permanent contract,9444.0,987,Yes,2,,NA,1,Created
7033,2011-01-01,7033,Female,2,2009-06-11,0.00015,Single,0,,,No,,,Child,0.0,0,No,0,35.0,2044-05-25,1,Created
7034,2011-01-01,7034,Female,72,1939-04-02,0.01411,Married,1443,,2065-05-01,Yes,,,Retired,176032.0,7884,No,2,,NA,1,Created
7035,2011-01-01,7035,Female,62,1949-10-14,0.0057399999999999994,Divorced,0,,,Yes,,,Entrepreneur without personnel,16339.0,4459,Yes,0,,NA,1,Created
7036,2011-01-01,7036,Female,47,1964-12-27,0.00168,Single,0,,,Yes,63.0,2027-08-13,Permanent contract,19652.0,56537,Yes,0,,NA,1,Created
7037,2011-01-01,7037,Female,73,1938-02-26,0.01577,Married,1444,,2026-11-18,No,,,Retired,92335.0,442305,Yes,2,,NA,1,Created
7038,2011-01-01,7038,Male,103,1908-03-02,1.0,Widowed,0,,,No,,,Retired,19852.0,14363,Yes,0,,NA,1,Created
18837,2012-06-13,7038,Male,105,1908-03-02,1.0,Widowed,0,,,No,,,Retired,19852.0,14363,Yes,0,,NA,0,Life event: Deceased
7039,2011-01-01,7039,Female,23,1988-06-14,0.0001,Married,1445,,2025-07-15,Yes,,,Permanent contract,34218.0,782,No,1,25.0,2013-02-19,1,Created
7040,2011-01-01,7040,Male,56,1955-05-22,0.0052,Married,1383,,2058-03-12,No,,,Permanent contract,44659.0,-3124,No,1,,NA,1,Created
7041,2011-01-01,7041,Male,46,1965-07-15,0.00172,Married,1384,,2038-08-10,Yes,,,Flexible contract,24941.0,38842,No,2,,NA,1,Created
7042,2011-01-01,7042,Male,10,2001-11-12,0.00011999999999999999,Single,0,,,No,,,Child,0.0,0,Yes,0,,NA,1,Created
7043,2011-01-01,7043,Female,13,1998-04-03,0.00011999999999999999,Single,0,,,No,,,Child,0.0,0,Yes,0,34.0,2032-06-15,1,Created
7044,2011-01-01,7044,Male,30,1981-11-10,0.00055,Married,1385,,2021-05-28,Yes,,,Permanent contract,41230.0,73107,No,2,,NA,1,Created
7045,2011-01-01,7045,Female,4,2007-06-03,5.9999999999999995e-05,Single,0,,,No,,,Child,0.0,0,No,0,38.0,2045-05-17,1,Created
7046,2011-01-01,7046,Male,8,2003-09-02,9e-05,Single,0,,,No,,,Child,0.0,0,No,0,,NA,1,Created
7047,2011-01-01,7047,Female,28,1983-05-12,0.00025,Divorced,0,,,Yes,,,Permanent contract,20703.0,-11231,Yes,0,30.0,2013-08-19,1,Created
7048,2011-01-01,7048,Female,28,1983-12-11,0.00025,Single,0,,,No,,,Unemployed,12248.0,823,No,0,,NA,1,Created
7049,2011-01-01,7049,Male,37,1974-10-20,0.00082,Divorced,0,,,No,,,Permanent contract,41188.0,-22919,Yes,0,,NA,1,Created
7050,2011-01-01,7050,Female,27,1984-07-26,0.00025,Single,0,,,No,,,Permanent contract,27122.0,2752128,Yes,0,,NA,1,Created
7051,2011-01-01,7051,Male,54,1957-05-03,0.00404,Single,0,,,No,,,Permanent contract,4034.0,33197,Yes,0,,NA,1,Created
7052,2011-01-01,7052,Male,34,1977-10-26,0.00067,Single,0,,,No,,,Permanent contract,30027.0,-3194,No,0,,NA,1,Created
7053,2011-01-01,7053,Female,45,1966-07-24,0.00134,Single,0,,,No,,,Permanent contract,44386.0,452,Yes,0,,NA,1,Created
7054,2011-01-01,7054,Female,11,2000-04-09,7e-05,Single,0,,,No,,,Child,0.0,0,Yes,0,33.0,2033-12-22,1,Created
7055,2011-01-01,7055,Female,56,1955-07-25,0.0041,Widowed,0,,,No,,,Flexible contract,36898.0,9558,No,0,,NA,1,Created
7056,2011-01-01,7056,Male,41,1970-04-23,0.0008900000000000001,Married,1386,,2038-11-04,Yes,,,Permanent contract,29244.0,12857,No,1,,NA,1,Created
16968,2011-02-24,7056,Male,41,1970-04-23,0.0008900000000000001,Widowed,1386,,2038-11-04,Yes,,,Permanent contract,29244.0,12857,No,1,,NA,1,Life event: Widowed
7057,2011-01-01,7057,Male,12,1999-01-31,0.00011,Single,0,,,No,,,Child,0.0,0,Yes,0,,NA,1,Created
7058,2011-01-01,7058,Male,11,2000-01-19,9e-05,Single,0,,,No,,,Child,0.0,0,Yes,0,,NA,1,Created
7059,2011-01-01,7059,Female,25,1986-07-07,0.00022999999999999998,Single,0,,,No,,,Permanent contract,29434.0,17102,Yes,0,38.0,2024-04-18,1,Created
7060,2011-01-01,7060,Male,66,1945-06-11,0.01401,Single,0,,,Yes,60.0,,Permanent contract,33859.0,966457,No,0,,NA,1,Created
17490,2011-06-11,7060,Male,67,1945-06-11,0.01401,Single,0,,,Yes,60,,Retired,23701.3,966457,No,0,,NA,1,Life event: Retired
7061,2011-01-01,7061,Male,7,2004-04-01,9e-05,Single,0,,,No,,,Child,0.0,0,No,0,,NA,1,Created
7062,2011-01-01,7062,Female,12,1999-01-13,5e-05,Single,0,,,No,,,Child,0.0,0,Yes,0,38.0,2037-02-05,1,Created
7063,2011-01-01,7063,Male,58,1953-02-28,0.00603,Divorced,0,,,No,,,Permanent contract,19060.0,195403,Yes,0,,NA,1,Created
7064,2011-01-01,7064,Female,39,1972-06-25,0.00074,Single,0,,,Yes,46.0,2018-04-02,Permanent contract,97123.0,14261,No,0,,NA,1,Created
7065,2011-01-01,7065,Male,58,1953-07-29,0.00603,Married,1387,,2034-12-03,Yes,,,Permanent contract,7370.0,13513,Yes,1,,NA,1,Created
7066,2011-01-01,7066,Female,40,1971-05-12,0.0006900000000000001,Single,0,,,Yes,25.0,,Permanent contract,24516.0,197120,Yes,0,,NA,1,Created
7067,2011-01-01,7067,Female,47,1964-05-05,0.00168,Married,1446,,2016-01-05,Yes,,,Family business,18730.0,374596,Yes,2,,NA,1,Created
7068,2011-01-01,7068,Male,57,1954-06-22,0.00572,Married,1388,,2034-01-11,No,,,Entrepreneur without personnel,25124.0,486,Yes,3,,NA,1,Created
7069,2011-01-01,7069,Female,44,1967-01-05,0.00107,Married,1447,,2031-05-19,No,,,Permanent contract,46568.0,22412,Yes,2,,NA,1,Created
7070,2011-01-01,7070,Female,31,1980-11-10,0.00029,Married,1448,,2042-02-28,No,,,Flexible contract,49078.0,235,Yes,1,33.0,2013-03-20,1,Created
7071,2011-01-01,7071,Male,78,1933-06-22,0.04668,Married,1389,,2052-05-28,Yes,,,Retired,10385.0,141089,Yes,3,,NA,1,Created
7072,2011-01-01,7072,Female,77,1934-02-06,0.0259,Married,1449,,2042-02-24,Yes,,,Retired,13904.0,6670,Yes,2,,NA,1,Created
7073,2011-01-01,7073,Female,48,1963-06-21,0.0018800000000000002,Married,1450,,2060-04-10,Yes,,,Entrepreneur without personnel,19206.0,41638,No,1,,NA,1,Created
7074,2011-01-01,7074,Male,59,1952-12-19,0.00717,Married,1390,,2066-09-09,Yes,,,Entrepreneur without personnel,37298.0,1111,No,1,,NA,1,Created
18079,2011-10-21,7074,Male,59,1952-12-19,0.00717,Widowed,1390,,2066-09-09,Yes,,,Entrepreneur without personnel,37298.0,1111,No,1,,NA,1,Life event: Widowed
7075,2011-01-01,7075,Female,60,1951-04-08,0.00541,Married,1451,,2019-12-21,No,,,Permanent contract,88052.0,-4790,No,2,,NA,1,Created
7076,2011-01-01,7076,Male,13,1998-06-18,0.00014,Single,0,,,No,,,Child,0.0,0,No,0,,NA,1,Created
7077,2011-01-01,7077,Male,44,1967-04-13,0.0013599999999999999,Single,0,,,Yes,28.0,,Permanent contract,6258.0,188897,No,0,,NA,1,Created
7078,2011-01-01,7078,Female,39,1972-10-14,0.00074,Married,1452,,2058-03-08,Yes,,,Permanent contract,784.0,71020,No,3,,NA,1,Created
19176,2012-10-19,7078,Female,41,1972-10-14,0.00074,Widowed,1452,,2058-03-08,Yes,,,Permanent contract,784.0,71020,No,3,,NA,1,Life event: Widowed
7079,2011-01-01,7079,Female,2,2009-03-08,0.00015,Single,0,,,Yes,48.0,2057-01-18,Child,0.0,0,No,0,28.0,2037-02-26,1,Created
7080,2011-01-01,7080,Male,32,1979-10-19,0.00059,Single,0,,,Yes,24.0,,Permanent contract,20903.0,160207,No,0,,NA,1,Created
7081,2011-01-01,7081,Male,63,1948-10-30,0.00945,Divorced,0,,,No,,,Flexible contract,34030.0,69132,No,0,,NA,1,Created
19205,2012-10-30,7081,Male,65,1948-10-30,0.00945,Divorced,0,,,No,,,Retired,23821.0,69132,No,0,,NA,1,Life event: Retired
7082,2011-01-01,7082,Female,61,1950-10-02,0.00562,Widowed,0,,,Yes,,,Permanent contract,13988.0,-4600,Yes,0,,NA,1,Created
7083,2011-01-01,7083,Male,8,2003-08-12,9e-05,Single,0,,,No,,,Child,0.0,0,Yes,0,,NA,1,Created
7084,2011-01-01,7084,Female,27,1984-05-06,0.00025,Single,0,,,Yes,49.0,2033-01-29,Permanent contract,38486.0,349012,No,0,35.0,2019-11-11,1,Created
7085,2011-01-01,7085,Female,58,1953-06-27,0.00448,Married,1453,,2024-01-11,Yes,,,Permanent contract,25729.0,937,Yes,1,,NA,1,Created
7086,2011-01-01,7086,Male,47,1964-07-30,0.00186,Married,1391,,2043-10-19,No,,,Permanent contract,40875.0,-16410,No,2,,NA,1,Created
7087,2011-01-01,7087,Female,34,1977-07-28,0.00037,Single,0,,,Yes,41.0,2018-12-20,Permanent contract,77098.0,122315,No,0,35.0,2012-07-22,1,Created
7088,2011-01-01,7088,Male,14,1997-08-24,0.00014,Single,0,,,No,,,Child,0.0,0,Yes,0,,NA,1,Created
7089,2011-01-01,7089,Male,78,1933-09-16,0.04668,Married,1392,,2025-01-04,Yes,,,Retired,9500.0,388,No,2,,NA,1,Created
7090,2011-01-01,7090,Female,47,1964-03-21,0.00168,Married,1454,,2051-11-17,Yes,,,Permanent contract,6719.0,2327214,Yes,2,,NA,1,Created
7091,2011-01-01,7091,Male,70,1941-05-30,0.01932,Married,1393,,2040-09-10,No,,,Retired,14432.0,40628,Yes,2,,NA,1,Created
7092,2011-01-01,7092,Female,10,2001-04-17,0.0001,Single,0,,,Yes,45.0,2046-11-05,Child,0.0,0,Yes,0,36.0,2037-11-29,1,Created
7093,2011-01-01,7093,Male,58,1953-04-16,0.00603,Married,1394,,2048-02-20,No,,,Permanent contract,44471.0,261105,Yes,2,,NA,1,Created
7094,2011-01-01,7094,Male,36,1975-07-06,0.0006,Married,1395,,2028-01-28,No,,,Entrepreneur without personnel,47816.0,1331,No,1,,NA,1,Created
7095,2011-01-01,7095,Male,18,1993-09-25,0.00032,Single,0,,,No,,,Permanent contract,37263.0,379855,Yes,0,,NA,1,Created
7096,2011-01-01,7096,Female,56,1955-02-24,0.0041,Widowed,0,,,No,,,Permanent contract,17803.0,904402,Yes,0,,NA,1,Created
7097,2011-01-01,7097,Male,4,2007-01-23,0.00011,Single,0,,,No,,,Child,0.0,0,Yes,0,,NA,1,Created
7098,2011-01-01,7098,Female,67,1944-06-20,0.00974,Married,1455,,2050-11-24,Yes,,,Permanent contract,26710.0,685,Yes,2,,NA,1,Created
17539,2011-06-20,7098,Female,68,1944-06-20,0.00974,Married,1455,,2050-11-24,Yes,,,Retired,18697.0,685,Yes,2,,NA,1,Life event: Retired
7099,2011-01-01,7099,Male,28,1983-03-25,0.00045,Single,0,,,No,,,Permanent contract,27359.0,243559,Yes,0,,NA,1,Created
7100,2011-01-01,7100,Female,48,1963-10-17,0.0018800000000000002,Single,0,,,No,,,Permanent contract,36637.0,-3545,Yes,0,,NA,1,Created
7101,2011-01-01,7101,Male,54,1957-08-29,0.00404,Single,0,,,No,,,Flexible contract,18975.0,2070,Yes,0,,NA,1,Created
7102,2011-01-01,7102,Male,35,1976-01-03,0.00055,Single,0,,,Yes,45.0,2021-06-14,Flexible contract,29946.0,313781,Yes,0,,NA,1,Created
7103,2011-01-01,7103,Male,14,1997-04-16,0.00014,Single,0,,,Yes,34.0,2031-08-13,Child,0.0,0,Yes,0,,NA,1,Created
7104,2011-01-01,7104,Male,1,2010-12-17,0.00056,Single,0,,,No,,,Child,0.0,0,No,0,,NA,1,Created
7105,2011-01-01,7105,Female,54,1957-04-21,0.00313,Single,0,,,Yes,26.0,,Unemployed,20990.0,439774,Yes,0,,NA,1,Created
7106,2011-01-01,7106,Male,1,2010-12-29,0.00056,Single,0,,,Yes,46.0,2056-11-22,Child,0.0,0,Yes,0,,NA,1,Created
7107,2011-01-01,7107,Male,22,1989-02-01,0.00041,Single,0,,,No,,,Permanent contract,9004.0,1923,No,0,,NA,1,Created
7108,2011-01-01,7108,Male,72,1939-05-08,0.02384,Single,0,,,No,,,Retired,19825.0,-4819,Yes,0,,NA,1,Created
7109,2011-01-01,7109,Female,11,2000-01-28,7e-05,Single,0,,,No,,,Child,0.0,0,No,0,26.0,2026-03-09,1,Created
7110,2011-01-01,7110,Male,56,1955-01-22,0.0052,Married,1396,,2037-01-27,No,,,Permanent contract,88535.0,407770,Yes,1,,NA,1,Created
7111,2011-01-01,7111,Female,33,1978-10-08,0.00035,Divorced,0,,,No,,,Permanent contract,27862.0,492933,No,0,42.0,2020-10-22,1,Created
7112,2011-01-01,7112,Male,15,1996-10-17,0.00015,Single,0,,,No,,,Child,0.0,0,No,0,,NA,1,Created
7113,2011-01-01,7113,Male,74,1937-02-23,0.0295,Widowed,0,,,Yes,,,Retired,4973.0,-26412,No,0,,NA,1,Created
7114,2011-01-01,7114,Male,75,1936-04-28,0.033710000000000004,Married,1397,,2019-12-09,Yes,,,Retired,38005.0,119602,Yes,1,,NA,1,Created
16889,2011-02-11,7114,Male,75,1936-04-28,0.033710000000000004,Married,1397,,2019-12-09,Yes,,,Retired,38005.0,119602,Yes,1,,NA,0,Life event: Deceased
7115,2011-01-01,7115,Female,63,1948-03-16,0.00672,Married,1456,,2058-01-02,Yes,,,Entrepreneur without personnel,52457.0,213743,Yes,1,,NA,1,Created
18592,2012-03-16,7115,Female,65,1948-03-16,0.00672,Married,1456,,2058-01-02,Yes,,,Retired,36719.899999999994,213743,Yes,1,,NA,1,Life event: Retired
7116,2011-01-01,7116,Male,102,1909-09-07,1.0,Widowed,0,,,No,,,Retired,12418.0,-12643,No,0,,NA,1,Created
17751,2011-08-06,7116,Male,102,1909-09-07,1.0,Widowed,0,,,No,,,Retired,12418.0,-12643,No,0,,NA,0,Life event: Deceased
7117,2011-01-01,7117,Female,6,2005-05-29,8e-05,Single,0,,,Yes,21.0,2026-01-28,Child,0.0,0,No,0,35.0,2040-11-07,1,Created
7118,2011-01-01,7118,Female,65,1946-01-05,0.007559999999999999,Married,1457,,2036-02-18,Yes,,,Entrepreneur without personnel,18431.0,47918,No,2,,NA,1,Created
16680,2011-01-05,7118,Female,66,1946-01-05,0.007559999999999999,Married,1457,,2036-02-18,Yes,,,Retired,12901.699999999999,47918,No,2,,NA,1,Life event: Retired
7119,2011-01-01,7119,Male,40,1971-12-27,0.0009400000000000001,Divorced,0,,,Yes,,,Flexible contract,18968.0,11817,Yes,0,,NA,1,Created
7120,2011-01-01,7120,Female,2,2009-10-25,0.00015,Single,0,,,Yes,59.0,2068-08-20,Child,0.0,0,No,0,42.0,2051-07-01,1,Created
7121,2011-01-01,7121,Male,27,1984-08-21,0.00044,Single,0,,,Yes,28.0,2012-01-10,Permanent contract,63744.0,130456,Yes,0,,NA,1,Created
18413,2012-01-10,7121,Male,28,1984-08-21,0.00044,Married,3474,43,2055-11-19,Yes,28,2012-01-10,Permanent contract,63744.0,130456,Yes,0,,NA,1,Life event: Married
7122,2011-01-01,7122,Male,50,1961-08-19,0.00257,Single,0,,,No,,,Permanent contract,4782.0,76878,No,0,,NA,1,Created
7123,2011-01-01,7123,Male,65,1946-02-19,0.01141,Married,1398,,2013-01-06,Yes,,,Flexible contract,10530.0,33760,Yes,1,,NA,1,Created
16936,2011-02-19,7123,Male,66,1946-02-19,0.01141,Married,1398,,2013-01-06,Yes,,,Retired,7370.999999999999,33760,Yes,1,,NA,1,Life event: Retired
7124,2011-01-01,7124,Female,63,1948-11-21,0.00672,Married,1458,,2013-02-18,Yes,,,Permanent contract,9344.0,-1709,Yes,3,,NA,1,Created
19263,2012-11-21,7124,Female,65,1948-11-21,0.00672,Married,1458,,2013-02-18,Yes,,,Retired,6540.799999999999,-1709,Yes,3,,NA,1,Life event: Retired
7125,2011-01-01,7125,Female,33,1978-05-03,0.00035,Married,1459,,2053-07-04,No,,,Flexible contract,27830.0,-1081,No,2,,NA,1,Created
7126,2011-01-01,7126,Male,47,1964-11-16,0.00186,Divorced,0,,,No,,,Permanent contract,2361.0,404193,No,0,,NA,1,Created
7127,2011-01-01,7127,Male,80,1931-05-17,0.05987000000000001,Widowed,0,,,No,,,Retired,62206.0,267,No,0,,NA,1,Created
7128,2011-01-01,7128,Female,77,1934-08-01,0.0259,Divorced,0,,,No,,,Retired,41476.0,234199,Yes,0,,NA,1,Created
7129,2011-01-01,7129,Female,99,1912-10-10,0.34497,Widowed,0,,,Yes,,,Retired,7093.0,24741,No,0,,NA,1,Created
7130,2011-01-01,7130,Male,74,1937-01-21,0.0295,Married,1399,,2039-05-16,No,,,Retired,5016.0,-34329,No,2,,NA,1,Created
7131,2011-01-01,7131,Female,77,1934-10-20,0.0259,Married,1460,,2050-02-02,Yes,,,Retired,31831.0,412,Yes,1,,NA,1,Created
17186,2011-04-07,7131,Female,77,1934-10-20,0.0259,Widowed,1460,,2050-02-02,Yes,,,Retired,31831.0,412,Yes,1,,NA,1,Life event: Widowed
7132,2011-01-01,7132,Male,40,1971-10-01,0.0009400000000000001,Married,1400,,2052-06-08,No,,,Permanent contract,11738.0,106355,No,2,,NA,1,Created
7133,2011-01-01,7133,Female,26,1985-07-05,1.0,Married,1461,,2027-05-31,Yes,,,Flexible contract,80336.0,-19245,No,1,31.0,2016-05-25,1,Created
17908,2011-09-10,7133,Female,27,1985-07-05,1.0,Married,1461,,2027-05-31,Yes,,,Flexible contract,80336.0,-19245,No,1,31,2016-05-25,0,Life event: Deceased
7134,2011-01-01,7134,Male,2,2009-05-11,0.00021,Single,0,,,Yes,58.0,2067-04-05,Child,0.0,0,No,0,,NA,1,Created
7135,2011-01-01,7135,Male,92,1919-01-21,0.21226,Married,1401,,2050-07-28,No,,,Retired,10952.0,190166,Yes,2,,NA,1,Created
7136,2011-01-01,7136,Male,36,1975-04-17,0.0006,Married,1402,,2054-02-16,Yes,,,Permanent contract,34562.0,14533,Yes,1,,NA,1,Created
7137,2011-01-01,7137,Male,13,1998-03-16,0.00014,Single,0,,,No,,,Child,0.0,0,No,0,,NA,1,Created
7138,2011-01-01,7138,Female,26,1985-08-20,1.0,Married,1462,,2053-08-20,No,,,Permanent contract,27288.0,114373,Yes,1,33.0,2018-04-24,1,Created
17014,2011-03-03,7138,Female,26,1985-08-20,1.0,Married,1462,,2053-08-20,No,,,Permanent contract,27288.0,114373,Yes,1,33,2018-04-24,0,Life event: Deceased
7139,2011-01-01,7139,Female,62,1949-08-30,0.0057399999999999994,Single,0,,,Yes,33.0,,Permanent contract,48570.0,997544,Yes,0,,NA,1,Created
7140,2011-01-01,7140,Female,19,1992-07-16,0.00014,Single,0,,,No,,,Flexible contract,27122.0,272978,No,0,41.0,2033-08-27,1,Created
7141,2011-01-01,7141,Female,58,1953-11-16,0.00448,Married,1463,,2019-01-18,No,,,Unemployed,22206.0,488422,Yes,2,,NA,1,Created
18980,2012-08-01,7141,Female,59,1953-11-16,0.00448,Widowed,1463,,2019-01-18,No,,,Unemployed,22206.0,488422,Yes,2,,NA,1,Life event: Widowed
7142,2011-01-01,7142,Male,57,1954-11-16,0.00572,Married,1403,,2059-10-24,Yes,,,Permanent contract,36901.0,472587,No,2,,NA,1,Created
7143,2011-01-01,7143,Female,40,1971-03-18,0.0006900000000000001,Married,1464,,2028-12-11,No,,,Permanent contract,86614.0,-3109,Yes,1,,NA,1,Created
7144,2011-01-01,7144,Male,73,1938-10-24,0.0262,Married,1404,,2018-11-03,Yes,,,Retired,26892.0,3826,Yes,1,,NA,1,Created
7145,2011-01-01,7145,Female,96,1915-03-21,0.24602,Divorced,0,,,No,,,Retired,16605.0,487269,No,0,,NA,1,Created
7146,2011-01-01,7146,Female,37,1974-09-20,0.00057,Married,1465,,2042-12-05,Yes,,,Flexible contract,2905.0,363,No,2,,NA,1,Created
7147,2011-01-01,7147,Male,29,1982-09-21,0.0005200000000000001,Married,1405,,2027-06-27,Yes,,,Permanent contract,15969.0,-12975,No,1,,NA,1,Created
7148,2011-01-01,7148,Male,6,2005-09-19,5.9999999999999995e-05,Single,0,,,No,,,Child,0.0,0,Yes,0,,NA,1,Created
7149,2011-01-01,7149,Female,17,1994-11-06,0.0001,Single,0,,,Yes,28.0,2022-02-07,Child,0.0,0,No,0,35.0,2029-08-10,1,Created
18136,2011-11-06,7149,Female,18,1994-11-06,0.0001,Single,0,,,No,,,Unemployed,23387.0,817,No,0,35,2029-08-10,1,Life event: Adulthood
7150,2011-01-01,7150,Male,16,1995-07-26,0.00029,Single,0,,,No,,,Child,0.0,0,Yes,0,,NA,1,Created
18963,2012-07-26,7150,Male,18,1995-07-26,0.00029,Single,0,,,Yes,31,2025-04-17,Permanent contract,49784.0,54302,Yes,0,,NA,1,Life event: Adulthood
7151,2011-01-01,7151,Male,43,1968-03-03,0.00103,Married,1406,,2064-12-05,No,,,Permanent contract,3610.0,-45710,No,1,,NA,1,Created
7152,2011-01-01,7152,Female,11,2000-09-14,7e-05,Single,0,,,Yes,50.0,2050-12-05,Child,0.0,0,Yes,0,33.0,2033-10-24,1,Created
7153,2011-01-01,7153,Female,26,1985-01-02,1.0,Single,0,,,No,,,Permanent contract,33359.0,5052,No,0,35.0,2020-10-29,1,Created
18238,2011-11-30,7153,Female,27,1985-01-02,1.0,Single,0,,,No,,,Permanent contract,33359.0,5052,No,0,35,2020-10-29,0,Life event: Deceased
7154,2011-01-01,7154,Female,24,1987-05-23,0.00018999999999999998,Single,0,,,No,,,Flexible contract,30293.0,-13078,No,0,33.0,2020-03-22,1,Created
7155,2011-01-01,7155,Male,58,1953-03-31,0.00603,Single,0,,,No,,,Permanent contract,17560.0,329418,No,0,,NA,1,Created
7156,2011-01-01,7156,Female,5,2006-04-20,4e-05,Single,0,,,No,,,Child,0.0,0,Yes,0,27.0,2033-06-08,1,Created
7157,2011-01-01,7157,Male,60,1951-01-13,0.006840000000000001,Married,1407,,2055-09-18,Yes,,,Flexible contract,16702.0,-36220,Yes,1,,NA,1,Created
7158,2011-01-01,7158,Male,9,2002-11-29,0.00014,Single,0,,,Yes,25.0,2027-10-03,Child,0.0,0,Yes,0,,NA,1,Created
7159,2011-01-01,7159,Female,21,1990-04-11,0.00016,Single,0,,,No,,,Flexible contract,16124.0,-17421,Yes,0,29.0,2019-01-21,1,Created
7160,2011-01-01,7160,Male,65,1946-02-08,0.01141,Married,1408,,2035-12-13,No,,,Permanent contract,7388.0,1369,No,1,,NA,1,Created
16871,2011-02-08,7160,Male,66,1946-02-08,0.01141,Married,1408,,2035-12-13,No,,,Retired,5171.599999999999,1369,No,1,,NA,1,Life event: Retired
7161,2011-01-01,7161,Female,53,1958-08-20,0.00312,Single,0,,,No,,,Entrepreneur with personel,10001.0,190041,No,0,,NA,1,Created
7162,2011-01-01,7162,Female,41,1970-11-13,0.0007700000000000001,Single,0,,,Yes,30.0,,Entrepreneur without personnel,43962.0,-33754,Yes,0,,NA,1,Created
7163,2011-01-01,7163,Female,3,2008-08-11,0.00013000000000000002,Single,0,,,Yes,27.0,2035-06-04,Child,0.0,0,No,0,42.0,2050-02-15,1,Created
7164,2011-01-01,7164,Female,16,1995-06-02,8e-05,Single,0,,,No,,,Child,0.0,0,No,0,31.0,2026-02-03,1,Created
18809,2012-06-02,7164,Female,18,1995-06-02,8e-05,Single,0,,,Yes,46,2040-08-13,Permanent contract,37432.0,-4929,No,0,31,2026-02-03,1,Life event: Adulthood
7165,2011-01-01,7165,Male,0,2011-07-19,0.0036200000000000004,Single,0,,,Yes,43.0,2054-05-12,Child,0.0,0,No,0,,NA,1,Created
7166,2011-01-01,7166,Female,62,1949-05-05,0.0057399999999999994,Divorced,0,,,No,,,Permanent contract,36569.0,927575,No,0,,NA,1,Created
7167,2011-01-01,7167,Female,16,1995-01-20,8e-05,Single,0,,,No,,,Child,0.0,0,Yes,0,38.0,2033-07-11,1,Created
18450,2012-01-20,7167,Female,18,1995-01-20,8e-05,Single,0,,,Yes,41,2035-02-19,Entrepreneur without personnel,48680.0,102642,Yes,0,38,2033-07-11,1,Life event: Adulthood
7168,2011-01-01,7168,Female,56,1955-11-08,0.0041,Married,1466,,2030-09-19,Yes,,,Permanent contract,13282.0,920,No,3,,NA,1,Created
7169,2011-01-01,7169,Female,62,1949-04-12,0.0057399999999999994,Married,1467,,2051-04-28,Yes,,,Permanent contract,242156.0,-10569,No,3,,NA,1,Created
7170,2011-01-01,7170,Female,20,1991-06-21,0.00018,Married,1468,,2049-04-29,No,,,Permanent contract,16679.0,-24350,No,2,29.0,2020-09-23,1,Created
7171,2011-01-01,7171,Female,34,1977-09-13,0.00037,Single,0,,,Yes,27.0,,Permanent contract,363.0,79552,No,0,,NA,1,Created
7172,2011-01-01,7172,Female,2,2009-03-12,0.00015,Single,0,,,Yes,24.0,2033-10-21,Child,0.0,0,No,0,33.0,2042-12-02,1,Created
7173,2011-01-01,7173,Female,11,2000-01-16,7e-05,Single,0,,,No,,,Child,0.0,0,Yes,0,43.0,2043-05-30,1,Created
7174,2011-01-01,7174,Male,44,1967-04-26,0.0013599999999999999,Married,1409,,2058-10-31,No,,,Flexible contract,51387.0,199861,No,2,,NA,1,Created
7175,2011-01-01,7175,Female,77,1934-04-23,0.0259,Married,1469,,2058-01-15,Yes,,,Retired,24531.0,760150,No,1,,NA,1,Created
7176,2011-01-01,7176,Female,61,1950-02-02,0.00562,Married,1470,,2018-12-06,Yes,,,Permanent contract,26299.0,-19755,Yes,2,,NA,1,Created
7177,2011-01-01,7177,Female,15,1996-07-03,8e-05,Single,0,,,No,,,Child,0.0,0,No,0,34.0,2030-12-25,1,Created
7178,2011-01-01,7178,Female,105,1906-03-08,1.0,Widowed,0,,,Yes,,,Retired,97215.0,37586,Yes,0,,NA,1,Created
18141,2011-11-07,7178,Female,106,1906-03-08,1.0,Widowed,0,,,Yes,,,Retired,97215.0,37586,Yes,0,,NA,0,Life event: Deceased
7179,2011-01-01,7179,Male,56,1955-09-02,0.0052,Married,1410,,2051-10-13,No,,,Permanent contract,13966.0,390,Yes,2,,NA,1,Created
7180,2011-01-01,7180,Male,18,1993-05-23,0.00032,Single,0,,,No,,,Flexible contract,15304.0,97199,No,0,,NA,1,Created
7181,2011-01-01,7181,Male,17,1994-09-10,0.00022999999999999998,Single,0,,,Yes,58.0,2052-10-01,Child,0.0,0,No,0,,NA,1,Created
17910,2011-09-10,7181,Male,18,1994-09-10,0.00022999999999999998,Single,0,,,No,,,Permanent contract,45018.0,245447,No,0,,NA,1,Life event: Adulthood
7182,2011-01-01,7182,Female,50,1961-03-12,0.00225,Married,1471,,2014-11-24,Yes,,,Permanent contract,49727.0,-43681,Yes,1,,NA,1,Created
7183,2011-01-01,7183,Female,2,2009-03-15,0.00015,Single,0,,,No,,,Child,0.0,0,No,0,19.0,2028-12-16,1,Created
7184,2011-01-01,7184,Male,36,1975-01-10,0.0006,Single,0,,,No,,,Entrepreneur with personel,44498.0,-14262,Yes,0,,NA,1,Created
7185,2011-01-01,7185,Female,65,1946-11-29,0.007559999999999999,Married,1472,,2043-10-22,Yes,,,Flexible contract,2288.0,-35583,No,1,,NA,1,Created
18230,2011-11-29,7185,Female,66,1946-11-29,0.007559999999999999,Married,1472,,2043-10-22,Yes,,,Retired,1601.6,-35583,No,1,,NA,1,Life event: Retired
7186,2011-01-01,7186,Female,19,1992-09-24,0.00014,Single,0,,,Yes,25.0,2017-02-22,Permanent contract,40079.0,12540,Yes,0,29.0,2021-07-08,1,Created
7187,2011-01-01,7187,Male,1,2010-12-29,0.00056,Single,0,,,Yes,49.0,2059-01-08,Child,0.0,0,Yes,0,,NA,1,Created
7188,2011-01-01,7188,Male,60,1951-05-22,0.006840000000000001,Married,1411,,2017-11-08,Yes,,,Permanent contract,15734.0,729414,No,2,,NA,1,Created
7189,2011-01-01,7189,Male,76,1935-11-27,0.0375,Married,1412,,2050-05-17,No,,,Retired,17680.0,141213,Yes,2,,NA,1,Created
7190,2011-01-01,7190,Male,32,1979-06-18,0.00059,Married,1413,,2013-09-30,Yes,,,Permanent contract,50502.0,34765,Yes,3,,NA,1,Created
7191,2011-01-01,7191,Male,12,1999-04-21,0.00011,Single,0,,,No,,,Child,0.0,0,Yes,0,,NA,1,Created
7192,2011-01-01,7192,Female,5,2006-09-04,4e-05,Single,0,,,Yes,40.0,2046-08-07,Child,0.0,0,Yes,0,29.0,2035-06-26,1,Created
7193,2011-01-01,7193,Female,63,1948-10-31,0.00672,Widowed,0,,,Yes,,,Permanent contract,9479.0,706,No,0,,NA,1,Created
19206,2012-10-31,7193,Female,65,1948-10-31,0.00672,Widowed,0,,,Yes,,,Retired,6635.299999999999,706,No,0,,NA,1,Life event: Retired
7194,2011-01-01,7194,Female,50,1961-05-18,0.00225,Married,1473,,2057-01-29,Yes,,,Permanent contract,88181.0,157471,Yes,1,,NA,1,Created
7195,2011-01-01,7195,Male,38,1973-11-13,0.0009599999999999999,Single,0,,,No,,,Permanent contract,5207.0,-44729,No,0,,NA,1,Created
7196,2011-01-01,7196,Male,32,1979-10-04,0.00059,Married,1414,,2014-10-12,No,,,Permanent contract,25401.0,543933,Yes,1,,NA,1,Created
7197,2011-01-01,7197,Female,36,1975-02-14,0.00049,Single,0,,,No,,,Permanent contract,27661.0,93165,Yes,0,,NA,1,Created
7198,2011-01-01,7198,Female,40,1971-02-27,0.0006900000000000001,Married,1474,,2054-06-25,Yes,,,Permanent contract,25722.0,210815,Yes,1,,NA,1,Created
7199,2011-01-01,7199,Female,13,1998-09-11,0.00011999999999999999,Single,0,,,No,,,Child,0.0,0,Yes,0,31.0,2029-05-06,1,Created
7200,2011-01-01,7200,Female,21,1990-04-22,0.00016,Single,0,,,No,,,Permanent contract,11681.0,2230,No,0,33.0,2023-07-21,1,Created
7201,2011-01-01,7201,Male,59,1952-05-28,0.00717,Married,1415,,2037-10-10,No,,,Flexible contract,42088.0,-2331,Yes,2,,NA,1,Created
7202,2011-01-01,7202,Male,49,1962-04-11,0.00242,Married,1416,,2023-07-07,No,,,Permanent contract,21799.0,423402,Yes,3,,NA,1,Created
7203,2011-01-01,7203,Male,33,1978-09-14,0.00047999999999999996,Single,0,,,Yes,42.0,2020-03-06,Permanent contract,29475.0,-40887,No,0,,NA,1,Created
7204,2011-01-01,7204,Male,7,2004-08-10,9e-05,Single,0,,,No,,,Child,0.0,0,No,0,,NA,1,Created
7205,2011-01-01,7205,Male,4,2007-04-03,0.00011,Single,0,,,Yes,36.0,2043-12-02,Child,0.0,0,No,0,,NA,1,Created
7206,2011-01-01,7206,Female,20,1991-10-25,0.00018,Single,0,,,No,,,Permanent contract,14206.0,106825,No,0,34.0,2025-05-10,1,Created
7207,2011-01-01,7207,Female,64,1947-06-12,0.00713,Married,1475,,2052-06-05,No,,,Permanent contract,15028.0,124038,No,1,,NA,1,Created
17498,2011-06-12,7207,Female,65,1947-06-12,0.00713,Married,1475,,2052-06-05,No,,,Retired,10519.599999999999,124038,No,1,,NA,1,Life event: Retired
7208,2011-01-01,7208,Female,50,1961-09-05,0.00225,Married,1476,,2048-03-04,Yes,,,Permanent contract,19148.0,360972,Yes,2,,NA,1,Created
7209,2011-01-01,7209,Female,23,1988-05-06,0.0001,Single,0,,,No,,,Flexible contract,6206.0,-37503,No,0,27.0,2015-10-30,1,Created
7210,2011-01-01,7210,Female,31,1980-04-13,0.00029,Single,0,,,No,,,Permanent contract,16335.0,40274,Yes,0,37.0,2017-09-16,1,Created
7211,2011-01-01,7211,Male,103,1908-10-16,1.0,Widowed,0,,,Yes,,,Retired,24706.0,282360,No,0,,NA,1,Created
17059,2011-03-14,7211,Male,103,1908-10-16,1.0,Widowed,0,,,Yes,,,Retired,24706.0,282360,No,0,,NA,0,Life event: Deceased
7212,2011-01-01,7212,Male,30,1981-11-09,0.00055,Married,1417,,2064-06-23,Yes,,,Permanent contract,18678.0,917357,No,1,,NA,1,Created
7213,2011-01-01,7213,Female,23,1988-05-02,0.0001,Single,0,,,Yes,26.0,2014-03-04,Flexible contract,16270.0,48416,Yes,0,30.0,2018-02-09,1,Created
7214,2011-01-01,7214,Male,80,1931-06-17,0.05987000000000001,Married,1418,,2058-11-09,Yes,,,Retired,38923.0,216068,No,2,,NA,1,Created
17206,2011-04-13,7214,Male,80,1931-06-17,0.05987000000000001,Widowed,1418,,2058-11-09,Yes,,,Retired,38923.0,216068,No,2,,NA,1,Life event: Widowed
7215,2011-01-01,7215,Female,47,1964-06-09,0.00168,Divorced,0,,,No,,,Permanent contract,16199.0,62578,Yes,0,,NA,1,Created
7216,2011-01-01,7216,Female,33,1978-08-13,0.00035,Single,0,,,No,,,Entrepreneur without personnel,1898.0,25462,Yes,0,33.0,2011-09-07,1,Created
7217,2011-01-01,7217,Male,21,1990-05-16,0.00045,Single,0,,,No,,,Permanent contract,94525.0,-46254,No,0,,NA,1,Created
7218,2011-01-01,7218,Male,40,1971-06-18,0.0009400000000000001,Married,1419,,2060-03-09,Yes,,,Permanent contract,16172.0,-41462,No,1,,NA,1,Created
7219,2011-01-01,7219,Male,53,1958-01-26,0.0033299999999999996,Single,0,,,Yes,60.0,2018-07-09,Entrepreneur without personnel,32014.0,688530,Yes,0,,NA,1,Created
7220,2011-01-01,7220,Female,37,1974-08-21,0.00057,Married,1477,,2047-11-15,No,,,Permanent contract,3506.0,47780,Yes,1,,NA,1,Created
7221,2011-01-01,7221,Female,79,1932-03-26,0.03112,Divorced,0,,,No,,,Retired,14177.0,3845,Yes,0,,NA,1,Created
7222,2011-01-01,7222,Female,64,1947-01-20,0.00713,Single,0,,,Yes,29.0,,Permanent contract,34182.0,26,No,0,,NA,1,Created
16771,2011-01-20,7222,Female,65,1947-01-20,0.00713,Single,0,,,Yes,29,,Retired,23927.399999999998,26,No,0,,NA,1,Life event: Retired
7223,2011-01-01,7223,Female,9,2002-04-16,2.9999999999999997e-05,Single,0,,,No,,,Child,0.0,0,No,0,23.0,2025-07-10,1,Created
7224,2011-01-01,7224,Male,42,1969-01-05,0.00128,Married,1420,,2024-03-22,Yes,,,Flexible contract,22601.0,311885,Yes,1,,NA,1,Created
7225,2011-01-01,7225,Male,33,1978-07-15,0.00047999999999999996,Single,0,,,No,,,Permanent contract,6144.0,163749,No,0,,NA,1,Created
7226,2011-01-01,7226,Male,19,1992-01-08,0.00033,Single,0,,,Yes,27.0,2019-12-23,Permanent contract,2005.0,146626,Yes,0,,NA,1,Created
7227,2011-01-01,7227,Male,59,1952-10-02,0.00717,Married,1421,,2047-12-05,Yes,,,Permanent contract,34812.0,134366,No,2,,NA,1,Created
7228,2011-01-01,7228,Male,27,1984-08-03,0.00044,Single,0,,,No,,,Permanent contract,9706.0,76415,No,0,,NA,1,Created
7229,2011-01-01,7229,Male,49,1962-08-17,0.00242,Married,1422,,2056-05-10,No,,,Permanent contract,30849.0,489444,No,2,,NA,1,Created
7230,2011-01-01,7230,Female,16,1995-11-24,8e-05,Single,0,,,Yes,29.0,2024-10-23,Child,0.0,0,Yes,0,28.0,2023-10-26,1,Created
19270,2012-11-24,7230,Female,18,1995-11-24,8e-05,Single,0,,,Yes,27,2021-01-25,Permanent contract,17130.0,214497,Yes,0,28,2023-10-26,1,Life event: Adulthood
7231,2011-01-01,7231,Female,30,1981-10-15,0.00027,Single,0,,,No,,,Permanent contract,3460.0,756160,No,0,31.0,2012-01-05,1,Created
7232,2011-01-01,7232,Female,52,1959-04-09,0.00268,Married,1478,,2045-02-07,No,,,Permanent contract,1809.0,9278,Yes,1,,NA,1,Created
7233,2011-01-01,7233,Female,31,1980-05-24,0.00029,Single,0,,,No,,,Permanent contract,28328.0,65495,No,0,,NA,1,Created
7234,2011-01-01,7234,Female,21,1990-12-02,0.00016,Single,0,,,Yes,30.0,2020-08-15,Permanent contract,23160.0,-8180,Yes,0,39.0,2029-09-27,1,Created
7235,2011-01-01,7235,Female,48,1963-02-05,0.0018800000000000002,Married,1479,,2030-10-15,Yes,,,Permanent contract,25029.0,34182,Yes,3,,NA,1,Created
7236,2011-01-01,7236,Male,68,1943-09-28,0.01522,Married,1423,,2056-12-05,Yes,,,Retired,14151.0,-34194,Yes,2,,NA,1,Created
18759,2012-05-17,7236,Male,69,1943-09-28,0.01522,Widowed,1423,,2056-12-05,Yes,,,Retired,14151.0,-34194,Yes,2,,NA,1,Life event: Widowed
7237,2011-01-01,7237,Female,65,1946-09-23,0.007559999999999999,Married,1480,,2020-01-31,Yes,,,Permanent contract,41242.0,170358,Yes,1,,NA,1,Created
17967,2011-09-23,7237,Female,66,1946-09-23,0.007559999999999999,Married,1480,,2020-01-31,Yes,,,Retired,28869.399999999998,170358,Yes,1,,NA,1,Life event: Retired
7238,2011-01-01,7238,Male,35,1976-03-29,0.00055,Single,0,,,Yes,30.0,,Permanent contract,4082.0,231878,Yes,0,,NA,1,Created
7239,2011-01-01,7239,Female,11,2000-06-16,7e-05,Single,0,,,No,,,Child,0.0,0,Yes,0,22.0,2022-01-16,1,Created
7240,2011-01-01,7240,Male,39,1972-08-20,0.0008699999999999999,Married,1424,,2035-02-12,No,,,Permanent contract,98438.0,189950,Yes,2,,NA,1,Created
7241,2011-01-01,7241,Female,20,1991-10-18,0.00018,Single,0,,,Yes,41.0,2032-11-28,Flexible contract,30852.0,13170,Yes,0,33.0,2024-11-10,1,Created
7242,2011-01-01,7242,Male,48,1963-08-21,0.0021100000000000003,Divorced,0,,,No,,,Entrepreneur without personnel,25485.0,4104,Yes,0,,NA,1,Created
7243,2011-01-01,7243,Male,14,1997-08-05,0.00014,Single,0,,,No,,,Child,0.0,0,No,0,,NA,1,Created
7244,2011-01-01,7244,Female,57,1954-09-25,0.00387,Married,1481,,2034-09-07,Yes,,,Permanent contract,11650.0,318375,Yes,2,,NA,1,Created
7245,2011-01-01,7245,Female,14,1997-06-18,9e-05,Single,0,,,No,,,Child,0.0,0,Yes,0,30.0,2027-01-07,1,Created
7246,2011-01-01,7246,Female,44,1967-10-17,0.00107,Married,1482,,2031-08-01,No,,,Flexible contract,10214.0,93629,No,1,,NA,1,Created
7247,2011-01-01,7247,Male,11,2000-01-27,9e-05,Single,0,,,No,,,Child,0.0,0,No,0,,NA,1,Created
7248,2011-01-01,7248,Female,16,1995-03-28,8e-05,Single,0,,,No,,,Child,0.0,0,Yes,0,34.0,2029-07-19,1,Created
18628,2012-03-28,7248,Female,18,1995-03-28,8e-05,Single,0,,,Yes,32,2026-06-24,Permanent contract,14236.0,280130,Yes,0,34,2029-07-19,1,Life event: Adulthood
7249,2011-01-01,7249,Female,74,1937-02-23,0.0185,Married,1483,,2018-07-17,Yes,,,Retired,9960.0,8493,No,3,,NA,1,Created
7250,2011-01-01,7250,Female,19,1992-07-01,0.00014,Single,0,,,Yes,32.0,2024-09-07,Permanent contract,15354.0,-32257,No,0,32.0,2024-04-22,1,Created
7251,2011-01-01,7251,Female,35,1976-05-28,0.00033999999999999997,Married,1484,,2011-03-31,No,,,Flexible contract,23563.0,176671,No,2,,NA,1,Created
17146,2011-03-31,7251,Female,35,1976-05-28,0.00033999999999999997,Divorced,1484,,2011-03-31,No,,,Flexible contract,23563.0,176671,No,2,,NA,1,Life event: Divorced
7252,2011-01-01,7252,Male,69,1942-06-06,0.01804,Married,1425,,2063-09-04,No,,,Retired,13427.0,12267,Yes,1,,NA,1,Created
7253,2011-01-01,7253,Male,25,1986-05-26,0.00033999999999999997,Single,0,,,Yes,35.0,2021-08-10,Flexible contract,33888.0,110249,No,0,,NA,1,Created
7254,2011-01-01,7254,Female,11,2000-04-25,7e-05,Single,0,,,No,,,Child,0.0,0,Yes,0,29.0,2029-03-09,1,Created
7255,2011-01-01,7255,Female,46,1965-01-08,0.00134,Married,1485,,2027-12-17,Yes,,,Permanent contract,12659.0,241,No,2,,NA,1,Created
7256,2011-01-01,7256,Female,85,1926-07-21,0.07042999999999999,Widowed,0,,,No,,,Retired,58630.0,38640,No,0,,NA,1,Created
7257,2011-01-01,7257,Female,104,1907-03-09,1.0,Widowed,0,,,No,,,Retired,3135.0,19008,No,0,,NA,1,Created
16772,2011-01-20,7257,Female,104,1907-03-09,1.0,Widowed,0,,,No,,,Retired,3135.0,19008,No,0,,NA,0,Life event: Deceased
7258,2011-01-01,7258,Male,57,1954-02-18,0.00572,Divorced,0,,,Yes,,,Permanent contract,31198.0,264,No,0,,NA,1,Created
7259,2011-01-01,7259,Female,33,1978-05-19,0.00035,Single,0,,,No,,,Permanent contract,8330.0,1693500,Yes,0,,NA,1,Created
7260,2011-01-01,7260,Male,67,1944-09-06,0.01396,Widowed,0,,,No,,,Permanent contract,71617.0,-1319,No,0,,NA,1,Created
17895,2011-09-06,7260,Male,68,1944-09-06,0.01396,Widowed,0,,,No,,,Retired,50131.899999999994,-1319,No,0,,NA,1,Life event: Retired
7261,2011-01-01,7261,Female,59,1952-09-19,0.00479,Divorced,0,,,No,,,Permanent contract,10850.0,-1685,No,0,,NA,1,Created
7262,2011-01-01,7262,Male,49,1962-02-01,0.00242,Married,1426,,2047-11-01,No,,,Entrepreneur without personnel,49701.0,484376,No,2,,NA,1,Created
7263,2011-01-01,7263,Female,44,1967-03-25,0.00107,Divorced,0,,,Yes,,,Permanent contract,34562.0,45659,Yes,0,,NA,1,Created
7264,2011-01-01,7264,Male,72,1939-01-16,0.02384,Married,1427,,2051-04-02,Yes,,,Retired,187765.0,11585,No,2,,NA,1,Created
7265,2011-01-01,7265,Female,83,1928-10-27,0.057,Married,1486,,2052-01-23,No,,,Retired,72143.0,121,Yes,1,,NA,1,Created
17777,2011-08-11,7265,Female,83,1928-10-27,0.057,Widowed,1486,,2052-01-23,No,,,Retired,72143.0,121,Yes,1,,NA,1,Life event: Widowed
7266,2011-01-01,7266,Male,14,1997-03-24,0.00014,Single,0,,,Yes,24.0,2021-06-22,Child,0.0,0,Yes,0,,NA,1,Created
7267,2011-01-01,7267,Female,61,1950-09-27,0.00562,Married,1487,,2041-12-24,No,,,Flexible contract,47657.0,502004,Yes,3,,NA,1,Created
7268,2011-01-01,7268,Female,74,1937-12-21,0.0185,Married,1488,,2021-08-04,No,,,Retired,82498.0,14144,Yes,2,,NA,1,Created
7269,2011-01-01,7269,Male,4,2007-06-28,0.00011,Single,0,,,No,,,Child,0.0,0,No,0,,NA,1,Created
7270,2011-01-01,7270,Male,50,1961-09-20,0.00257,Married,1428,,2034-12-12,No,,,Unemployed,41423.0,-36908,No,3,,NA,1,Created
7271,2011-01-01,7271,Female,76,1935-02-19,0.02337,Married,1489,,2038-03-19,Yes,,,Retired,34181.0,107345,Yes,1,,NA,1,Created
7272,2011-01-01,7272,Male,59,1952-05-06,0.00717,Married,1429,,2040-07-07,Yes,,,Permanent contract,45115.0,42277,No,2,,NA,1,Created
7273,2011-01-01,7273,Male,61,1950-04-04,0.00747,Married,1430,,2057-05-11,Yes,,,Flexible contract,42351.0,-48099,No,2,,NA,1,Created
7274,2011-01-01,7274,Male,79,1932-12-08,0.05364,Married,1431,,2033-07-04,No,,,Retired,11795.0,123577,No,2,,NA,1,Created
7275,2011-01-01,7275,Male,60,1951-01-14,0.006840000000000001,Married,1432,,2031-01-26,No,,,Permanent contract,83983.0,64106,Yes,2,,NA,1,Created
7276,2011-01-01,7276,Female,49,1962-06-25,0.00193,Married,1490,,2038-07-01,Yes,,,Permanent contract,24443.0,164097,Yes,1,,NA,1,Created
7277,2011-01-01,7277,Female,1,2010-07-05,0.00033999999999999997,Single,0,,,No,,,Child,0.0,0,Yes,0,28.0,2038-04-20,1,Created
7278,2011-01-01,7278,Male,12,1999-05-08,0.00011,Single,0,,,Yes,46.0,2045-11-15,Child,0.0,0,Yes,0,,NA,1,Created
7279,2011-01-01,7279,Female,7,2004-02-29,7e-05,Single,0,,,Yes,41.0,2045-12-28,Child,0.0,0,Yes,0,32.0,2036-08-13,1,Created
7280,2011-01-01,7280,Male,52,1959-09-12,0.00314,Divorced,0,,,No,,,Permanent contract,15559.0,33494,No,0,,NA,1,Created
7281,2011-01-01,7281,Male,62,1949-11-09,0.008409999999999999,Married,1433,,2031-03-25,Yes,,,Permanent contract,20284.0,-33447,No,2,,NA,1,Created
7282,2011-01-01,7282,Female,91,1920-08-19,0.14715,Widowed,0,,,Yes,,,Retired,14558.0,-434,Yes,0,,NA,1,Created
17443,2011-06-01,7282,Female,91,1920-08-19,0.14715,Widowed,0,,,Yes,,,Retired,14558.0,-434,Yes,0,,NA,0,Life event: Deceased
7283,2011-01-01,7283,Male,10,2001-05-29,0.00011999999999999999,Single,0,,,Yes,40.0,2041-04-22,Child,0.0,0,No,0,,NA,1,Created
7284,2011-01-01,7284,Male,0,2011-12-30,0.0036200000000000004,Single,0,,,No,,,Child,0.0,0,Yes,0,,NA,1,Created
7285,2011-01-01,7285,Female,3,2008-07-15,0.00013000000000000002,Single,0,,,Yes,35.0,2043-12-08,Child,0.0,0,Yes,0,31.0,2039-11-27,1,Created
7286,2011-01-01,7286,Male,63,1948-04-10,0.00945,Divorced,0,,,Yes,,,Permanent contract,14414.0,33691,No,0,,NA,1,Created
18659,2012-04-10,7286,Male,65,1948-04-10,0.00945,Divorced,0,,,Yes,,,Retired,10089.8,33691,No,0,,NA,1,Life event: Retired
7287,2011-01-01,7287,Male,67,1944-11-10,0.01396,Married,1434,,2025-07-19,No,,,Permanent contract,29159.0,1792,No,1,,NA,1,Created
18165,2011-11-10,7287,Male,68,1944-11-10,0.01396,Married,1434,,2025-07-19,No,,,Retired,20411.3,1792,No,1,,NA,1,Life event: Retired
7288,2011-01-01,7288,Male,3,2008-11-09,0.0002,Single,0,,,Yes,21.0,2029-11-22,Child,0.0,0,Yes,0,,NA,1,Created
7289,2011-01-01,7289,Female,22,1989-07-15,0.00023999999999999998,Single,0,,,Yes,33.0,2022-10-06,Permanent contract,15262.0,-2192,No,0,23.0,2012-06-22,1,Created
7290,2011-01-01,7290,Female,53,1958-03-10,0.00312,Married,1491,,2028-02-28,Yes,,,Permanent contract,85579.0,3325,No,1,,NA,1,Created
7291,2011-01-01,7291,Male,51,1960-03-20,0.00301,Divorced,0,,,No,,,Entrepreneur without personnel,5355.0,830690,Yes,0,,NA,1,Created
7292,2011-01-01,7292,Female,37,1974-10-20,0.00057,Single,0,,,Yes,31.0,,Entrepreneur without personnel,7247.0,18884,No,0,,NA,1,Created
7293,2011-01-01,7293,Female,32,1979-01-22,0.00041,Married,1492,,2030-02-03,Yes,,,Permanent contract,24597.0,379537,Yes,2,,NA,1,Created
7294,2011-01-01,7294,Male,11,2000-04-22,9e-05,Single,0,,,No,,,Child,0.0,0,No,0,,NA,1,Created
7295,2011-01-01,7295,Male,12,1999-07-28,0.00011,Single,0,,,No,,,Child,0.0,0,Yes,0,,NA,1,Created
7296,2011-01-01,7296,Male,57,1954-07-26,0.00572,Married,1435,,2026-10-01,Yes,,,Permanent contract,29331.0,474244,No,2,,NA,1,Created
7297,2011-01-01,7297,Female,21,1990-11-28,0.00016,Married,1493,,2032-02-04,No,,,Permanent contract,6885.0,491429,No,1,35.0,2025-06-13,1,Created
7298,2011-01-01,7298,Female,11,2000-06-12,7e-05,Single,0,,,Yes,35.0,2035-07-03,Child,0.0,0,Yes,0,32.0,2032-07-29,1,Created
7299,2011-01-01,7299,Female,5,2006-05-17,4e-05,Single,0,,,No,,,Child,0.0,0,Yes,0,21.0,2027-03-12,1,Created
7300,2011-01-01,7300,Female,26,1985-10-10,1.0,Married,1494,,2012-06-19,No,,,Permanent contract,35115.0,203199,No,3,30.0,2015-06-08,1,Created
16692,2011-01-07,7300,Female,26,1985-10-10,1.0,Married,1494,,2012-06-19,No,,,Permanent contract,35115.0,203199,No,3,30,2015-06-08,0,Life event: Deceased
7301,2011-01-01,7301,Male,20,1991-07-09,0.00045,Single,0,,,No,,,Permanent contract,3604.0,265813,No,0,,NA,1,Created
7302,2011-01-01,7302,Male,54,1957-08-12,0.00404,Married,1436,,2047-01-18,No,,,Permanent contract,17992.0,11254,Yes,3,,NA,1,Created
7303,2011-01-01,7303,Male,62,1949-03-03,0.008409999999999999,Married,1437,,2040-08-09,No,,,Permanent contract,6010.0,-41016,No,2,,NA,1,Created
7304,2011-01-01,7304,Female,28,1983-10-13,0.00025,Single,0,,,No,,,Permanent contract,5176.0,50273,Yes,0,,NA,1,Created
7305,2011-01-01,7305,Female,56,1955-11-24,0.0041,Married,1495,,2062-05-10,Yes,,,Permanent contract,13877.0,16196,No,1,,NA,1,Created
7306,2011-01-01,7306,Male,26,1985-12-02,1.0,Single,0,,,Yes,28.0,2013-12-03,Permanent contract,2546.0,269024,Yes,0,,NA,1,Created
7307,2011-01-01,7307,Female,56,1955-12-14,0.0041,Married,1496,,2064-12-10,Yes,,,Entrepreneur with personel,49785.0,18540,No,1,,NA,1,Created
7308,2011-01-01,7308,Male,52,1959-08-21,0.00314,Married,1438,,2040-03-09,Yes,,,Permanent contract,4268.0,63818,No,2,,NA,1,Created
7309,2011-01-01,7309,Male,36,1975-09-03,0.0006,Married,1439,,2033-12-18,No,,,Permanent contract,42392.0,116133,No,3,,NA,1,Created
7310,2011-01-01,7310,Male,78,1933-09-28,0.04668,Married,1440,,2028-03-21,Yes,,,Retired,11907.0,6205,Yes,2,,NA,1,Created
7311,2011-01-01,7311,Female,46,1965-01-25,0.00134,Married,1497,,2032-03-28,Yes,,,Permanent contract,28024.0,40613,No,2,,NA,1,Created
7312,2011-01-01,7312,Male,15,1996-06-12,0.00015,Single,0,,,No,,,Child,0.0,0,Yes,0,,NA,1,Created
7313,2011-01-01,7313,Male,50,1961-10-13,0.00257,Married,1441,,2019-06-24,Yes,,,Permanent contract,19970.0,17460,No,1,,NA,1,Created
7314,2011-01-01,7314,Male,49,1962-12-16,0.00242,Divorced,0,,,No,,,Entrepreneur without personnel,23991.0,138342,Yes,0,,NA,1,Created
7315,2011-01-01,7315,Female,22,1989-02-25,0.00023999999999999998,Single,0,,,Yes,29.0,2018-11-11,Permanent contract,6278.0,9107,No,0,26.0,2015-12-16,1,Created
7316,2011-01-01,7316,Male,9,2002-02-08,0.00014,Single,0,,,Yes,40.0,2042-03-08,Child,0.0,0,No,0,,NA,1,Created
7317,2011-01-01,7317,Male,51,1960-12-25,0.00301,Single,0,,,Yes,43.0,,Entrepreneur without personnel,8647.0,188764,No,0,,NA,1,Created
7318,2011-01-01,7318,Female,50,1961-08-30,0.00225,Married,1498,,2029-11-29,Yes,,,Entrepreneur without personnel,67182.0,135200,Yes,3,,NA,1,Created
7319,2011-01-01,7319,Female,9,2002-01-16,2.9999999999999997e-05,Single,0,,,No,,,Child,0.0,0,Yes,0,30.0,2032-09-08,1,Created
7320,2011-01-01,7320,Male,39,1972-10-11,0.0008699999999999999,Single,0,,,Yes,31.0,,Permanent contract,659.0,73626,Yes,0,,NA,1,Created
7321,2011-01-01,7321,Female,56,1955-06-16,0.0041,Divorced,0,,,No,,,Permanent contract,8623.0,495147,No,0,,NA,1,Created
7322,2011-01-01,7322,Female,67,1944-03-26,0.00974,Married,1499,,2034-07-23,Yes,,,Permanent contract,5890.0,824,Yes,1,,NA,1,Created
17125,2011-03-26,7322,Female,68,1944-03-26,0.00974,Married,1499,,2034-07-23,Yes,,,Retired,4123.0,824,Yes,1,,NA,1,Life event: Retired
7323,2011-01-01,7323,Female,46,1965-11-18,0.00134,Single,0,,,No,,,Flexible contract,12638.0,89891,Yes,0,,NA,1,Created
7324,2011-01-01,7324,Female,54,1957-11-14,0.00313,Married,1500,,2016-07-30,No,,,Permanent contract,14657.0,81158,No,1,,NA,1,Created
7325,2011-01-01,7325,Male,42,1969-02-15,0.00128,Single,0,,,Yes,58.0,2027-04-12,Permanent contract,3967.0,44582,Yes,0,,NA,1,Created
7326,2011-01-01,7326,Male,23,1988-06-18,0.00039,Single,0,,,Yes,28.0,2016-04-24,Unemployed,86599.0,65733,No,0,,NA,1,Created
7327,2011-01-01,7327,Female,73,1938-12-18,0.01577,Married,1501,,2051-05-25,Yes,,,Retired,49925.0,242581,Yes,3,,NA,1,Created
7328,2011-01-01,7328,Female,57,1954-10-23,0.00387,Married,1502,,2070-11-10,Yes,,,Permanent contract,32751.0,445254,Yes,1,,NA,1,Created
7329,2011-01-01,7329,Female,13,1998-07-23,0.00011999999999999999,Single,0,,,Yes,32.0,2030-07-02,Child,0.0,0,No,0,25.0,2023-08-30,1,Created
7330,2011-01-01,7330,Male,54,1957-03-12,0.00404,Single,0,,,No,,,Flexible contract,67429.0,914278,Yes,0,,NA,1,Created
7331,2011-01-01,7331,Male,105,1906-02-09,1.0,Widowed,0,,,No,,,Retired,73929.0,321523,Yes,0,,NA,1,Created
7332,2011-01-01,7332,Female,45,1966-04-18,0.00134,Married,1503,,2048-05-20,Yes,,,Permanent contract,43844.0,-45450,No,1,,NA,1,Created
7333,2011-01-01,7333,Male,61,1950-02-05,0.00747,Married,1442,,2044-02-29,Yes,,,Flexible contract,21983.0,2496,Yes,2,,NA,1,Created
7334,2011-01-01,7334,Male,20,1991-05-13,0.00045,Single,0,,,No,,,Entrepreneur without personnel,29548.0,135,Yes,0,,NA,1,Created
7335,2011-01-01,7335,Male,13,1998-09-20,0.00014,Single,0,,,No,,,Child,0.0,0,Yes,0,,NA,1,Created
7336,2011-01-01,7336,Male,39,1972-10-09,0.0008699999999999999,Married,1443,,2065-05-01,Yes,,,Permanent contract,46316.0,1941,No,2,,NA,1,Created
7337,2011-01-01,7337,Female,20,1991-03-05,0.00018,Single,0,,,No,,,Permanent contract,71543.0,425183,Yes,0,31.0,2022-02-04,1,Created
7338,2011-01-01,7338,Female,55,1956-06-13,0.00372,Divorced,0,,,No,,,Permanent contract,98674.0,19656,No,0,,NA,1,Created
7339,2011-01-01,7339,Male,25,1986-07-20,0.00033999999999999997,Single,0,,,No,,,Permanent contract,10020.0,2573700,Yes,0,,NA,1,Created
7340,2011-01-01,7340,Female,5,2006-09-13,4e-05,Single,0,,,Yes,37.0,2043-06-28,Child,0.0,0,No,0,39.0,2045-01-01,1,Created
7341,2011-01-01,7341,Male,32,1979-01-12,0.00059,Single,0,,,No,,,Flexible contract,39274.0,31960,Yes,0,,NA,1,Created
7342,2011-01-01,7342,Male,58,1953-10-12,0.00603,Married,1444,,2026-11-18,Yes,,,Permanent contract,23373.0,-6218,Yes,2,,NA,1,Created
7343,2011-01-01,7343,Male,77,1934-06-28,0.0418,Widowed,0,,,Yes,,,Retired,37033.0,3806811,No,0,,NA,1,Created
17587,2011-06-30,7343,Male,78,1934-06-28,0.0418,Widowed,0,,,Yes,,,Retired,37033.0,3806811,No,0,,NA,0,Life event: Deceased
7344,2011-01-01,7344,Male,22,1989-04-22,0.00041,Single,0,,,No,,,Permanent contract,30326.0,97162,Yes,0,,NA,1,Created
7345,2011-01-01,7345,Female,26,1985-01-16,1.0,Married,1504,,2065-09-27,Yes,,,Entrepreneur without personnel,26729.0,167105,Yes,1,38.0,2023-03-27,1,Created
17470,2011-06-08,7345,Female,27,1985-01-16,1.0,Married,1504,,2065-09-27,Yes,,,Entrepreneur without personnel,26729.0,167105,Yes,1,38,2023-03-27,0,Life event: Deceased
7346,2011-01-01,7346,Female,39,1972-02-08,0.00074,Married,1505,,2057-08-14,Yes,,,Permanent contract,72741.0,328579,Yes,2,,NA,1,Created
7347,2011-01-01,7347,Female,18,1993-05-29,0.00023999999999999998,Single,0,,,Yes,25.0,2018-02-20,Permanent contract,30262.0,29829,No,0,37.0,2030-11-25,1,Created
7348,2011-01-01,7348,Male,21,1990-07-13,0.00045,Single,0,,,Yes,33.0,2023-03-23,Entrepreneur without personnel,8643.0,-12356,No,0,,NA,1,Created
7349,2011-01-01,7349,Male,72,1939-03-08,0.02384,Married,1445,,2025-07-15,No,,,Retired,30540.0,54692,No,1,,NA,1,Created
7350,2011-01-01,7350,Female,53,1958-11-24,0.00312,Married,1506,,2036-02-21,No,,,Flexible contract,29406.0,97095,No,2,,NA,1,Created
7351,2011-01-01,7351,Female,8,2003-01-30,2.9999999999999997e-05,Single,0,,,Yes,25.0,2028-10-05,Child,0.0,0,Yes,0,36.0,2039-03-11,1,Created
7352,2011-01-01,7352,Male,38,1973-12-09,0.0009599999999999999,Single,0,,,No,,,Flexible contract,7555.0,203884,No,0,,NA,1,Created
7353,2011-01-01,7353,Female,57,1954-05-11,0.00387,Divorced,0,,,No,,,Permanent contract,38834.0,982883,Yes,0,,NA,1,Created
7354,2011-01-01,7354,Male,51,1960-02-12,0.00301,Married,1446,,2016-01-05,Yes,,,Permanent contract,32062.0,327206,Yes,2,,NA,1,Created
7355,2011-01-01,7355,Female,20,1991-12-08,0.00018,Single,0,,,Yes,25.0,2016-10-17,Permanent contract,18152.0,179736,Yes,0,25.0,2016-11-06,1,Created
7356,2011-01-01,7356,Male,14,1997-05-30,0.00014,Single,0,,,Yes,40.0,2037-06-30,Child,0.0,0,Yes,0,,NA,1,Created
7357,2011-01-01,7357,Male,25,1986-07-23,0.00033999999999999997,Single,0,,,No,,,Permanent contract,19556.0,-70,No,0,,NA,1,Created
7358,2011-01-01,7358,Female,31,1980-03-08,0.00029,Single,0,,,No,,,Entrepreneur without personnel,24862.0,3426584,No,0,36.0,2016-11-25,1,Created
7359,2011-01-01,7359,Female,25,1986-09-11,0.00022999999999999998,Single,0,,,No,,,Unemployed,42555.0,153232,No,0,26.0,2012-05-14,1,Created
7360,2011-01-01,7360,Female,67,1944-12-19,0.00974,Married,1507,,2058-11-13,No,,,Flexible contract,7525.0,73446,No,2,,NA,1,Created
18318,2011-12-19,7360,Female,68,1944-12-19,0.00974,Married,1507,,2058-11-13,No,,,Retired,5267.5,73446,No,2,,NA,1,Life event: Retired
7361,2011-01-01,7361,Female,102,1909-12-22,1.0,Divorced,0,,,No,,,Retired,29680.0,-30218,No,0,,NA,1,Created
18633,2012-03-31,7361,Female,103,1909-12-22,1.0,Divorced,0,,,No,,,Retired,29680.0,-30218,No,0,,NA,0,Life event: Deceased
7362,2011-01-01,7362,Male,22,1989-12-25,0.00041,Single,0,,,Yes,62.0,2051-02-08,Permanent contract,30462.0,-23415,No,0,,NA,1,Created
7363,2011-01-01,7363,Female,54,1957-03-31,0.00313,Married,1508,,2032-06-29,Yes,,,Permanent contract,3389.0,139472,Yes,1,,NA,1,Created
7364,2011-01-01,7364,Male,49,1962-07-22,0.00242,Married,1447,,2031-05-19,Yes,,,Permanent contract,37512.0,-22069,Yes,2,,NA,1,Created
7365,2011-01-01,7365,Female,46,1965-07-14,0.00134,Married,1509,,2064-03-25,Yes,,,Flexible contract,89407.0,191533,No,2,,NA,1,Created
7366,2011-01-01,7366,Male,102,1909-03-16,1.0,Single,0,,,No,,,Retired,40105.0,188105,Yes,0,,NA,1,Created
18102,2011-10-26,7366,Male,103,1909-03-16,1.0,Single,0,,,No,,,Retired,40105.0,188105,Yes,0,,NA,0,Life event: Deceased
7367,2011-01-01,7367,Male,51,1960-04-29,0.00301,Married,1448,,2042-02-28,Yes,,,Permanent contract,15629.0,-49293,Yes,1,,NA,1,Created
7368,2011-01-01,7368,Female,99,1912-12-16,0.34497,Widowed,0,,,No,,,Retired,39515.0,413787,Yes,0,,NA,1,Created
7369,2011-01-01,7369,Male,34,1977-05-14,0.00067,Married,1449,,2042-02-24,Yes,,,Permanent contract,16676.0,246392,Yes,2,,NA,1,Created
7370,2011-01-01,7370,Male,13,1998-10-17,0.00014,Single,0,,,No,,,Child,0.0,0,No,0,,NA,1,Created
7371,2011-01-01,7371,Female,79,1932-12-24,0.03112,Widowed,0,,,Yes,,,Retired,29068.0,143605,Yes,0,,NA,1,Created
7372,2011-01-01,7372,Female,80,1931-02-16,0.03682,Married,1510,,2031-06-18,Yes,,,Retired,12154.0,29297,No,1,,NA,1,Created
7373,2011-01-01,7373,Female,9,2002-03-02,2.9999999999999997e-05,Single,0,,,Yes,30.0,2032-02-06,Child,0.0,0,Yes,0,40.0,2042-07-12,1,Created
7374,2011-01-01,7374,Female,35,1976-02-05,0.00033999999999999997,Married,1511,,2015-03-28,No,,,Flexible contract,2628.0,363,No,3,,NA,1,Created
7375,2011-01-01,7375,Male,16,1995-03-17,0.00029,Single,0,,,No,,,Child,0.0,0,Yes,0,,NA,1,Created
18595,2012-03-17,7375,Male,18,1995-03-17,0.00029,Single,0,,,No,,,Permanent contract,63372.0,38571,Yes,0,,NA,1,Life event: Adulthood
7376,2011-01-01,7376,Female,1,2010-09-09,0.00033999999999999997,Single,0,,,Yes,22.0,2032-06-19,Child,0.0,0,Yes,0,40.0,2050-07-23,1,Created
7377,2011-01-01,7377,Female,11,2000-10-22,7e-05,Single,0,,,Yes,30.0,2030-04-02,Child,0.0,0,No,0,32.0,2032-01-22,1,Created
7378,2011-01-01,7378,Female,41,1970-05-20,0.0007700000000000001,Single,0,,,No,,,Permanent contract,8060.0,23679,Yes,0,,NA,1,Created
7379,2011-01-01,7379,Male,64,1947-12-14,0.01097,Divorced,0,,,Yes,,,Permanent contract,18304.0,45072,Yes,0,,NA,1,Created
18294,2011-12-14,7379,Male,65,1947-12-14,0.01097,Divorced,0,,,Yes,,,Retired,12812.8,45072,Yes,0,,NA,1,Life event: Retired
7380,2011-01-01,7380,Female,73,1938-07-14,0.01577,Widowed,0,,,No,,,Retired,2147.0,205735,No,0,,NA,1,Created
7381,2011-01-01,7381,Female,51,1960-03-11,0.0023899999999999998,Single,0,,,Yes,33.0,,Permanent contract,37895.0,277242,No,0,,NA,1,Created
7382,2011-01-01,7382,Male,81,1930-10-27,0.06966,Married,1450,,2060-04-10,No,,,Retired,42261.0,-2066,No,1,,NA,1,Created
7383,2011-01-01,7383,Female,22,1989-08-04,0.00023999999999999998,Single,0,,,Yes,50.0,2039-06-12,Permanent contract,34509.0,937,Yes,0,37.0,2026-01-10,1,Created
7384,2011-01-01,7384,Female,31,1980-08-13,0.00029,Married,1512,,2029-04-06,No,,,Unemployed,99123.0,127770,No,2,,NA,1,Created
7385,2011-01-01,7385,Male,4,2007-08-02,0.00011,Single,0,,,No,,,Child,0.0,0,Yes,0,,NA,1,Created
7386,2011-01-01,7386,Female,1,2010-04-28,0.00033999999999999997,Single,0,,,No,,,Child,0.0,0,Yes,0,30.0,2040-07-11,1,Created
7387,2011-01-01,7387,Male,65,1946-06-26,0.01141,Divorced,0,,,Yes,,,Permanent contract,48933.0,1145,No,0,,NA,1,Created
17572,2011-06-26,7387,Male,66,1946-06-26,0.01141,Divorced,0,,,Yes,,,Retired,34253.1,1145,No,0,,NA,1,Life event: Retired
7388,2011-01-01,7388,Female,61,1950-03-14,0.00562,Married,1513,,2038-04-26,No,,,Permanent contract,11810.0,8873,No,1,,NA,1,Created
7389,2011-01-01,7389,Female,2,2009-10-09,0.00015,Single,0,,,No,,,Child,0.0,0,No,0,31.0,2040-12-13,1,Created
7390,2011-01-01,7390,Male,9,2002-05-06,0.00014,Single,0,,,Yes,40.0,2042-09-23,Child,0.0,0,Yes,0,,NA,1,Created
7391,2011-01-01,7391,Female,40,1971-05-25,0.0006900000000000001,Married,1514,,2012-07-14,Yes,,,Permanent contract,18330.0,387,Yes,1,,NA,1,Created
18926,2012-07-14,7391,Female,42,1971-05-25,0.0006900000000000001,Divorced,1514,,2012-07-14,Yes,,,Permanent contract,18330.0,387,Yes,1,,NA,1,Life event: Divorced
7392,2011-01-01,7392,Female,15,1996-02-26,8e-05,Single,0,,,No,,,Child,0.0,0,Yes,0,30.0,2026-05-31,1,Created
7393,2011-01-01,7393,Male,15,1996-05-06,0.00015,Single,0,,,No,,,Child,0.0,0,No,0,,NA,1,Created
7394,2011-01-01,7394,Female,73,1938-07-18,0.01577,Divorced,0,,,Yes,,,Retired,21500.0,94818,No,0,,NA,1,Created
7395,2011-01-01,7395,Female,11,2000-04-30,7e-05,Single,0,,,No,,,Child,0.0,0,Yes,0,23.0,2023-01-27,1,Created
7396,2011-01-01,7396,Male,30,1981-01-01,0.00055,Single,0,,,Yes,46.0,2027-06-16,Entrepreneur with personel,87653.0,1454,Yes,0,,NA,1,Created
7397,2011-01-01,7397,Male,80,1931-02-04,0.05987000000000001,Widowed,0,,,Yes,,,Retired,15982.0,189591,No,0,,NA,1,Created
7398,2011-01-01,7398,Female,1,2010-08-23,0.00033999999999999997,Single,0,,,No,,,Child,0.0,0,No,0,24.0,2034-06-09,1,Created
7399,2011-01-01,7399,Male,66,1945-01-03,0.01401,Married,1451,,2019-12-21,Yes,,,Permanent contract,44033.0,575,No,2,,NA,1,Created
16666,2011-01-03,7399,Male,67,1945-01-03,0.01401,Married,1451,,2019-12-21,Yes,,,Retired,30823.1,575,No,2,,NA,1,Life event: Retired
7400,2011-01-01,7400,Female,41,1970-02-16,0.0007700000000000001,Divorced,0,,,Yes,,,Permanent contract,19561.0,36153,No,0,,NA,1,Created
7401,2011-01-01,7401,Male,74,1937-07-24,0.0295,Married,1452,,2058-03-08,No,,,Retired,23263.0,-44839,No,3,,NA,1,Created
19175,2012-10-19,7401,Male,76,1937-07-24,0.0295,Married,1452,,2058-03-08,No,,,Retired,23263.0,-44839,No,3,,NA,0,Life event: Deceased
7402,2011-01-01,7402,Male,82,1929-07-07,0.07771,Widowed,0,,,Yes,,,Retired,37896.0,482300,No,0,,NA,1,Created
7403,2011-01-01,7403,Male,53,1958-07-13,0.0033299999999999996,Divorced,0,,,No,,,Flexible contract,11706.0,87678,Yes,0,,NA,1,Created
7404,2011-01-01,7404,Female,72,1939-02-20,0.01411,Married,1515,,2019-06-28,No,,,Retired,15647.0,-24384,Yes,1,,NA,1,Created
7405,2011-01-01,7405,Female,2,2009-05-08,0.00015,Single,0,,,No,,,Child,0.0,0,No,0,33.0,2042-07-24,1,Created
7406,2011-01-01,7406,Male,43,1968-05-24,0.00103,Married,1453,,2024-01-11,No,,,Permanent contract,86199.0,3412,Yes,1,,NA,1,Created
7407,2011-01-01,7407,Female,40,1971-02-18,0.0006900000000000001,Married,1516,,2040-08-14,No,,,Flexible contract,62592.0,8080,Yes,2,,NA,1,Created
7408,2011-01-01,7408,Male,94,1917-01-06,0.2512,Widowed,0,,,No,,,Retired,5720.0,1239,No,0,,NA,1,Created
7409,2011-01-01,7409,Female,31,1980-07-31,0.00029,Married,1517,,2016-12-16,Yes,,,Permanent contract,46862.0,2009,Yes,1,,NA,1,Created
7410,2011-01-01,7410,Female,12,1999-04-20,5e-05,Single,0,,,No,,,Child,0.0,0,Yes,0,41.0,2040-01-19,1,Created
7411,2011-01-01,7411,Male,10,2001-06-29,0.00011999999999999999,Single,0,,,No,,,Child,0.0,0,Yes,0,,NA,1,Created
7412,2011-01-01,7412,Male,50,1961-06-13,0.00257,Married,1454,,2051-11-17,Yes,,,Entrepreneur with personel,153815.0,49217,Yes,2,,NA,1,Created
7413,2011-01-01,7413,Male,53,1958-02-20,0.0033299999999999996,Married,1455,,2050-11-24,No,,,Entrepreneur without personnel,34095.0,9336,Yes,2,,NA,1,Created
7414,2011-01-01,7414,Male,31,1980-01-16,0.00041,Married,1456,,2058-01-02,No,,,Permanent contract,45304.0,569703,Yes,1,,NA,1,Created
7415,2011-01-01,7415,Female,39,1972-08-25,0.00074,Single,0,,,No,,,Permanent contract,34388.0,-22621,No,0,,NA,1,Created
7416,2011-01-01,7416,Male,9,2002-05-06,0.00014,Single,0,,,No,,,Child,0.0,0,No,0,,NA,1,Created
7417,2011-01-01,7417,Male,1,2010-07-08,0.00056,Single,0,,,No,,,Child,0.0,0,No,0,,NA,1,Created
7418,2011-01-01,7418,Female,17,1994-07-10,0.0001,Single,0,,,Yes,30.0,2024-09-24,Child,0.0,0,No,0,25.0,2019-07-17,1,Created
17629,2011-07-10,7418,Female,18,1994-07-10,0.0001,Single,0,,,Yes,46,2039-09-08,Flexible contract,34750.0,7694,No,0,25,2019-07-17,1,Life event: Adulthood
7419,2011-01-01,7419,Male,72,1939-06-13,0.02384,Widowed,0,,,Yes,,,Retired,31603.0,3118,Yes,0,,NA,1,Created
7420,2011-01-01,7420,Female,71,1940-01-13,0.013009999999999999,Widowed,0,,,No,,,Retired,5383.0,-13992,No,0,,NA,1,Created
7421,2011-01-01,7421,Female,40,1971-12-20,0.0006900000000000001,Married,1518,,2063-02-02,Yes,,,Permanent contract,145578.0,3729,No,3,,NA,1,Created
7422,2011-01-01,7422,Male,53,1958-09-30,0.0033299999999999996,Married,1457,,2036-02-18,No,,,Permanent contract,28534.0,537318,No,2,,NA,1,Created
7423,2011-01-01,7423,Male,43,1968-01-09,0.00103,Married,1458,,2013-02-18,No,,,Flexible contract,17873.0,882,Yes,3,,NA,1,Created
7424,2011-01-01,7424,Female,20,1991-09-26,0.00018,Single,0,,,No,,,Family business,34103.0,-21863,Yes,0,35.0,2026-04-02,1,Created
7425,2011-01-01,7425,Male,12,1999-12-10,0.00011,Single,0,,,No,,,Child,0.0,0,No,0,,NA,1,Created
7426,2011-01-01,7426,Male,60,1951-12-23,0.006840000000000001,Married,1459,,2053-07-04,Yes,,,Family business,46130.0,530788,No,2,,NA,1,Created
7427,2011-01-01,7427,Female,2,2009-09-01,0.00015,Single,0,,,No,,,Child,0.0,0,Yes,0,28.0,2037-07-11,1,Created
7428,2011-01-01,7428,Male,26,1985-09-08,1.0,Married,1460,,2050-02-02,No,,,Entrepreneur without personnel,29387.0,5465,Yes,1,,NA,1,Created
17185,2011-04-07,7428,Male,26,1985-09-08,1.0,Married,1460,,2050-02-02,No,,,Entrepreneur without personnel,29387.0,5465,Yes,1,,NA,0,Life event: Deceased
7429,2011-01-01,7429,Female,17,1994-02-19,0.0001,Single,0,,,No,,,Child,0.0,0,No,0,17.0,2011-09-04,1,Created
16937,2011-02-19,7429,Female,18,1994-02-19,0.0001,Single,0,,,Yes,42,2035-07-12,Permanent contract,10637.0,1197,No,0,17,2011-09-04,1,Life event: Adulthood
7430,2011-01-01,7430,Male,64,1947-06-09,0.01097,Married,1461,,2027-05-31,No,,,Permanent contract,16327.0,-29533,No,1,,NA,1,Created
17479,2011-06-09,7430,Male,65,1947-06-09,0.01097,Married,1461,,2027-05-31,No,,,Retired,11428.9,-29533,No,1,,NA,1,Life event: Retired
17909,2011-09-10,7430,Male,65,1947-06-09,0.01097,Widowed,1461,,2027-05-31,No,,,Retired,11428.9,-29533,No,1,,NA,1,Life event: Widowed
7431,2011-01-01,7431,Female,76,1935-10-12,0.02337,Married,1519,,2038-11-11,No,,,Retired,12846.0,73637,No,1,,NA,1,Created
7432,2011-01-01,7432,Male,57,1954-02-04,0.00572,Married,1462,,2053-08-20,No,,,Permanent contract,8955.0,121691,Yes,1,,NA,1,Created
17015,2011-03-03,7432,Male,58,1954-02-04,0.00572,Widowed,1462,,2053-08-20,No,,,Permanent contract,8955.0,121691,Yes,1,,NA,1,Life event: Widowed
7433,2011-01-01,7433,Female,75,1936-10-08,0.01986,Married,1520,,2050-08-05,Yes,,,Retired,25453.0,13372,No,2,,NA,1,Created
7434,2011-01-01,7434,Male,46,1965-07-11,0.00172,Divorced,0,,,Yes,,,Permanent contract,43198.0,78554,Yes,0,,NA,1,Created
7435,2011-01-01,7435,Male,73,1938-09-03,0.0262,Married,1463,,2019-01-18,No,,,Retired,2617.0,684356,Yes,2,,NA,1,Created
18979,2012-08-01,7435,Male,74,1938-09-03,0.0262,Married,1463,,2019-01-18,No,,,Retired,2617.0,684356,Yes,2,,NA,0,Life event: Deceased
7436,2011-01-01,7436,Male,39,1972-03-23,0.0008699999999999999,Single,0,,,Yes,27.0,,Permanent contract,18652.0,-26888,No,0,,NA,1,Created
7437,2011-01-01,7437,Female,63,1948-05-02,0.00672,Married,1521,,2063-12-08,Yes,,,Flexible contract,16653.0,4281,No,2,,NA,1,Created
18715,2012-05-02,7437,Female,65,1948-05-02,0.00672,Married,1521,,2063-12-08,Yes,,,Retired,11657.099999999999,4281,No,2,,NA,1,Life event: Retired
7438,2011-01-01,7438,Male,7,2004-10-06,9e-05,Single,0,,,No,,,Child,0.0,0,No,0,,NA,1,Created
7439,2011-01-01,7439,Female,43,1968-05-28,0.0009699999999999999,Married,1522,,2021-12-17,Yes,,,Permanent contract,8215.0,363997,Yes,2,,NA,1,Created
7440,2011-01-01,7440,Female,15,1996-07-20,8e-05,Single,0,,,No,,,Child,0.0,0,Yes,0,28.0,2024-01-16,1,Created
7441,2011-01-01,7441,Male,16,1995-06-29,0.00029,Single,0,,,Yes,32.0,2027-08-21,Child,0.0,0,Yes,0,,NA,1,Created
18892,2012-06-29,7441,Male,18,1995-06-29,0.00029,Single,0,,,Yes,46,2040-03-27,Permanent contract,31271.0,110465,Yes,0,,NA,1,Life event: Adulthood
7442,2011-01-01,7442,Male,62,1949-11-01,0.008409999999999999,Married,1464,,2028-12-11,Yes,,,Permanent contract,43940.0,180058,Yes,1,,NA,1,Created
7443,2011-01-01,7443,Female,80,1931-06-02,0.03682,Widowed,0,,,No,,,Retired,1217.0,-37736,No,0,,NA,1,Created
7444,2011-01-01,7444,Male,100,1911-11-25,1.0,Widowed,0,,,Yes,,,Retired,38018.0,3711,Yes,0,,NA,1,Created
18519,2012-02-15,7444,Male,101,1911-11-25,1.0,Widowed,0,,,Yes,,,Retired,38018.0,3711,Yes,0,,NA,0,Life event: Deceased
7445,2011-01-01,7445,Female,28,1983-09-07,0.00025,Single,0,,,No,,,Permanent contract,8304.0,88118,Yes,0,33.0,2016-12-06,1,Created
7446,2011-01-01,7446,Female,47,1964-07-25,0.00168,Divorced,0,,,Yes,,,Permanent contract,797.0,183773,Yes,0,,NA,1,Created
7447,2011-01-01,7447,Female,42,1969-03-31,0.001,Married,1523,,2041-07-26,Yes,,,Flexible contract,47928.0,100,Yes,1,,NA,1,Created
7448,2011-01-01,7448,Female,40,1971-02-03,0.0006900000000000001,Married,1524,,2029-01-21,Yes,,,Permanent contract,6684.0,83062,Yes,2,,NA,1,Created
7449,2011-01-01,7449,Female,58,1953-10-19,0.00448,Divorced,0,,,No,,,Flexible contract,9566.0,186898,No,0,,NA,1,Created
7450,2011-01-01,7450,Female,73,1938-04-28,0.01577,Married,1525,,2057-03-26,No,,,Retired,35412.0,156231,Yes,1,,NA,1,Created
7451,2011-01-01,7451,Female,14,1997-04-25,9e-05,Single,0,,,Yes,30.0,2027-06-12,Child,0.0,0,No,0,30.0,2027-12-16,1,Created
7452,2011-01-01,7452,Male,46,1965-05-28,0.00172,Single,0,,,No,,,Permanent contract,28316.0,-27836,No,0,,NA,1,Created
7453,2011-01-01,7453,Male,56,1955-11-26,0.0052,Married,1465,,2042-12-05,Yes,,,Flexible contract,18555.0,91545,No,2,,NA,1,Created
7454,2011-01-01,7454,Male,81,1930-07-06,0.06966,Married,1466,,2030-09-19,No,,,Retired,42004.0,286097,No,3,,NA,1,Created
7455,2011-01-01,7455,Male,64,1947-06-21,0.01097,Married,1467,,2051-04-28,Yes,,,Permanent contract,20936.0,181,No,3,,NA,1,Created
17544,2011-06-21,7455,Male,65,1947-06-21,0.01097,Married,1467,,2051-04-28,Yes,,,Retired,14655.199999999999,181,No,3,,NA,1,Life event: Retired
7456,2011-01-01,7456,Female,8,2003-08-07,2.9999999999999997e-05,Single,0,,,Yes,56.0,2059-06-15,Child,0.0,0,Yes,0,31.0,2034-06-25,1,Created
7457,2011-01-01,7457,Female,16,1995-01-22,8e-05,Single,0,,,Yes,28.0,2023-03-26,Child,0.0,0,No,0,32.0,2027-05-08,1,Created
18461,2012-01-22,7457,Female,18,1995-01-22,8e-05,Single,0,,,Yes,21,2015-03-20,Permanent contract,8435.0,32831,No,0,32,2027-05-08,1,Life event: Adulthood
7458,2011-01-01,7458,Female,49,1962-03-04,0.00193,Married,1526,,2042-09-13,No,,,Permanent contract,2335.0,11441,Yes,2,,NA,1,Created
7459,2011-01-01,7459,Female,100,1911-03-26,1.0,Widowed,0,,,No,,,Retired,16630.0,492988,Yes,0,,NA,1,Created
18559,2012-02-29,7459,Female,101,1911-03-26,1.0,Widowed,0,,,No,,,Retired,16630.0,492988,Yes,0,,NA,0,Life event: Deceased
7460,2011-01-01,7460,Female,0,2011-04-24,0.0028899999999999998,Single,0,,,No,,,Child,0.0,0,Yes,0,32.0,2043-06-16,1,Created
7461,2011-01-01,7461,Male,57,1954-01-08,0.00572,Married,1468,,2049-04-29,No,,,Permanent contract,13550.0,274437,No,2,,NA,1,Created
7462,2011-01-01,7462,Female,64,1947-03-03,0.00713,Married,1527,,2059-07-26,Yes,,,Permanent contract,743.0,-10730,No,3,,NA,1,Created
17016,2011-03-03,7462,Female,65,1947-03-03,0.00713,Married,1527,,2059-07-26,Yes,,,Retired,520.1,-10730,No,3,,NA,1,Life event: Retired
7463,2011-01-01,7463,Female,32,1979-12-21,0.00041,Single,0,,,Yes,48.0,2027-11-05,Entrepreneur without personnel,39890.0,-7538,No,0,37.0,2016-04-17,1,Created
7464,2011-01-01,7464,Female,23,1988-06-16,0.0001,Single,0,,,Yes,26.0,2014-12-28,Entrepreneur without personnel,26245.0,18477,No,0,32.0,2020-12-25,1,Created
7465,2011-01-01,7465,Female,20,1991-11-13,0.00018,Married,1528,,2027-01-16,No,,,Permanent contract,34387.0,346663,Yes,2,34.0,2025-12-28,1,Created
7466,2011-01-01,7466,Male,25,1986-08-05,0.00033999999999999997,Single,0,,,No,,,Flexible contract,1806.0,838,No,0,,NA,1,Created
7467,2011-01-01,7467,Female,33,1978-12-12,0.00035,Married,1529,,2053-10-27,No,,,Permanent contract,13436.0,2134,Yes,2,,NA,1,Created
7468,2011-01-01,7468,Male,20,1991-12-08,0.00045,Single,0,,,Yes,24.0,2015-03-09,Permanent contract,21020.0,25314,Yes,0,,NA,1,Created
7469,2011-01-01,7469,Female,41,1970-07-04,0.0007700000000000001,Married,1530,,2016-12-27,No,,,Flexible contract,30970.0,39313,No,2,,NA,1,Created
7470,2011-01-01,7470,Male,45,1966-02-13,0.0014199999999999998,Married,1469,,2058-01-15,Yes,,,Flexible contract,34403.0,111025,No,1,,NA,1,Created
7471,2011-01-01,7471,Male,41,1970-12-30,0.0008900000000000001,Married,1470,,2018-12-06,No,,,Permanent contract,24628.0,-32530,Yes,2,,NA,1,Created
7472,2011-01-01,7472,Male,42,1969-07-07,0.00128,Married,1471,,2014-11-24,No,,,Permanent contract,41307.0,45077,Yes,1,,NA,1,Created
7473,2011-01-01,7473,Male,52,1959-02-27,0.00314,Single,0,,,No,,,Flexible contract,233.0,3027,No,0,,NA,1,Created
7474,2011-01-01,7474,Male,44,1967-08-17,0.0013599999999999999,Married,1472,,2043-10-22,No,,,Permanent contract,11432.0,75938,No,1,,NA,1,Created
7475,2011-01-01,7475,Male,42,1969-07-18,0.00128,Single,0,,,No,,,Flexible contract,22402.0,108188,Yes,0,,NA,1,Created
7476,2011-01-01,7476,Male,7,2004-12-10,9e-05,Single,0,,,Yes,63.0,2067-05-27,Child,0.0,0,No,0,,NA,1,Created
7477,2011-01-01,7477,Male,21,1990-05-01,0.00045,Single,0,,,Yes,29.0,2019-05-06,Permanent contract,56995.0,224,No,0,,NA,1,Created
7478,2011-01-01,7478,Female,44,1967-08-27,0.00107,Single,0,,,No,,,Unemployed,7353.0,279873,Yes,0,,NA,1,Created
7479,2011-01-01,7479,Male,55,1956-01-22,0.00419,Married,1473,,2057-01-29,Yes,,,Permanent contract,48641.0,348324,Yes,1,,NA,1,Created
7480,2011-01-01,7480,Male,41,1970-10-11,0.0008900000000000001,Married,1474,,2054-06-25,No,,,Permanent contract,162586.0,3516,Yes,1,,NA,1,Created
7481,2011-01-01,7481,Female,32,1979-11-22,0.00041,Single,0,,,No,,,Entrepreneur without personnel,6952.0,225456,Yes,0,,NA,1,Created
7482,2011-01-01,7482,Male,15,1996-12-29,0.00015,Single,0,,,Yes,34.0,2030-12-07,Child,0.0,0,No,0,,NA,1,Created
7483,2011-01-01,7483,Female,40,1971-07-13,0.0006900000000000001,Single,0,,,No,,,Permanent contract,5854.0,454726,No,0,,NA,1,Created
7484,2011-01-01,7484,Male,5,2006-05-25,9e-05,Single,0,,,Yes,35.0,2041-07-26,Child,0.0,0,No,0,,NA,1,Created
7485,2011-01-01,7485,Male,42,1969-02-10,0.00128,Single,0,,,No,,,Permanent contract,12872.0,42759,No,0,,NA,1,Created
7486,2011-01-01,7486,Female,14,1997-01-12,9e-05,Single,0,,,Yes,30.0,2027-06-24,Child,0.0,0,Yes,0,30.0,2027-03-24,1,Created
7487,2011-01-01,7487,Female,40,1971-12-13,0.0006900000000000001,Single,0,,,No,,,Permanent contract,4896.0,275517,No,0,,NA,1,Created
7488,2011-01-01,7488,Male,52,1959-04-01,0.00314,Married,1475,,2052-06-05,No,,,Permanent contract,36519.0,293742,No,1,,NA,1,Created
7489,2011-01-01,7489,Female,38,1973-04-09,0.00063,Married,1531,,2020-07-16,Yes,,,Permanent contract,48118.0,-27490,No,3,,NA,1,Created
7490,2011-01-01,7490,Female,18,1993-06-03,0.00023999999999999998,Single,0,,,Yes,29.0,2022-08-20,Permanent contract,88445.0,139,Yes,0,28.0,2021-10-24,1,Created
7491,2011-01-01,7491,Female,28,1983-10-08,0.00025,Married,1532,,2056-12-25,No,,,Permanent contract,57462.0,1679,Yes,2,,NA,1,Created
7492,2011-01-01,7492,Female,26,1985-02-27,1.0,Single,0,,,Yes,31.0,2016-06-26,Permanent contract,8971.0,-36238,No,0,,NA,1,Created
18137,2011-11-06,7492,Female,27,1985-02-27,1.0,Single,0,,,Yes,31,2016-06-26,Permanent contract,8971.0,-36238,No,0,,NA,0,Life event: Deceased
7493,2011-01-01,7493,Male,54,1957-02-09,0.00404,Single,0,,,No,,,Entrepreneur with personel,1402.0,346,No,0,,NA,1,Created
7494,2011-01-01,7494,Male,18,1993-02-18,0.00032,Single,0,,,No,,,Permanent contract,22811.0,4784,No,0,,NA,1,Created
7495,2011-01-01,7495,Female,41,1970-06-30,0.0007700000000000001,Married,1533,,2013-02-09,Yes,,,Permanent contract,14888.0,102049,Yes,2,,NA,1,Created
7496,2011-01-01,7496,Female,46,1965-11-20,0.00134,Divorced,0,,,Yes,,,Permanent contract,4970.0,10484,Yes,0,,NA,1,Created
7497,2011-01-01,7497,Male,59,1952-04-19,0.00717,Married,1476,,2048-03-04,No,,,Permanent contract,20931.0,1458,Yes,2,,NA,1,Created
7498,2011-01-01,7498,Male,28,1983-07-28,0.00045,Single,0,,,Yes,33.0,2016-11-22,Permanent contract,21781.0,19967,Yes,0,,NA,1,Created
7499,2011-01-01,7499,Male,61,1950-02-07,0.00747,Married,1477,,2047-11-15,No,,,Permanent contract,35768.0,91,Yes,1,,NA,1,Created
7500,2011-01-01,7500,Male,24,1987-09-18,0.00047999999999999996,Single,0,,,Yes,41.0,2028-10-15,Flexible contract,2586.0,378448,No,0,,NA,1,Created
7501,2011-01-01,7501,Male,20,1991-11-11,0.00045,Single,0,,,No,,,Permanent contract,49076.0,-3356,No,0,,NA,1,Created
7502,2011-01-01,7502,Male,43,1968-02-18,0.00103,Divorced,0,,,Yes,,,Permanent contract,25023.0,122,No,0,,NA,1,Created
7503,2011-01-01,7503,Male,58,1953-08-18,0.00603,Married,1478,,2045-02-07,Yes,,,Permanent contract,19441.0,-49830,Yes,1,,NA,1,Created
7504,2011-01-01,7504,Female,7,2004-09-24,7e-05,Single,0,,,No,,,Child,0.0,0,Yes,0,37.0,2041-05-11,1,Created
7505,2011-01-01,7505,Female,10,2001-01-31,0.0001,Single,0,,,Yes,32.0,2033-03-29,Child,0.0,0,Yes,0,35.0,2036-11-20,1,Created
7506,2011-01-01,7506,Female,17,1994-02-09,0.0001,Single,0,,,No,,,Child,0.0,0,No,0,28.0,2022-05-08,1,Created
16879,2011-02-09,7506,Female,18,1994-02-09,0.0001,Single,0,,,No,,,Flexible contract,10933.0,423717,No,0,28,2022-05-08,1,Life event: Adulthood
7507,2011-01-01,7507,Male,45,1966-05-04,0.0014199999999999998,Married,1479,,2030-10-15,No,,,Entrepreneur without personnel,72888.0,71973,Yes,3,,NA,1,Created
7508,2011-01-01,7508,Male,16,1995-04-03,0.00029,Single,0,,,No,,,Child,0.0,0,No,0,,NA,1,Created
18641,2012-04-03,7508,Male,18,1995-04-03,0.00029,Single,0,,,Yes,35,2029-04-07,Permanent contract,11758.0,-3028,No,0,,NA,1,Life event: Adulthood
7509,2011-01-01,7509,Male,16,1995-10-15,0.00029,Single,0,,,Yes,50.0,2045-01-09,Child,0.0,0,Yes,0,,NA,1,Created
19162,2012-10-15,7509,Male,18,1995-10-15,0.00029,Single,0,,,No,,,Permanent contract,42998.0,-13397,Yes,0,,NA,1,Life event: Adulthood
7510,2011-01-01,7510,Male,36,1975-02-18,0.0006,Married,1480,,2020-01-31,No,,,Entrepreneur without personnel,63225.0,-25177,Yes,1,,NA,1,Created
7511,2011-01-01,7511,Male,40,1971-07-31,0.0009400000000000001,Single,0,,,Yes,56.0,2027-10-29,Permanent contract,62323.0,354262,Yes,0,,NA,1,Created
7512,2011-01-01,7512,Female,22,1989-02-12,0.00023999999999999998,Single,0,,,No,,,Unemployed,7594.0,9676,No,0,27.0,2016-12-28,1,Created
7513,2011-01-01,7513,Female,33,1978-01-12,0.00035,Married,1534,,2019-05-20,No,,,Flexible contract,11488.0,72538,No,2,,NA,1,Created
7514,2011-01-01,7514,Female,70,1941-05-16,0.01252,Married,1535,,2019-02-03,Yes,,,Retired,22426.0,329453,No,2,,NA,1,Created
7515,2011-01-01,7515,Female,73,1938-10-02,0.01577,Married,1536,,2021-12-03,No,,,Retired,24885.0,15777,Yes,1,,NA,1,Created
7516,2011-01-01,7516,Female,46,1965-03-17,0.00134,Married,1537,,2029-07-15,No,,,Entrepreneur with personel,57387.0,890,No,2,,NA,1,Created
7517,2011-01-01,7517,Male,79,1932-09-20,0.05364,Married,1481,,2034-09-07,No,,,Retired,18745.0,1011,Yes,2,,NA,1,Created
7518,2011-01-01,7518,Male,15,1996-02-26,0.00015,Single,0,,,Yes,50.0,2046-09-15,Child,0.0,0,No,0,,NA,1,Created
7519,2011-01-01,7519,Male,58,1953-01-02,0.00603,Single,0,,,No,,,Permanent contract,20549.0,969,Yes,0,,NA,1,Created
7520,2011-01-01,7520,Female,8,2003-12-08,2.9999999999999997e-05,Single,0,,,No,,,Child,0.0,0,No,0,32.0,2035-07-23,1,Created
7521,2011-01-01,7521,Female,45,1966-02-22,0.00134,Divorced,0,,,No,,,Flexible contract,27959.0,111501,No,0,,NA,1,Created
7522,2011-01-01,7522,Male,19,1992-06-28,0.00033,Single,0,,,No,,,Permanent contract,36123.0,654,No,0,,NA,1,Created
7523,2011-01-01,7523,Male,18,1993-11-06,0.00032,Single,0,,,No,,,Permanent contract,32981.0,-27241,Yes,0,,NA,1,Created
7524,2011-01-01,7524,Male,55,1956-08-18,0.00419,Divorced,0,,,Yes,,,Permanent contract,16175.0,38269,Yes,0,,NA,1,Created
7525,2011-01-01,7525,Female,31,1980-09-12,0.00029,Single,0,,,Yes,29.0,,Permanent contract,27987.0,-501,No,0,32.0,2012-04-25,1,Created
7526,2011-01-01,7526,Male,1,2010-03-27,0.00056,Single,0,,,No,,,Child,0.0,0,Yes,0,,NA,1,Created
7527,2011-01-01,7527,Male,7,2004-11-30,9e-05,Single,0,,,Yes,44.0,2048-08-23,Child,0.0,0,No,0,,NA,1,Created
7528,2011-01-01,7528,Female,68,1943-08-13,0.00983,Widowed,0,,,Yes,,,Retired,4314.0,261310,No,0,,NA,1,Created
7529,2011-01-01,7529,Male,78,1933-01-30,0.04668,Single,0,,,Yes,55.0,,Retired,2654.0,383158,No,0,,NA,1,Created
7530,2011-01-01,7530,Female,16,1995-11-07,8e-05,Single,0,,,Yes,23.0,2018-11-26,Child,0.0,0,Yes,0,24.0,2019-06-24,1,Created
19225,2012-11-07,7530,Female,18,1995-11-07,8e-05,Single,0,,,No,,,Flexible contract,42362.0,315833,Yes,0,24,2019-06-24,1,Life event: Adulthood
7531,2011-01-01,7531,Female,70,1941-10-14,0.01252,Divorced,0,,,No,,,Retired,128455.0,34677,No,0,,NA,1,Created
7532,2011-01-01,7532,Male,47,1964-01-03,0.00186,Divorced,0,,,No,,,Permanent contract,6393.0,46935,Yes,0,,NA,1,Created
7533,2011-01-01,7533,Male,38,1973-06-24,0.0009599999999999999,Married,1482,,2031-08-01,No,,,Permanent contract,47056.0,145590,No,1,,NA,1,Created
7534,2011-01-01,7534,Male,69,1942-01-21,0.01804,Married,1483,,2018-07-17,No,,,Retired,23006.0,3738,No,3,,NA,1,Created
7535,2011-01-01,7535,Male,63,1948-04-24,0.00945,Married,1484,,2011-03-31,Yes,,,Permanent contract,5692.0,-11581,No,2,,NA,1,Created
17147,2011-03-31,7535,Male,63,1948-04-24,0.00945,Divorced,1484,,2011-03-31,Yes,,,Permanent contract,5692.0,-11581,No,2,,NA,1,Life event: Divorced
18696,2012-04-24,7535,Male,65,1948-04-24,0.00945,Divorced,1484,,2011-03-31,Yes,,,Retired,3984.3999999999996,-11581,No,2,,NA,1,Life event: Retired
7536,2011-01-01,7536,Male,46,1965-08-04,0.00172,Married,1485,,2027-12-17,Yes,,,Permanent contract,24544.0,486175,No,2,,NA,1,Created
7537,2011-01-01,7537,Female,72,1939-05-15,0.01411,Married,1538,,2020-10-07,No,,,Retired,73379.0,218086,Yes,1,,NA,1,Created
7538,2011-01-01,7538,Female,41,1970-11-24,0.0007700000000000001,Married,1539,,2030-04-29,No,,,Permanent contract,32534.0,53,No,2,,NA,1,Created
7539,2011-01-01,7539,Male,62,1949-03-23,0.008409999999999999,Married,1486,,2052-01-23,No,,,Permanent contract,3687.0,705456,Yes,1,,NA,1,Created
17776,2011-08-11,7539,Male,63,1949-03-23,0.008409999999999999,Married,1486,,2052-01-23,No,,,Permanent contract,3687.0,705456,Yes,1,,NA,0,Life event: Deceased
7540,2011-01-01,7540,Male,60,1951-02-02,0.006840000000000001,Married,1487,,2041-12-24,Yes,,,Permanent contract,12190.0,-48264,Yes,3,,NA,1,Created
7541,2011-01-01,7541,Male,6,2005-04-03,5.9999999999999995e-05,Single,0,,,Yes,36.0,2041-07-07,Child,0.0,0,No,0,,NA,1,Created
7542,2011-01-01,7542,Male,3,2008-08-07,0.0002,Single,0,,,Yes,34.0,2042-05-04,Child,0.0,0,Yes,0,,NA,1,Created
7543,2011-01-01,7543,Male,24,1987-06-16,0.00047999999999999996,Single,0,,,No,,,Permanent contract,18342.0,3528,No,0,,NA,1,Created
7544,2011-01-01,7544,Female,39,1972-01-02,0.00074,Married,1540,,2015-04-17,No,,,Permanent contract,2457.0,166329,Yes,1,39.0,2011-09-20,1,Created
17954,2011-09-20,7544,Female,40,1972-01-02,0.00074,Married,1540,,2015-04-17,No,,,Permanent contract,2457.0,166329,Yes,1,39,2011-09-20,1,Life event: Children born
7545,2011-01-01,7545,Male,2,2009-10-30,0.00021,Single,0,,,No,,,Child,0.0,0,Yes,0,,NA,1,Created
7546,2011-01-01,7546,Male,30,1981-02-05,0.00055,Married,1488,,2021-08-04,No,,,Permanent contract,8983.0,458552,Yes,2,,NA,1,Created
7547,2011-01-01,7547,Female,39,1972-07-15,0.00074,Married,1541,,2052-09-01,No,,,Permanent contract,11137.0,3106,Yes,2,,NA,1,Created
7548,2011-01-01,7548,Female,65,1946-07-12,0.007559999999999999,Married,1542,,2018-07-01,Yes,,,Permanent contract,13408.0,5690,Yes,1,,NA,1,Created
17640,2011-07-12,7548,Female,66,1946-07-12,0.007559999999999999,Married,1542,,2018-07-01,Yes,,,Retired,9385.599999999999,5690,Yes,1,,NA,1,Life event: Retired
7549,2011-01-01,7549,Female,39,1972-11-01,0.00074,Married,1543,,2059-06-07,Yes,,,Unemployed,17445.0,625,Yes,1,,NA,1,Created
7550,2011-01-01,7550,Female,7,2004-06-19,7e-05,Single,0,,,No,,,Child,0.0,0,No,0,31.0,2035-06-05,1,Created
7551,2011-01-01,7551,Male,55,1956-06-24,0.00419,Married,1489,,2038-03-19,No,,,Entrepreneur without personnel,31775.0,242928,Yes,1,,NA,1,Created
7552,2011-01-01,7552,Male,54,1957-03-24,0.00404,Married,1490,,2038-07-01,Yes,,,Unemployed,23123.0,167975,Yes,1,,NA,1,Created
7553,2011-01-01,7553,Female,15,1996-02-08,8e-05,Single,0,,,Yes,38.0,2034-04-18,Child,0.0,0,No,0,38.0,2034-06-12,1,Created
7554,2011-01-01,7554,Female,69,1942-03-03,0.0108,Married,1544,,2032-09-16,No,,,Retired,13630.0,67647,Yes,3,,NA,1,Created
7555,2011-01-01,7555,Female,60,1951-08-05,0.00541,Married,1545,,2064-02-12,No,,,Permanent contract,6447.0,349143,No,3,,NA,1,Created
7556,2011-01-01,7556,Female,78,1933-09-08,0.02817,Widowed,0,,,No,,,Retired,3908.0,-35910,Yes,0,,NA,1,Created
7557,2011-01-01,7557,Female,70,1941-11-01,0.01252,Single,0,,,Yes,25.0,,Retired,55181.0,194746,Yes,0,,NA,1,Created
7558,2011-01-01,7558,Female,48,1963-01-11,0.0018800000000000002,Married,1546,,2048-08-14,No,,,Permanent contract,25237.0,-2783,Yes,3,,NA,1,Created
7559,2011-01-01,7559,Male,54,1957-06-18,0.00404,Married,1491,,2028-02-28,Yes,,,Entrepreneur without personnel,59237.0,-44678,No,1,,NA,1,Created
7560,2011-01-01,7560,Female,61,1950-09-29,0.00562,Married,1547,,2041-11-03,Yes,,,Permanent contract,22782.0,282218,Yes,1,,NA,1,Created
7561,2011-01-01,7561,Male,65,1946-01-23,0.01141,Married,1492,,2030-02-03,No,,,Permanent contract,13178.0,3082901,Yes,2,,NA,1,Created
16789,2011-01-23,7561,Male,66,1946-01-23,0.01141,Married,1492,,2030-02-03,No,,,Retired,9224.599999999999,3082901,Yes,2,,NA,1,Life event: Retired
7562,2011-01-01,7562,Male,40,1971-11-13,0.0009400000000000001,Single,0,,,No,,,Permanent contract,30178.0,262435,Yes,0,,NA,1,Created
7563,2011-01-01,7563,Female,69,1942-07-27,0.0108,Married,1548,,2014-02-01,Yes,,,Retired,47540.0,547594,Yes,2,,NA,1,Created
7564,2011-01-01,7564,Female,30,1981-12-08,0.00027,Single,0,,,Yes,52.0,2033-11-03,Flexible contract,24536.0,24278,Yes,0,33.0,2014-03-28,1,Created
7565,2011-01-01,7565,Female,36,1975-03-31,0.00049,Married,1549,,2060-08-27,Yes,,,Permanent contract,38047.0,462876,Yes,2,,NA,1,Created
7566,2011-01-01,7566,Female,26,1985-03-22,1.0,Married,1550,,2040-12-30,No,,,Permanent contract,7433.0,-1601,Yes,1,30.0,2015-01-05,1,Created
17156,2011-04-02,7566,Female,27,1985-03-22,1.0,Married,1550,,2040-12-30,No,,,Permanent contract,7433.0,-1601,Yes,1,30,2015-01-05,0,Life event: Deceased
7567,2011-01-01,7567,Female,96,1915-05-01,0.24602,Widowed,0,,,Yes,,,Retired,11439.0,-1303,Yes,0,,NA,1,Created
18763,2012-05-19,7567,Female,98,1915-05-01,0.24602,Widowed,0,,,Yes,,,Retired,11439.0,-1303,Yes,0,,NA,0,Life event: Deceased
7568,2011-01-01,7568,Female,63,1948-08-11,0.00672,Married,1551,,2028-03-23,No,,,Permanent contract,9888.0,4836149,Yes,2,,NA,1,Created
18999,2012-08-11,7568,Female,65,1948-08-11,0.00672,Married,1551,,2028-03-23,No,,,Retired,6921.599999999999,4836149,Yes,2,,NA,1,Life event: Retired
7569,2011-01-01,7569,Female,1,2010-09-07,0.00033999999999999997,Single,0,,,Yes,36.0,2046-07-23,Child,0.0,0,Yes,0,30.0,2040-10-02,1,Created
7570,2011-01-01,7570,Male,12,1999-06-09,0.00011,Single,0,,,No,,,Child,0.0,0,Yes,0,,NA,1,Created
7571,2011-01-01,7571,Male,13,1998-01-16,0.00014,Single,0,,,No,,,Child,0.0,0,Yes,0,,NA,1,Created
7572,2011-01-01,7572,Female,75,1936-08-05,0.01986,Married,1552,,2034-03-24,Yes,,,Retired,3996.0,133539,No,1,,NA,1,Created
7573,2011-01-01,7573,Female,6,2005-06-20,8e-05,Single,0,,,No,,,Child,0.0,0,No,0,41.0,2046-11-04,1,Created
7574,2011-01-01,7574,Male,34,1977-09-30,0.00067,Single,0,,,No,,,Permanent contract,11525.0,302,Yes,0,,NA,1,Created
7575,2011-01-01,7575,Female,66,1945-10-15,0.009040000000000001,Married,1553,,2046-12-08,No,,,Entrepreneur with personel,15687.0,203993,Yes,2,,NA,1,Created
18055,2011-10-15,7575,Female,67,1945-10-15,0.009040000000000001,Married,1553,,2046-12-08,No,,,Retired,10980.9,203993,Yes,2,,NA,1,Life event: Retired
7576,2011-01-01,7576,Male,54,1957-05-15,0.00404,Married,1493,,2032-02-04,No,,,Permanent contract,26687.0,18288,No,1,,NA,1,Created
7577,2011-01-01,7577,Male,63,1948-09-03,0.00945,Widowed,0,,,No,,,Entrepreneur without personnel,7876.0,262847,Yes,0,,NA,1,Created
19076,2012-09-03,7577,Male,65,1948-09-03,0.00945,Widowed,0,,,No,,,Retired,5513.2,262847,Yes,0,,NA,1,Life event: Retired
7578,2011-01-01,7578,Female,12,1999-02-10,5e-05,Single,0,,,No,,,Child,0.0,0,No,0,33.0,2032-04-10,1,Created
7579,2011-01-01,7579,Male,21,1990-06-08,0.00045,Single,0,,,Yes,45.0,2035-07-06,Permanent contract,36135.0,217425,Yes,0,,NA,1,Created
7580,2011-01-01,7580,Male,65,1946-07-16,0.01141,Married,1494,,2012-06-19,Yes,,,Permanent contract,29092.0,460382,No,3,,NA,1,Created
16693,2011-01-07,7580,Male,65,1946-07-16,0.01141,Widowed,1494,,2012-06-19,Yes,,,Permanent contract,29092.0,460382,No,3,,NA,1,Life event: Widowed
17658,2011-07-16,7580,Male,66,1946-07-16,0.01141,Widowed,1494,,2012-06-19,Yes,,,Retired,20364.399999999998,460382,No,3,,NA,1,Life event: Retired
18861,2012-06-19,7580,Male,66,1946-07-16,0.01141,Divorced,1494,,2012-06-19,Yes,,,Retired,20364.399999999998,460382,No,3,,NA,1,Life event: Divorced
7581,2011-01-01,7581,Male,53,1958-11-15,0.0033299999999999996,Married,1495,,2062-05-10,No,,,Permanent contract,72101.0,7639,No,1,,NA,1,Created
7582,2011-01-01,7582,Male,3,2008-10-25,0.0002,Single,0,,,No,,,Child,0.0,0,Yes,0,,NA,1,Created
7583,2011-01-01,7583,Female,73,1938-04-22,0.01577,Married,1554,,2042-12-05,Yes,,,Retired,28478.0,-1419,Yes,2,,NA,1,Created
7584,2011-01-01,7584,Male,22,1989-01-06,0.00041,Single,0,,,No,,,Permanent contract,18717.0,403607,No,0,,NA,1,Created
7585,2011-01-01,7585,Male,10,2001-09-09,0.00011999999999999999,Single,0,,,Yes,27.0,2028-04-02,Child,0.0,0,Yes,0,,NA,1,Created
7586,2011-01-01,7586,Male,6,2005-02-14,5.9999999999999995e-05,Single,0,,,No,,,Child,0.0,0,No,0,,NA,1,Created
7587,2011-01-01,7587,Male,44,1967-08-03,0.0013599999999999999,Married,1496,,2064-12-10,Yes,,,Permanent contract,13456.0,38631,No,1,,NA,1,Created
7588,2011-01-01,7588,Female,7,2004-04-26,7e-05,Single,0,,,No,,,Child,0.0,0,Yes,0,37.0,2041-04-03,1,Created
7589,2011-01-01,7589,Male,10,2001-05-31,0.00011999999999999999,Single,0,,,Yes,43.0,2044-06-23,Child,0.0,0,Yes,0,,NA,1,Created
7590,2011-01-01,7590,Male,54,1957-04-11,0.00404,Married,1497,,2032-03-28,Yes,,,Permanent contract,47186.0,3904569,No,2,,NA,1,Created
7591,2011-01-01,7591,Female,61,1950-01-25,0.00562,Married,1555,,2036-04-02,No,,,Permanent contract,235.0,904,No,1,,NA,1,Created
7592,2011-01-01,7592,Male,104,1907-08-19,1.0,Widowed,0,,,Yes,,,Retired,17446.0,-1209,No,0,,NA,1,Created
18730,2012-05-08,7592,Male,105,1907-08-19,1.0,Widowed,0,,,Yes,,,Retired,17446.0,-1209,No,0,,NA,0,Life event: Deceased
7593,2011-01-01,7593,Male,42,1969-05-04,0.00128,Married,1498,,2029-11-29,No,,,Permanent contract,26205.0,15986,Yes,3,,NA,1,Created
7594,2011-01-01,7594,Female,10,2001-07-18,0.0001,Single,0,,,No,,,Child,0.0,0,No,0,35.0,2036-04-11,1,Created
7595,2011-01-01,7595,Female,44,1967-07-11,0.00107,Single,0,,,No,,,Permanent contract,92986.0,82836,No,0,,NA,1,Created
7596,2011-01-01,7596,Female,57,1954-05-31,0.00387,Single,0,,,Yes,44.0,,Permanent contract,46667.0,984,No,0,,NA,1,Created
7597,2011-01-01,7597,Female,19,1992-09-23,0.00014,Single,0,,,No,,,Flexible contract,18159.0,-8546,No,0,30.0,2022-01-22,1,Created
7598,2011-01-01,7598,Female,57,1954-06-25,0.00387,Widowed,0,,,Yes,,,Flexible contract,49275.0,14679,No,0,,NA,1,Created
7599,2011-01-01,7599,Female,14,1997-04-11,9e-05,Single,0,,,No,,,Child,0.0,0,Yes,0,32.0,2029-11-03,1,Created
7600,2011-01-01,7600,Female,46,1965-08-08,0.00134,Married,1556,,2023-12-10,No,,,Entrepreneur without personnel,43251.0,35616,No,2,,NA,1,Created
7601,2011-01-01,7601,Female,16,1995-04-23,8e-05,Single,0,,,Yes,55.0,2050-12-04,Child,0.0,0,Yes,0,30.0,2025-04-03,1,Created
18693,2012-04-23,7601,Female,18,1995-04-23,8e-05,Single,0,,,Yes,33,2027-04-18,Permanent contract,24483.0,1677,Yes,0,30,2025-04-03,1,Life event: Adulthood
7602,2011-01-01,7602,Female,17,1994-09-21,0.0001,Single,0,,,Yes,37.0,2031-12-21,Child,0.0,0,Yes,0,32.0,2026-01-04,1,Created
17959,2011-09-21,7602,Female,18,1994-09-21,0.0001,Single,0,,,No,,,Permanent contract,8455.0,181457,Yes,0,32,2026-01-04,1,Life event: Adulthood
7603,2011-01-01,7603,Female,54,1957-02-06,0.00313,Married,1557,,2023-09-09,Yes,,,Flexible contract,3267.0,124859,No,2,,NA,1,Created
7604,2011-01-01,7604,Male,3,2008-08-25,0.0002,Single,0,,,Yes,35.0,2043-01-09,Child,0.0,0,No,0,,NA,1,Created
7605,2011-01-01,7605,Female,59,1952-08-30,0.00479,Married,1558,,2022-12-30,No,,,Permanent contract,69938.0,-24309,No,2,,NA,1,Created
7606,2011-01-01,7606,Female,62,1949-12-12,0.0057399999999999994,Single,0,,,No,,,Permanent contract,45296.0,48880,Yes,0,,NA,1,Created
7607,2011-01-01,7607,Female,10,2001-02-20,0.0001,Single,0,,,Yes,40.0,2041-09-30,Child,0.0,0,No,0,22.0,2023-06-03,1,Created
7608,2011-01-01,7608,Female,65,1946-12-23,0.007559999999999999,Widowed,0,,,No,,,Flexible contract,31602.0,3316,No,0,,NA,1,Created
18345,2011-12-23,7608,Female,66,1946-12-23,0.007559999999999999,Widowed,0,,,No,,,Retired,22121.399999999998,3316,No,0,,NA,1,Life event: Retired
7609,2011-01-01,7609,Male,65,1946-07-18,0.01141,Married,1499,,2034-07-23,No,,,Permanent contract,93647.0,-3411,Yes,1,,NA,1,Created
17670,2011-07-18,7609,Male,66,1946-07-18,0.01141,Married,1499,,2034-07-23,No,,,Retired,65552.9,-3411,Yes,1,,NA,1,Life event: Retired
7610,2011-01-01,7610,Female,62,1949-11-01,0.0057399999999999994,Married,1559,,2013-07-21,Yes,,,Permanent contract,72693.0,6562,Yes,1,,NA,1,Created
7611,2011-01-01,7611,Female,60,1951-04-24,0.00541,Married,1560,,2018-11-13,No,,,Flexible contract,34423.0,-4910,Yes,2,,NA,1,Created
7612,2011-01-01,7612,Female,43,1968-11-07,0.0009699999999999999,Married,1561,,2047-12-08,No,,,Flexible contract,38425.0,34488,Yes,3,,NA,1,Created
7613,2011-01-01,7613,Male,33,1978-12-17,0.00047999999999999996,Single,0,,,No,,,Permanent contract,35289.0,1278282,Yes,0,,NA,1,Created
7614,2011-01-01,7614,Male,2,2009-02-11,0.00021,Single,0,,,Yes,49.0,2058-12-03,Child,0.0,0,No,0,,NA,1,Created
7615,2011-01-01,7615,Female,98,1913-03-08,0.27366999999999997,Widowed,0,,,Yes,,,Retired,76906.0,107391,No,0,,NA,1,Created
7616,2011-01-01,7616,Female,6,2005-03-21,8e-05,Single,0,,,Yes,44.0,2049-07-12,Child,0.0,0,Yes,0,29.0,2034-09-05,1,Created
7617,2011-01-01,7617,Female,17,1994-06-09,0.0001,Single,0,,,No,,,Child,0.0,0,No,0,35.0,2029-02-08,1,Created
17480,2011-06-09,7617,Female,18,1994-06-09,0.0001,Single,0,,,Yes,26,2019-07-21,Permanent contract,21045.0,2252206,No,0,35,2029-02-08,1,Life event: Adulthood
7618,2011-01-01,7618,Female,71,1940-09-30,0.013009999999999999,Married,1562,,2021-06-11,Yes,,,Retired,22766.0,7559,No,1,,NA,1,Created
7619,2011-01-01,7619,Male,65,1946-06-11,0.01141,Married,1500,,2016-07-30,Yes,,,Permanent contract,33863.0,61497,No,1,,NA,1,Created
17491,2011-06-11,7619,Male,66,1946-06-11,0.01141,Married,1500,,2016-07-30,Yes,,,Retired,23704.1,61497,No,1,,NA,1,Life event: Retired
7620,2011-01-01,7620,Male,42,1969-09-01,0.00128,Single,0,,,Yes,60.0,2029-02-26,Flexible contract,16749.0,461023,No,0,,NA,1,Created
7621,2011-01-01,7621,Male,20,1991-05-15,0.00045,Single,0,,,Yes,49.0,2040-07-25,Flexible contract,1513.0,15054,Yes,0,,NA,1,Created
7622,2011-01-01,7622,Female,65,1946-07-04,0.007559999999999999,Divorced,0,,,Yes,,,Entrepreneur without personnel,26399.0,-10137,No,0,,NA,1,Created
17602,2011-07-04,7622,Female,66,1946-07-04,0.007559999999999999,Divorced,0,,,Yes,,,Retired,18479.3,-10137,No,0,,NA,1,Life event: Retired
7623,2011-01-01,7623,Male,23,1988-05-15,0.00039,Single,0,,,No,,,Permanent contract,41216.0,107,No,0,,NA,1,Created
7624,2011-01-01,7624,Male,19,1992-12-25,0.00033,Single,0,,,No,,,Flexible contract,71612.0,42705,No,0,,NA,1,Created
7625,2011-01-01,7625,Female,59,1952-10-16,0.00479,Married,1563,,2021-08-29,Yes,,,Permanent contract,57232.0,-11111,Yes,2,,NA,1,Created
18063,2011-10-17,7625,Female,60,1952-10-16,0.00479,Widowed,1563,,2021-08-29,Yes,,,Permanent contract,57232.0,-11111,Yes,2,,NA,1,Life event: Widowed
7626,2011-01-01,7626,Male,60,1951-12-11,0.006840000000000001,Married,1501,,2051-05-25,Yes,,,Entrepreneur without personnel,34956.0,276696,Yes,3,,NA,1,Created
7627,2011-01-01,7627,Male,20,1991-11-03,0.00045,Single,0,,,Yes,26.0,2017-05-14,Permanent contract,46225.0,4241,Yes,0,,NA,1,Created
7628,2011-01-01,7628,Female,70,1941-03-20,0.01252,Married,1564,,2028-09-14,No,,,Retired,98066.0,114251,No,2,,NA,1,Created
7629,2011-01-01,7629,Female,43,1968-08-24,0.0009699999999999999,Married,1565,,2055-06-02,No,,,Permanent contract,36618.0,14089,Yes,3,,NA,1,Created
7630,2011-01-01,7630,Male,25,1986-08-04,0.00033999999999999997,Married,1502,,2070-11-10,No,,,Permanent contract,94120.0,-28037,Yes,1,,NA,1,Created
7631,2011-01-01,7631,Female,27,1984-02-29,0.00025,Single,0,,,Yes,52.0,2036-10-02,Permanent contract,63481.0,27891,Yes,0,28.0,2012-07-14,1,Created
7632,2011-01-01,7632,Female,36,1975-02-23,0.00049,Single,0,,,No,,,Permanent contract,2912.0,121380,No,0,41.0,2016-06-29,1,Created
7633,2011-01-01,7633,Female,20,1991-12-19,0.00018,Single,0,,,Yes,29.0,2020-06-27,Permanent contract,5633.0,77628,No,0,35.0,2026-07-02,1,Created
7634,2011-01-01,7634,Male,29,1982-02-16,0.0005200000000000001,Married,1503,,2048-05-20,Yes,,,Flexible contract,11648.0,3364,No,1,,NA,1,Created
7635,2011-01-01,7635,Female,8,2003-11-21,2.9999999999999997e-05,Single,0,,,Yes,33.0,2036-09-11,Child,0.0,0,Yes,0,42.0,2045-04-03,1,Created
7636,2011-01-01,7636,Male,90,1921-08-19,0.16977,Married,1504,,2065-09-27,No,,,Retired,9414.0,5677,Yes,1,,NA,1,Created
17471,2011-06-08,7636,Male,90,1921-08-19,0.16977,Widowed,1504,,2065-09-27,No,,,Retired,9414.0,5677,Yes,1,,NA,1,Life event: Widowed
7637,2011-01-01,7637,Male,24,1987-10-16,0.00047999999999999996,Single,0,,,No,,,Unemployed,14378.0,140640,No,0,,NA,1,Created
7638,2011-01-01,7638,Female,36,1975-05-17,0.00049,Married,1566,,2045-01-21,No,,,Entrepreneur without personnel,3506.0,46480,Yes,2,,NA,1,Created
7639,2011-01-01,7639,Female,68,1943-12-28,0.00983,Married,1567,,2016-08-02,Yes,,,Retired,41026.0,-44059,Yes,1,,NA,1,Created
7640,2011-01-01,7640,Male,36,1975-12-08,0.0006,Married,1505,,2057-08-14,Yes,,,Permanent contract,53955.0,120596,Yes,2,,NA,1,Created
7641,2011-01-01,7641,Female,72,1939-06-24,0.01411,Married,1568,,2041-07-18,Yes,,,Retired,83540.0,1497,Yes,2,,NA,1,Created
7642,2011-01-01,7642,Female,50,1961-04-05,0.00225,Married,1569,,2024-11-04,No,,,Family business,41943.0,-27036,Yes,2,,NA,1,Created
7643,2011-01-01,7643,Female,7,2004-01-28,7e-05,Single,0,,,Yes,31.0,2035-05-18,Child,0.0,0,No,0,29.0,2033-05-07,1,Created
7644,2011-01-01,7644,Male,77,1934-11-27,0.0418,Married,1506,,2036-02-21,No,,,Retired,35068.0,551481,No,2,,NA,1,Created
7645,2011-01-01,7645,Male,45,1966-05-21,0.0014199999999999998,Married,1507,,2058-11-13,Yes,,,Permanent contract,16258.0,175795,No,2,,NA,1,Created
7646,2011-01-01,7646,Male,3,2008-06-02,0.0002,Single,0,,,Yes,91.0,2099-06-19,Child,0.0,0,Yes,0,,NA,1,Created
7647,2011-01-01,7647,Male,67,1944-08-29,0.01396,Divorced,0,,,Yes,,,Permanent contract,6486.0,78563,Yes,0,,NA,1,Created
17871,2011-08-29,7647,Male,68,1944-08-29,0.01396,Divorced,0,,,Yes,,,Retired,4540.2,78563,Yes,0,,NA,1,Life event: Retired
7648,2011-01-01,7648,Male,31,1980-08-04,0.00041,Single,0,,,Yes,39.0,2019-10-22,Permanent contract,23959.0,4104765,Yes,0,,NA,1,Created
7649,2011-01-01,7649,Male,100,1911-09-07,1.0,Widowed,0,,,No,,,Retired,27234.0,147238,Yes,0,,NA,1,Created
16661,2011-01-02,7649,Male,100,1911-09-07,1.0,Widowed,0,,,No,,,Retired,27234.0,147238,Yes,0,,NA,0,Life event: Deceased
7650,2011-01-01,7650,Female,20,1991-11-25,0.00018,Single,0,,,No,,,Permanent contract,37171.0,-2864,No,0,39.0,2030-09-11,1,Created
7651,2011-01-01,7651,Female,33,1978-07-23,0.00035,Single,0,,,Yes,23.0,,Permanent contract,66191.0,132699,No,0,37.0,2015-11-24,1,Created
7652,2011-01-01,7652,Male,48,1963-03-20,0.0021100000000000003,Married,1508,,2032-06-29,Yes,,,Flexible contract,18877.0,725,Yes,1,,NA,1,Created
7653,2011-01-01,7653,Female,50,1961-01-07,0.00225,Married,1570,,2033-01-30,Yes,,,Entrepreneur without personnel,20599.0,902979,No,1,,NA,1,Created
7654,2011-01-01,7654,Male,8,2003-05-16,9e-05,Single,0,,,No,,,Child,0.0,0,Yes,0,,NA,1,Created
7655,2011-01-01,7655,Female,21,1990-09-03,0.00016,Single,0,,,Yes,20.0,,Permanent contract,41888.0,1398,No,0,34.0,2024-04-02,1,Created
7656,2011-01-01,7656,Female,4,2007-09-15,5.9999999999999995e-05,Single,0,,,No,,,Child,0.0,0,No,0,33.0,2040-09-11,1,Created
7657,2011-01-01,7657,Female,63,1948-01-19,0.00672,Married,1571,,2028-05-30,No,,,Entrepreneur with personel,34249.0,4661583,Yes,1,,NA,1,Created
18446,2012-01-19,7657,Female,65,1948-01-19,0.00672,Married,1571,,2028-05-30,No,,,Retired,23974.3,4661583,Yes,1,,NA,1,Life event: Retired
7658,2011-01-01,7658,Female,27,1984-09-03,0.00025,Single,0,,,Yes,23.0,,Flexible contract,16587.0,69149,No,0,27.0,2011-07-30,1,Created
7659,2011-01-01,7659,Male,71,1940-10-09,0.02034,Married,1509,,2064-03-25,Yes,,,Retired,51017.0,1550,No,2,,NA,1,Created
7660,2011-01-01,7660,Female,19,1992-03-07,0.00014,Single,0,,,No,,,Entrepreneur without personnel,78204.0,548217,No,0,24.0,2016-02-16,1,Created
7661,2011-01-01,7661,Male,32,1979-04-11,0.00059,Single,0,,,No,,,Permanent contract,29958.0,116211,Yes,0,,NA,1,Created
7662,2011-01-01,7662,Female,12,1999-02-08,5e-05,Single,0,,,No,,,Child,0.0,0,Yes,0,25.0,2024-02-04,1,Created
7663,2011-01-01,7663,Male,75,1936-10-02,0.033710000000000004,Widowed,0,,,Yes,,,Retired,19000.0,646,Yes,0,,NA,1,Created
17540,2011-06-20,7663,Male,75,1936-10-02,0.033710000000000004,Widowed,0,,,Yes,,,Retired,19000.0,646,Yes,0,,NA,0,Life event: Deceased
7664,2011-01-01,7664,Male,70,1941-07-12,0.01932,Married,1510,,2031-06-18,Yes,,,Retired,18434.0,1745,No,1,,NA,1,Created
7665,2011-01-01,7665,Female,57,1954-11-15,0.00387,Married,1572,,2031-06-13,No,,,Flexible contract,1859.0,109526,No,1,,NA,1,Created
7666,2011-01-01,7666,Female,34,1977-05-04,0.00037,Married,1573,,2055-01-31,Yes,,,Permanent contract,22348.0,1446,Yes,2,,NA,1,Created
7667,2011-01-01,7667,Male,46,1965-05-30,0.00172,Married,1511,,2015-03-28,No,,,Permanent contract,13865.0,83758,No,3,,NA,1,Created
7668,2011-01-01,7668,Female,35,1976-05-11,0.00033999999999999997,Single,0,,,No,,,Permanent contract,88371.0,205782,Yes,0,35.0,2011-06-16,1,Created
7669,2011-01-01,7669,Male,55,1956-10-21,0.00419,Married,1512,,2029-04-06,Yes,,,Entrepreneur with personel,22761.0,-3388,No,2,,NA,1,Created
7670,2011-01-01,7670,Female,51,1960-01-04,0.0023899999999999998,Single,0,,,No,,,Permanent contract,4159.0,47049,No,0,,NA,1,Created
7671,2011-01-01,7671,Male,0,2011-12-20,0.0036200000000000004,Single,0,,,Yes,55.0,2066-05-22,Child,0.0,0,Yes,0,,NA,1,Created
7672,2011-01-01,7672,Male,48,1963-11-03,0.0021100000000000003,Divorced,0,,,Yes,,,Permanent contract,42540.0,3017,Yes,0,,NA,1,Created
7673,2011-01-01,7673,Male,42,1969-07-03,0.00128,Married,1513,,2038-04-26,Yes,,,Permanent contract,17726.0,121917,No,1,,NA,1,Created
7674,2011-01-01,7674,Male,52,1959-08-27,0.00314,Married,1514,,2012-07-14,Yes,,,Permanent contract,35204.0,159683,Yes,1,,NA,1,Created
18927,2012-07-14,7674,Male,53,1959-08-27,0.00314,Divorced,1514,,2012-07-14,Yes,,,Permanent contract,35204.0,159683,Yes,1,,NA,1,Life event: Divorced
7675,2011-01-01,7675,Male,21,1990-01-20,0.00045,Married,1515,,2019-06-28,Yes,,,Permanent contract,3461.0,23124,Yes,1,,NA,1,Created
7676,2011-01-01,7676,Female,101,1910-11-19,1.0,Widowed,0,,,No,,,Retired,4681.0,10966,Yes,0,,NA,1,Created
18575,2012-03-07,7676,Female,102,1910-11-19,1.0,Widowed,0,,,No,,,Retired,4681.0,10966,Yes,0,,NA,0,Life event: Deceased
7677,2011-01-01,7677,Male,31,1980-05-10,0.00041,Single,0,,,Yes,56.0,2036-09-01,Permanent contract,45925.0,-14346,Yes,0,,NA,1,Created
7678,2011-01-01,7678,Male,73,1938-02-01,0.0262,Married,1516,,2040-08-14,Yes,,,Retired,36536.0,365491,Yes,2,,NA,1,Created
7679,2011-01-01,7679,Female,23,1988-02-12,0.0001,Single,0,,,No,,,Permanent contract,28647.0,527,No,0,33.0,2021-12-31,1,Created
7680,2011-01-01,7680,Female,40,1971-09-26,0.0006900000000000001,Divorced,0,,,No,,,Permanent contract,15963.0,2031,No,0,,NA,1,Created
7681,2011-01-01,7681,Female,6,2005-10-21,8e-05,Single,0,,,No,,,Child,0.0,0,No,0,30.0,2035-05-01,1,Created
7682,2011-01-01,7682,Male,14,1997-10-31,0.00014,Single,0,,,Yes,32.0,2029-09-24,Child,0.0,0,No,0,,NA,1,Created
7683,2011-01-01,7683,Male,61,1950-02-28,0.00747,Married,1517,,2016-12-16,Yes,,,Permanent contract,10496.0,-38153,Yes,1,,NA,1,Created
7684,2011-01-01,7684,Female,0,2011-01-15,0.0028899999999999998,Single,0,,,Yes,75.0,2086-10-20,Child,0.0,0,No,0,37.0,2048-01-17,1,Created
7685,2011-01-01,7685,Female,43,1968-08-07,0.0009699999999999999,Married,1574,,2062-10-16,No,,,Permanent contract,30011.0,17385,Yes,3,,NA,1,Created
7686,2011-01-01,7686,Female,56,1955-12-12,0.0041,Married,1575,,2012-01-15,No,,,Entrepreneur without personnel,41151.0,81365,No,2,,NA,1,Created
18431,2012-01-15,7686,Female,57,1955-12-12,0.0041,Divorced,1575,,2012-01-15,No,,,Entrepreneur without personnel,41151.0,81365,No,2,,NA,1,Life event: Divorced
7687,2011-01-01,7687,Female,46,1965-01-20,0.00134,Single,0,,,No,,,Permanent contract,13802.0,21424,No,0,,NA,1,Created
7688,2011-01-01,7688,Female,29,1982-06-13,0.00032,Single,0,,,No,,,Permanent contract,12877.0,-1361,No,0,38.0,2020-04-25,1,Created
7689,2011-01-01,7689,Female,25,1986-09-26,0.00022999999999999998,Single,0,,,Yes,28.0,2014-04-18,Flexible contract,29547.0,-4168,Yes,0,30.0,2016-08-11,1,Created
7690,2011-01-01,7690,Male,55,1956-09-09,0.00419,Married,1518,,2063-02-02,No,,,Entrepreneur with personel,10379.0,39692,No,3,,NA,1,Created
7691,2011-01-01,7691,Male,25,1986-10-22,0.00033999999999999997,Single,0,,,Yes,37.0,2023-12-24,Permanent contract,11966.0,64275,Yes,0,,NA,1,Created
7692,2011-01-01,7692,Male,0,2011-07-13,0.0036200000000000004,Single,0,,,Yes,25.0,2036-01-11,Child,0.0,0,No,0,,NA,1,Created
7693,2011-01-01,7693,Female,15,1996-04-16,8e-05,Single,0,,,No,,,Child,0.0,0,No,0,35.0,2031-11-13,1,Created
7694,2011-01-01,7694,Male,75,1936-10-09,0.033710000000000004,Single,0,,,No,,,Retired,8384.0,-3622,No,0,,NA,1,Created
7695,2011-01-01,7695,Male,76,1935-05-04,0.0375,Married,1519,,2038-11-11,Yes,,,Retired,9776.0,11562,No,1,,NA,1,Created
7696,2011-01-01,7696,Female,69,1942-04-13,0.0108,Married,1576,,2025-04-14,Yes,,,Retired,15880.0,166668,Yes,1,,NA,1,Created
7697,2011-01-01,7697,Female,11,2000-06-17,7e-05,Single,0,,,Yes,21.0,2021-03-07,Child,0.0,0,No,0,25.0,2025-09-25,1,Created
7698,2011-01-01,7698,Female,74,1937-01-09,0.0185,Married,1577,,2022-03-12,No,,,Retired,10757.0,104938,No,2,,NA,1,Created
7699,2011-01-01,7699,Male,55,1956-10-03,0.00419,Married,1520,,2050-08-05,Yes,,,Entrepreneur without personnel,27998.0,4397,No,2,,NA,1,Created
7700,2011-01-01,7700,Male,37,1974-11-08,0.00082,Married,1521,,2063-12-08,No,,,Entrepreneur without personnel,29105.0,4146,No,2,,NA,1,Created
7701,2011-01-01,7701,Male,62,1949-11-18,0.008409999999999999,Married,1522,,2021-12-17,No,,,Permanent contract,44071.0,36319,Yes,2,,NA,1,Created
7702,2011-01-01,7702,Female,20,1991-06-26,0.00018,Single,0,,,No,,,Permanent contract,8217.0,47625,Yes,0,31.0,2022-02-04,1,Created
7703,2011-01-01,7703,Female,12,1999-02-18,5e-05,Single,0,,,Yes,34.0,2033-05-29,Child,0.0,0,Yes,0,31.0,2030-11-06,1,Created
7704,2011-01-01,7704,Male,59,1952-12-23,0.00717,Married,1523,,2041-07-26,No,,,Flexible contract,14585.0,750287,Yes,1,,NA,1,Created
7705,2011-01-01,7705,Male,69,1942-11-05,0.01804,Married,1524,,2029-01-21,No,,,Retired,3060.0,1156,Yes,2,,NA,1,Created
7706,2011-01-01,7706,Male,39,1972-06-11,0.0008699999999999999,Single,0,,,No,,,Permanent contract,39340.0,78143,Yes,0,,NA,1,Created
7707,2011-01-01,7707,Male,27,1984-05-03,0.00044,Married,1525,,2057-03-26,No,,,Entrepreneur with personel,37828.0,606984,Yes,1,,NA,1,Created
7708,2011-01-01,7708,Male,53,1958-08-03,0.0033299999999999996,Married,1526,,2042-09-13,No,,,Unemployed,4958.0,35886,Yes,2,,NA,1,Created
7709,2011-01-01,7709,Male,19,1992-05-21,0.00033,Single,0,,,Yes,34.0,2026-05-05,Permanent contract,46382.0,3865,Yes,0,,NA,1,Created
7710,2011-01-01,7710,Male,44,1967-07-12,0.0013599999999999999,Married,1527,,2059-07-26,No,,,Unemployed,23068.0,9015,No,3,,NA,1,Created
7711,2011-01-01,7711,Male,1,2010-03-18,0.00056,Single,0,,,No,,,Child,0.0,0,Yes,0,,NA,1,Created
7712,2011-01-01,7712,Male,6,2005-08-26,5.9999999999999995e-05,Single,0,,,No,,,Child,0.0,0,No,0,,NA,1,Created
7713,2011-01-01,7713,Male,30,1981-03-18,0.00055,Single,0,,,No,,,Permanent contract,39981.0,-681,Yes,0,,NA,1,Created
7714,2011-01-01,7714,Male,74,1937-12-27,0.0295,Married,1528,,2027-01-16,No,,,Retired,89062.0,494261,Yes,2,,NA,1,Created
7715,2011-01-01,7715,Female,7,2004-04-04,7e-05,Single,0,,,No,,,Child,0.0,0,Yes,0,37.0,2041-08-21,1,Created
7716,2011-01-01,7716,Female,78,1933-11-15,0.02817,Married,1578,,2023-12-23,No,,,Retired,23305.0,2580,No,2,,NA,1,Created
7717,2011-01-01,7717,Male,42,1969-07-25,0.00128,Married,1529,,2053-10-27,Yes,,,Permanent contract,18560.0,5637,Yes,2,,NA,1,Created
7718,2011-01-01,7718,Male,14,1997-07-09,0.00014,Single,0,,,No,,,Child,0.0,0,No,0,,NA,1,Created
7719,2011-01-01,7719,Male,62,1949-05-26,0.008409999999999999,Married,1530,,2016-12-27,No,,,Entrepreneur without personnel,89914.0,334721,No,2,,NA,1,Created
7720,2011-01-01,7720,Male,65,1946-08-31,0.01141,Married,1531,,2020-07-16,No,,,Flexible contract,6607.0,35050,No,3,,NA,1,Created
17879,2011-08-31,7720,Male,66,1946-08-31,0.01141,Married,1531,,2020-07-16,No,,,Retired,4624.9,35050,No,3,,NA,1,Life event: Retired
7721,2011-01-01,7721,Male,30,1981-10-26,0.00055,Single,0,,,No,,,Entrepreneur without personnel,48971.0,460913,Yes,0,,NA,1,Created
7722,2011-01-01,7722,Male,75,1936-07-14,0.033710000000000004,Divorced,0,,,No,,,Retired,9967.0,326813,No,0,,NA,1,Created
7723,2011-01-01,7723,Female,36,1975-03-20,0.00049,Single,0,,,Yes,36.0,2011-10-04,Flexible contract,14832.0,-1793,No,0,,NA,1,Created
18004,2011-10-04,7723,Female,37,1975-03-20,0.00049,Married,3459,32,2043-11-16,Yes,36,2011-10-04,Flexible contract,14832.0,-1793,No,0,,NA,1,Life event: Married
7724,2011-01-01,7724,Male,10,2001-07-01,0.00011999999999999999,Single,0,,,No,,,Child,0.0,0,No,0,,NA,1,Created
7725,2011-01-01,7725,Female,22,1989-07-16,0.00023999999999999998,Single,0,,,No,,,Permanent contract,10360.0,7842,No,0,30.0,2019-08-12,1,Created
7726,2011-01-01,7726,Female,27,1984-03-06,0.00025,Single,0,,,No,,,Permanent contract,14372.0,2107688,No,0,34.0,2018-08-03,1,Created
7727,2011-01-01,7727,Male,36,1975-11-23,0.0006,Single,0,,,No,,,Permanent contract,7790.0,334,Yes,0,,NA,1,Created
7728,2011-01-01,7728,Female,68,1943-12-01,0.00983,Married,1579,,2036-09-29,No,,,Retired,1634.0,150170,Yes,2,,NA,1,Created
7729,2011-01-01,7729,Male,29,1982-05-01,0.0005200000000000001,Single,0,,,No,,,Permanent contract,1286.0,3398,No,0,,NA,1,Created
7730,2011-01-01,7730,Male,22,1989-03-22,0.00041,Single,0,,,Yes,26.0,2015-01-13,Permanent contract,68665.0,929,No,0,,NA,1,Created
7731,2011-01-01,7731,Female,64,1947-09-21,0.00713,Married,1580,,2039-03-19,No,,,Unemployed,22227.0,2518,Yes,2,,NA,1,Created
17960,2011-09-21,7731,Female,65,1947-09-21,0.00713,Married,1580,,2039-03-19,No,,,Retired,15558.9,2518,Yes,2,,NA,1,Life event: Retired
7732,2011-01-01,7732,Female,33,1978-11-01,0.00035,Single,0,,,No,,,Permanent contract,30230.0,2536,No,0,,NA,1,Created
7733,2011-01-01,7733,Male,105,1906-08-14,1.0,Widowed,0,,,Yes,,,Retired,35754.0,163319,Yes,0,,NA,1,Created
18123,2011-11-01,7733,Male,106,1906-08-14,1.0,Widowed,0,,,Yes,,,Retired,35754.0,163319,Yes,0,,NA,0,Life event: Deceased
7734,2011-01-01,7734,Male,34,1977-05-16,0.00067,Married,1532,,2056-12-25,Yes,,,Permanent contract,7378.0,846,Yes,2,,NA,1,Created
7735,2011-01-01,7735,Female,50,1961-12-16,0.00225,Married,1581,,2056-07-16,No,,,Permanent contract,15756.0,567604,Yes,1,,NA,1,Created
7736,2011-01-01,7736,Female,38,1973-10-03,0.00063,Single,0,,,Yes,45.0,2018-11-30,Permanent contract,713.0,222857,Yes,0,,NA,1,Created
7737,2011-01-01,7737,Male,51,1960-10-30,0.00301,Divorced,0,,,Yes,,,Unemployed,14785.0,986512,Yes,0,,NA,1,Created
7738,2011-01-01,7738,Female,40,1971-04-14,0.0006900000000000001,Single,0,,,No,,,Permanent contract,41293.0,280660,No,0,,NA,1,Created
7739,2011-01-01,7739,Female,43,1968-03-17,0.0009699999999999999,Married,1582,,2051-10-31,Yes,,,Flexible contract,35568.0,4549,Yes,3,,NA,1,Created
7740,2011-01-01,7740,Female,41,1970-09-06,0.0007700000000000001,Married,1583,,2061-01-29,No,,,Flexible contract,7696.0,464,No,1,,NA,1,Created
7741,2011-01-01,7741,Female,35,1976-04-01,0.00033999999999999997,Married,1584,,2060-05-02,Yes,,,Permanent contract,76439.0,96750,No,2,,NA,1,Created
7742,2011-01-01,7742,Female,44,1967-10-07,0.00107,Married,1585,,2042-02-19,Yes,,,Permanent contract,28017.0,939,Yes,2,,NA,1,Created
7743,2011-01-01,7743,Male,63,1948-09-17,0.00945,Married,1533,,2013-02-09,No,,,Permanent contract,45476.0,163927,Yes,2,,NA,1,Created
19109,2012-09-17,7743,Male,65,1948-09-17,0.00945,Married,1533,,2013-02-09,No,,,Retired,31833.199999999997,163927,Yes,2,,NA,1,Life event: Retired
7744,2011-01-01,7744,Female,8,2003-08-29,2.9999999999999997e-05,Single,0,,,Yes,28.0,2031-06-12,Child,0.0,0,No,0,27.0,2030-09-08,1,Created
7745,2011-01-01,7745,Male,36,1975-02-08,0.0006,Married,1534,,2019-05-20,Yes,,,Permanent contract,11726.0,1656,No,2,,NA,1,Created
7746,2011-01-01,7746,Female,27,1984-09-09,0.00025,Single,0,,,Yes,53.0,2037-08-25,Flexible contract,17667.0,87484,No,0,35.0,2019-05-08,1,Created
7747,2011-01-01,7747,Female,32,1979-12-06,0.00041,Single,0,,,Yes,60.0,2039-08-08,Permanent contract,31070.0,-27839,No,0,,NA,1,Created
7748,2011-01-01,7748,Male,75,1936-08-21,0.033710000000000004,Divorced,0,,,Yes,,,Retired,5352.0,354,Yes,0,,NA,1,Created
7749,2011-01-01,7749,Male,41,1970-11-21,0.0008900000000000001,Single,0,,,Yes,56.0,2026-11-27,Entrepreneur without personnel,6227.0,155661,Yes,0,,NA,1,Created
7750,2011-01-01,7750,Female,59,1952-09-19,0.00479,Divorced,0,,,Yes,,,Permanent contract,18741.0,22833,No,0,,NA,1,Created
7751,2011-01-01,7751,Female,31,1980-11-18,0.00029,Married,1586,,2048-05-29,No,,,Permanent contract,1721.0,463221,Yes,2,,NA,1,Created
7752,2011-01-01,7752,Male,23,1988-06-02,0.00039,Single,0,,,No,,,Entrepreneur without personnel,23698.0,235,Yes,0,,NA,1,Created
7753,2011-01-01,7753,Male,96,1915-12-24,0.30168,Widowed,0,,,No,,,Retired,76201.0,38340,No,0,,NA,1,Created
17413,2011-05-25,7753,Male,96,1915-12-24,0.30168,Widowed,0,,,No,,,Retired,76201.0,38340,No,0,,NA,0,Life event: Deceased
7754,2011-01-01,7754,Male,16,1995-05-14,0.00029,Single,0,,,Yes,43.0,2038-10-09,Child,0.0,0,No,0,,NA,1,Created
18751,2012-05-14,7754,Male,18,1995-05-14,0.00029,Single,0,,,No,,,Permanent contract,88799.0,11353,No,0,,NA,1,Life event: Adulthood
7755,2011-01-01,7755,Male,47,1964-09-12,0.00186,Married,1535,,2019-02-03,No,,,Permanent contract,34229.0,159195,No,2,,NA,1,Created
7756,2011-01-01,7756,Female,65,1946-05-16,0.007559999999999999,Married,1587,,2021-05-24,No,,,Permanent contract,112012.0,-27308,No,3,,NA,1,Created
17365,2011-05-16,7756,Female,66,1946-05-16,0.007559999999999999,Married,1587,,2021-05-24,No,,,Retired,78408.4,-27308,No,3,,NA,1,Life event: Retired
7757,2011-01-01,7757,Male,36,1975-06-25,0.0006,Divorced,0,,,Yes,,,Entrepreneur with personel,10134.0,47124,No,0,,NA,1,Created
7758,2011-01-01,7758,Female,99,1912-09-22,0.34497,Widowed,0,,,No,,,Retired,125915.0,-44845,Yes,0,,NA,1,Created
7759,2011-01-01,7759,Female,61,1950-01-11,0.00562,Married,1588,,2044-09-23,No,,,Flexible contract,4470.0,245997,No,3,,NA,1,Created
7760,2011-01-01,7760,Male,60,1951-08-16,0.006840000000000001,Married,1536,,2021-12-03,Yes,,,Permanent contract,38923.0,408266,Yes,1,,NA,1,Created
7761,2011-01-01,7761,Male,65,1946-11-21,0.01141,Divorced,0,,,No,,,Permanent contract,43776.0,-40474,Yes,0,,NA,1,Created
18206,2011-11-21,7761,Male,66,1946-11-21,0.01141,Divorced,0,,,No,,,Retired,30643.199999999997,-40474,Yes,0,,NA,1,Life event: Retired
7762,2011-01-01,7762,Female,32,1979-05-18,0.00041,Married,1589,,2018-04-05,No,,,Permanent contract,33634.0,246372,Yes,1,,NA,1,Created
7763,2011-01-01,7763,Male,78,1933-06-28,0.04668,Widowed,0,,,No,,,Retired,8567.0,35271,Yes,0,,NA,1,Created
7764,2011-01-01,7764,Female,29,1982-05-12,0.00032,Single,0,,,Yes,30.0,2012-10-23,Permanent contract,2030.0,15858,Yes,0,31.0,2013-02-28,1,Created
19184,2012-10-23,7764,Female,31,1982-05-12,0.00032,Married,3498,35,2047-11-05,Yes,30,2012-10-23,Permanent contract,2030.0,15858,Yes,0,31,2013-02-28,1,Life event: Married
7765,2011-01-01,7765,Female,40,1971-04-14,0.0006900000000000001,Divorced,0,,,No,,,Flexible contract,32539.0,936434,Yes,0,,NA,1,Created
7766,2011-01-01,7766,Male,98,1913-10-15,0.33792,Widowed,0,,,No,,,Retired,14648.0,251,Yes,0,,NA,1,Created
7767,2011-01-01,7767,Male,65,1946-11-09,0.01141,Married,1537,,2029-07-15,Yes,,,Entrepreneur without personnel,13565.0,959356,No,2,,NA,1,Created
18159,2011-11-09,7767,Male,66,1946-11-09,0.01141,Married,1537,,2029-07-15,Yes,,,Retired,9495.5,959356,No,2,,NA,1,Life event: Retired
7768,2011-01-01,7768,Female,32,1979-06-27,0.00041,Single,0,,,No,,,Flexible contract,27058.0,2914,No,0,,NA,1,Created
7769,2011-01-01,7769,Male,44,1967-12-23,0.0013599999999999999,Divorced,0,,,No,,,Entrepreneur without personnel,3265.0,184067,Yes,0,,NA,1,Created
7770,2011-01-01,7770,Male,6,2005-08-03,5.9999999999999995e-05,Single,0,,,Yes,27.0,2032-02-22,Child,0.0,0,Yes,0,,NA,1,Created
7771,2011-01-01,7771,Female,61,1950-05-18,0.00562,Married,1590,,2023-02-22,Yes,,,Permanent contract,3653.0,-41988,No,1,,NA,1,Created
7772,2011-01-01,7772,Male,71,1940-07-05,0.02034,Married,1538,,2020-10-07,Yes,,,Retired,21572.0,300,Yes,1,,NA,1,Created
7773,2011-01-01,7773,Male,42,1969-03-17,0.00128,Divorced,0,,,No,,,Permanent contract,4987.0,160576,Yes,0,,NA,1,Created
7774,2011-01-01,7774,Male,61,1950-12-03,0.00747,Widowed,0,,,No,,,Permanent contract,68530.0,202,No,0,,NA,1,Created
7775,2011-01-01,7775,Female,40,1971-09-06,0.0006900000000000001,Single,0,,,Yes,32.0,,Permanent contract,20445.0,326303,No,0,,NA,1,Created
7776,2011-01-01,7776,Male,2,2009-01-14,0.00021,Single,0,,,Yes,72.0,2081-03-18,Child,0.0,0,Yes,0,,NA,1,Created
7777,2011-01-01,7777,Male,2,2009-12-21,0.00021,Single,0,,,No,,,Child,0.0,0,Yes,0,,NA,1,Created
7778,2011-01-01,7778,Male,80,1931-01-11,0.05987000000000001,Married,1539,,2030-04-29,No,,,Retired,22498.0,4773007,No,2,,NA,1,Created
7779,2011-01-01,7779,Male,57,1954-02-23,0.00572,Married,1540,,2015-04-17,Yes,,,Permanent contract,18086.0,1376,Yes,1,,NA,1,Created
7780,2011-01-01,7780,Male,67,1944-07-25,0.01396,Married,1541,,2052-09-01,No,,,Permanent contract,34514.0,91074,Yes,2,,NA,1,Created
17703,2011-07-25,7780,Male,68,1944-07-25,0.01396,Married,1541,,2052-09-01,No,,,Retired,24159.8,91074,Yes,2,,NA,1,Life event: Retired
7781,2011-01-01,7781,Female,43,1968-04-03,0.0009699999999999999,Married,1591,,2036-05-03,No,,,Entrepreneur with personel,1122.0,34295,Yes,2,,NA,1,Created
7782,2011-01-01,7782,Male,70,1941-06-03,0.01932,Married,1542,,2018-07-01,No,,,Retired,27924.0,639,Yes,1,,NA,1,Created
7783,2011-01-01,7783,Male,13,1998-03-16,0.00014,Single,0,,,Yes,33.0,2031-01-11,Child,0.0,0,No,0,,NA,1,Created
7784,2011-01-01,7784,Male,20,1991-06-04,0.00045,Single,0,,,No,,,Permanent contract,49189.0,11857,No,0,,NA,1,Created
7785,2011-01-01,7785,Male,53,1958-06-20,0.0033299999999999996,Married,1543,,2059-06-07,No,,,Permanent contract,32857.0,98282,Yes,1,,NA,1,Created
7786,2011-01-01,7786,Female,56,1955-07-16,0.0041,Married,1592,,2028-12-30,No,,,Unemployed,20087.0,787947,Yes,1,,NA,1,Created
7787,2011-01-01,7787,Female,53,1958-03-26,0.00312,Married,1593,,2025-12-06,No,,,Entrepreneur with personel,63272.0,66692,Yes,3,,NA,1,Created
7788,2011-01-01,7788,Female,61,1950-11-20,0.00562,Widowed,0,,,No,,,Permanent contract,36506.0,5359,No,0,,NA,1,Created
7789,2011-01-01,7789,Female,17,1994-08-21,0.0001,Single,0,,,Yes,29.0,2023-03-04,Child,0.0,0,Yes,0,24.0,2018-11-12,1,Created
17835,2011-08-21,7789,Female,18,1994-08-21,0.0001,Single,0,,,Yes,44,2037-09-18,Entrepreneur without personnel,26876.0,849,Yes,0,24,2018-11-12,1,Life event: Adulthood
7790,2011-01-01,7790,Male,17,1994-05-18,0.00022999999999999998,Single,0,,,Yes,52.0,2046-07-03,Child,0.0,0,Yes,0,,NA,1,Created
17377,2011-05-18,7790,Male,18,1994-05-18,0.00022999999999999998,Single,0,,,No,,,Unemployed,179.0,-23753,Yes,0,,NA,1,Life event: Adulthood
7791,2011-01-01,7791,Male,73,1938-04-20,0.0262,Married,1544,,2032-09-16,No,,,Retired,15943.0,47764,Yes,3,,NA,1,Created
7792,2011-01-01,7792,Female,40,1971-09-16,0.0006900000000000001,Married,1594,,2054-06-27,Yes,,,Permanent contract,15263.0,626,Yes,2,,NA,1,Created
7793,2011-01-01,7793,Female,47,1964-05-02,0.00168,Married,1595,,2024-01-25,Yes,,,Permanent contract,8557.0,117835,Yes,3,,NA,1,Created
7794,2011-01-01,7794,Male,11,2000-07-01,9e-05,Single,0,,,Yes,25.0,2025-04-16,Child,0.0,0,Yes,0,,NA,1,Created
7795,2011-01-01,7795,Male,62,1949-08-04,0.008409999999999999,Single,0,,,No,,,Permanent contract,42205.0,87646,No,0,,NA,1,Created
7796,2011-01-01,7796,Male,75,1936-08-24,0.033710000000000004,Divorced,0,,,Yes,,,Retired,25397.0,251079,No,0,,NA,1,Created
18228,2011-11-28,7796,Male,76,1936-08-24,0.033710000000000004,Divorced,0,,,Yes,,,Retired,25397.0,251079,No,0,,NA,0,Life event: Deceased
7797,2011-01-01,7797,Male,33,1978-01-22,0.00047999999999999996,Married,1545,,2064-02-12,Yes,,,Flexible contract,99425.0,472811,No,3,,NA,1,Created
7798,2011-01-01,7798,Female,37,1974-05-08,0.00057,Single,0,,,Yes,28.0,,Flexible contract,28583.0,38460,Yes,0,,NA,1,Created
7799,2011-01-01,7799,Male,8,2003-06-17,9e-05,Single,0,,,No,,,Child,0.0,0,No,0,,NA,1,Created
7800,2011-01-01,7800,Female,54,1957-03-04,0.00313,Single,0,,,No,,,Unemployed,80937.0,1611,Yes,0,,NA,1,Created
7801,2011-01-01,7801,Male,53,1958-01-05,0.0033299999999999996,Married,1546,,2048-08-14,Yes,,,Permanent contract,5221.0,2942,Yes,3,,NA,1,Created
7802,2011-01-01,7802,Male,46,1965-10-22,0.00172,Divorced,0,,,No,,,Permanent contract,21876.0,2454,Yes,0,,NA,1,Created
7803,2011-01-01,7803,Female,42,1969-12-18,0.001,Married,1596,,2065-11-11,Yes,,,Permanent contract,1876.0,-28876,No,3,,NA,1,Created
7804,2011-01-01,7804,Female,51,1960-10-16,0.0023899999999999998,Divorced,0,,,Yes,,,Flexible contract,14419.0,51085,Yes,0,,NA,1,Created
7805,2011-01-01,7805,Male,48,1963-05-23,0.0021100000000000003,Single,0,,,Yes,27.0,,Permanent contract,47742.0,14275,No,0,,NA,1,Created
7806,2011-01-01,7806,Female,18,1993-06-07,0.00023999999999999998,Single,0,,,Yes,25.0,2018-02-08,Flexible contract,21060.0,356561,No,0,35.0,2028-07-14,1,Created
7807,2011-01-01,7807,Male,20,1991-02-18,0.00045,Single,0,,,No,,,Permanent contract,13750.0,926,Yes,0,,NA,1,Created
7808,2011-01-01,7808,Male,63,1948-11-03,0.00945,Widowed,0,,,Yes,,,Unemployed,7294.0,-9485,Yes,0,,NA,1,Created
19211,2012-11-03,7808,Male,65,1948-11-03,0.00945,Widowed,0,,,Yes,,,Retired,5105.799999999999,-9485,Yes,0,,NA,1,Life event: Retired
7809,2011-01-01,7809,Male,36,1975-06-16,0.0006,Married,1547,,2041-11-03,No,,,Permanent contract,25062.0,237,Yes,1,,NA,1,Created
7810,2011-01-01,7810,Female,40,1971-01-14,0.0006900000000000001,Single,0,,,No,,,Permanent contract,46570.0,-9829,Yes,0,,NA,1,Created
7811,2011-01-01,7811,Male,20,1991-05-02,0.00045,Single,0,,,Yes,32.0,2023-08-23,Permanent contract,4681.0,80096,No,0,,NA,1,Created
7812,2011-01-01,7812,Female,50,1961-08-09,0.00225,Married,1597,,2041-03-25,No,,,Flexible contract,7954.0,174364,Yes,2,,NA,1,Created
7813,2011-01-01,7813,Male,71,1940-01-19,0.02034,Widowed,0,,,No,,,Retired,14421.0,373524,Yes,0,,NA,1,Created
7814,2011-01-01,7814,Male,18,1993-10-24,0.00032,Single,0,,,No,,,Permanent contract,22403.0,79569,Yes,0,,NA,1,Created
7815,2011-01-01,7815,Male,55,1956-03-15,0.00419,Married,1548,,2014-02-01,Yes,,,Permanent contract,139482.0,2855116,Yes,2,,NA,1,Created
7816,2011-01-01,7816,Female,28,1983-06-24,0.00025,Single,0,,,No,,,Permanent contract,79250.0,427,No,0,32.0,2015-06-20,1,Created
7817,2011-01-01,7817,Female,79,1932-01-08,0.03112,Married,1598,,2046-12-24,Yes,,,Retired,16120.0,-49413,No,3,,NA,1,Created
7818,2011-01-01,7818,Male,4,2007-09-03,0.00011,Single,0,,,No,,,Child,0.0,0,No,0,,NA,1,Created
7819,2011-01-01,7819,Female,44,1967-06-17,0.00107,Married,1599,,2013-06-28,Yes,,,Flexible contract,20875.0,-24410,Yes,3,,NA,1,Created
7820,2011-01-01,7820,Male,18,1993-10-11,0.00032,Single,0,,,No,,,Flexible contract,8607.0,17947,No,0,,NA,1,Created
7821,2011-01-01,7821,Male,12,1999-06-09,0.00011,Single,0,,,Yes,36.0,2035-07-22,Child,0.0,0,Yes,0,,NA,1,Created
7822,2011-01-01,7822,Male,48,1963-12-16,0.0021100000000000003,Single,0,,,Yes,30.0,,Unemployed,6910.0,314364,No,0,,NA,1,Created
7823,2011-01-01,7823,Female,64,1947-08-03,0.00713,Married,1600,,2057-10-23,Yes,,,Permanent contract,40827.0,38812,Yes,1,,NA,1,Created
17734,2011-08-03,7823,Female,65,1947-08-03,0.00713,Married,1600,,2057-10-23,Yes,,,Retired,28578.899999999998,38812,Yes,1,,NA,1,Life event: Retired
7824,2011-01-01,7824,Female,52,1959-07-15,0.00268,Married,1601,,2030-08-19,Yes,,,Flexible contract,53896.0,4290,No,1,,NA,1,Created
7825,2011-01-01,7825,Male,74,1937-12-27,0.0295,Married,1549,,2060-08-27,No,,,Retired,26116.0,13132,Yes,2,,NA,1,Created
7826,2011-01-01,7826,Male,20,1991-06-11,0.00045,Single,0,,,No,,,Permanent contract,14371.0,8349,Yes,0,,NA,1,Created
7827,2011-01-01,7827,Male,24,1987-09-04,0.00047999999999999996,Single,0,,,No,,,Flexible contract,26035.0,581680,No,0,,NA,1,Created
7828,2011-01-01,7828,Female,61,1950-10-29,0.00562,Married,1602,,2017-05-06,Yes,,,Flexible contract,11353.0,-3781,Yes,1,,NA,1,Created
7829,2011-01-01,7829,Female,28,1983-12-23,0.00025,Single,0,,,Yes,30.0,2013-07-22,Permanent contract,6750.0,15692,Yes,0,31.0,2014-08-31,1,Created
7830,2011-01-01,7830,Female,22,1989-12-23,0.00023999999999999998,Single,0,,,No,,,Permanent contract,37775.0,103866,No,0,28.0,2017-01-31,1,Created
7831,2011-01-01,7831,Female,17,1994-01-29,0.0001,Single,0,,,No,,,Child,0.0,0,Yes,0,22.0,2016-03-18,1,Created
16817,2011-01-29,7831,Female,18,1994-01-29,0.0001,Single,0,,,Yes,30,2023-04-19,Flexible contract,95576.0,479994,Yes,0,22,2016-03-18,1,Life event: Adulthood
7832,2011-01-01,7832,Male,11,2000-12-23,9e-05,Single,0,,,Yes,31.0,2031-01-11,Child,0.0,0,Yes,0,,NA,1,Created
7833,2011-01-01,7833,Female,93,1918-12-20,0.18566,Widowed,0,,,Yes,,,Retired,17631.0,788929,Yes,0,,NA,1,Created
7834,2011-01-01,7834,Female,68,1943-07-25,0.00983,Married,1603,,2040-10-02,Yes,,,Retired,5663.0,1825,No,2,,NA,1,Created
18388,2012-01-01,7834,Female,69,1943-07-25,0.00983,Married,1603,,2040-10-02,Yes,,,Retired,5663.0,1825,No,2,,NA,0,Life event: Deceased
7835,2011-01-01,7835,Female,40,1971-11-02,0.0006900000000000001,Married,1604,,2032-04-11,Yes,,,Permanent contract,14039.0,33504,No,1,,NA,1,Created
7836,2011-01-01,7836,Male,64,1947-05-28,0.01097,Married,1550,,2040-12-30,Yes,,,Permanent contract,891.0,121613,Yes,1,,NA,1,Created
17157,2011-04-02,7836,Male,64,1947-05-28,0.01097,Widowed,1550,,2040-12-30,Yes,,,Permanent contract,891.0,121613,Yes,1,,NA,1,Life event: Widowed
17425,2011-05-28,7836,Male,65,1947-05-28,0.01097,Widowed,1550,,2040-12-30,Yes,,,Retired,623.6999999999999,121613,Yes,1,,NA,1,Life event: Retired
7837,2011-01-01,7837,Male,20,1991-06-22,0.00045,Single,0,,,No,,,Entrepreneur without personnel,20309.0,34399,Yes,0,,NA,1,Created
7838,2011-01-01,7838,Male,49,1962-11-11,0.00242,Single,0,,,Yes,39.0,,Entrepreneur with personel,6934.0,136780,Yes,0,,NA,1,Created
16884,2011-02-10,7838,Male,49,1962-11-11,0.00242,Single,0,,,Yes,39,,Entrepreneur with personel,6934.0,136780,Yes,0,,NA,0,Life event: Deceased
7839,2011-01-01,7839,Female,46,1965-12-13,0.00134,Married,1605,,2054-03-19,No,,,Permanent contract,159307.0,1581,Yes,3,,NA,1,Created
7840,2011-01-01,7840,Male,1,2010-07-29,0.00056,Single,0,,,Yes,20.0,2030-10-18,Child,0.0,0,Yes,0,,NA,1,Created
7841,2011-01-01,7841,Female,2,2009-01-26,0.00015,Single,0,,,Yes,45.0,2054-12-21,Child,0.0,0,No,0,28.0,2037-06-03,1,Created
7842,2011-01-01,7842,Male,10,2001-05-20,0.00011999999999999999,Single,0,,,No,,,Child,0.0,0,Yes,0,,NA,1,Created
7843,2011-01-01,7843,Male,67,1944-03-30,0.01396,Married,1551,,2028-03-23,No,,,Permanent contract,87950.0,-19707,Yes,2,,NA,1,Created
17143,2011-03-30,7843,Male,68,1944-03-30,0.01396,Married,1551,,2028-03-23,No,,,Retired,61564.99999999999,-19707,Yes,2,,NA,1,Life event: Retired
7844,2011-01-01,7844,Female,2,2009-09-11,0.00015,Single,0,,,Yes,28.0,2037-03-01,Child,0.0,0,Yes,0,33.0,2042-02-09,1,Created
7845,2011-01-01,7845,Female,33,1978-08-15,0.00035,Married,1606,,2040-09-25,Yes,,,Flexible contract,19523.0,1900,No,2,,NA,1,Created
7846,2011-01-01,7846,Female,76,1935-05-14,0.02337,Married,1607,,2037-11-22,No,,,Retired,9015.0,3851,Yes,2,,NA,1,Created
7847,2011-01-01,7847,Male,69,1942-08-07,0.01804,Married,1552,,2034-03-24,No,,,Retired,23096.0,349658,No,1,,NA,1,Created
7848,2011-01-01,7848,Female,7,2004-03-29,7e-05,Single,0,,,Yes,35.0,2039-01-30,Child,0.0,0,No,0,35.0,2039-01-15,1,Created
7849,2011-01-01,7849,Female,63,1948-03-24,0.00672,Married,1608,,2059-11-20,Yes,,,Flexible contract,36514.0,16962,Yes,1,,NA,1,Created
18614,2012-03-24,7849,Female,65,1948-03-24,0.00672,Married,1608,,2059-11-20,Yes,,,Retired,25559.8,16962,Yes,1,,NA,1,Life event: Retired
7850,2011-01-01,7850,Female,43,1968-07-17,0.0009699999999999999,Single,0,,,Yes,33.0,,Flexible contract,52712.0,33829,No,0,,NA,1,Created
7851,2011-01-01,7851,Female,54,1957-09-29,0.00313,Married,1609,,2033-11-27,Yes,,,Flexible contract,13920.0,95252,Yes,2,,NA,1,Created
7852,2011-01-01,7852,Male,69,1942-01-03,0.01804,Married,1553,,2046-12-08,No,,,Retired,36830.0,239442,Yes,2,,NA,1,Created
7853,2011-01-01,7853,Female,79,1932-09-14,0.03112,Single,0,,,Yes,47.0,,Retired,24290.0,156956,No,0,,NA,1,Created
7854,2011-01-01,7854,Female,43,1968-06-20,0.0009699999999999999,Married,1610,,2023-03-27,No,,,Permanent contract,43542.0,807599,Yes,2,,NA,1,Created
7855,2011-01-01,7855,Male,3,2008-09-22,0.0002,Single,0,,,No,,,Child,0.0,0,Yes,0,,NA,1,Created
7856,2011-01-01,7856,Female,104,1907-07-27,1.0,Widowed,0,,,No,,,Retired,96559.0,134321,No,0,,NA,1,Created
17778,2011-08-11,7856,Female,105,1907-07-27,1.0,Widowed,0,,,No,,,Retired,96559.0,134321,No,0,,NA,0,Life event: Deceased
7857,2011-01-01,7857,Male,22,1989-12-06,0.00041,Single,0,,,No,,,Permanent contract,675.0,134143,Yes,0,,NA,1,Created
7858,2011-01-01,7858,Male,46,1965-01-23,0.00172,Married,1554,,2042-12-05,No,,,Permanent contract,175714.0,3230,Yes,2,,NA,1,Created
7859,2011-01-01,7859,Male,3,2008-09-01,0.0002,Single,0,,,Yes,40.0,2048-01-17,Child,0.0,0,Yes,0,,NA,1,Created
7860,2011-01-01,7860,Male,54,1957-09-13,0.00404,Married,1555,,2036-04-02,Yes,,,Permanent contract,25541.0,-7592,No,1,,NA,1,Created
7861,2011-01-01,7861,Male,11,2000-09-10,9e-05,Single,0,,,Yes,39.0,2039-07-09,Child,0.0,0,No,0,,NA,1,Created
7862,2011-01-01,7862,Female,20,1991-08-26,0.00018,Single,0,,,Yes,45.0,2036-06-02,Permanent contract,37954.0,3879,No,0,31.0,2022-06-16,1,Created
7863,2011-01-01,7863,Female,58,1953-09-10,0.00448,Married,1611,,2034-07-19,Yes,,,Flexible contract,21964.0,333,Yes,1,,NA,1,Created
7864,2011-01-01,7864,Female,32,1979-02-11,0.00041,Married,1612,,2052-05-11,No,,,Permanent contract,7115.0,-18239,No,3,37.0,2016-09-26,1,Created
7865,2011-01-01,7865,Female,23,1988-04-07,0.0001,Single,0,,,Yes,21.0,,Unemployed,20654.0,-44841,No,0,31.0,2019-01-02,1,Created
7866,2011-01-01,7866,Male,16,1995-03-02,0.00029,Single,0,,,No,,,Child,0.0,0,Yes,0,,NA,1,Created
18563,2012-03-02,7866,Male,18,1995-03-02,0.00029,Single,0,,,Yes,63,2057-06-25,Permanent contract,3822.0,-12583,Yes,0,,NA,1,Life event: Adulthood
7867,2011-01-01,7867,Female,22,1989-07-28,0.00023999999999999998,Single,0,,,No,,,Permanent contract,16738.0,661532,Yes,0,30.0,2019-05-12,1,Created
7868,2011-01-01,7868,Male,62,1949-07-23,0.008409999999999999,Married,1556,,2023-12-10,No,,,Flexible contract,110159.0,447937,No,2,,NA,1,Created
7869,2011-01-01,7869,Male,45,1966-01-16,0.0014199999999999998,Single,0,,,No,,,Permanent contract,15248.0,482305,No,0,,NA,1,Created
7870,2011-01-01,7870,Male,50,1961-08-03,0.00257,Married,1557,,2023-09-09,No,,,Permanent contract,32280.0,10964,No,2,,NA,1,Created
7871,2011-01-01,7871,Male,38,1973-10-25,0.0009599999999999999,Married,1558,,2022-12-30,No,,,Entrepreneur without personnel,5472.0,-20163,No,2,,NA,1,Created
7872,2011-01-01,7872,Male,44,1967-12-15,0.0013599999999999999,Married,1559,,2013-07-21,Yes,,,Flexible contract,22644.0,15555,Yes,1,,NA,1,Created
7873,2011-01-01,7873,Male,65,1946-08-13,0.01141,Married,1560,,2018-11-13,No,,,Permanent contract,19663.0,54898,Yes,2,,NA,1,Created
17789,2011-08-13,7873,Male,66,1946-08-13,0.01141,Married,1560,,2018-11-13,No,,,Retired,13764.099999999999,54898,Yes,2,,NA,1,Life event: Retired
7874,2011-01-01,7874,Male,79,1932-12-14,0.05364,Married,1561,,2047-12-08,No,,,Retired,35611.0,-46567,Yes,3,,NA,1,Created
7875,2011-01-01,7875,Female,17,1994-01-17,0.0001,Single,0,,,No,,,Child,0.0,0,Yes,0,32.0,2026-09-20,1,Created
16753,2011-01-17,7875,Female,18,1994-01-17,0.0001,Single,0,,,Yes,45,2038-10-16,Permanent contract,2452.0,318259,Yes,0,32,2026-09-20,1,Life event: Adulthood
7876,2011-01-01,7876,Female,58,1953-06-08,0.00448,Married,1613,,2060-05-01,Yes,,,Permanent contract,2793.0,73668,No,1,,NA,1,Created
7877,2011-01-01,7877,Female,34,1977-08-20,0.00037,Single,0,,,No,,,Unemployed,15262.0,453,Yes,0,,NA,1,Created
7878,2011-01-01,7878,Male,56,1955-09-08,0.0052,Married,1562,,2021-06-11,No,,,Permanent contract,12859.0,35136,No,1,,NA,1,Created
7879,2011-01-01,7879,Male,15,1996-04-24,0.00015,Single,0,,,Yes,54.0,2050-03-16,Child,0.0,0,Yes,0,,NA,1,Created
7880,2011-01-01,7880,Male,69,1942-04-13,0.01804,Married,1563,,2021-08-29,Yes,,,Retired,12673.0,17766,Yes,2,,NA,1,Created
18062,2011-10-17,7880,Male,70,1942-04-13,0.01804,Married,1563,,2021-08-29,Yes,,,Retired,12673.0,17766,Yes,2,,NA,0,Life event: Deceased
7881,2011-01-01,7881,Male,51,1960-03-25,0.00301,Single,0,,,No,,,Flexible contract,2342.0,489566,No,0,,NA,1,Created
7882,2011-01-01,7882,Male,51,1960-12-19,0.00301,Married,1564,,2028-09-14,No,,,Permanent contract,91917.0,-48125,No,2,,NA,1,Created
7883,2011-01-01,7883,Female,19,1992-10-08,0.00014,Single,0,,,No,,,Permanent contract,23678.0,307,Yes,0,26.0,2018-04-04,1,Created
7884,2011-01-01,7884,Male,105,1906-07-02,1.0,Widowed,0,,,Yes,,,Retired,24270.0,91890,No,0,,NA,1,Created
16694,2011-01-07,7884,Male,105,1906-07-02,1.0,Widowed,0,,,Yes,,,Retired,24270.0,91890,No,0,,NA,0,Life event: Deceased
7885,2011-01-01,7885,Male,77,1934-05-19,0.0418,Divorced,0,,,No,,,Retired,85136.0,216430,Yes,0,,NA,1,Created
7886,2011-01-01,7886,Male,63,1948-07-09,0.00945,Married,1565,,2055-06-02,No,,,Permanent contract,6268.0,458613,Yes,3,,NA,1,Created
18908,2012-07-09,7886,Male,65,1948-07-09,0.00945,Married,1565,,2055-06-02,No,,,Retired,4387.599999999999,458613,Yes,3,,NA,1,Life event: Retired
7887,2011-01-01,7887,Male,40,1971-12-26,0.0009400000000000001,Married,1566,,2045-01-21,Yes,,,Permanent contract,35662.0,5538,Yes,2,,NA,1,Created
7888,2011-01-01,7888,Male,75,1936-02-28,0.033710000000000004,Widowed,0,,,No,,,Retired,24627.0,414559,Yes,0,,NA,1,Created
7889,2011-01-01,7889,Female,8,2003-07-14,2.9999999999999997e-05,Single,0,,,Yes,29.0,2032-09-28,Child,0.0,0,No,0,35.0,2038-12-11,1,Created
7890,2011-01-01,7890,Female,11,2000-06-15,7e-05,Single,0,,,No,,,Child,0.0,0,No,0,36.0,2036-11-15,1,Created
7891,2011-01-01,7891,Male,34,1977-12-07,0.00067,Single,0,,,No,,,Permanent contract,13994.0,425071,Yes,0,,NA,1,Created
7892,2011-01-01,7892,Female,105,1906-01-07,1.0,Widowed,0,,,No,,,Retired,29186.0,422752,No,0,,NA,1,Created
17472,2011-06-08,7892,Female,106,1906-01-07,1.0,Widowed,0,,,No,,,Retired,29186.0,422752,No,0,,NA,0,Life event: Deceased
7893,2011-01-01,7893,Female,22,1989-12-18,0.00023999999999999998,Single,0,,,No,,,Permanent contract,12250.0,210264,No,0,24.0,2013-10-27,1,Created
7894,2011-01-01,7894,Male,43,1968-06-24,0.00103,Single,0,,,Yes,35.0,,Permanent contract,56678.0,1538,Yes,0,,NA,1,Created
7895,2011-01-01,7895,Female,50,1961-05-21,0.00225,Married,1614,,2043-03-15,No,,,Entrepreneur without personnel,24474.0,3985109,Yes,1,,NA,1,Created
7896,2011-01-01,7896,Male,77,1934-03-07,0.0418,Widowed,0,,,No,,,Retired,12918.0,8357,Yes,0,,NA,1,Created
7897,2011-01-01,7897,Female,93,1918-05-19,0.18566,Widowed,0,,,Yes,,,Retired,46708.0,611,No,0,,NA,1,Created
17467,2011-06-07,7897,Female,94,1918-05-19,0.18566,Widowed,0,,,Yes,,,Retired,46708.0,611,No,0,,NA,0,Life event: Deceased
7898,2011-01-01,7898,Female,47,1964-01-15,0.00168,Married,1615,,2022-01-29,No,,,Permanent contract,94250.0,240528,Yes,2,,NA,1,Created
7899,2011-01-01,7899,Male,51,1960-01-17,0.00301,Married,1567,,2016-08-02,No,,,Unemployed,32244.0,68380,Yes,1,,NA,1,Created
7900,2011-01-01,7900,Male,40,1971-11-15,0.0009400000000000001,Married,1568,,2041-07-18,No,,,Unemployed,32575.0,473650,Yes,2,,NA,1,Created
7901,2011-01-01,7901,Male,32,1979-03-06,0.00059,Single,0,,,No,,,Permanent contract,4929.0,366243,Yes,0,,NA,1,Created
7902,2011-01-01,7902,Female,58,1953-03-24,0.00448,Divorced,0,,,Yes,,,Unemployed,40371.0,7234,Yes,0,,NA,1,Created
7903,2011-01-01,7903,Female,75,1936-01-11,0.01986,Single,0,,,Yes,60.0,,Retired,5093.0,169366,Yes,0,,NA,1,Created
7904,2011-01-01,7904,Female,48,1963-08-24,0.0018800000000000002,Divorced,0,,,No,,,Permanent contract,15447.0,286875,No,0,,NA,1,Created
7905,2011-01-01,7905,Male,7,2004-09-21,9e-05,Single,0,,,No,,,Child,0.0,0,No,0,,NA,1,Created
7906,2011-01-01,7906,Male,42,1969-03-03,0.00128,Divorced,0,,,No,,,Flexible contract,64077.0,21749,No,0,,NA,1,Created
7907,2011-01-01,7907,Male,67,1944-03-21,0.01396,Married,1569,,2024-11-04,Yes,,,Permanent contract,16926.0,-25112,Yes,2,,NA,1,Created
17099,2011-03-21,7907,Male,68,1944-03-21,0.01396,Married,1569,,2024-11-04,Yes,,,Retired,11848.199999999999,-25112,Yes,2,,NA,1,Life event: Retired
7908,2011-01-01,7908,Female,79,1932-09-26,0.03112,Widowed,0,,,Yes,,,Retired,32095.0,611430,Yes,0,,NA,1,Created
7909,2011-01-01,7909,Male,41,1970-10-14,0.0008900000000000001,Married,1570,,2033-01-30,Yes,,,Unemployed,13596.0,4712,No,1,,NA,1,Created
7910,2011-01-01,7910,Male,65,1946-01-23,0.01141,Married,1571,,2028-05-30,No,,,Permanent contract,133018.0,7253,Yes,1,,NA,1,Created
16790,2011-01-23,7910,Male,66,1946-01-23,0.01141,Married,1571,,2028-05-30,No,,,Retired,93112.59999999999,7253,Yes,1,,NA,1,Life event: Retired
7911,2011-01-01,7911,Male,14,1997-09-01,0.00014,Single,0,,,Yes,33.0,2030-01-13,Child,0.0,0,Yes,0,,NA,1,Created
7912,2011-01-01,7912,Female,45,1966-07-18,0.00134,Married,1616,,2064-01-17,Yes,,,Permanent contract,30343.0,-10283,No,2,,NA,1,Created
7913,2011-01-01,7913,Female,66,1945-09-29,0.009040000000000001,Married,1617,,2052-07-27,Yes,,,Unemployed,89663.0,8714,Yes,3,,NA,1,Created
17987,2011-09-29,7913,Female,67,1945-09-29,0.009040000000000001,Married,1617,,2052-07-27,Yes,,,Retired,62764.1,8714,Yes,3,,NA,1,Life event: Retired
7914,2011-01-01,7914,Male,18,1993-12-14,0.00032,Single,0,,,Yes,33.0,2026-11-17,Permanent contract,24877.0,63846,No,0,,NA,1,Created
7915,2011-01-01,7915,Male,2,2009-07-18,0.00021,Single,0,,,No,,,Child,0.0,0,No,0,,NA,1,Created
7916,2011-01-01,7916,Male,50,1961-12-19,0.00257,Married,1572,,2031-06-13,No,,,Permanent contract,23683.0,285222,No,1,,NA,1,Created
7917,2011-01-01,7917,Female,1,2010-06-13,0.00033999999999999997,Single,0,,,No,,,Child,0.0,0,Yes,0,22.0,2032-09-16,1,Created
7918,2011-01-01,7918,Male,77,1934-10-06,0.0418,Married,1573,,2055-01-31,No,,,Retired,16232.0,18959,Yes,2,,NA,1,Created
7919,2011-01-01,7919,Female,35,1976-08-21,0.00033999999999999997,Single,0,,,No,,,Permanent contract,20568.0,-38847,No,0,35.0,2011-10-24,1,Created
7920,2011-01-01,7920,Female,65,1946-10-02,0.007559999999999999,Married,1618,,2064-10-13,No,,,Permanent contract,42318.0,68754,No,1,,NA,1,Created
17996,2011-10-02,7920,Female,66,1946-10-02,0.007559999999999999,Married,1618,,2064-10-13,No,,,Retired,29622.6,68754,No,1,,NA,1,Life event: Retired
7921,2011-01-01,7921,Female,15,1996-11-22,8e-05,Single,0,,,Yes,35.0,2031-09-14,Child,0.0,0,Yes,0,23.0,2019-08-05,1,Created
7922,2011-01-01,7922,Female,23,1988-12-26,0.0001,Single,0,,,No,,,Unemployed,3389.0,6921,No,0,26.0,2014-04-02,1,Created
7923,2011-01-01,7923,Male,74,1937-05-19,0.0295,Married,1574,,2062-10-16,Yes,,,Retired,24631.0,-139,Yes,3,,NA,1,Created
7924,2011-01-01,7924,Male,33,1978-10-14,0.00047999999999999996,Married,1575,,2012-01-15,Yes,,,Permanent contract,26133.0,130308,No,2,,NA,1,Created
18432,2012-01-15,7924,Male,34,1978-10-14,0.00047999999999999996,Divorced,1575,,2012-01-15,Yes,,,Permanent contract,26133.0,130308,No,2,,NA,1,Life event: Divorced
7925,2011-01-01,7925,Male,65,1946-06-20,0.01141,Married,1576,,2025-04-14,No,,,Permanent contract,30885.0,190533,Yes,1,,NA,1,Created
17541,2011-06-20,7925,Male,66,1946-06-20,0.01141,Married,1576,,2025-04-14,No,,,Retired,21619.5,190533,Yes,1,,NA,1,Life event: Retired
7926,2011-01-01,7926,Male,22,1989-05-07,0.00041,Single,0,,,Yes,33.0,2022-11-23,Permanent contract,33909.0,73393,No,0,,NA,1,Created
7927,2011-01-01,7927,Male,50,1961-01-19,0.00257,Married,1577,,2022-03-12,Yes,,,Permanent contract,21391.0,10704,No,2,,NA,1,Created
7928,2011-01-01,7928,Female,58,1953-12-20,0.00448,Divorced,0,,,No,,,Permanent contract,675.0,586476,Yes,0,,NA,1,Created
7929,2011-01-01,7929,Male,24,1987-07-14,0.00047999999999999996,Single,0,,,Yes,36.0,2023-01-11,Permanent contract,24125.0,-6407,No,0,,NA,1,Created
7930,2011-01-01,7930,Male,8,2003-05-17,9e-05,Single,0,,,No,,,Child,0.0,0,No,0,,NA,1,Created
7931,2011-01-01,7931,Male,26,1985-02-17,1.0,Single,0,,,No,,,Entrepreneur without personnel,7719.0,36909,No,0,,NA,1,Created
17542,2011-06-20,7931,Male,27,1985-02-17,1.0,Single,0,,,No,,,Entrepreneur without personnel,7719.0,36909,No,0,,NA,0,Life event: Deceased
7932,2011-01-01,7932,Female,51,1960-09-26,0.0023899999999999998,Married,1619,,2050-04-05,No,,,Permanent contract,27651.0,-36134,Yes,1,,NA,1,Created
7933,2011-01-01,7933,Male,59,1952-11-11,0.00717,Married,1578,,2023-12-23,Yes,,,Permanent contract,4361.0,29999,No,2,,NA,1,Created
7934,2011-01-01,7934,Female,36,1975-07-08,0.00049,Married,1620,,2025-10-15,Yes,,,Flexible contract,35421.0,63444,Yes,3,,NA,1,Created
7935,2011-01-01,7935,Female,45,1966-02-21,0.00134,Divorced,0,,,Yes,,,Unemployed,23996.0,-2817,No,0,,NA,1,Created
7936,2011-01-01,7936,Female,39,1972-10-12,0.00074,Married,1621,,2051-02-03,No,,,Permanent contract,36869.0,9032,No,1,,NA,1,Created
7937,2011-01-01,7937,Female,83,1928-12-30,0.057,Married,1622,,2035-04-29,Yes,,,Retired,44415.0,-2974,No,1,,NA,1,Created
7938,2011-01-01,7938,Female,65,1946-01-17,0.007559999999999999,Married,1623,,2030-01-22,Yes,,,Permanent contract,2830.0,-44640,No,2,,NA,1,Created
16754,2011-01-17,7938,Female,66,1946-01-17,0.007559999999999999,Married,1623,,2030-01-22,Yes,,,Retired,1980.9999999999998,-44640,No,2,,NA,1,Life event: Retired
7939,2011-01-01,7939,Male,8,2003-03-16,9e-05,Single,0,,,Yes,26.0,2029-09-10,Child,0.0,0,Yes,0,,NA,1,Created
7940,2011-01-01,7940,Male,73,1938-03-09,0.0262,Divorced,0,,,No,,,Retired,27661.0,396998,No,0,,NA,1,Created
7941,2011-01-01,7941,Male,101,1910-10-15,1.0,Widowed,0,,,No,,,Retired,14684.0,757109,Yes,0,,NA,1,Created
17889,2011-09-05,7941,Male,101,1910-10-15,1.0,Widowed,0,,,No,,,Retired,14684.0,757109,Yes,0,,NA,0,Life event: Deceased
7942,2011-01-01,7942,Female,52,1959-12-04,0.00268,Married,1624,,2021-06-19,No,,,Permanent contract,48654.0,38019,No,1,,NA,1,Created
7943,2011-01-01,7943,Male,29,1982-01-10,0.0005200000000000001,Single,0,,,Yes,33.0,2015-04-23,Flexible contract,20630.0,8029,No,0,,NA,1,Created
7944,2011-01-01,7944,Male,59,1952-08-18,0.00717,Married,1579,,2036-09-29,No,,,Permanent contract,8228.0,124930,Yes,2,,NA,1,Created
7945,2011-01-01,7945,Female,12,1999-04-27,5e-05,Single,0,,,No,,,Child,0.0,0,No,0,29.0,2028-09-07,1,Created
7946,2011-01-01,7946,Female,64,1947-04-02,0.00713,Single,0,,,No,,,Permanent contract,12587.0,180013,No,0,,NA,1,Created
17158,2011-04-02,7946,Female,65,1947-04-02,0.00713,Single,0,,,No,,,Retired,8810.9,180013,No,0,,NA,1,Life event: Retired
7947,2011-01-01,7947,Female,80,1931-11-23,0.03682,Married,1625,,2053-02-19,No,,,Retired,17682.0,292178,No,3,,NA,1,Created
7948,2011-01-01,7948,Male,38,1973-12-24,0.0009599999999999999,Single,0,,,No,,,Permanent contract,179510.0,392440,No,0,,NA,1,Created
7949,2011-01-01,7949,Female,54,1957-04-03,0.00313,Married,1626,,2040-02-18,No,,,Entrepreneur with personel,10809.0,252910,No,2,,NA,1,Created
7950,2011-01-01,7950,Male,23,1988-07-13,0.00039,Single,0,,,Yes,27.0,2015-01-11,Flexible contract,33680.0,-15227,No,0,,NA,1,Created
7951,2011-01-01,7951,Female,58,1953-09-01,0.00448,Divorced,0,,,Yes,,,Flexible contract,86685.0,117706,Yes,0,,NA,1,Created
7952,2011-01-01,7952,Male,16,1995-11-25,0.00029,Single,0,,,No,,,Child,0.0,0,No,0,,NA,1,Created
19273,2012-11-25,7952,Male,18,1995-11-25,0.00029,Single,0,,,No,,,Permanent contract,63623.0,163463,No,0,,NA,1,Life event: Adulthood
7953,2011-01-01,7953,Male,25,1986-08-24,0.00033999999999999997,Single,0,,,No,,,Flexible contract,18694.0,-20992,Yes,0,,NA,1,Created
7954,2011-01-01,7954,Male,3,2008-02-16,0.0002,Single,0,,,No,,,Child,0.0,0,Yes,0,,NA,1,Created
7955,2011-01-01,7955,Female,70,1941-08-20,0.01252,Widowed,0,,,No,,,Retired,3774.0,176980,No,0,,NA,1,Created
7956,2011-01-01,7956,Male,66,1945-08-05,0.01401,Divorced,0,,,No,,,Flexible contract,5471.0,2798,No,0,,NA,1,Created
17744,2011-08-05,7956,Male,67,1945-08-05,0.01401,Divorced,0,,,No,,,Retired,3829.7,2798,No,0,,NA,1,Life event: Retired
7957,2011-01-01,7957,Female,31,1980-07-30,0.00029,Single,0,,,Yes,20.0,,Flexible contract,59615.0,7991,Yes,0,46.0,2026-09-29,1,Created
7958,2011-01-01,7958,Female,1,2010-05-12,0.00033999999999999997,Single,0,,,No,,,Child,0.0,0,Yes,0,28.0,2038-06-11,1,Created
7959,2011-01-01,7959,Female,63,1948-01-26,0.00672,Married,1627,,2046-08-09,Yes,,,Permanent contract,24233.0,119902,Yes,2,,NA,1,Created
18472,2012-01-26,7959,Female,65,1948-01-26,0.00672,Married,1627,,2046-08-09,Yes,,,Retired,16963.1,119902,Yes,2,,NA,1,Life event: Retired
7960,2011-01-01,7960,Female,35,1976-03-22,0.00033999999999999997,Married,1628,,2017-09-12,Yes,,,Entrepreneur without personnel,16181.0,1563,Yes,2,,NA,1,Created
7961,2011-01-01,7961,Female,26,1985-11-24,1.0,Single,0,,,No,,,Flexible contract,5139.0,172003,No,0,34.0,2019-06-17,1,Created
16977,2011-02-25,7961,Female,26,1985-11-24,1.0,Single,0,,,No,,,Flexible contract,5139.0,172003,No,0,34,2019-06-17,0,Life event: Deceased
7962,2011-01-01,7962,Female,26,1985-12-13,1.0,Single,0,,,Yes,45.0,2030-03-22,Permanent contract,8451.0,-35693,Yes,0,31.0,2016-10-31,1,Created
17114,2011-03-24,7962,Female,26,1985-12-13,1.0,Single,0,,,Yes,45,2030-03-22,Permanent contract,8451.0,-35693,Yes,0,31,2016-10-31,0,Life event: Deceased
7963,2011-01-01,7963,Male,27,1984-07-04,0.00044,Single,0,,,Yes,41.0,2025-02-23,Permanent contract,31567.0,-45794,No,0,,NA,1,Created
7964,2011-01-01,7964,Female,103,1908-05-09,1.0,Single,0,,,No,,,Retired,16381.0,4082,Yes,0,,NA,1,Created
18925,2012-07-13,7964,Female,105,1908-05-09,1.0,Single,0,,,No,,,Retired,16381.0,4082,Yes,0,,NA,0,Life event: Deceased
7965,2011-01-01,7965,Male,59,1952-12-20,0.00717,Married,1580,,2039-03-19,No,,,Unemployed,5165.0,155725,Yes,2,,NA,1,Created
7966,2011-01-01,7966,Female,59,1952-12-12,0.00479,Married,1629,,2050-08-30,Yes,,,Permanent contract,20917.0,19629,Yes,2,,NA,1,Created
7967,2011-01-01,7967,Male,16,1995-03-18,0.00029,Single,0,,,Yes,30.0,2025-12-23,Child,0.0,0,Yes,0,,NA,1,Created
18599,2012-03-18,7967,Male,18,1995-03-18,0.00029,Single,0,,,No,,,Flexible contract,60334.0,-43432,Yes,0,,NA,1,Life event: Adulthood
7968,2011-01-01,7968,Male,44,1967-03-16,0.0013599999999999999,Divorced,0,,,No,,,Unemployed,38677.0,403050,No,0,,NA,1,Created
7969,2011-01-01,7969,Male,12,1999-02-17,0.00011,Single,0,,,Yes,27.0,2026-07-20,Child,0.0,0,Yes,0,,NA,1,Created
7970,2011-01-01,7970,Male,29,1982-10-21,0.0005200000000000001,Single,0,,,No,,,Permanent contract,421.0,1082,Yes,0,,NA,1,Created
7971,2011-01-01,7971,Female,40,1971-07-08,0.0006900000000000001,Married,1630,,2046-10-14,Yes,,,Flexible contract,43836.0,338111,Yes,2,,NA,1,Created
7972,2011-01-01,7972,Female,2,2009-10-08,0.00015,Single,0,,,No,,,Child,0.0,0,Yes,0,25.0,2034-11-03,1,Created
7973,2011-01-01,7973,Female,70,1941-02-24,0.01252,Married,1631,,2041-11-18,No,,,Retired,71077.0,653,No,1,,NA,1,Created
7974,2011-01-01,7974,Female,68,1943-11-28,0.00983,Single,0,,,Yes,36.0,,Retired,88328.0,533314,No,0,,NA,1,Created
7975,2011-01-01,7975,Female,43,1968-03-18,0.0009699999999999999,Single,0,,,No,,,Flexible contract,12973.0,7720,No,0,,NA,1,Created
7976,2011-01-01,7976,Male,44,1967-10-27,0.0013599999999999999,Married,1581,,2056-07-16,No,,,Flexible contract,24576.0,64265,Yes,1,,NA,1,Created
7977,2011-01-01,7977,Female,12,1999-08-03,5e-05,Single,0,,,No,,,Child,0.0,0,No,0,32.0,2031-02-04,1,Created
7978,2011-01-01,7978,Male,69,1942-10-07,0.01804,Married,1582,,2051-10-31,Yes,,,Retired,24351.0,-718,Yes,3,,NA,1,Created
7979,2011-01-01,7979,Male,70,1941-03-13,0.01932,Married,1583,,2061-01-29,Yes,,,Retired,39296.0,36578,No,1,,NA,1,Created
7980,2011-01-01,7980,Female,17,1994-04-21,0.0001,Single,0,,,Yes,35.0,2029-05-31,Child,0.0,0,No,0,34.0,2028-07-11,1,Created
17243,2011-04-21,7980,Female,18,1994-04-21,0.0001,Single,0,,,No,,,Unemployed,64549.0,4732742,No,0,34,2028-07-11,1,Life event: Adulthood
7981,2011-01-01,7981,Female,26,1985-05-28,1.0,Single,0,,,Yes,37.0,2022-05-22,Entrepreneur with personel,8833.0,61245,Yes,0,,NA,1,Created
18646,2012-04-04,7981,Female,27,1985-05-28,1.0,Single,0,,,Yes,37,2022-05-22,Entrepreneur with personel,8833.0,61245,Yes,0,,NA,0,Life event: Deceased
7982,2011-01-01,7982,Female,36,1975-07-06,0.00049,Married,1632,,2056-04-26,Yes,,,Permanent contract,41233.0,-6427,Yes,2,,NA,1,Created
7983,2011-01-01,7983,Female,28,1983-03-15,0.00025,Single,0,,,Yes,35.0,2018-08-15,Flexible contract,47692.0,347684,Yes,0,,NA,1,Created
7984,2011-01-01,7984,Male,10,2001-03-14,0.00011999999999999999,Single,0,,,Yes,27.0,2028-07-02,Child,0.0,0,No,0,,NA,1,Created
7985,2011-01-01,7985,Female,17,1994-12-31,0.0001,Single,0,,,Yes,25.0,2019-12-24,Child,0.0,0,No,0,28.0,2022-04-02,1,Created
18385,2011-12-31,7985,Female,18,1994-12-31,0.0001,Single,0,,,Yes,35,2028-06-16,Permanent contract,26126.0,-45641,No,0,28,2022-04-02,1,Life event: Adulthood
7986,2011-01-01,7986,Female,21,1990-01-13,0.00016,Single,0,,,Yes,45.0,2035-09-08,Permanent contract,1218.0,953,Yes,0,32.0,2022-07-02,1,Created
7987,2011-01-01,7987,Male,49,1962-09-26,0.00242,Married,1584,,2060-05-02,Yes,,,Entrepreneur without personnel,786.0,76108,No,2,,NA,1,Created
7988,2011-01-01,7988,Female,43,1968-03-17,0.0009699999999999999,Married,1633,,2047-06-29,Yes,,,Permanent contract,57652.0,3989,Yes,3,,NA,1,Created
7989,2011-01-01,7989,Male,75,1936-12-12,0.033710000000000004,Widowed,0,,,No,,,Retired,3405.0,109701,Yes,0,,NA,1,Created
7990,2011-01-01,7990,Female,63,1948-04-02,0.00672,Married,1634,,2061-02-11,No,,,Entrepreneur without personnel,22150.0,-22406,Yes,2,,NA,1,Created
18638,2012-04-02,7990,Female,65,1948-04-02,0.00672,Married,1634,,2061-02-11,No,,,Retired,15504.999999999998,-22406,Yes,2,,NA,1,Life event: Retired
7991,2011-01-01,7991,Female,18,1993-05-07,0.00023999999999999998,Single,0,,,No,,,Entrepreneur without personnel,4214.0,553315,No,0,36.0,2029-01-03,1,Created
7992,2011-01-01,7992,Male,41,1970-10-03,0.0008900000000000001,Married,1585,,2042-02-19,No,,,Permanent contract,800.0,2982,Yes,2,,NA,1,Created
7993,2011-01-01,7993,Male,24,1987-05-13,0.00047999999999999996,Single,0,,,Yes,40.0,2027-05-07,Flexible contract,15826.0,233918,Yes,0,,NA,1,Created
7994,2011-01-01,7994,Male,9,2002-08-17,0.00014,Single,0,,,No,,,Child,0.0,0,No,0,,NA,1,Created
7995,2011-01-01,7995,Male,68,1943-02-26,0.01522,Married,1586,,2048-05-29,No,,,Retired,15709.0,516497,Yes,2,,NA,1,Created
7996,2011-01-01,7996,Male,27,1984-05-19,0.00044,Single,0,,,Yes,38.0,2022-03-31,Flexible contract,94438.0,-4100,Yes,0,,NA,1,Created
7997,2011-01-01,7997,Female,100,1911-02-23,1.0,Widowed,0,,,No,,,Retired,13305.0,1012,No,0,,NA,1,Created
18016,2011-10-06,7997,Female,101,1911-02-23,1.0,Widowed,0,,,No,,,Retired,13305.0,1012,No,0,,NA,0,Life event: Deceased
7998,2011-01-01,7998,Male,29,1982-10-03,0.0005200000000000001,Single,0,,,No,,,Permanent contract,56005.0,29588,Yes,0,,NA,1,Created
7999,2011-01-01,7999,Female,3,2008-08-15,0.00013000000000000002,Single,0,,,Yes,32.0,2040-07-21,Child,0.0,0,No,0,27.0,2035-11-09,1,Created
8000,2011-01-01,8000,Female,1,2010-10-21,0.00033999999999999997,Single,0,,,No,,,Child,0.0,0,Yes,0,29.0,2039-10-26,1,Created
8001,2011-01-01,8001,Female,64,1947-11-30,0.00713,Married,1635,,2020-09-12,Yes,,,Permanent contract,25519.0,487508,Yes,2,,NA,1,Created
18239,2011-11-30,8001,Female,65,1947-11-30,0.00713,Married,1635,,2020-09-12,Yes,,,Retired,17863.3,487508,Yes,2,,NA,1,Life event: Retired
8002,2011-01-01,8002,Female,34,1977-05-21,0.00037,Single,0,,,No,,,Permanent contract,17840.0,124769,Yes,0,36.0,2013-03-29,1,Created
8003,2011-01-01,8003,Female,30,1981-01-23,0.00027,Single,0,,,Yes,31.0,2012-10-02,Entrepreneur with personel,88231.0,21737,Yes,0,30.0,2011-08-07,1,Created
19136,2012-10-02,8003,Female,32,1981-01-23,0.00027,Married,3495,54,2066-01-22,Yes,31,2012-10-02,Entrepreneur with personel,88231.0,21737,Yes,0,30,2011-08-07,1,Life event: Married
8004,2011-01-01,8004,Female,50,1961-02-15,0.00225,Married,1636,,2047-11-04,No,,,Permanent contract,39495.0,118257,No,1,,NA,1,Created
8005,2011-01-01,8005,Male,62,1949-11-18,0.008409999999999999,Married,1587,,2021-05-24,Yes,,,Flexible contract,17051.0,303868,No,3,,NA,1,Created
8006,2011-01-01,8006,Male,56,1955-12-07,0.0052,Married,1588,,2044-09-23,Yes,,,Permanent contract,87641.0,321907,No,3,,NA,1,Created
8007,2011-01-01,8007,Female,36,1975-01-05,0.00049,Married,1637,,2041-07-10,No,,,Flexible contract,169604.0,-38951,No,2,,NA,1,Created
8008,2011-01-01,8008,Female,37,1974-03-09,0.00057,Married,1638,,2045-03-06,No,,,Permanent contract,30390.0,699828,Yes,2,,NA,1,Created
8009,2011-01-01,8009,Female,10,2001-07-22,0.0001,Single,0,,,No,,,Child,0.0,0,No,0,32.0,2033-10-17,1,Created
8010,2011-01-01,8010,Female,27,1984-07-08,0.00025,Single,0,,,No,,,Permanent contract,3136.0,-27589,No,0,37.0,2021-03-06,1,Created
8011,2011-01-01,8011,Female,37,1974-11-28,0.00057,Married,1639,,2051-07-15,No,,,Permanent contract,39490.0,3733,Yes,1,,NA,1,Created
8012,2011-01-01,8012,Female,71,1940-10-04,0.013009999999999999,Married,1640,,2028-05-20,Yes,,,Retired,91698.0,14364,Yes,1,,NA,1,Created
8013,2011-01-01,8013,Male,56,1955-08-30,0.0052,Divorced,0,,,No,,,Entrepreneur without personnel,27960.0,79953,No,0,,NA,1,Created
8014,2011-01-01,8014,Female,44,1967-08-09,0.00107,Married,1641,,2048-12-28,No,,,Permanent contract,22328.0,105,No,2,,NA,1,Created
8015,2011-01-01,8015,Female,59,1952-07-07,0.00479,Single,0,,,Yes,34.0,,Permanent contract,18631.0,153854,Yes,0,,NA,1,Created
8016,2011-01-01,8016,Male,42,1969-08-29,0.00128,Single,0,,,No,,,Permanent contract,34557.0,-19756,Yes,0,,NA,1,Created
8017,2011-01-01,8017,Male,44,1967-05-15,0.0013599999999999999,Married,1589,,2018-04-05,Yes,,,Permanent contract,16616.0,1443,Yes,1,,NA,1,Created
8018,2011-01-01,8018,Female,5,2006-05-24,4e-05,Single,0,,,Yes,38.0,2044-07-28,Child,0.0,0,Yes,0,31.0,2037-07-28,1,Created
8019,2011-01-01,8019,Female,53,1958-10-27,0.00312,Married,1642,,2021-02-20,No,,,Flexible contract,14740.0,-10477,Yes,3,,NA,1,Created
8020,2011-01-01,8020,Male,37,1974-07-20,0.00082,Married,1590,,2023-02-22,No,,,Permanent contract,46242.0,340338,No,1,,NA,1,Created
8021,2011-01-01,8021,Female,32,1979-03-09,0.00041,Married,1643,,2044-07-13,No,,,Permanent contract,33798.0,-1693,No,1,,NA,1,Created
8022,2011-01-01,8022,Male,44,1967-10-07,0.0013599999999999999,Married,1591,,2036-05-03,Yes,,,Permanent contract,33592.0,113302,Yes,2,,NA,1,Created
8023,2011-01-01,8023,Male,60,1951-09-28,0.006840000000000001,Married,1592,,2028-12-30,No,,,Unemployed,1145.0,98924,Yes,1,,NA,1,Created
8024,2011-01-01,8024,Male,25,1986-12-08,0.00033999999999999997,Single,0,,,No,,,Permanent contract,31380.0,106499,Yes,0,,NA,1,Created
8025,2011-01-01,8025,Female,62,1949-05-08,0.0057399999999999994,Married,1644,,2064-04-23,Yes,,,Permanent contract,26165.0,1434,Yes,1,,NA,1,Created
8026,2011-01-01,8026,Female,13,1998-02-09,0.00011999999999999999,Single,0,,,Yes,22.0,2020-09-06,Child,0.0,0,Yes,0,30.0,2028-01-30,1,Created
8027,2011-01-01,8027,Female,68,1943-04-23,0.00983,Married,1645,,2033-08-18,Yes,,,Retired,32228.0,4970,No,1,,NA,1,Created
8028,2011-01-01,8028,Female,55,1956-11-18,0.00372,Married,1646,,2035-05-14,No,,,Permanent contract,17685.0,158415,Yes,2,,NA,1,Created
8029,2011-01-01,8029,Male,64,1947-08-14,0.01097,Married,1593,,2025-12-06,Yes,,,Entrepreneur without personnel,2352.0,-27115,Yes,3,,NA,1,Created
17797,2011-08-14,8029,Male,65,1947-08-14,0.01097,Married,1593,,2025-12-06,Yes,,,Retired,1646.3999999999999,-27115,Yes,3,,NA,1,Life event: Retired
8030,2011-01-01,8030,Male,37,1974-11-26,0.00082,Married,1594,,2054-06-27,Yes,,,Permanent contract,13457.0,169413,Yes,2,,NA,1,Created
8031,2011-01-01,8031,Female,48,1963-07-06,0.0018800000000000002,Married,1647,,2013-08-14,No,,,Permanent contract,12327.0,68908,No,3,,NA,1,Created
8032,2011-01-01,8032,Female,29,1982-11-07,0.00032,Single,0,,,Yes,21.0,,Permanent contract,41767.0,145990,Yes,0,31.0,2013-10-30,1,Created
8033,2011-01-01,8033,Female,43,1968-01-02,0.0009699999999999999,Married,1648,,2037-09-20,Yes,,,Permanent contract,12023.0,330235,Yes,1,,NA,1,Created
8034,2011-01-01,8034,Male,19,1992-11-15,0.00033,Single,0,,,No,,,Entrepreneur without personnel,18515.0,416988,Yes,0,,NA,1,Created
8035,2011-01-01,8035,Male,40,1971-09-24,0.0009400000000000001,Single,0,,,No,,,Permanent contract,71783.0,-48009,No,0,,NA,1,Created
8036,2011-01-01,8036,Female,26,1985-02-27,1.0,Single,0,,,No,,,Flexible contract,98352.0,35807,Yes,0,26.0,2011-01-08,1,Created
17060,2011-03-14,8036,Female,27,1985-02-27,1.0,Single,0,,,No,,,Flexible contract,98352.0,35807,Yes,0,26,2011-01-08,0,Life event: Deceased
8037,2011-01-01,8037,Female,1,2010-11-14,0.00033999999999999997,Single,0,,,No,,,Child,0.0,0,No,0,33.0,2043-11-13,1,Created
8038,2011-01-01,8038,Female,23,1988-10-06,0.0001,Single,0,,,Yes,25.0,2013-03-02,Permanent contract,1625.0,8293,Yes,0,38.0,2026-11-28,1,Created
8039,2011-01-01,8039,Female,14,1997-03-24,9e-05,Single,0,,,Yes,29.0,2026-11-24,Child,0.0,0,Yes,0,28.0,2025-06-07,1,Created
8040,2011-01-01,8040,Male,8,2003-07-23,9e-05,Single,0,,,No,,,Child,0.0,0,No,0,,NA,1,Created
8041,2011-01-01,8041,Female,47,1964-03-20,0.00168,Married,1649,,2057-12-06,No,,,Permanent contract,29932.0,-10294,No,2,,NA,1,Created
8042,2011-01-01,8042,Female,19,1992-03-13,0.00014,Single,0,,,Yes,31.0,2023-05-02,Entrepreneur without personnel,29405.0,41505,Yes,0,43.0,2035-09-09,1,Created
8043,2011-01-01,8043,Female,43,1968-02-29,0.0009699999999999999,Single,0,,,Yes,55.0,2023-05-12,Permanent contract,23791.0,126370,Yes,0,,NA,1,Created
8044,2011-01-01,8044,Female,34,1977-08-24,0.00037,Married,1650,,2022-12-31,No,,,Permanent contract,22950.0,729,No,1,,NA,1,Created
8045,2011-01-01,8045,Male,69,1942-02-01,0.01804,Married,1595,,2024-01-25,Yes,,,Retired,3467.0,3220,Yes,3,,NA,1,Created
8046,2011-01-01,8046,Female,21,1990-10-30,0.00016,Single,0,,,Yes,33.0,2023-08-05,Flexible contract,24599.0,259803,No,0,32.0,2022-08-15,1,Created
8047,2011-01-01,8047,Female,19,1992-09-12,0.00014,Single,0,,,No,,,Permanent contract,20929.0,-49987,No,0,39.0,2031-03-24,1,Created
8048,2011-01-01,8048,Female,64,1947-08-26,0.00713,Married,1651,,2032-06-08,Yes,,,Permanent contract,42278.0,1698580,Yes,3,,NA,1,Created
17858,2011-08-26,8048,Female,65,1947-08-26,0.00713,Married,1651,,2032-06-08,Yes,,,Retired,29594.6,1698580,Yes,3,,NA,1,Life event: Retired
8049,2011-01-01,8049,Female,80,1931-01-07,0.03682,Married,1652,,2041-08-05,Yes,,,Retired,28452.0,199006,Yes,3,,NA,1,Created
8050,2011-01-01,8050,Male,54,1957-07-05,0.00404,Married,1596,,2065-11-11,No,,,Permanent contract,4613.0,379988,No,3,,NA,1,Created
8051,2011-01-01,8051,Female,55,1956-07-24,0.00372,Married,1653,,2040-08-11,No,,,Permanent contract,5526.0,98669,No,3,,NA,1,Created
8052,2011-01-01,8052,Female,64,1947-11-13,0.00713,Married,1654,,2050-10-11,No,,,Permanent contract,35658.0,15107,Yes,1,,NA,1,Created
18177,2011-11-13,8052,Female,65,1947-11-13,0.00713,Married,1654,,2050-10-11,No,,,Retired,24960.6,15107,Yes,1,,NA,1,Life event: Retired
8053,2011-01-01,8053,Male,29,1982-03-26,0.0005200000000000001,Single,0,,,No,,,Entrepreneur with personel,13691.0,11409,No,0,,NA,1,Created
8054,2011-01-01,8054,Female,26,1985-06-13,1.0,Single,0,,,No,,,Permanent contract,36426.0,42138,No,0,27.0,2012-09-19,1,Created
18335,2011-12-21,8054,Female,27,1985-06-13,1.0,Single,0,,,No,,,Permanent contract,36426.0,42138,No,0,27,2012-09-19,0,Life event: Deceased
8055,2011-01-01,8055,Male,55,1956-08-05,0.00419,Widowed,0,,,No,,,Permanent contract,26229.0,324532,Yes,0,,NA,1,Created
8056,2011-01-01,8056,Male,65,1946-07-02,0.01141,Married,1597,,2041-03-25,No,,,Permanent contract,48342.0,206845,Yes,2,,NA,1,Created
17592,2011-07-02,8056,Male,66,1946-07-02,0.01141,Married,1597,,2041-03-25,No,,,Retired,33839.4,206845,Yes,2,,NA,1,Life event: Retired
8057,2011-01-01,8057,Male,42,1969-07-02,0.00128,Married,1598,,2046-12-24,No,,,Entrepreneur without personnel,25893.0,85162,No,3,,NA,1,Created
8058,2011-01-01,8058,Female,72,1939-04-01,0.01411,Married,1655,,2044-07-11,Yes,,,Retired,24586.0,340541,Yes,2,,NA,1,Created
8059,2011-01-01,8059,Male,41,1970-06-05,0.0008900000000000001,Married,1599,,2013-06-28,Yes,,,Unemployed,82522.0,-4249,Yes,3,,NA,1,Created
8060,2011-01-01,8060,Female,6,2005-05-31,8e-05,Single,0,,,No,,,Child,0.0,0,No,0,26.0,2031-05-08,1,Created
8061,2011-01-01,8061,Female,21,1990-09-11,0.00016,Single,0,,,No,,,Permanent contract,33375.0,365282,Yes,0,32.0,2022-10-10,1,Created
8062,2011-01-01,8062,Male,42,1969-02-18,0.00128,Single,0,,,No,,,Unemployed,95955.0,185,Yes,0,,NA,1,Created
8063,2011-01-01,8063,Female,55,1956-11-28,0.00372,Married,1656,,2052-05-31,Yes,,,Flexible contract,14175.0,25055,Yes,1,,NA,1,Created
8064,2011-01-01,8064,Male,42,1969-02-17,0.00128,Single,0,,,No,,,Flexible contract,32351.0,7670,No,0,,NA,1,Created
8065,2011-01-01,8065,Male,44,1967-05-18,0.0013599999999999999,Married,1600,,2057-10-23,Yes,,,Flexible contract,46916.0,-2924,Yes,1,,NA,1,Created
8066,2011-01-01,8066,Female,105,1906-07-07,1.0,Single,0,,,No,,,Retired,19038.0,252207,Yes,0,,NA,1,Created
16835,2011-02-01,8066,Female,105,1906-07-07,1.0,Single,0,,,No,,,Retired,19038.0,252207,Yes,0,,NA,0,Life event: Deceased
8067,2011-01-01,8067,Female,92,1919-11-05,0.17376,Married,1657,,2053-10-10,No,,,Retired,4342.0,299514,No,2,,NA,1,Created
8068,2011-01-01,8068,Male,78,1933-08-02,0.04668,Married,1601,,2030-08-19,Yes,,,Retired,7656.0,-30041,No,1,,NA,1,Created
8069,2011-01-01,8069,Male,64,1947-01-25,0.01097,Married,1602,,2017-05-06,Yes,,,Permanent contract,7617.0,863382,Yes,1,,NA,1,Created
16800,2011-01-25,8069,Male,65,1947-01-25,0.01097,Married,1602,,2017-05-06,Yes,,,Retired,5331.9,863382,Yes,1,,NA,1,Life event: Retired
8070,2011-01-01,8070,Female,76,1935-01-17,0.02337,Widowed,0,,,No,,,Retired,19233.0,11120,Yes,0,,NA,1,Created
8071,2011-01-01,8071,Female,83,1928-10-20,0.057,Married,1658,,2040-03-04,No,,,Retired,11890.0,238944,Yes,1,,NA,1,Created
8072,2011-01-01,8072,Male,56,1955-12-09,0.0052,Married,1603,,2040-10-02,Yes,,,Permanent contract,34712.0,467999,No,2,,NA,1,Created
18389,2012-01-01,8072,Male,57,1955-12-09,0.0052,Widowed,1603,,2040-10-02,Yes,,,Permanent contract,34712.0,467999,No,2,,NA,1,Life event: Widowed
8073,2011-01-01,8073,Male,20,1991-01-22,0.00045,Single,0,,,Yes,48.0,2039-12-22,Permanent contract,4810.0,48447,No,0,,NA,1,Created
8074,2011-01-01,8074,Male,16,1995-10-15,0.00029,Single,0,,,Yes,41.0,2036-01-25,Child,0.0,0,Yes,0,,NA,1,Created
19163,2012-10-15,8074,Male,18,1995-10-15,0.00029,Single,0,,,No,,,Entrepreneur without personnel,41074.0,483274,Yes,0,,NA,1,Life event: Adulthood
8075,2011-01-01,8075,Female,61,1950-11-07,0.00562,Married,1659,,2025-02-09,Yes,,,Entrepreneur without personnel,20156.0,18126,Yes,1,,NA,1,Created
8076,2011-01-01,8076,Male,28,1983-12-31,0.00045,Single,0,,,Yes,50.0,2033-05-01,Entrepreneur without personnel,82454.0,29954,Yes,0,,NA,1,Created
8077,2011-01-01,8077,Male,13,1998-03-16,0.00014,Single,0,,,No,,,Child,0.0,0,Yes,0,,NA,1,Created
8078,2011-01-01,8078,Male,69,1942-12-11,0.01804,Married,1604,,2032-04-11,Yes,,,Retired,20481.0,381384,No,1,,NA,1,Created
8079,2011-01-01,8079,Female,53,1958-12-17,0.00312,Married,1660,,2054-10-22,Yes,,,Permanent contract,27170.0,154260,No,2,,NA,1,Created
8080,2011-01-01,8080,Female,3,2008-08-04,0.00013000000000000002,Single,0,,,No,,,Child,0.0,0,No,0,37.0,2045-07-13,1,Created
8081,2011-01-01,8081,Female,45,1966-05-03,0.00134,Married,1661,,2036-06-14,No,,,Permanent contract,18553.0,15394,Yes,2,,NA,1,Created
8082,2011-01-01,8082,Male,37,1974-06-10,0.00082,Single,0,,,No,,,Permanent contract,14498.0,972931,Yes,0,,NA,1,Created
8083,2011-01-01,8083,Female,4,2007-12-24,5.9999999999999995e-05,Single,0,,,No,,,Child,0.0,0,Yes,0,39.0,2046-07-09,1,Created
8084,2011-01-01,8084,Female,77,1934-01-28,0.0259,Married,1662,,2039-06-21,No,,,Retired,32016.0,653064,Yes,2,,NA,1,Created
8085,2011-01-01,8085,Male,59,1952-10-05,0.00717,Married,1605,,2054-03-19,Yes,,,Permanent contract,14030.0,3976,Yes,3,,NA,1,Created
8086,2011-01-01,8086,Male,56,1955-05-03,0.0052,Married,1606,,2040-09-25,No,,,Permanent contract,4397.0,836291,No,2,,NA,1,Created
8087,2011-01-01,8087,Female,40,1971-07-13,0.0006900000000000001,Divorced,0,,,No,,,Permanent contract,69787.0,172523,Yes,0,,NA,1,Created
8088,2011-01-01,8088,Male,70,1941-05-20,0.01932,Divorced,0,,,No,,,Retired,29773.0,349,No,0,,NA,1,Created
8089,2011-01-01,8089,Male,96,1915-11-26,0.30168,Single,0,,,No,,,Retired,1917.0,869,Yes,0,,NA,1,Created
8090,2011-01-01,8090,Female,68,1943-10-14,0.00983,Married,1663,,2045-08-14,No,,,Retired,30033.0,40627,Yes,2,,NA,1,Created
8091,2011-01-01,8091,Male,15,1996-01-17,0.00015,Single,0,,,Yes,20.0,2016-08-14,Child,0.0,0,Yes,0,,NA,1,Created
8092,2011-01-01,8092,Female,17,1994-03-03,0.0001,Single,0,,,No,,,Child,0.0,0,Yes,0,30.0,2024-06-23,1,Created
17017,2011-03-03,8092,Female,18,1994-03-03,0.0001,Single,0,,,Yes,40,2033-10-13,Flexible contract,11184.0,37507,Yes,0,30,2024-06-23,1,Life event: Adulthood
8093,2011-01-01,8093,Male,67,1944-12-06,0.01396,Married,1607,,2037-11-22,Yes,,,Permanent contract,23476.0,-32808,Yes,2,,NA,1,Created
18269,2011-12-06,8093,Male,68,1944-12-06,0.01396,Married,1607,,2037-11-22,Yes,,,Retired,16433.2,-32808,Yes,2,,NA,1,Life event: Retired
8094,2011-01-01,8094,Female,37,1974-12-20,0.00057,Single,0,,,No,,,Permanent contract,20548.0,9544,Yes,0,,NA,1,Created
8095,2011-01-01,8095,Male,79,1932-01-31,0.05364,Married,1608,,2059-11-20,No,,,Retired,25652.0,72010,Yes,1,,NA,1,Created
8096,2011-01-01,8096,Female,69,1942-07-03,0.0108,Married,1664,,2011-03-14,Yes,,,Retired,37203.0,39546,Yes,1,,NA,1,Created
17061,2011-03-14,8096,Female,69,1942-07-03,0.0108,Divorced,1664,,2011-03-14,Yes,,,Retired,37203.0,39546,Yes,1,,NA,1,Life event: Divorced
8097,2011-01-01,8097,Male,28,1983-06-23,0.00045,Single,0,,,Yes,28.0,2011-08-09,Entrepreneur with personel,11928.0,1295684,No,0,,NA,1,Created
17766,2011-08-09,8097,Male,29,1983-06-23,0.00045,Married,3451,8,2019-11-24,Yes,28,2011-08-09,Entrepreneur with personel,11928.0,1295684,No,0,,NA,1,Life event: Married
8098,2011-01-01,8098,Male,13,1998-05-13,0.00014,Single,0,,,Yes,27.0,2025-08-12,Child,0.0,0,Yes,0,,NA,1,Created
8099,2011-01-01,8099,Female,20,1991-09-15,0.00018,Single,0,,,No,,,Entrepreneur without personnel,37088.0,107702,No,0,41.0,2032-09-21,1,Created
8100,2011-01-01,8100,Male,80,1931-07-22,0.05987000000000001,Widowed,0,,,No,,,Retired,18201.0,133,Yes,0,,NA,1,Created
8101,2011-01-01,8101,Male,57,1954-05-08,0.00572,Married,1609,,2033-11-27,Yes,,,Unemployed,12392.0,72830,Yes,2,,NA,1,Created
8102,2011-01-01,8102,Female,25,1986-03-18,0.00022999999999999998,Single,0,,,No,,,Permanent contract,36625.0,5715,No,0,30.0,2016-11-28,1,Created
8103,2011-01-01,8103,Female,37,1974-10-08,0.00057,Married,1665,,2045-12-06,Yes,,,Permanent contract,1169.0,128408,No,2,,NA,1,Created
8104,2011-01-01,8104,Female,29,1982-07-09,0.00032,Single,0,,,No,,,Flexible contract,14979.0,632104,Yes,0,,NA,1,Created
8105,2011-01-01,8105,Male,78,1933-01-05,0.04668,Divorced,0,,,Yes,,,Retired,62074.0,304715,Yes,0,,NA,1,Created
8106,2011-01-01,8106,Female,45,1966-09-18,0.00134,Single,0,,,No,,,Permanent contract,23246.0,334646,No,0,,NA,1,Created
8107,2011-01-01,8107,Male,27,1984-07-24,0.00044,Single,0,,,No,,,Permanent contract,12471.0,3087,Yes,0,,NA,1,Created
8108,2011-01-01,8108,Female,47,1964-03-06,0.00168,Divorced,0,,,No,,,Entrepreneur without personnel,39736.0,2585,No,0,,NA,1,Created
8109,2011-01-01,8109,Male,28,1983-06-07,0.00045,Single,0,,,No,,,Permanent contract,92061.0,374903,No,0,,NA,1,Created
8110,2011-01-01,8110,Male,31,1980-01-07,0.00041,Single,0,,,No,,,Permanent contract,33913.0,3820,Yes,0,,NA,1,Created
8111,2011-01-01,8111,Female,57,1954-12-29,0.00387,Married,1666,,2044-08-24,Yes,,,Flexible contract,20279.0,81753,No,1,,NA,1,Created
8112,2011-01-01,8112,Female,56,1955-09-15,0.0041,Divorced,0,,,Yes,,,Permanent contract,39992.0,486392,No,0,,NA,1,Created
8113,2011-01-01,8113,Male,99,1912-10-21,0.39916999999999997,Single,0,,,Yes,38.0,,Retired,17745.0,-1879,No,0,,NA,1,Created
18985,2012-08-05,8113,Male,100,1912-10-21,0.39916999999999997,Single,0,,,Yes,38,,Retired,17745.0,-1879,No,0,,NA,0,Life event: Deceased
8114,2011-01-01,8114,Female,56,1955-07-15,0.0041,Married,1667,,2042-02-10,No,,,Permanent contract,25392.0,185120,Yes,2,,NA,1,Created
8115,2011-01-01,8115,Female,79,1932-12-01,0.03112,Married,1668,,2035-09-22,No,,,Retired,3084.0,108398,Yes,2,,NA,1,Created
8116,2011-01-01,8116,Female,5,2006-07-28,4e-05,Single,0,,,No,,,Child,0.0,0,Yes,0,35.0,2041-10-30,1,Created
8117,2011-01-01,8117,Male,43,1968-07-22,0.00103,Divorced,0,,,Yes,,,Flexible contract,9788.0,38863,No,0,,NA,1,Created
8118,2011-01-01,8118,Male,50,1961-05-08,0.00257,Married,1610,,2023-03-27,Yes,,,Permanent contract,23166.0,157515,Yes,2,,NA,1,Created
8119,2011-01-01,8119,Male,54,1957-01-18,0.00404,Single,0,,,Yes,30.0,,Flexible contract,21626.0,71982,No,0,,NA,1,Created
8120,2011-01-01,8120,Female,29,1982-07-12,0.00032,Married,1669,,2044-11-02,Yes,,,Unemployed,12675.0,415160,No,1,35.0,2017-01-13,1,Created
8121,2011-01-01,8121,Female,36,1975-10-29,0.00049,Single,0,,,No,,,Permanent contract,48914.0,467864,Yes,0,,NA,1,Created
8122,2011-01-01,8122,Male,8,2003-06-01,9e-05,Single,0,,,No,,,Child,0.0,0,Yes,0,,NA,1,Created
8123,2011-01-01,8123,Male,45,1966-08-06,0.0014199999999999998,Married,1611,,2034-07-19,No,,,Permanent contract,10315.0,196,Yes,1,,NA,1,Created
8124,2011-01-01,8124,Female,76,1935-03-28,0.02337,Married,1670,,2044-07-16,No,,,Retired,46569.0,437046,No,2,,NA,1,Created
8125,2011-01-01,8125,Male,59,1952-05-05,0.00717,Married,1612,,2052-05-11,Yes,,,Permanent contract,45991.0,-29670,No,3,,NA,1,Created
8126,2011-01-01,8126,Male,48,1963-03-29,0.0021100000000000003,Married,1613,,2060-05-01,Yes,,,Flexible contract,4508.0,-37397,No,1,,NA,1,Created
8127,2011-01-01,8127,Male,0,2011-07-08,0.0036200000000000004,Single,0,,,Yes,34.0,2045-08-16,Child,0.0,0,No,0,,NA,1,Created
8128,2011-01-01,8128,Male,52,1959-01-06,0.00314,Married,1614,,2043-03-15,No,,,Permanent contract,8158.0,163367,Yes,1,,NA,1,Created
8129,2011-01-01,8129,Male,64,1947-05-22,0.01097,Single,0,,,No,,,Permanent contract,26463.0,19608,No,0,,NA,1,Created
17408,2011-05-22,8129,Male,65,1947-05-22,0.01097,Single,0,,,No,,,Retired,18524.1,19608,No,0,,NA,1,Life event: Retired
8130,2011-01-01,8130,Male,5,2006-02-04,9e-05,Single,0,,,No,,,Child,0.0,0,Yes,0,,NA,1,Created
8131,2011-01-01,8131,Female,19,1992-06-06,0.00014,Single,0,,,Yes,44.0,2036-10-04,Entrepreneur without personnel,8867.0,105357,Yes,0,26.0,2018-12-22,1,Created
8132,2011-01-01,8132,Male,11,2000-09-26,9e-05,Single,0,,,Yes,36.0,2036-08-12,Child,0.0,0,No,0,,NA,1,Created
8133,2011-01-01,8133,Male,3,2008-11-05,0.0002,Single,0,,,Yes,38.0,2046-05-28,Child,0.0,0,No,0,,NA,1,Created
8134,2011-01-01,8134,Male,43,1968-09-26,0.00103,Single,0,,,No,,,Permanent contract,41327.0,332962,No,0,,NA,1,Created
8135,2011-01-01,8135,Male,40,1971-11-11,0.0009400000000000001,Divorced,0,,,Yes,,,Permanent contract,3072.0,724,Yes,0,,NA,1,Created
8136,2011-01-01,8136,Male,9,2002-07-07,0.00014,Single,0,,,No,,,Child,0.0,0,Yes,0,,NA,1,Created
8137,2011-01-01,8137,Female,37,1974-01-21,0.00057,Married,1671,,2033-02-26,Yes,,,Flexible contract,5581.0,383935,Yes,1,37.0,2011-11-05,1,Created
18132,2011-11-05,8137,Female,38,1974-01-21,0.00057,Married,1671,,2033-02-26,Yes,,,Flexible contract,5581.0,383935,Yes,2,37,2011-11-05,1,Life event: Children born
8138,2011-01-01,8138,Female,20,1991-12-22,0.00018,Single,0,,,No,,,Entrepreneur with personel,21592.0,429275,No,0,39.0,2030-07-18,1,Created
8139,2011-01-01,8139,Female,27,1984-10-01,0.00025,Single,0,,,Yes,42.0,2026-05-14,Permanent contract,24275.0,179,Yes,0,30.0,2014-08-27,1,Created
8140,2011-01-01,8140,Male,53,1958-09-05,0.0033299999999999996,Single,0,,,No,,,Flexible contract,31541.0,716258,No,0,,NA,1,Created
8141,2011-01-01,8141,Female,28,1983-08-27,0.00025,Single,0,,,No,,,Permanent contract,28497.0,8024,Yes,0,31.0,2014-01-27,1,Created
8142,2011-01-01,8142,Male,33,1978-04-14,0.00047999999999999996,Single,0,,,No,,,Permanent contract,94485.0,7589,No,0,,NA,1,Created
8143,2011-01-01,8143,Female,1,2010-02-06,0.00033999999999999997,Single,0,,,No,,,Child,0.0,0,No,0,32.0,2042-08-30,1,Created
8144,2011-01-01,8144,Male,63,1948-08-21,0.00945,Married,1615,,2022-01-29,No,,,Permanent contract,43062.0,275260,Yes,2,,NA,1,Created
19027,2012-08-21,8144,Male,65,1948-08-21,0.00945,Married,1615,,2022-01-29,No,,,Retired,30143.399999999998,275260,Yes,2,,NA,1,Life event: Retired
8145,2011-01-01,8145,Female,62,1949-04-25,0.0057399999999999994,Married,1672,,2058-04-30,No,,,Unemployed,38535.0,4416,Yes,3,,NA,1,Created
8146,2011-01-01,8146,Female,1,2010-02-18,0.00033999999999999997,Single,0,,,Yes,32.0,2042-03-14,Child,0.0,0,No,0,35.0,2045-10-30,1,Created
8147,2011-01-01,8147,Male,16,1995-01-16,0.00029,Single,0,,,No,,,Child,0.0,0,No,0,,NA,1,Created
18433,2012-01-16,8147,Male,18,1995-01-16,0.00029,Single,0,,,No,,,Flexible contract,15703.0,1421577,No,0,,NA,1,Life event: Adulthood
8148,2011-01-01,8148,Female,68,1943-01-23,0.00983,Married,1673,,2037-01-16,No,,,Retired,103740.0,104957,Yes,1,,NA,1,Created
18084,2011-10-22,8148,Female,69,1943-01-23,0.00983,Widowed,1673,,2037-01-16,No,,,Retired,103740.0,104957,Yes,1,,NA,1,Life event: Widowed
8149,2011-01-01,8149,Male,31,1980-02-11,0.00041,Single,0,,,Yes,45.0,2025-05-06,Permanent contract,14229.0,8859,Yes,0,,NA,1,Created
8150,2011-01-01,8150,Female,15,1996-04-12,8e-05,Single,0,,,Yes,33.0,2029-08-29,Child,0.0,0,No,0,29.0,2025-02-14,1,Created
8151,2011-01-01,8151,Male,19,1992-07-02,0.00033,Single,0,,,No,,,Permanent contract,15152.0,825,Yes,0,,NA,1,Created
8152,2011-01-01,8152,Male,45,1966-03-10,0.0014199999999999998,Married,1616,,2064-01-17,No,,,Entrepreneur without personnel,13324.0,197046,No,2,,NA,1,Created
8153,2011-01-01,8153,Male,54,1957-01-19,0.00404,Married,1617,,2052-07-27,No,,,Permanent contract,17512.0,196319,Yes,3,,NA,1,Created
8154,2011-01-01,8154,Male,40,1971-05-09,0.0009400000000000001,Single,0,,,Yes,33.0,,Permanent contract,27502.0,30615,Yes,0,,NA,1,Created
8155,2011-01-01,8155,Female,30,1981-06-11,0.00027,Single,0,,,Yes,30.0,2011-07-10,Entrepreneur with personel,248.0,17243,Yes,0,,NA,1,Created
17630,2011-07-10,8155,Female,31,1981-06-11,0.00027,Married,3444,27,2038-05-12,Yes,30,2011-07-10,Entrepreneur with personel,248.0,17243,Yes,0,,NA,1,Life event: Married
18552,2012-02-27,8155,Female,31,1981-06-11,0.00027,Widowed,3444,27,2038-05-12,Yes,30,2011-07-10,Entrepreneur with personel,248.0,17243,Yes,0,,NA,1,Life event: Widowed
8156,2011-01-01,8156,Male,38,1973-07-24,0.0009599999999999999,Married,1618,,2064-10-13,Yes,,,Permanent contract,22271.0,2018,No,1,,NA,1,Created
8157,2011-01-01,8157,Male,55,1956-09-23,0.00419,Married,1619,,2050-04-05,Yes,,,Permanent contract,25980.0,755,Yes,1,,NA,1,Created
8158,2011-01-01,8158,Male,21,1990-06-27,0.00045,Single,0,,,No,,,Permanent contract,36569.0,-136,Yes,0,,NA,1,Created
8159,2011-01-01,8159,Female,5,2006-06-28,4e-05,Single,0,,,No,,,Child,0.0,0,No,0,40.0,2046-10-27,1,Created
8160,2011-01-01,8160,Male,23,1988-07-12,0.00039,Single,0,,,No,,,Permanent contract,32557.0,-48206,No,0,,NA,1,Created
8161,2011-01-01,8161,Male,37,1974-06-14,0.00082,Married,1620,,2025-10-15,Yes,,,Flexible contract,11050.0,-102,Yes,3,,NA,1,Created
8162,2011-01-01,8162,Male,42,1969-03-13,0.00128,Divorced,0,,,No,,,Entrepreneur without personnel,12972.0,2813,No,0,,NA,1,Created
8163,2011-01-01,8163,Male,52,1959-04-06,0.00314,Divorced,0,,,No,,,Permanent contract,2628.0,70759,No,0,,NA,1,Created
8164,2011-01-01,8164,Female,4,2007-07-26,5.9999999999999995e-05,Single,0,,,Yes,25.0,2032-12-11,Child,0.0,0,No,0,27.0,2034-12-26,1,Created
8165,2011-01-01,8165,Male,40,1971-09-11,0.0009400000000000001,Married,1621,,2051-02-03,No,,,Permanent contract,31354.0,408905,No,1,,NA,1,Created
8166,2011-01-01,8166,Male,18,1993-08-21,0.00032,Single,0,,,No,,,Permanent contract,20890.0,14608,No,0,,NA,1,Created
8167,2011-01-01,8167,Male,56,1955-02-11,0.0052,Divorced,0,,,Yes,,,Flexible contract,38131.0,-48242,Yes,0,,NA,1,Created
8168,2011-01-01,8168,Female,32,1979-05-31,0.00041,Married,1674,,2013-03-25,Yes,,,Permanent contract,36647.0,88681,Yes,2,33.0,2012-09-21,1,Created
19119,2012-09-21,8168,Female,34,1979-05-31,0.00041,Married,1674,,2013-03-25,Yes,,,Permanent contract,36647.0,88681,Yes,1,33,2012-09-21,1,Life event: Children born
8169,2011-01-01,8169,Female,63,1948-11-22,0.00672,Married,1675,,2042-12-16,Yes,,,Permanent contract,46896.0,509,Yes,2,,NA,1,Created
19268,2012-11-22,8169,Female,65,1948-11-22,0.00672,Married,1675,,2042-12-16,Yes,,,Retired,32827.2,509,Yes,2,,NA,1,Life event: Retired
8170,2011-01-01,8170,Female,25,1986-10-08,0.00022999999999999998,Married,1676,,2055-06-12,No,,,Permanent contract,88580.0,189879,Yes,2,35.0,2021-11-18,1,Created
8171,2011-01-01,8171,Male,43,1968-04-27,0.00103,Married,1622,,2035-04-29,Yes,,,Flexible contract,22099.0,22613,No,1,,NA,1,Created
8172,2011-01-01,8172,Female,43,1968-05-23,0.0009699999999999999,Single,0,,,Yes,28.0,,Permanent contract,15873.0,4120,No,0,,NA,1,Created
8173,2011-01-01,8173,Male,51,1960-10-29,0.00301,Married,1623,,2030-01-22,No,,,Entrepreneur with personel,17902.0,285838,No,2,,NA,1,Created
8174,2011-01-01,8174,Male,63,1948-12-26,0.00945,Married,1624,,2021-06-19,No,,,Permanent contract,14073.0,66011,No,1,,NA,1,Created
19353,2012-12-26,8174,Male,65,1948-12-26,0.00945,Married,1624,,2021-06-19,No,,,Retired,9851.099999999999,66011,No,1,,NA,1,Life event: Retired
8175,2011-01-01,8175,Female,31,1980-06-07,0.00029,Married,1677,,2015-12-15,Yes,,,Flexible contract,3507.0,37836,No,2,38.0,2018-12-21,1,Created
8176,2011-01-01,8176,Male,57,1954-10-19,0.00572,Married,1625,,2053-02-19,Yes,,,Permanent contract,15203.0,8046,No,3,,NA,1,Created
8177,2011-01-01,8177,Female,74,1937-01-06,0.0185,Married,1678,,2026-02-10,No,,,Retired,13193.0,5909,Yes,1,,NA,1,Created
8178,2011-01-01,8178,Female,8,2003-01-07,2.9999999999999997e-05,Single,0,,,Yes,25.0,2028-06-19,Child,0.0,0,No,0,36.0,2039-01-03,1,Created
8179,2011-01-01,8179,Male,63,1948-01-20,0.00945,Married,1626,,2040-02-18,No,,,Unemployed,22688.0,106286,No,2,,NA,1,Created
18451,2012-01-20,8179,Male,65,1948-01-20,0.00945,Married,1626,,2040-02-18,No,,,Retired,15881.599999999999,106286,No,2,,NA,1,Life event: Retired
8180,2011-01-01,8180,Female,45,1966-07-29,0.00134,Divorced,0,,,Yes,,,Permanent contract,32572.0,198155,No,0,,NA,1,Created
8181,2011-01-01,8181,Male,37,1974-02-18,0.00082,Single,0,,,Yes,31.0,,Entrepreneur without personnel,29003.0,19853,No,0,,NA,1,Created
8182,2011-01-01,8182,Female,55,1956-05-31,0.00372,Married,1679,,2016-12-28,Yes,,,Entrepreneur without personnel,87485.0,995394,Yes,1,,NA,1,Created
8183,2011-01-01,8183,Male,69,1942-08-07,0.01804,Married,1627,,2046-08-09,Yes,,,Retired,849.0,5466,Yes,2,,NA,1,Created
8184,2011-01-01,8184,Female,55,1956-04-15,0.00372,Married,1680,,2030-08-27,No,,,Flexible contract,1072.0,278774,Yes,1,,NA,1,Created
8185,2011-01-01,8185,Female,2,2009-12-04,0.00015,Single,0,,,No,,,Child,0.0,0,Yes,0,31.0,2040-08-17,1,Created
8186,2011-01-01,8186,Male,77,1934-03-27,0.0418,Widowed,0,,,No,,,Retired,72510.0,4342,No,0,,NA,1,Created
8187,2011-01-01,8187,Male,47,1964-07-06,0.00186,Married,1628,,2017-09-12,No,,,Permanent contract,41232.0,172,Yes,2,,NA,1,Created
8188,2011-01-01,8188,Female,40,1971-01-11,0.0006900000000000001,Single,0,,,Yes,25.0,,Entrepreneur without personnel,26989.0,434206,No,0,,NA,1,Created
8189,2011-01-01,8189,Male,56,1955-10-03,0.0052,Married,1629,,2050-08-30,No,,,Permanent contract,10930.0,4080534,Yes,2,,NA,1,Created
8190,2011-01-01,8190,Male,38,1973-01-16,0.0009599999999999999,Married,1630,,2046-10-14,No,,,Permanent contract,12934.0,312959,Yes,2,,NA,1,Created
8191,2011-01-01,8191,Male,33,1978-03-04,0.00047999999999999996,Married,1631,,2041-11-18,Yes,,,Permanent contract,13684.0,129159,No,1,,NA,1,Created
8192,2011-01-01,8192,Male,73,1938-06-08,0.0262,Divorced,0,,,No,,,Retired,31406.0,18814,Yes,0,,NA,1,Created
8193,2011-01-01,8193,Male,54,1957-07-08,0.00404,Married,1632,,2056-04-26,Yes,,,Permanent contract,12137.0,14071,Yes,2,,NA,1,Created
8194,2011-01-01,8194,Male,56,1955-02-11,0.0052,Divorced,0,,,Yes,,,Permanent contract,319.0,603,Yes,0,,NA,1,Created
8195,2011-01-01,8195,Male,15,1996-01-20,0.00015,Single,0,,,No,,,Child,0.0,0,Yes,0,,NA,1,Created
8196,2011-01-01,8196,Female,64,1947-02-27,0.00713,Single,0,,,No,,,Flexible contract,39840.0,452561,No,0,,NA,1,Created
16988,2011-02-27,8196,Female,65,1947-02-27,0.00713,Single,0,,,No,,,Retired,27888.0,452561,No,0,,NA,1,Life event: Retired
8197,2011-01-01,8197,Female,20,1991-11-10,0.00018,Single,0,,,No,,,Permanent contract,65016.0,420746,No,0,30.0,2021-09-09,1,Created
8198,2011-01-01,8198,Male,50,1961-02-02,0.00257,Single,0,,,Yes,30.0,,Entrepreneur without personnel,9001.0,170898,No,0,,NA,1,Created
8199,2011-01-01,8199,Female,23,1988-04-26,0.0001,Single,0,,,Yes,26.0,2014-10-09,Flexible contract,30997.0,5525,Yes,0,30.0,2018-11-07,1,Created
8200,2011-01-01,8200,Male,20,1991-10-15,0.00045,Single,0,,,No,,,Entrepreneur with personel,15.0,200535,No,0,,NA,1,Created
8201,2011-01-01,8201,Male,41,1970-04-28,0.0008900000000000001,Married,1633,,2047-06-29,No,,,Entrepreneur without personnel,31415.0,29372,Yes,3,,NA,1,Created
8202,2011-01-01,8202,Female,36,1975-03-16,0.00049,Single,0,,,No,,,Flexible contract,27128.0,-13715,Yes,0,,NA,1,Created
8203,2011-01-01,8203,Female,52,1959-06-02,0.00268,Married,1681,,2052-04-06,No,,,Permanent contract,20261.0,386789,No,1,,NA,1,Created
8204,2011-01-01,8204,Male,40,1971-02-07,0.0009400000000000001,Married,1634,,2061-02-11,No,,,Permanent contract,28107.0,47706,Yes,2,,NA,1,Created
8205,2011-01-01,8205,Male,63,1948-10-21,0.00945,Married,1635,,2020-09-12,Yes,,,Flexible contract,5962.0,256618,Yes,2,,NA,1,Created
19178,2012-10-21,8205,Male,65,1948-10-21,0.00945,Married,1635,,2020-09-12,Yes,,,Retired,4173.4,256618,Yes,2,,NA,1,Life event: Retired
8206,2011-01-01,8206,Female,79,1932-04-04,0.03112,Single,0,,,No,,,Retired,42217.0,201542,No,0,,NA,1,Created
8207,2011-01-01,8207,Male,62,1949-03-29,0.008409999999999999,Divorced,0,,,No,,,Permanent contract,14758.0,220435,Yes,0,,NA,1,Created
8208,2011-01-01,8208,Female,58,1953-01-22,0.00448,Married,1682,,2037-08-18,Yes,,,Permanent contract,18918.0,8054,No,1,,NA,1,Created
17713,2011-07-28,8208,Female,59,1953-01-22,0.00448,Married,1682,,2037-08-18,Yes,,,Permanent contract,18918.0,8054,No,1,,NA,0,Life event: Deceased
8209,2011-01-01,8209,Male,63,1948-07-21,0.00945,Married,1636,,2047-11-04,No,,,Permanent contract,53499.0,1390,No,1,,NA,1,Created
18951,2012-07-21,8209,Male,65,1948-07-21,0.00945,Married,1636,,2047-11-04,No,,,Retired,37449.299999999996,1390,No,1,,NA,1,Life event: Retired
8210,2011-01-01,8210,Male,13,1998-10-05,0.00014,Single,0,,,No,,,Child,0.0,0,No,0,,NA,1,Created
8211,2011-01-01,8211,Male,23,1988-11-30,0.00039,Single,0,,,No,,,Permanent contract,33122.0,-6147,Yes,0,,NA,1,Created
8212,2011-01-01,8212,Male,41,1970-02-26,0.0008900000000000001,Married,1637,,2041-07-10,No,,,Flexible contract,19075.0,20443,No,2,,NA,1,Created
8213,2011-01-01,8213,Female,71,1940-08-23,0.013009999999999999,Divorced,0,,,No,,,Retired,86429.0,4062,No,0,,NA,1,Created
8214,2011-01-01,8214,Female,7,2004-12-15,7e-05,Single,0,,,No,,,Child,0.0,0,Yes,0,22.0,2026-01-25,1,Created
8215,2011-01-01,8215,Female,51,1960-03-03,0.0023899999999999998,Married,1683,,2065-08-29,Yes,,,Unemployed,10501.0,144508,No,1,,NA,1,Created
8216,2011-01-01,8216,Male,23,1988-12-23,0.00039,Single,0,,,Yes,29.0,2017-03-19,Permanent contract,9216.0,-329,No,0,,NA,1,Created
8217,2011-01-01,8217,Male,65,1946-01-19,0.01141,Married,1638,,2045-03-06,Yes,,,Permanent contract,13459.0,1037010,Yes,2,,NA,1,Created
16765,2011-01-19,8217,Male,66,1946-01-19,0.01141,Married,1638,,2045-03-06,Yes,,,Retired,9421.3,1037010,Yes,2,,NA,1,Life event: Retired
8218,2011-01-01,8218,Male,38,1973-09-28,0.0009599999999999999,Single,0,,,Yes,50.0,2023-07-14,Flexible contract,21657.0,15635,Yes,0,,NA,1,Created
8219,2011-01-01,8219,Male,56,1955-05-12,0.0052,Married,1639,,2051-07-15,No,,,Flexible contract,67324.0,4225,Yes,1,,NA,1,Created
8220,2011-01-01,8220,Female,37,1974-10-29,0.00057,Single,0,,,No,,,Permanent contract,5318.0,596,Yes,0,,NA,1,Created
8221,2011-01-01,8221,Female,27,1984-10-17,0.00025,Single,0,,,No,,,Permanent contract,7648.0,-21807,Yes,0,32.0,2016-12-10,1,Created
8222,2011-01-01,8222,Male,19,1992-10-30,0.00033,Single,0,,,Yes,29.0,2021-04-14,Flexible contract,14298.0,157518,No,0,,NA,1,Created
8223,2011-01-01,8223,Male,57,1954-01-05,0.00572,Married,1640,,2028-05-20,Yes,,,Permanent contract,62772.0,127238,Yes,1,,NA,1,Created
8224,2011-01-01,8224,Female,55,1956-10-19,0.00372,Married,1684,,2024-06-16,Yes,,,Permanent contract,12812.0,30677,No,3,,NA,1,Created
8225,2011-01-01,8225,Male,10,2001-11-14,0.00011999999999999999,Single,0,,,Yes,44.0,2045-12-03,Child,0.0,0,No,0,,NA,1,Created
8226,2011-01-01,8226,Female,75,1936-10-02,0.01986,Married,1685,,2056-06-09,No,,,Retired,36420.0,130317,No,3,,NA,1,Created
8227,2011-01-01,8227,Male,51,1960-08-13,0.00301,Single,0,,,No,,,Permanent contract,10990.0,3958,Yes,0,,NA,1,Created
8228,2011-01-01,8228,Female,53,1958-07-15,0.00312,Married,1686,,2056-12-30,Yes,,,Permanent contract,18882.0,2793,Yes,3,,NA,1,Created
8229,2011-01-01,8229,Female,0,2011-08-02,0.0028899999999999998,Single,0,,,No,,,Child,0.0,0,No,0,32.0,2043-06-09,1,Created
8230,2011-01-01,8230,Male,38,1973-09-12,0.0009599999999999999,Divorced,0,,,Yes,,,Permanent contract,63662.0,4824,No,0,,NA,1,Created
8231,2011-01-01,8231,Male,67,1944-06-13,0.01396,Married,1641,,2048-12-28,No,,,Unemployed,15104.0,36410,No,2,,NA,1,Created
17503,2011-06-13,8231,Male,68,1944-06-13,0.01396,Married,1641,,2048-12-28,No,,,Retired,10572.8,36410,No,2,,NA,1,Life event: Retired
8232,2011-01-01,8232,Female,65,1946-10-09,0.007559999999999999,Widowed,0,,,No,,,Permanent contract,32428.0,198532,No,0,,NA,1,Created
18032,2011-10-09,8232,Female,66,1946-10-09,0.007559999999999999,Widowed,0,,,No,,,Retired,22699.6,198532,No,0,,NA,1,Life event: Retired
8233,2011-01-01,8233,Male,89,1922-01-30,0.16272,Widowed,0,,,No,,,Retired,26847.0,817098,Yes,0,,NA,1,Created
19244,2012-11-15,8233,Male,91,1922-01-30,0.16272,Widowed,0,,,No,,,Retired,26847.0,817098,Yes,0,,NA,0,Life event: Deceased
8234,2011-01-01,8234,Female,31,1980-07-04,0.00029,Single,0,,,No,,,Entrepreneur without personnel,33488.0,344766,Yes,0,35.0,2015-03-31,1,Created
8235,2011-01-01,8235,Male,64,1947-06-18,0.01097,Married,1642,,2021-02-20,No,,,Permanent contract,21422.0,-34963,Yes,3,,NA,1,Created
17529,2011-06-18,8235,Male,65,1947-06-18,0.01097,Married,1642,,2021-02-20,No,,,Retired,14995.4,-34963,Yes,3,,NA,1,Life event: Retired
8236,2011-01-01,8236,Male,24,1987-07-20,0.00047999999999999996,Single,0,,,Yes,34.0,2021-11-01,Permanent contract,3337.0,218854,Yes,0,,NA,1,Created
8237,2011-01-01,8237,Female,62,1949-11-01,0.0057399999999999994,Married,1687,,2064-04-02,Yes,,,Permanent contract,55927.0,61593,No,2,,NA,1,Created
8238,2011-01-01,8238,Female,15,1996-01-23,8e-05,Single,0,,,No,,,Child,0.0,0,No,0,35.0,2031-05-25,1,Created
8239,2011-01-01,8239,Female,58,1953-06-05,0.00448,Married,1688,,2061-05-20,Yes,,,Flexible contract,83917.0,-14667,Yes,2,,NA,1,Created
8240,2011-01-01,8240,Male,6,2005-07-24,5.9999999999999995e-05,Single,0,,,No,,,Child,0.0,0,No,0,,NA,1,Created
8241,2011-01-01,8241,Female,54,1957-01-03,0.00313,Married,1689,,2022-05-27,Yes,,,Unemployed,23473.0,242762,No,2,,NA,1,Created
8242,2011-01-01,8242,Male,64,1947-02-24,0.01097,Married,1643,,2044-07-13,Yes,,,Flexible contract,22828.0,64645,No,1,,NA,1,Created
16969,2011-02-24,8242,Male,65,1947-02-24,0.01097,Married,1643,,2044-07-13,Yes,,,Retired,15979.599999999999,64645,No,1,,NA,1,Life event: Retired
8243,2011-01-01,8243,Male,22,1989-10-12,0.00041,Married,1644,,2064-04-23,Yes,,,Entrepreneur without personnel,36010.0,-25896,Yes,1,,NA,1,Created
8244,2011-01-01,8244,Male,7,2004-09-18,9e-05,Single,0,,,No,,,Child,0.0,0,Yes,0,,NA,1,Created
8245,2011-01-01,8245,Female,57,1954-09-02,0.00387,Married,1690,,2060-02-10,No,,,Permanent contract,37101.0,124893,Yes,1,,NA,1,Created
18274,2011-12-08,8245,Female,58,1954-09-02,0.00387,Widowed,1690,,2060-02-10,No,,,Permanent contract,37101.0,124893,Yes,1,,NA,1,Life event: Widowed
8246,2011-01-01,8246,Female,35,1976-06-19,0.00033999999999999997,Married,1691,,2012-08-25,Yes,,,Permanent contract,3418.0,6300,No,3,,NA,1,Created
19036,2012-08-25,8246,Female,37,1976-06-19,0.00033999999999999997,Divorced,1691,,2012-08-25,Yes,,,Permanent contract,3418.0,6300,No,3,,NA,1,Life event: Divorced
8247,2011-01-01,8247,Female,52,1959-11-25,0.00268,Single,0,,,No,,,Permanent contract,29742.0,245822,No,0,,NA,1,Created
8248,2011-01-01,8248,Female,13,1998-12-04,0.00011999999999999999,Single,0,,,Yes,49.0,2047-09-26,Child,0.0,0,No,0,36.0,2034-04-22,1,Created
8249,2011-01-01,8249,Male,72,1939-03-02,0.02384,Married,1645,,2033-08-18,Yes,,,Retired,1391.0,-20824,No,1,,NA,1,Created
8250,2011-01-01,8250,Male,75,1936-10-21,0.033710000000000004,Single,0,,,No,,,Retired,20340.0,197779,No,0,,NA,1,Created
8251,2011-01-01,8251,Male,46,1965-10-15,0.00172,Divorced,0,,,No,,,Permanent contract,22572.0,-38552,Yes,0,,NA,1,Created
8252,2011-01-01,8252,Male,22,1989-07-02,0.00041,Single,0,,,No,,,Unemployed,55781.0,170927,Yes,0,,NA,1,Created
8253,2011-01-01,8253,Male,65,1946-05-31,0.01141,Married,1646,,2035-05-14,Yes,,,Permanent contract,27422.0,-1029,Yes,2,,NA,1,Created
17433,2011-05-31,8253,Male,66,1946-05-31,0.01141,Married,1646,,2035-05-14,Yes,,,Retired,19195.399999999998,-1029,Yes,2,,NA,1,Life event: Retired
8254,2011-01-01,8254,Male,9,2002-04-07,0.00014,Single,0,,,No,,,Child,0.0,0,Yes,0,,NA,1,Created
8255,2011-01-01,8255,Female,43,1968-10-15,0.0009699999999999999,Married,1692,,2017-03-14,No,,,Permanent contract,37997.0,-43972,Yes,2,,NA,1,Created
8256,2011-01-01,8256,Female,65,1946-02-24,0.007559999999999999,Married,1693,,2037-12-22,Yes,,,Permanent contract,2035.0,66,No,2,,NA,1,Created
16970,2011-02-24,8256,Female,66,1946-02-24,0.007559999999999999,Married,1693,,2037-12-22,Yes,,,Retired,1424.5,66,No,2,,NA,1,Life event: Retired
8257,2011-01-01,8257,Male,58,1953-09-25,0.00603,Married,1647,,2013-08-14,No,,,Permanent contract,17032.0,199575,No,3,,NA,1,Created
8258,2011-01-01,8258,Female,36,1975-11-29,0.00049,Married,1694,,2017-10-24,Yes,,,Permanent contract,43309.0,2297,No,2,,NA,1,Created
8259,2011-01-01,8259,Male,75,1936-05-13,0.033710000000000004,Married,1648,,2037-09-20,Yes,,,Retired,45475.0,931,Yes,1,,NA,1,Created
8260,2011-01-01,8260,Male,46,1965-04-05,0.00172,Married,1649,,2057-12-06,Yes,,,Entrepreneur with personel,19113.0,391453,No,2,,NA,1,Created
8261,2011-01-01,8261,Female,15,1996-11-03,8e-05,Single,0,,,Yes,25.0,2021-04-24,Child,0.0,0,Yes,0,37.0,2033-05-10,1,Created
8262,2011-01-01,8262,Female,21,1990-04-11,0.00016,Single,0,,,No,,,Permanent contract,35979.0,451723,No,0,34.0,2024-02-03,1,Created
8263,2011-01-01,8263,Male,42,1969-05-04,0.00128,Married,1650,,2022-12-31,Yes,,,Permanent contract,50013.0,746748,No,1,,NA,1,Created
8264,2011-01-01,8264,Male,35,1976-11-25,0.00055,Married,1651,,2032-06-08,Yes,,,Permanent contract,44012.0,55205,Yes,3,,NA,1,Created
8265,2011-01-01,8265,Male,75,1936-07-05,0.033710000000000004,Single,0,,,No,,,Retired,82112.0,2191,No,0,,NA,1,Created
8266,2011-01-01,8266,Male,36,1975-08-21,0.0006,Married,1652,,2041-08-05,No,,,Permanent contract,8087.0,337646,Yes,3,,NA,1,Created
8267,2011-01-01,8267,Female,51,1960-05-04,0.0023899999999999998,Widowed,0,,,Yes,,,Flexible contract,11350.0,767441,Yes,0,,NA,1,Created
8268,2011-01-01,8268,Male,37,1974-09-09,0.00082,Married,1653,,2040-08-11,Yes,,,Unemployed,678.0,71633,No,3,,NA,1,Created
8269,2011-01-01,8269,Female,71,1940-11-25,0.013009999999999999,Divorced,0,,,No,,,Retired,32181.0,357573,Yes,0,,NA,1,Created
8270,2011-01-01,8270,Female,15,1996-11-03,8e-05,Single,0,,,No,,,Child,0.0,0,No,0,27.0,2023-02-25,1,Created
8271,2011-01-01,8271,Male,64,1947-10-12,0.01097,Single,0,,,Yes,34.0,,Permanent contract,12206.0,19013,No,0,,NA,1,Created
18039,2011-10-12,8271,Male,65,1947-10-12,0.01097,Single,0,,,Yes,34,,Retired,8544.199999999999,19013,No,0,,NA,1,Life event: Retired
8272,2011-01-01,8272,Male,48,1963-05-23,0.0021100000000000003,Married,1654,,2050-10-11,No,,,Flexible contract,2783.0,71000,Yes,1,,NA,1,Created
8273,2011-01-01,8273,Male,45,1966-11-08,0.0014199999999999998,Married,1655,,2044-07-11,Yes,,,Entrepreneur with personel,25785.0,986517,Yes,2,,NA,1,Created
8274,2011-01-01,8274,Male,38,1973-12-18,0.0009599999999999999,Divorced,0,,,Yes,,,Permanent contract,1657.0,2843,Yes,0,,NA,1,Created
8275,2011-01-01,8275,Female,17,1994-02-27,0.0001,Single,0,,,No,,,Child,0.0,0,Yes,0,17.0,2011-01-11,1,Created
16989,2011-02-27,8275,Female,18,1994-02-27,0.0001,Single,0,,,No,,,Permanent contract,80492.0,-2178,Yes,0,17,2011-01-11,1,Life event: Adulthood
8276,2011-01-01,8276,Male,40,1971-10-15,0.0009400000000000001,Married,1656,,2052-05-31,No,,,Permanent contract,45019.0,114570,Yes,1,,NA,1,Created
8277,2011-01-01,8277,Female,31,1980-02-20,0.00029,Single,0,,,No,,,Permanent contract,4384.0,-43803,No,0,37.0,2017-03-31,1,Created
8278,2011-01-01,8278,Female,8,2003-12-11,2.9999999999999997e-05,Single,0,,,Yes,45.0,2048-06-21,Child,0.0,0,Yes,0,29.0,2032-08-28,1,Created
8279,2011-01-01,8279,Female,97,1914-11-30,0.27028,Widowed,0,,,Yes,,,Retired,52784.0,-4576,Yes,0,,NA,1,Created
17455,2011-06-04,8279,Female,97,1914-11-30,0.27028,Widowed,0,,,Yes,,,Retired,52784.0,-4576,Yes,0,,NA,0,Life event: Deceased
8280,2011-01-01,8280,Female,20,1991-06-16,0.00018,Single,0,,,No,,,Entrepreneur without personnel,35785.0,345563,No,0,30.0,2021-12-05,1,Created
8281,2011-01-01,8281,Female,57,1954-11-01,0.00387,Married,1695,,2021-02-11,Yes,,,Entrepreneur without personnel,8122.0,717817,Yes,3,,NA,1,Created
8282,2011-01-01,8282,Female,1,2010-05-25,0.00033999999999999997,Single,0,,,No,,,Child,0.0,0,No,0,28.0,2038-06-19,1,Created
8283,2011-01-01,8283,Female,34,1977-09-20,0.00037,Divorced,0,,,Yes,,,Permanent contract,13513.0,268240,No,0,,NA,1,Created
8284,2011-01-01,8284,Male,5,2006-01-15,9e-05,Single,0,,,Yes,45.0,2051-02-18,Child,0.0,0,Yes,0,,NA,1,Created
8285,2011-01-01,8285,Male,32,1979-08-13,0.00059,Married,1657,,2053-10-10,No,,,Flexible contract,67841.0,-41776,No,2,,NA,1,Created
8286,2011-01-01,8286,Female,55,1956-03-26,0.00372,Married,1696,,2049-07-10,Yes,,,Flexible contract,35169.0,104641,No,3,,NA,1,Created
8287,2011-01-01,8287,Male,53,1958-08-17,0.0033299999999999996,Divorced,0,,,Yes,,,Permanent contract,23489.0,231,No,0,,NA,1,Created
8288,2011-01-01,8288,Male,57,1954-07-31,0.00572,Married,1658,,2040-03-04,No,,,Permanent contract,90392.0,84137,Yes,1,,NA,1,Created
8289,2011-01-01,8289,Female,78,1933-01-26,0.02817,Widowed,0,,,No,,,Retired,12124.0,42624,No,0,,NA,1,Created
8290,2011-01-01,8290,Female,21,1990-06-23,0.00016,Single,0,,,Yes,29.0,2019-09-19,Permanent contract,32810.0,98871,Yes,0,37.0,2027-04-05,1,Created
8291,2011-01-01,8291,Male,71,1940-12-18,0.02034,Married,1659,,2025-02-09,No,,,Retired,3596.0,28239,Yes,1,,NA,1,Created
8292,2011-01-01,8292,Male,25,1986-08-24,0.00033999999999999997,Single,0,,,No,,,Entrepreneur without personnel,30457.0,283126,Yes,0,,NA,1,Created
8293,2011-01-01,8293,Male,10,2001-04-25,0.00011999999999999999,Single,0,,,No,,,Child,0.0,0,No,0,,NA,1,Created
8294,2011-01-01,8294,Female,30,1981-05-03,0.00027,Single,0,,,No,,,Permanent contract,45609.0,447388,Yes,0,,NA,1,Created
8295,2011-01-01,8295,Female,46,1965-09-15,0.00134,Married,1697,,2039-04-23,Yes,,,Permanent contract,72721.0,155658,No,2,,NA,1,Created
8296,2011-01-01,8296,Female,79,1932-04-20,0.03112,Married,1698,,2061-02-05,No,,,Retired,26282.0,979,Yes,1,,NA,1,Created
8297,2011-01-01,8297,Female,44,1967-03-07,0.00107,Married,1699,,2017-11-12,No,,,Entrepreneur without personnel,20190.0,4337563,Yes,2,,NA,1,Created
8298,2011-01-01,8298,Female,9,2002-12-18,2.9999999999999997e-05,Single,0,,,Yes,25.0,2027-11-14,Child,0.0,0,No,0,25.0,2027-10-31,1,Created
8299,2011-01-01,8299,Male,18,1993-08-17,0.00032,Single,0,,,No,,,Permanent contract,19417.0,9009,Yes,0,,NA,1,Created
8300,2011-01-01,8300,Female,17,1994-12-01,0.0001,Single,0,,,Yes,43.0,2037-11-12,Child,0.0,0,No,0,25.0,2019-01-20,1,Created
18246,2011-12-01,8300,Female,18,1994-12-01,0.0001,Single,0,,,No,,,Entrepreneur with personel,14384.0,54195,No,0,25,2019-01-20,1,Life event: Adulthood
8301,2011-01-01,8301,Female,50,1961-02-04,0.00225,Married,1700,,2045-01-06,No,,,Permanent contract,12780.0,4508349,Yes,2,,NA,1,Created
8302,2011-01-01,8302,Male,19,1992-04-04,0.00033,Single,0,,,No,,,Permanent contract,39484.0,933818,No,0,,NA,1,Created
8303,2011-01-01,8303,Female,63,1948-02-08,0.00672,Married,1701,,2012-06-14,Yes,,,Permanent contract,4177.0,-2217,Yes,1,,NA,1,Created
18508,2012-02-08,8303,Female,65,1948-02-08,0.00672,Married,1701,,2012-06-14,Yes,,,Retired,2923.8999999999996,-2217,Yes,1,,NA,1,Life event: Retired
18842,2012-06-14,8303,Female,65,1948-02-08,0.00672,Divorced,1701,,2012-06-14,Yes,,,Retired,2923.8999999999996,-2217,Yes,1,,NA,1,Life event: Divorced
8304,2011-01-01,8304,Male,84,1927-05-12,0.09176000000000001,Married,1660,,2054-10-22,Yes,,,Retired,29061.0,4760830,No,2,,NA,1,Created
8305,2011-01-01,8305,Male,54,1957-12-20,0.00404,Married,1661,,2036-06-14,No,,,Flexible contract,49476.0,626281,Yes,2,,NA,1,Created
8306,2011-01-01,8306,Male,53,1958-10-29,0.0033299999999999996,Married,1662,,2039-06-21,No,,,Flexible contract,8606.0,15118,Yes,2,,NA,1,Created
8307,2011-01-01,8307,Female,55,1956-09-03,0.00372,Married,1702,,2042-02-08,No,,,Permanent contract,98432.0,499,No,1,,NA,1,Created
8308,2011-01-01,8308,Female,22,1989-11-06,0.00023999999999999998,Single,0,,,No,,,Entrepreneur without personnel,5668.0,137829,Yes,0,41.0,2030-02-01,1,Created
8309,2011-01-01,8309,Male,4,2007-07-25,0.00011,Single,0,,,No,,,Child,0.0,0,No,0,,NA,1,Created
8310,2011-01-01,8310,Female,10,2001-06-17,0.0001,Single,0,,,Yes,25.0,2026-07-19,Child,0.0,0,Yes,0,29.0,2030-11-04,1,Created
8311,2011-01-01,8311,Male,24,1987-06-03,0.00047999999999999996,Single,0,,,No,,,Permanent contract,16410.0,570288,Yes,0,,NA,1,Created
8312,2011-01-01,8312,Male,48,1963-09-22,0.0021100000000000003,Divorced,0,,,Yes,,,Permanent contract,30040.0,195270,Yes,0,,NA,1,Created
8313,2011-01-01,8313,Female,57,1954-06-20,0.00387,Married,1703,,2026-02-03,Yes,,,Entrepreneur without personnel,42351.0,430,No,3,,NA,1,Created
8314,2011-01-01,8314,Male,65,1946-02-27,0.01141,Married,1663,,2045-08-14,No,,,Permanent contract,17171.0,-2007,Yes,2,,NA,1,Created
16990,2011-02-27,8314,Male,66,1946-02-27,0.01141,Married,1663,,2045-08-14,No,,,Retired,12019.699999999999,-2007,Yes,2,,NA,1,Life event: Retired
8315,2011-01-01,8315,Female,25,1986-07-03,0.00022999999999999998,Married,1704,,2044-10-29,Yes,,,Permanent contract,2064.0,39427,Yes,1,31.0,2017-01-03,1,Created
8316,2011-01-01,8316,Male,7,2004-12-09,9e-05,Single,0,,,No,,,Child,0.0,0,Yes,0,,NA,1,Created
8317,2011-01-01,8317,Female,49,1962-04-03,0.00193,Single,0,,,No,,,Permanent contract,60341.0,116688,No,0,,NA,1,Created
8318,2011-01-01,8318,Female,61,1950-06-27,0.00562,Divorced,0,,,No,,,Entrepreneur without personnel,27401.0,34357,No,0,,NA,1,Created
8319,2011-01-01,8319,Male,18,1993-01-20,0.00032,Single,0,,,No,,,Permanent contract,32104.0,4054,No,0,,NA,1,Created
8320,2011-01-01,8320,Male,32,1979-10-03,0.00059,Married,1664,,2011-03-14,Yes,,,Unemployed,36345.0,-15537,Yes,1,,NA,1,Created
17062,2011-03-14,8320,Male,32,1979-10-03,0.00059,Divorced,1664,,2011-03-14,Yes,,,Unemployed,36345.0,-15537,Yes,1,,NA,1,Life event: Divorced
8321,2011-01-01,8321,Female,40,1971-05-23,0.0006900000000000001,Married,1705,,2051-03-24,Yes,,,Entrepreneur with personel,16319.0,-1282,No,3,,NA,1,Created
8322,2011-01-01,8322,Female,25,1986-10-23,0.00022999999999999998,Single,0,,,Yes,35.0,2021-05-18,Flexible contract,12909.0,-12114,No,0,29.0,2015-07-01,1,Created
8323,2011-01-01,8323,Female,60,1951-03-22,0.00541,Married,1706,,2047-07-02,No,,,Flexible contract,4918.0,236604,Yes,3,,NA,1,Created
8324,2011-01-01,8324,Female,38,1973-12-10,0.00063,Single,0,,,No,,,Permanent contract,34498.0,5892,Yes,0,,NA,1,Created
8325,2011-01-01,8325,Female,38,1973-02-03,0.00063,Divorced,0,,,Yes,,,Permanent contract,72200.0,14163,Yes,0,,NA,1,Created
8326,2011-01-01,8326,Female,0,2011-09-22,0.0028899999999999998,Single,0,,,Yes,40.0,2051-12-12,Child,0.0,0,No,0,27.0,2038-04-21,1,Created
8327,2011-01-01,8327,Female,54,1957-10-16,0.00313,Divorced,0,,,No,,,Flexible contract,6074.0,35933,No,0,,NA,1,Created
8328,2011-01-01,8328,Male,14,1997-02-02,0.00014,Single,0,,,No,,,Child,0.0,0,No,0,,NA,1,Created
8329,2011-01-01,8329,Female,21,1990-02-24,0.00016,Single,0,,,No,,,Entrepreneur with personel,2581.0,655,Yes,0,32.0,2022-01-06,1,Created
8330,2011-01-01,8330,Male,61,1950-02-07,0.00747,Married,1665,,2045-12-06,Yes,,,Permanent contract,7510.0,168203,No,2,,NA,1,Created
8331,2011-01-01,8331,Female,65,1946-06-09,0.007559999999999999,Married,1707,,2028-08-26,No,,,Permanent contract,35351.0,2150,No,1,,NA,1,Created
17481,2011-06-09,8331,Female,66,1946-06-09,0.007559999999999999,Married,1707,,2028-08-26,No,,,Retired,24745.699999999997,2150,No,1,,NA,1,Life event: Retired
8332,2011-01-01,8332,Female,30,1981-09-08,0.00027,Single,0,,,No,,,Entrepreneur without personnel,8338.0,2186,Yes,0,35.0,2016-09-04,1,Created
8333,2011-01-01,8333,Female,61,1950-08-22,0.00562,Married,1708,,2035-09-18,No,,,Permanent contract,15733.0,298776,Yes,3,,NA,1,Created
8334,2011-01-01,8334,Female,67,1944-11-13,0.00974,Single,0,,,No,,,Permanent contract,18369.0,48696,Yes,0,,NA,1,Created
18178,2011-11-13,8334,Female,68,1944-11-13,0.00974,Single,0,,,No,,,Retired,12858.3,48696,Yes,0,,NA,1,Life event: Retired
8335,2011-01-01,8335,Female,30,1981-05-14,0.00027,Single,0,,,No,,,Permanent contract,11992.0,192357,No,0,38.0,2019-10-10,1,Created
8336,2011-01-01,8336,Female,11,2000-04-30,7e-05,Single,0,,,No,,,Child,0.0,0,No,0,26.0,2026-05-31,1,Created
8337,2011-01-01,8337,Male,57,1954-06-16,0.00572,Single,0,,,No,,,Entrepreneur with personel,11483.0,17902,Yes,0,,NA,1,Created
8338,2011-01-01,8338,Female,58,1953-10-04,0.00448,Married,1709,,2014-03-17,Yes,,,Permanent contract,36109.0,226692,Yes,2,,NA,1,Created
8339,2011-01-01,8339,Male,12,1999-01-03,0.00011,Single,0,,,Yes,26.0,2025-09-06,Child,0.0,0,No,0,,NA,1,Created
8340,2011-01-01,8340,Male,38,1973-12-20,0.0009599999999999999,Married,1666,,2044-08-24,Yes,,,Entrepreneur without personnel,195232.0,-632,No,1,,NA,1,Created
8341,2011-01-01,8341,Female,62,1949-03-03,0.0057399999999999994,Married,1710,,2032-12-19,Yes,,,Permanent contract,6133.0,45263,Yes,1,,NA,1,Created
8342,2011-01-01,8342,Female,45,1966-11-24,0.00134,Married,1711,,2011-06-24,Yes,,,Flexible contract,39672.0,665,Yes,3,,NA,1,Created
17559,2011-06-24,8342,Female,45,1966-11-24,0.00134,Divorced,1711,,2011-06-24,Yes,,,Flexible contract,39672.0,665,Yes,3,,NA,1,Life event: Divorced
8343,2011-01-01,8343,Female,3,2008-09-08,0.00013000000000000002,Single,0,,,Yes,30.0,2038-04-12,Child,0.0,0,Yes,0,46.0,2054-09-13,1,Created
8344,2011-01-01,8344,Male,11,2000-01-18,9e-05,Single,0,,,No,,,Child,0.0,0,No,0,,NA,1,Created
8345,2011-01-01,8345,Female,10,2001-11-20,0.0001,Single,0,,,Yes,27.0,2028-12-22,Child,0.0,0,No,0,26.0,2027-07-20,1,Created
8346,2011-01-01,8346,Female,52,1959-04-23,0.00268,Married,1712,,2015-01-12,No,,,Flexible contract,49786.0,481293,No,2,,NA,1,Created
8347,2011-01-01,8347,Male,15,1996-08-23,0.00015,Single,0,,,No,,,Child,0.0,0,No,0,,NA,1,Created
8348,2011-01-01,8348,Male,27,1984-07-17,0.00044,Single,0,,,No,,,Permanent contract,38637.0,-4827,No,0,,NA,1,Created
8349,2011-01-01,8349,Female,43,1968-05-28,0.0009699999999999999,Married,1713,,2013-02-09,Yes,,,Flexible contract,30865.0,475737,Yes,2,,NA,1,Created
8350,2011-01-01,8350,Male,49,1962-01-19,0.00242,Married,1667,,2042-02-10,Yes,,,Permanent contract,39235.0,922,Yes,2,,NA,1,Created
8351,2011-01-01,8351,Female,37,1974-02-11,0.00057,Married,1714,,2035-10-10,Yes,,,Entrepreneur without personnel,64951.0,-1574,Yes,1,,NA,1,Created
8352,2011-01-01,8352,Male,51,1960-02-13,0.00301,Married,1668,,2035-09-22,Yes,,,Permanent contract,31131.0,-2528,Yes,2,,NA,1,Created
8353,2011-01-01,8353,Male,56,1955-03-25,0.0052,Divorced,0,,,Yes,,,Entrepreneur without personnel,29059.0,351490,No,0,,NA,1,Created
8354,2011-01-01,8354,Female,30,1981-09-25,0.00027,Divorced,0,,,Yes,,,Entrepreneur without personnel,10700.0,124767,No,0,34.0,2015-06-19,1,Created
8355,2011-01-01,8355,Female,20,1991-07-04,0.00018,Single,0,,,Yes,29.0,2020-10-14,Permanent contract,2528.0,249338,Yes,0,28.0,2019-01-09,1,Created
8356,2011-01-01,8356,Female,7,2004-10-17,7e-05,Single,0,,,Yes,59.0,2063-06-17,Child,0.0,0,No,0,36.0,2040-07-22,1,Created
8357,2011-01-01,8357,Male,7,2004-09-25,9e-05,Single,0,,,Yes,32.0,2036-10-04,Child,0.0,0,Yes,0,,NA,1,Created
8358,2011-01-01,8358,Female,14,1997-02-20,9e-05,Single,0,,,Yes,47.0,2044-01-02,Child,0.0,0,Yes,0,28.0,2025-06-16,1,Created
8359,2011-01-01,8359,Male,45,1966-06-13,0.0014199999999999998,Married,1669,,2044-11-02,No,,,Permanent contract,4077.0,514,No,1,,NA,1,Created
8360,2011-01-01,8360,Female,64,1947-01-09,0.00713,Single,0,,,Yes,26.0,,Permanent contract,95568.0,2785,No,0,,NA,1,Created
16706,2011-01-09,8360,Female,65,1947-01-09,0.00713,Single,0,,,Yes,26,,Retired,66897.59999999999,2785,No,0,,NA,1,Life event: Retired
8361,2011-01-01,8361,Female,52,1959-03-15,0.00268,Married,1715,,2028-01-09,Yes,,,Permanent contract,15903.0,92258,No,1,,NA,1,Created
8362,2011-01-01,8362,Male,1,2010-01-17,0.00056,Single,0,,,Yes,38.0,2048-02-27,Child,0.0,0,Yes,0,,NA,1,Created
8363,2011-01-01,8363,Male,23,1988-12-09,0.00039,Single,0,,,Yes,42.0,2030-08-21,Permanent contract,492.0,376,No,0,,NA,1,Created
8364,2011-01-01,8364,Female,63,1948-01-01,0.00672,Married,1716,,2032-06-05,Yes,,,Entrepreneur without personnel,9259.0,209580,No,1,,NA,1,Created
18390,2012-01-01,8364,Female,65,1948-01-01,0.00672,Married,1716,,2032-06-05,Yes,,,Retired,6481.299999999999,209580,No,1,,NA,1,Life event: Retired
8365,2011-01-01,8365,Female,20,1991-04-21,0.00018,Single,0,,,Yes,29.0,2020-03-02,Permanent contract,20648.0,-25548,Yes,0,32.0,2023-03-23,1,Created
8366,2011-01-01,8366,Male,71,1940-12-21,0.02034,Widowed,0,,,Yes,,,Retired,18888.0,115545,Yes,0,,NA,1,Created
8367,2011-01-01,8367,Female,23,1988-06-29,0.0001,Single,0,,,No,,,Permanent contract,20235.0,31097,Yes,0,30.0,2018-03-09,1,Created
8368,2011-01-01,8368,Female,35,1976-12-20,0.00033999999999999997,Married,1717,,2066-06-01,No,,,Unemployed,6644.0,28281,No,2,,NA,1,Created
8369,2011-01-01,8369,Female,73,1938-04-15,0.01577,Divorced,0,,,No,,,Retired,46843.0,4792,Yes,0,,NA,1,Created
8370,2011-01-01,8370,Female,53,1958-12-02,0.00312,Married,1718,,2035-07-20,Yes,,,Permanent contract,21222.0,13718,No,2,,NA,1,Created
8371,2011-01-01,8371,Female,36,1975-05-25,0.00049,Married,1719,,2050-08-18,Yes,,,Permanent contract,31052.0,-32182,No,1,,NA,1,Created
8372,2011-01-01,8372,Female,24,1987-11-17,0.00018999999999999998,Single,0,,,No,,,Permanent contract,26365.0,11745,Yes,0,37.0,2024-09-23,1,Created
8373,2011-01-01,8373,Male,64,1947-04-26,0.01097,Married,1670,,2044-07-16,No,,,Permanent contract,49210.0,80565,No,2,,NA,1,Created
17264,2011-04-26,8373,Male,65,1947-04-26,0.01097,Married,1670,,2044-07-16,No,,,Retired,34447.0,80565,No,2,,NA,1,Life event: Retired
8374,2011-01-01,8374,Female,65,1946-07-30,0.007559999999999999,Married,1720,,2057-09-05,No,,,Flexible contract,10391.0,330732,No,2,,NA,1,Created
17719,2011-07-30,8374,Female,66,1946-07-30,0.007559999999999999,Married,1720,,2057-09-05,No,,,Retired,7273.7,330732,No,2,,NA,1,Life event: Retired
8375,2011-01-01,8375,Female,77,1934-08-12,0.0259,Divorced,0,,,No,,,Retired,851.0,207402,Yes,0,,NA,1,Created
8376,2011-01-01,8376,Male,52,1959-11-23,0.00314,Married,1671,,2033-02-26,Yes,,,Permanent contract,3085.0,66037,Yes,1,,NA,1,Created
8377,2011-01-01,8377,Male,14,1997-03-31,0.00014,Single,0,,,Yes,30.0,2027-12-02,Child,0.0,0,No,0,,NA,1,Created
8378,2011-01-01,8378,Male,22,1989-09-09,0.00041,Single,0,,,Yes,31.0,2020-11-11,Permanent contract,3809.0,74888,Yes,0,,NA,1,Created
8379,2011-01-01,8379,Female,71,1940-07-21,0.013009999999999999,Married,1721,,2036-09-13,Yes,,,Retired,9581.0,126,Yes,3,,NA,1,Created
8380,2011-01-01,8380,Female,88,1923-07-17,0.10577,Widowed,0,,,No,,,Retired,9222.0,17712,Yes,0,,NA,1,Created
8381,2011-01-01,8381,Male,49,1962-05-15,0.00242,Married,1672,,2058-04-30,No,,,Permanent contract,17601.0,-12548,Yes,3,,NA,1,Created
8382,2011-01-01,8382,Female,55,1956-05-20,0.00372,Married,1722,,2067-12-21,Yes,,,Flexible contract,18800.0,7332,Yes,1,,NA,1,Created
8383,2011-01-01,8383,Male,45,1966-12-25,0.0014199999999999998,Single,0,,,Yes,51.0,2017-04-01,Entrepreneur without personnel,234.0,-22636,No,0,,NA,1,Created
8384,2011-01-01,8384,Female,45,1966-11-28,0.00134,Married,1723,,2029-12-08,Yes,,,Entrepreneur without personnel,19678.0,10927,No,1,,NA,1,Created
8385,2011-01-01,8385,Male,65,1946-12-13,0.01141,Married,1673,,2037-01-16,No,,,Unemployed,29003.0,32762,Yes,1,,NA,1,Created
18083,2011-10-22,8385,Male,65,1946-12-13,0.01141,Married,1673,,2037-01-16,No,,,Unemployed,29003.0,32762,Yes,1,,NA,0,Life event: Deceased
8386,2011-01-01,8386,Male,8,2003-01-20,9e-05,Single,0,,,No,,,Child,0.0,0,Yes,0,,NA,1,Created
8387,2011-01-01,8387,Female,51,1960-08-23,0.0023899999999999998,Single,0,,,No,,,Entrepreneur without personnel,4831.0,-17899,Yes,0,,NA,1,Created
8388,2011-01-01,8388,Female,39,1972-02-11,0.00074,Married,1724,,2045-07-17,Yes,,,Permanent contract,19873.0,237577,No,2,,NA,1,Created
8389,2011-01-01,8389,Female,31,1980-08-02,0.00029,Single,0,,,Yes,20.0,,Permanent contract,7233.0,9571,No,0,,NA,1,Created
8390,2011-01-01,8390,Female,12,1999-10-21,5e-05,Single,0,,,Yes,50.0,2049-06-25,Child,0.0,0,Yes,0,28.0,2027-02-19,1,Created
8391,2011-01-01,8391,Female,33,1978-06-04,0.00035,Single,0,,,No,,,Permanent contract,24882.0,918998,Yes,0,,NA,1,Created
8392,2011-01-01,8392,Female,58,1953-04-22,0.00448,Married,1725,,2058-07-05,No,,,Unemployed,68502.0,-20255,No,1,,NA,1,Created
8393,2011-01-01,8393,Female,20,1991-02-23,0.00018,Single,0,,,Yes,57.0,2048-09-26,Permanent contract,27480.0,-28140,Yes,0,30.0,2021-03-02,1,Created
8394,2011-01-01,8394,Female,78,1933-04-03,0.02817,Married,1726,,2041-01-20,Yes,,,Retired,37953.0,125241,Yes,2,,NA,1,Created
8395,2011-01-01,8395,Female,51,1960-06-27,0.0023899999999999998,Divorced,0,,,Yes,,,Flexible contract,1968.0,73648,Yes,0,,NA,1,Created
8396,2011-01-01,8396,Female,65,1946-12-13,0.007559999999999999,Married,1727,,2059-01-24,No,,,Permanent contract,36758.0,254356,Yes,3,,NA,1,Created
18292,2011-12-13,8396,Female,66,1946-12-13,0.007559999999999999,Married,1727,,2059-01-24,No,,,Retired,25730.6,254356,Yes,3,,NA,1,Life event: Retired
8397,2011-01-01,8397,Female,20,1991-01-21,0.00018,Single,0,,,No,,,Entrepreneur with personel,27.0,44637,Yes,0,36.0,2027-04-25,1,Created
8398,2011-01-01,8398,Female,11,2000-04-14,7e-05,Single,0,,,No,,,Child,0.0,0,No,0,31.0,2031-10-06,1,Created
8399,2011-01-01,8399,Female,4,2007-11-11,5.9999999999999995e-05,Single,0,,,No,,,Child,0.0,0,No,0,34.0,2041-09-13,1,Created
8400,2011-01-01,8400,Female,15,1996-08-05,8e-05,Single,0,,,No,,,Child,0.0,0,Yes,0,26.0,2022-03-09,1,Created
8401,2011-01-01,8401,Male,74,1937-06-05,0.0295,Married,1674,,2013-03-25,Yes,,,Retired,21417.0,864678,Yes,2,,NA,1,Created
8402,2011-01-01,8402,Male,38,1973-08-23,0.0009599999999999999,Single,0,,,No,,,Unemployed,22883.0,100690,Yes,0,,NA,1,Created
8403,2011-01-01,8403,Male,65,1946-09-05,0.01141,Married,1675,,2042-12-16,Yes,,,Permanent contract,2864.0,-2224,Yes,2,,NA,1,Created
17890,2011-09-05,8403,Male,66,1946-09-05,0.01141,Married,1675,,2042-12-16,Yes,,,Retired,2004.8,-2224,Yes,2,,NA,1,Life event: Retired
8404,2011-01-01,8404,Male,41,1970-08-22,0.0008900000000000001,Single,0,,,Yes,43.0,2013-10-31,Permanent contract,14709.0,165360,Yes,0,,NA,1,Created
8405,2011-01-01,8405,Female,7,2004-01-22,7e-05,Single,0,,,Yes,21.0,2025-10-21,Child,0.0,0,Yes,0,28.0,2032-07-10,1,Created
8406,2011-01-01,8406,Female,18,1993-09-16,0.00023999999999999998,Single,0,,,No,,,Permanent contract,60588.0,9118,Yes,0,24.0,2017-02-22,1,Created
8407,2011-01-01,8407,Male,77,1934-12-17,0.0418,Widowed,0,,,No,,,Retired,8424.0,299621,Yes,0,,NA,1,Created
8408,2011-01-01,8408,Male,48,1963-08-23,0.0021100000000000003,Married,1676,,2055-06-12,Yes,,,Entrepreneur without personnel,9034.0,22249,Yes,2,,NA,1,Created
8409,2011-01-01,8409,Female,9,2002-05-28,2.9999999999999997e-05,Single,0,,,Yes,39.0,2041-04-26,Child,0.0,0,Yes,0,28.0,2030-03-10,1,Created
8410,2011-01-01,8410,Male,41,1970-03-20,0.0008900000000000001,Married,1677,,2015-12-15,Yes,,,Permanent contract,12913.0,40343,No,2,,NA,1,Created
8411,2011-01-01,8411,Female,49,1962-05-31,0.00193,Married,1728,,2015-10-26,No,,,Flexible contract,2950.0,3904,Yes,2,,NA,1,Created
8412,2011-01-01,8412,Female,33,1978-09-12,0.00035,Married,1729,,2050-11-07,No,,,Permanent contract,43102.0,4240,Yes,2,34.0,2012-12-06,1,Created
19299,2012-12-06,8412,Female,35,1978-09-12,0.00035,Married,1729,,2050-11-07,No,,,Permanent contract,43102.0,4240,Yes,1,34,2012-12-06,1,Life event: Children born
8413,2011-01-01,8413,Female,77,1934-04-04,0.0259,Married,1730,,2016-05-09,No,,,Retired,18286.0,5024,No,2,,NA,1,Created
8414,2011-01-01,8414,Female,42,1969-10-02,0.001,Married,1731,,2056-03-24,Yes,,,Permanent contract,35176.0,351903,Yes,1,,NA,1,Created
8415,2011-01-01,8415,Male,41,1970-09-09,0.0008900000000000001,Married,1678,,2026-02-10,No,,,Entrepreneur without personnel,56232.0,11731,Yes,1,,NA,1,Created
8416,2011-01-01,8416,Female,64,1947-07-30,0.00713,Married,1732,,2036-07-28,Yes,,,Permanent contract,5391.0,295394,No,2,,NA,1,Created
17720,2011-07-30,8416,Female,65,1947-07-30,0.00713,Married,1732,,2036-07-28,Yes,,,Retired,3773.7,295394,No,2,,NA,1,Life event: Retired
8417,2011-01-01,8417,Male,105,1906-07-01,1.0,Widowed,0,,,No,,,Retired,784.0,55321,Yes,0,,NA,1,Created
18095,2011-10-24,8417,Male,106,1906-07-01,1.0,Widowed,0,,,No,,,Retired,784.0,55321,Yes,0,,NA,0,Life event: Deceased
8418,2011-01-01,8418,Male,62,1949-11-17,0.008409999999999999,Married,1679,,2016-12-28,No,,,Permanent contract,13344.0,-363,Yes,1,,NA,1,Created
8419,2011-01-01,8419,Female,15,1996-03-04,8e-05,Single,0,,,No,,,Child,0.0,0,Yes,0,34.0,2030-09-11,1,Created
8420,2011-01-01,8420,Female,36,1975-12-19,0.00049,Married,1733,,2057-12-20,No,,,Entrepreneur without personnel,5802.0,13305,No,3,,NA,1,Created
8421,2011-01-01,8421,Male,23,1988-03-14,0.00039,Single,0,,,Yes,53.0,2041-12-01,Permanent contract,25806.0,343774,Yes,0,,NA,1,Created
8422,2011-01-01,8422,Female,57,1954-05-18,0.00387,Married,1734,,2045-08-18,No,,,Permanent contract,23494.0,6128,No,1,,NA,1,Created
8423,2011-01-01,8423,Male,29,1982-05-22,0.0005200000000000001,Single,0,,,No,,,Permanent contract,98124.0,461960,No,0,,NA,1,Created
8424,2011-01-01,8424,Male,77,1934-02-25,0.0418,Widowed,0,,,No,,,Retired,26707.0,193732,Yes,0,,NA,1,Created
8425,2011-01-01,8425,Male,42,1969-03-12,0.00128,Single,0,,,Yes,40.0,,Permanent contract,23500.0,215476,No,0,,NA,1,Created
8426,2011-01-01,8426,Female,52,1959-07-16,0.00268,Married,1735,,2040-05-31,Yes,,,Permanent contract,47132.0,440219,Yes,2,,NA,1,Created
18850,2012-06-16,8426,Female,53,1959-07-16,0.00268,Widowed,1735,,2040-05-31,Yes,,,Permanent contract,47132.0,440219,Yes,2,,NA,1,Life event: Widowed
8427,2011-01-01,8427,Female,10,2001-03-19,0.0001,Single,0,,,Yes,31.0,2032-01-27,Child,0.0,0,Yes,0,30.0,2031-06-05,1,Created
8428,2011-01-01,8428,Female,34,1977-09-25,0.00037,Single,0,,,Yes,41.0,2018-04-03,Permanent contract,494686.0,-4804,No,0,,NA,1,Created
8429,2011-01-01,8429,Female,44,1967-01-05,0.00107,Married,1736,,2046-12-19,Yes,,,Flexible contract,21658.0,30552,Yes,1,,NA,1,Created
8430,2011-01-01,8430,Female,60,1951-04-21,0.00541,Married,1737,,2040-07-06,Yes,,,Flexible contract,34482.0,565529,Yes,1,,NA,1,Created
8431,2011-01-01,8431,Male,36,1975-09-23,0.0006,Single,0,,,No,,,Permanent contract,191091.0,3109,No,0,,NA,1,Created
8432,2011-01-01,8432,Male,39,1972-01-16,0.0008699999999999999,Married,1680,,2030-08-27,No,,,Flexible contract,37294.0,130635,Yes,1,,NA,1,Created
8433,2011-01-01,8433,Male,4,2007-10-22,0.00011,Single,0,,,No,,,Child,0.0,0,No,0,,NA,1,Created
8434,2011-01-01,8434,Female,52,1959-10-24,0.00268,Divorced,0,,,Yes,,,Permanent contract,34764.0,134865,No,0,,NA,1,Created
8435,2011-01-01,8435,Female,61,1950-02-04,0.00562,Married,1738,,2028-06-18,Yes,,,Permanent contract,22488.0,-26474,Yes,3,,NA,1,Created
8436,2011-01-01,8436,Female,10,2001-04-08,0.0001,Single,0,,,No,,,Child,0.0,0,Yes,0,42.0,2043-01-26,1,Created
8437,2011-01-01,8437,Female,44,1967-05-06,0.00107,Single,0,,,No,,,Flexible contract,5114.0,112770,Yes,0,,NA,1,Created
8438,2011-01-01,8438,Male,35,1976-10-16,0.00055,Married,1681,,2052-04-06,No,,,Flexible contract,3545.0,-35274,No,1,,NA,1,Created
8439,2011-01-01,8439,Female,61,1950-04-24,0.00562,Married,1739,,2028-07-06,No,,,Permanent contract,21033.0,-16983,No,2,,NA,1,Created
8440,2011-01-01,8440,Male,4,2007-02-22,0.00011,Single,0,,,No,,,Child,0.0,0,No,0,,NA,1,Created
8441,2011-01-01,8441,Female,45,1966-05-30,0.00134,Divorced,0,,,No,,,Entrepreneur without personnel,9621.0,20000,Yes,0,,NA,1,Created
8442,2011-01-01,8442,Female,92,1919-10-14,0.17376,Divorced,0,,,No,,,Retired,44624.0,41376,No,0,,NA,1,Created
8443,2011-01-01,8443,Female,54,1957-07-03,0.00313,Married,1740,,2015-05-11,No,,,Unemployed,13003.0,-30376,No,1,,NA,1,Created
8444,2011-01-01,8444,Female,67,1944-12-20,0.00974,Married,1741,,2035-11-11,Yes,,,Permanent contract,4939.0,682212,Yes,1,,NA,1,Created
18325,2011-12-20,8444,Female,68,1944-12-20,0.00974,Married,1741,,2035-11-11,Yes,,,Retired,3457.2999999999997,682212,Yes,1,,NA,1,Life event: Retired
8445,2011-01-01,8445,Male,60,1951-07-05,0.006840000000000001,Married,1682,,2037-08-18,No,,,Entrepreneur with personel,26416.0,-24021,No,1,,NA,1,Created
17714,2011-07-28,8445,Male,61,1951-07-05,0.006840000000000001,Widowed,1682,,2037-08-18,No,,,Entrepreneur with personel,26416.0,-24021,No,1,,NA,1,Life event: Widowed
8446,2011-01-01,8446,Female,10,2001-07-14,0.0001,Single,0,,,No,,,Child,0.0,0,Yes,0,41.0,2042-06-05,1,Created
8447,2011-01-01,8447,Male,2,2009-07-13,0.00021,Single,0,,,No,,,Child,0.0,0,No,0,,NA,1,Created
8448,2011-01-01,8448,Male,10,2001-08-28,0.00011999999999999999,Single,0,,,No,,,Child,0.0,0,Yes,0,,NA,1,Created
8449,2011-01-01,8449,Male,31,1980-11-17,0.00041,Single,0,,,No,,,Permanent contract,22518.0,-1363,No,0,,NA,1,Created
8450,2011-01-01,8450,Male,17,1994-06-15,0.00022999999999999998,Single,0,,,Yes,30.0,2024-11-28,Child,0.0,0,Yes,0,,NA,1,Created
17514,2011-06-15,8450,Male,18,1994-06-15,0.00022999999999999998,Single,0,,,Yes,40,2033-07-05,Permanent contract,14824.0,488625,Yes,0,,NA,1,Life event: Adulthood
8451,2011-01-01,8451,Male,38,1973-02-17,0.0009599999999999999,Married,1683,,2065-08-29,No,,,Flexible contract,66337.0,573363,No,1,,NA,1,Created
8452,2011-01-01,8452,Female,2,2009-10-15,0.00015,Single,0,,,Yes,25.0,2034-06-15,Child,0.0,0,Yes,0,32.0,2041-11-23,1,Created
8453,2011-01-01,8453,Female,44,1967-04-26,0.00107,Married,1742,,2057-02-27,Yes,,,Flexible contract,27403.0,6888,No,2,,NA,1,Created
8454,2011-01-01,8454,Male,29,1982-06-04,0.0005200000000000001,Married,1684,,2024-06-16,No,,,Permanent contract,39906.0,1857314,No,3,,NA,1,Created
8455,2011-01-01,8455,Male,78,1933-08-14,0.04668,Married,1685,,2056-06-09,No,,,Retired,20638.0,166524,No,3,,NA,1,Created
8456,2011-01-01,8456,Male,48,1963-09-24,0.0021100000000000003,Married,1686,,2056-12-30,No,,,Permanent contract,24323.0,647894,Yes,3,,NA,1,Created
8457,2011-01-01,8457,Male,44,1967-05-16,0.0013599999999999999,Single,0,,,Yes,97.0,2064-07-02,Flexible contract,2577.0,735,Yes,0,,NA,1,Created
8458,2011-01-01,8458,Male,20,1991-03-03,0.00045,Single,0,,,Yes,46.0,2037-06-13,Permanent contract,45758.0,153918,No,0,,NA,1,Created
8459,2011-01-01,8459,Female,65,1946-11-13,0.007559999999999999,Widowed,0,,,No,,,Permanent contract,9286.0,4405,Yes,0,,NA,1,Created
18179,2011-11-13,8459,Female,66,1946-11-13,0.007559999999999999,Widowed,0,,,No,,,Retired,6500.2,4405,Yes,0,,NA,1,Life event: Retired
8460,2011-01-01,8460,Female,38,1973-02-16,0.00063,Married,1743,,2024-03-08,Yes,,,Permanent contract,165644.0,181819,Yes,1,,NA,1,Created
8461,2011-01-01,8461,Female,71,1940-12-14,0.013009999999999999,Married,1744,,2027-01-11,Yes,,,Retired,11893.0,386420,No,1,,NA,1,Created
8462,2011-01-01,8462,Female,57,1954-02-24,0.00387,Married,1745,,2029-09-28,No,,,Flexible contract,165652.0,978,No,1,,NA,1,Created
8463,2011-01-01,8463,Male,29,1982-08-11,0.0005200000000000001,Single,0,,,No,,,Permanent contract,21609.0,2481,No,0,,NA,1,Created
8464,2011-01-01,8464,Male,25,1986-06-21,0.00033999999999999997,Single,0,,,Yes,37.0,2023-05-12,Permanent contract,28938.0,48838,Yes,0,,NA,1,Created
8465,2011-01-01,8465,Male,73,1938-05-23,0.0262,Married,1687,,2064-04-02,Yes,,,Retired,177298.0,2401,No,2,,NA,1,Created
8466,2011-01-01,8466,Female,35,1976-10-03,0.00033999999999999997,Single,0,,,No,,,Permanent contract,36710.0,404744,Yes,0,35.0,2011-12-24,1,Created
8467,2011-01-01,8467,Female,36,1975-04-02,0.00049,Married,1746,,2027-08-24,Yes,,,Permanent contract,5054.0,232160,Yes,2,37.0,2012-01-17,1,Created
18439,2012-01-17,8467,Female,37,1975-04-02,0.00049,Married,1746,,2027-08-24,Yes,,,Permanent contract,5054.0,232160,Yes,2,37,2012-01-17,1,Life event: Children born
8468,2011-01-01,8468,Male,37,1974-12-26,0.00082,Married,1688,,2061-05-20,Yes,,,Entrepreneur with personel,73886.0,40650,Yes,2,,NA,1,Created
8469,2011-01-01,8469,Female,20,1991-01-29,0.00018,Single,0,,,Yes,44.0,2035-07-23,Permanent contract,10316.0,643,No,0,37.0,2028-07-11,1,Created
8470,2011-01-01,8470,Male,0,2011-09-26,0.0036200000000000004,Single,0,,,Yes,33.0,2044-09-06,Child,0.0,0,Yes,0,,NA,1,Created
8471,2011-01-01,8471,Male,27,1984-01-25,0.00044,Single,0,,,Yes,35.0,2019-05-15,Permanent contract,16641.0,797,Yes,0,,NA,1,Created
8472,2011-01-01,8472,Male,77,1934-05-14,0.0418,Widowed,0,,,Yes,,,Retired,23864.0,144288,Yes,0,,NA,1,Created
18721,2012-05-04,8472,Male,78,1934-05-14,0.0418,Widowed,0,,,Yes,,,Retired,23864.0,144288,Yes,0,,NA,0,Life event: Deceased
8473,2011-01-01,8473,Male,31,1980-09-13,0.00041,Single,0,,,Yes,33.0,2013-12-10,Permanent contract,51459.0,67,Yes,0,,NA,1,Created
8474,2011-01-01,8474,Male,58,1953-08-17,0.00603,Single,0,,,No,,,Permanent contract,12980.0,475703,No,0,,NA,1,Created
8475,2011-01-01,8475,Male,26,1985-01-15,1.0,Single,0,,,Yes,39.0,2024-11-02,Flexible contract,9121.0,425355,No,0,,NA,1,Created
17905,2011-09-09,8475,Male,27,1985-01-15,1.0,Single,0,,,Yes,39,2024-11-02,Flexible contract,9121.0,425355,No,0,,NA,0,Life event: Deceased
8476,2011-01-01,8476,Female,67,1944-12-23,0.00974,Divorced,0,,,Yes,,,Permanent contract,22600.0,8098,Yes,0,,NA,1,Created
18346,2011-12-23,8476,Female,68,1944-12-23,0.00974,Divorced,0,,,Yes,,,Retired,15819.999999999998,8098,Yes,0,,NA,1,Life event: Retired
8477,2011-01-01,8477,Male,2,2009-10-14,0.00021,Single,0,,,No,,,Child,0.0,0,No,0,,NA,1,Created
8478,2011-01-01,8478,Female,65,1946-05-01,0.007559999999999999,Married,1747,,2064-02-15,Yes,,,Entrepreneur without personnel,15005.0,362023,No,1,,NA,1,Created
17280,2011-05-01,8478,Female,66,1946-05-01,0.007559999999999999,Married,1747,,2064-02-15,Yes,,,Retired,10503.5,362023,No,1,,NA,1,Life event: Retired
8479,2011-01-01,8479,Female,22,1989-06-23,0.00023999999999999998,Single,0,,,No,,,Permanent contract,76278.0,4756,Yes,0,27.0,2016-04-29,1,Created
8480,2011-01-01,8480,Male,50,1961-11-25,0.00257,Married,1689,,2022-05-27,No,,,Permanent contract,34896.0,158049,No,2,,NA,1,Created
8481,2011-01-01,8481,Male,53,1958-03-29,0.0033299999999999996,Single,0,,,Yes,30.0,,Entrepreneur without personnel,9155.0,3702,No,0,,NA,1,Created
8482,2011-01-01,8482,Male,29,1982-09-30,0.0005200000000000001,Single,0,,,Yes,44.0,2026-06-29,Flexible contract,27995.0,77711,No,0,,NA,1,Created
8483,2011-01-01,8483,Female,41,1970-12-19,0.0007700000000000001,Married,1748,,2022-02-08,Yes,,,Permanent contract,49034.0,42742,Yes,1,,NA,1,Created
8484,2011-01-01,8484,Female,79,1932-06-24,0.03112,Married,1749,,2022-10-13,Yes,,,Retired,24781.0,190311,Yes,2,,NA,1,Created
8485,2011-01-01,8485,Male,26,1985-10-27,1.0,Divorced,0,,,No,,,Unemployed,19930.0,8336,Yes,0,,NA,1,Created
8486,2011-01-01,8486,Female,61,1950-12-22,0.00562,Married,1750,,2024-12-10,No,,,Permanent contract,6806.0,78868,Yes,2,,NA,1,Created
8487,2011-01-01,8487,Female,53,1958-03-31,0.00312,Married,1751,,2017-10-15,No,,,Permanent contract,16355.0,-16514,Yes,2,,NA,1,Created
8488,2011-01-01,8488,Female,37,1974-08-14,0.00057,Married,1752,,2061-02-17,No,,,Permanent contract,6941.0,-20145,Yes,1,,NA,1,Created
8489,2011-01-01,8489,Female,66,1945-11-07,0.009040000000000001,Widowed,0,,,Yes,,,Permanent contract,13125.0,51734,No,0,,NA,1,Created
18142,2011-11-07,8489,Female,67,1945-11-07,0.009040000000000001,Widowed,0,,,Yes,,,Retired,9187.5,51734,No,0,,NA,1,Life event: Retired
8490,2011-01-01,8490,Male,83,1928-03-20,0.08242999999999999,Married,1690,,2060-02-10,No,,,Retired,5722.0,-2180,Yes,1,,NA,1,Created
18273,2011-12-08,8490,Male,84,1928-03-20,0.08242999999999999,Married,1690,,2060-02-10,No,,,Retired,5722.0,-2180,Yes,1,,NA,0,Life event: Deceased
8491,2011-01-01,8491,Female,55,1956-02-08,0.00372,Married,1753,,2052-06-06,Yes,,,Entrepreneur without personnel,21835.0,174464,No,3,,NA,1,Created
19230,2012-11-10,8491,Female,57,1956-02-08,0.00372,Married,1753,,2052-06-06,Yes,,,Entrepreneur without personnel,21835.0,174464,No,3,,NA,0,Life event: Deceased
8492,2011-01-01,8492,Female,12,1999-07-25,5e-05,Single,0,,,No,,,Child,0.0,0,Yes,0,31.0,2030-07-13,1,Created
8493,2011-01-01,8493,Female,34,1977-10-19,0.00037,Married,1754,,2040-07-24,Yes,,,Permanent contract,23306.0,2871,Yes,1,,NA,1,Created
8494,2011-01-01,8494,Male,60,1951-06-06,0.006840000000000001,Single,0,,,No,,,Permanent contract,4757.0,160966,No,0,,NA,1,Created
8495,2011-01-01,8495,Male,17,1994-10-13,0.00022999999999999998,Single,0,,,No,,,Child,0.0,0,Yes,0,,NA,1,Created
18044,2011-10-13,8495,Male,18,1994-10-13,0.00022999999999999998,Single,0,,,No,,,Permanent contract,65978.0,44042,Yes,0,,NA,1,Life event: Adulthood
8496,2011-01-01,8496,Female,11,2000-09-17,7e-05,Single,0,,,Yes,23.0,2023-09-16,Child,0.0,0,No,0,34.0,2034-06-07,1,Created
8497,2011-01-01,8497,Female,80,1931-04-08,0.03682,Married,1755,,2012-03-24,Yes,,,Retired,8622.0,126312,Yes,2,,NA,1,Created
18615,2012-03-24,8497,Female,81,1931-04-08,0.03682,Divorced,1755,,2012-03-24,Yes,,,Retired,8622.0,126312,Yes,2,,NA,1,Life event: Divorced
8498,2011-01-01,8498,Female,6,2005-08-05,8e-05,Single,0,,,No,,,Child,0.0,0,No,0,34.0,2039-01-16,1,Created
8499,2011-01-01,8499,Female,19,1992-05-17,0.00014,Single,0,,,Yes,31.0,2023-12-04,Flexible contract,8232.0,-10704,No,0,35.0,2027-04-20,1,Created
8500,2011-01-01,8500,Female,25,1986-07-28,0.00022999999999999998,Single,0,,,No,,,Permanent contract,42112.0,2290,No,0,33.0,2019-03-27,1,Created
8501,2011-01-01,8501,Male,59,1952-07-07,0.00717,Divorced,0,,,No,,,Permanent contract,75974.0,951,No,0,,NA,1,Created
8502,2011-01-01,8502,Male,4,2007-05-05,0.00011,Single,0,,,No,,,Child,0.0,0,Yes,0,,NA,1,Created
8503,2011-01-01,8503,Female,52,1959-02-12,0.00268,Married,1756,,2016-05-29,No,,,Permanent contract,36546.0,15655,Yes,3,,NA,1,Created
8504,2011-01-01,8504,Female,8,2003-06-03,2.9999999999999997e-05,Single,0,,,No,,,Child,0.0,0,Yes,0,31.0,2034-09-04,1,Created
8505,2011-01-01,8505,Male,40,1971-06-25,0.0009400000000000001,Married,1691,,2012-08-25,No,,,Entrepreneur without personnel,16709.0,79133,No,3,,NA,1,Created
19037,2012-08-25,8505,Male,42,1971-06-25,0.0009400000000000001,Divorced,1691,,2012-08-25,No,,,Entrepreneur without personnel,16709.0,79133,No,3,,NA,1,Life event: Divorced
8506,2011-01-01,8506,Male,43,1968-07-14,0.00103,Single,0,,,Yes,29.0,,Permanent contract,40704.0,39613,Yes,0,,NA,1,Created
8507,2011-01-01,8507,Female,53,1958-03-30,0.00312,Divorced,0,,,No,,,Permanent contract,28095.0,-25071,No,0,,NA,1,Created
8508,2011-01-01,8508,Female,101,1910-03-28,1.0,Widowed,0,,,Yes,,,Retired,12894.0,110290,No,0,,NA,1,Created
17803,2011-08-15,8508,Female,102,1910-03-28,1.0,Widowed,0,,,Yes,,,Retired,12894.0,110290,No,0,,NA,0,Life event: Deceased
8509,2011-01-01,8509,Female,24,1987-09-19,0.00018999999999999998,Single,0,,,No,,,Permanent contract,40485.0,689,Yes,0,34.0,2021-04-02,1,Created
8510,2011-01-01,8510,Female,22,1989-08-20,0.00023999999999999998,Single,0,,,Yes,31.0,2020-03-08,Flexible contract,20510.0,242510,No,0,35.0,2024-06-17,1,Created
8511,2011-01-01,8511,Female,42,1969-04-23,0.001,Married,1757,,2025-06-26,No,,,Flexible contract,22584.0,896,Yes,2,,NA,1,Created
8512,2011-01-01,8512,Female,65,1946-02-13,0.007559999999999999,Widowed,0,,,Yes,,,Permanent contract,34670.0,-10181,Yes,0,,NA,1,Created
16905,2011-02-13,8512,Female,66,1946-02-13,0.007559999999999999,Widowed,0,,,Yes,,,Retired,24269.0,-10181,Yes,0,,NA,1,Life event: Retired
8513,2011-01-01,8513,Female,60,1951-02-10,0.00541,Married,1758,,2038-08-10,No,,,Permanent contract,12195.0,338079,No,2,,NA,1,Created
8514,2011-01-01,8514,Male,67,1944-06-23,0.01396,Married,1692,,2017-03-14,Yes,,,Entrepreneur without personnel,15652.0,134,Yes,2,,NA,1,Created
17552,2011-06-23,8514,Male,68,1944-06-23,0.01396,Married,1692,,2017-03-14,Yes,,,Retired,10956.4,134,Yes,2,,NA,1,Life event: Retired
8515,2011-01-01,8515,Male,7,2004-08-24,9e-05,Single,0,,,Yes,29.0,2033-06-12,Child,0.0,0,No,0,,NA,1,Created
8516,2011-01-01,8516,Male,32,1979-04-17,0.00059,Single,0,,,No,,,Flexible contract,22312.0,105118,Yes,0,,NA,1,Created
8517,2011-01-01,8517,Female,45,1966-12-04,0.00134,Married,1759,,2055-09-17,No,,,Flexible contract,7091.0,38188,No,1,,NA,1,Created
8518,2011-01-01,8518,Female,70,1941-02-07,0.01252,Married,1760,,2028-06-27,Yes,,,Retired,90472.0,35957,Yes,2,,NA,1,Created
8519,2011-01-01,8519,Male,28,1983-03-06,0.00045,Single,0,,,Yes,65.0,2048-10-19,Permanent contract,10633.0,6060,No,0,,NA,1,Created
8520,2011-01-01,8520,Male,13,1998-04-19,0.00014,Single,0,,,No,,,Child,0.0,0,No,0,,NA,1,Created
8521,2011-01-01,8521,Female,21,1990-04-04,0.00016,Single,0,,,Yes,78.0,2068-01-29,Flexible contract,487392.0,3553884,No,0,33.0,2023-04-19,1,Created
8522,2011-01-01,8522,Female,6,2005-01-02,8e-05,Single,0,,,No,,,Child,0.0,0,Yes,0,33.0,2038-08-11,1,Created
8523,2011-01-01,8523,Female,57,1954-07-03,0.00387,Married,1761,,2065-04-24,No,,,Family business,4043.0,123111,Yes,3,,NA,1,Created
8524,2011-01-01,8524,Male,54,1957-01-14,0.00404,Married,1693,,2037-12-22,Yes,,,Entrepreneur without personnel,401.0,-24582,No,2,,NA,1,Created
8525,2011-01-01,8525,Male,14,1997-02-02,0.00014,Single,0,,,No,,,Child,0.0,0,Yes,0,,NA,1,Created
8526,2011-01-01,8526,Male,35,1976-06-18,0.00055,Married,1694,,2017-10-24,No,,,Permanent contract,17056.0,-4353,No,2,,NA,1,Created
8527,2011-01-01,8527,Male,19,1992-09-09,0.00033,Single,0,,,Yes,57.0,2049-06-14,Permanent contract,8973.0,257419,Yes,0,,NA,1,Created
8528,2011-01-01,8528,Female,76,1935-01-26,0.02337,Widowed,0,,,Yes,,,Retired,4211.0,-43304,Yes,0,,NA,1,Created
8529,2011-01-01,8529,Female,20,1991-03-03,0.00018,Single,0,,,No,,,Permanent contract,76454.0,4615,No,0,30.0,2021-01-03,1,Created
8530,2011-01-01,8530,Female,43,1968-06-19,0.0009699999999999999,Divorced,0,,,No,,,Unemployed,5199.0,83467,No,0,,NA,1,Created
8531,2011-01-01,8531,Male,6,2005-02-02,5.9999999999999995e-05,Single,0,,,No,,,Child,0.0,0,Yes,0,,NA,1,Created
8532,2011-01-01,8532,Female,59,1952-01-13,0.00479,Married,1762,,2031-07-22,Yes,,,Entrepreneur without personnel,11843.0,274232,Yes,1,,NA,1,Created
8533,2011-01-01,8533,Male,57,1954-10-13,0.00572,Married,1695,,2021-02-11,No,,,Permanent contract,2673.0,170,Yes,3,,NA,1,Created
8534,2011-01-01,8534,Male,62,1949-11-29,0.008409999999999999,Married,1696,,2049-07-10,Yes,,,Flexible contract,6359.0,25136,No,3,,NA,1,Created
8535,2011-01-01,8535,Female,29,1982-07-12,0.00032,Single,0,,,No,,,Flexible contract,13638.0,115177,Yes,0,30.0,2012-02-16,1,Created
8536,2011-01-01,8536,Male,57,1954-07-16,0.00572,Divorced,0,,,No,,,Permanent contract,15324.0,22192,Yes,0,,NA,1,Created
8537,2011-01-01,8537,Male,98,1913-09-15,0.33792,Widowed,0,,,No,,,Retired,13291.0,-4490,Yes,0,,NA,1,Created
18386,2011-12-31,8537,Male,99,1913-09-15,0.33792,Widowed,0,,,No,,,Retired,13291.0,-4490,Yes,0,,NA,0,Life event: Deceased
8538,2011-01-01,8538,Female,62,1949-02-01,0.0057399999999999994,Widowed,0,,,No,,,Permanent contract,25118.0,3688,No,0,,NA,1,Created
8539,2011-01-01,8539,Female,14,1997-03-03,9e-05,Single,0,,,Yes,28.0,2025-03-15,Child,0.0,0,Yes,0,26.0,2023-04-15,1,Created
8540,2011-01-01,8540,Female,9,2002-02-27,2.9999999999999997e-05,Single,0,,,Yes,75.0,2077-07-04,Child,0.0,0,No,0,26.0,2028-01-17,1,Created
8541,2011-01-01,8541,Male,101,1910-09-14,1.0,Widowed,0,,,No,,,Retired,48350.0,4748,Yes,0,,NA,1,Created
18969,2012-07-29,8541,Male,102,1910-09-14,1.0,Widowed,0,,,No,,,Retired,48350.0,4748,Yes,0,,NA,0,Life event: Deceased
8542,2011-01-01,8542,Male,9,2002-04-06,0.00014,Single,0,,,Yes,30.0,2032-12-13,Child,0.0,0,No,0,,NA,1,Created
8543,2011-01-01,8543,Female,15,1996-04-07,8e-05,Single,0,,,Yes,27.0,2023-08-17,Child,0.0,0,Yes,0,29.0,2025-06-02,1,Created
8544,2011-01-01,8544,Female,55,1956-07-04,0.00372,Married,1763,,2038-05-24,No,,,Flexible contract,22335.0,-4431,No,3,,NA,1,Created
8545,2011-01-01,8545,Male,61,1950-02-24,0.00747,Married,1697,,2039-04-23,Yes,,,Permanent contract,21025.0,54747,No,2,,NA,1,Created
8546,2011-01-01,8546,Male,59,1952-03-12,0.00717,Divorced,0,,,No,,,Permanent contract,2312.0,399693,No,0,,NA,1,Created
8547,2011-01-01,8547,Male,75,1936-06-30,0.033710000000000004,Married,1698,,2061-02-05,No,,,Retired,88489.0,2126821,Yes,1,,NA,1,Created
8548,2011-01-01,8548,Male,21,1990-01-30,0.00045,Single,0,,,Yes,42.0,2032-01-18,Permanent contract,18938.0,451227,No,0,,NA,1,Created
8549,2011-01-01,8549,Male,0,2011-05-27,0.0036200000000000004,Single,0,,,No,,,Child,0.0,0,No,0,,NA,1,Created
8550,2011-01-01,8550,Female,49,1962-03-29,0.00193,Single,0,,,Yes,25.0,,Flexible contract,20141.0,436940,No,0,,NA,1,Created
8551,2011-01-01,8551,Male,40,1971-03-11,0.0009400000000000001,Single,0,,,Yes,45.0,2016-04-06,Permanent contract,33373.0,45223,No,0,,NA,1,Created
8552,2011-01-01,8552,Female,8,2003-05-24,2.9999999999999997e-05,Single,0,,,No,,,Child,0.0,0,Yes,0,32.0,2035-07-13,1,Created
8553,2011-01-01,8553,Male,28,1983-03-23,0.00045,Divorced,0,,,Yes,,,Permanent contract,26796.0,2772665,No,0,,NA,1,Created
8554,2011-01-01,8554,Female,60,1951-11-22,0.00541,Divorced,0,,,No,,,Permanent contract,15614.0,-2228,Yes,0,,NA,1,Created
8555,2011-01-01,8555,Female,20,1991-12-19,0.00018,Single,0,,,Yes,40.0,2031-12-21,Permanent contract,27429.0,353387,Yes,0,24.0,2015-08-21,1,Created
8556,2011-01-01,8556,Male,72,1939-06-13,0.02384,Widowed,0,,,Yes,,,Retired,19520.0,4722417,No,0,,NA,1,Created
8557,2011-01-01,8557,Male,42,1969-08-27,0.00128,Married,1699,,2017-11-12,No,,,Permanent contract,40929.0,284240,Yes,2,,NA,1,Created
8558,2011-01-01,8558,Female,4,2007-04-11,5.9999999999999995e-05,Single,0,,,Yes,52.0,2059-09-14,Child,0.0,0,No,0,28.0,2035-04-27,1,Created
8559,2011-01-01,8559,Male,47,1964-12-20,0.00186,Married,1700,,2045-01-06,No,,,Permanent contract,35562.0,97842,Yes,2,,NA,1,Created
8560,2011-01-01,8560,Male,62,1949-10-31,0.008409999999999999,Married,1701,,2012-06-14,Yes,,,Permanent contract,29597.0,29290,Yes,1,,NA,1,Created
18843,2012-06-14,8560,Male,63,1949-10-31,0.008409999999999999,Divorced,1701,,2012-06-14,Yes,,,Permanent contract,29597.0,29290,Yes,1,,NA,1,Life event: Divorced
8561,2011-01-01,8561,Male,105,1906-04-08,1.0,Widowed,0,,,No,,,Retired,28912.0,385443,Yes,0,,NA,1,Created
8562,2011-01-01,8562,Female,75,1936-11-02,0.01986,Divorced,0,,,No,,,Retired,16052.0,-45274,Yes,0,,NA,1,Created
8563,2011-01-01,8563,Female,56,1955-03-16,0.0041,Married,1764,,2065-06-05,No,,,Permanent contract,27659.0,85805,Yes,3,,NA,1,Created
18241,2011-11-30,8563,Female,57,1955-03-16,0.0041,Widowed,1764,,2065-06-05,No,,,Permanent contract,27659.0,85805,Yes,3,,NA,1,Life event: Widowed
8564,2011-01-01,8564,Male,65,1946-11-20,0.01141,Divorced,0,,,No,,,Unemployed,33053.0,32816,Yes,0,,NA,1,Created
18200,2011-11-20,8564,Male,66,1946-11-20,0.01141,Divorced,0,,,No,,,Retired,23137.1,32816,Yes,0,,NA,1,Life event: Retired
8565,2011-01-01,8565,Female,31,1980-09-12,0.00029,Divorced,0,,,Yes,,,Permanent contract,28694.0,212278,Yes,0,34.0,2014-08-12,1,Created
8566,2011-01-01,8566,Male,20,1991-05-09,0.00045,Single,0,,,Yes,40.0,2031-04-22,Permanent contract,26926.0,20458,Yes,0,,NA,1,Created
8567,2011-01-01,8567,Male,70,1941-04-09,0.01932,Divorced,0,,,No,,,Retired,19976.0,2381,Yes,0,,NA,1,Created
8568,2011-01-01,8568,Male,65,1946-11-26,0.01141,Married,1702,,2042-02-08,No,,,Unemployed,18331.0,-20295,No,1,,NA,1,Created
18222,2011-11-26,8568,Male,66,1946-11-26,0.01141,Married,1702,,2042-02-08,No,,,Retired,12831.699999999999,-20295,No,1,,NA,1,Life event: Retired
8569,2011-01-01,8569,Female,29,1982-02-17,0.00032,Married,1765,,2032-07-13,Yes,,,Unemployed,44774.0,131422,Yes,3,30.0,2012-07-28,1,Created
18968,2012-07-28,8569,Female,31,1982-02-17,0.00032,Married,1765,,2032-07-13,Yes,,,Unemployed,44774.0,131422,Yes,2,30,2012-07-28,1,Life event: Children born
8570,2011-01-01,8570,Female,1,2010-06-14,0.00033999999999999997,Single,0,,,No,,,Child,0.0,0,Yes,0,36.0,2046-05-24,1,Created
8571,2011-01-01,8571,Female,78,1933-06-02,0.02817,Divorced,0,,,No,,,Retired,46251.0,8295,Yes,0,,NA,1,Created
8572,2011-01-01,8572,Male,36,1975-03-18,0.0006,Married,1703,,2026-02-03,No,,,Permanent contract,51201.0,872,No,3,,NA,1,Created
8573,2011-01-01,8573,Male,1,2010-11-09,0.00056,Single,0,,,Yes,43.0,2053-09-14,Child,0.0,0,Yes,0,,NA,1,Created
8574,2011-01-01,8574,Female,68,1943-08-30,0.00983,Divorced,0,,,No,,,Retired,33455.0,99004,Yes,0,,NA,1,Created
8575,2011-01-01,8575,Male,16,1995-07-27,0.00029,Single,0,,,No,,,Child,0.0,0,Yes,0,,NA,1,Created
18966,2012-07-27,8575,Male,18,1995-07-27,0.00029,Single,0,,,No,,,Permanent contract,17217.0,12406,Yes,0,,NA,1,Life event: Adulthood
8576,2011-01-01,8576,Male,27,1984-12-21,0.00044,Married,1704,,2044-10-29,Yes,,,Permanent contract,82474.0,-1511,Yes,1,,NA,1,Created
8577,2011-01-01,8577,Female,70,1941-11-17,0.01252,Married,1766,,2053-09-18,No,,,Retired,4943.0,2726,Yes,2,,NA,1,Created
8578,2011-01-01,8578,Female,28,1983-08-19,0.00025,Single,0,,,Yes,39.0,2022-07-01,Flexible contract,33382.0,101754,No,0,33.0,2016-10-09,1,Created
8579,2011-01-01,8579,Female,41,1970-08-27,0.0007700000000000001,Divorced,0,,,No,,,Permanent contract,26500.0,5527,Yes,0,,NA,1,Created
8580,2011-01-01,8580,Male,58,1953-03-15,0.00603,Married,1705,,2051-03-24,No,,,Permanent contract,30933.0,-2196,No,3,,NA,1,Created
8581,2011-01-01,8581,Female,55,1956-05-23,0.00372,Married,1767,,2042-07-09,No,,,Permanent contract,3095.0,69473,No,1,,NA,1,Created
18021,2011-10-07,8581,Female,56,1956-05-23,0.00372,Widowed,1767,,2042-07-09,No,,,Permanent contract,3095.0,69473,No,1,,NA,1,Life event: Widowed
8582,2011-01-01,8582,Male,2,2009-06-29,0.00021,Single,0,,,Yes,26.0,2035-09-16,Child,0.0,0,Yes,0,,NA,1,Created
8583,2011-01-01,8583,Male,35,1976-09-30,0.00055,Single,0,,,Yes,34.0,,Entrepreneur with personel,15231.0,103899,Yes,0,,NA,1,Created
8584,2011-01-01,8584,Female,77,1934-03-14,0.0259,Married,1768,,2011-05-02,Yes,,,Retired,11148.0,342032,No,2,,NA,1,Created
17284,2011-05-02,8584,Female,78,1934-03-14,0.0259,Divorced,1768,,2011-05-02,Yes,,,Retired,11148.0,342032,No,2,,NA,1,Life event: Divorced
8585,2011-01-01,8585,Female,95,1916-08-19,0.23053,Widowed,0,,,No,,,Retired,45670.0,1639,Yes,0,,NA,1,Created
8586,2011-01-01,8586,Male,27,1984-05-02,0.00044,Single,0,,,Yes,55.0,2039-11-14,Permanent contract,5574.0,65404,Yes,0,,NA,1,Created
8587,2011-01-01,8587,Female,54,1957-10-05,0.00313,Married,1769,,2053-02-23,No,,,Permanent contract,12138.0,929345,No,1,,NA,1,Created
8588,2011-01-01,8588,Male,60,1951-02-14,0.006840000000000001,Single,0,,,No,,,Permanent contract,23064.0,333538,Yes,0,,NA,1,Created
8589,2011-01-01,8589,Female,74,1937-03-05,0.0185,Married,1770,,2037-07-26,Yes,,,Retired,29530.0,31578,Yes,2,,NA,1,Created
8590,2011-01-01,8590,Female,80,1931-02-03,0.03682,Widowed,0,,,No,,,Retired,11161.0,266798,No,0,,NA,1,Created
8591,2011-01-01,8591,Female,59,1952-12-22,0.00479,Married,1771,,2058-02-09,No,,,Permanent contract,45132.0,100,Yes,2,,NA,1,Created
8592,2011-01-01,8592,Male,13,1998-05-07,0.00014,Single,0,,,No,,,Child,0.0,0,Yes,0,,NA,1,Created
8593,2011-01-01,8593,Male,74,1937-10-25,0.0295,Married,1706,,2047-07-02,Yes,,,Retired,19030.0,117665,Yes,3,,NA,1,Created
8594,2011-01-01,8594,Male,48,1963-02-26,0.0021100000000000003,Married,1707,,2028-08-26,No,,,Permanent contract,20165.0,-16279,No,1,,NA,1,Created
8595,2011-01-01,8595,Female,27,1984-05-09,0.00025,Single,0,,,No,,,Permanent contract,29255.0,12929,Yes,0,27.0,2011-12-28,1,Created
8596,2011-01-01,8596,Female,48,1963-10-19,0.0018800000000000002,Single,0,,,Yes,41.0,,Permanent contract,39799.0,189164,Yes,0,,NA,1,Created
8597,2011-01-01,8597,Male,53,1958-11-04,0.0033299999999999996,Married,1708,,2035-09-18,No,,,Flexible contract,47630.0,-4541,Yes,3,,NA,1,Created
8598,2011-01-01,8598,Male,56,1955-11-08,0.0052,Married,1709,,2014-03-17,Yes,,,Permanent contract,4608.0,3999,Yes,2,,NA,1,Created
8599,2011-01-01,8599,Female,40,1971-04-20,0.0006900000000000001,Married,1772,,2043-10-08,Yes,,,Permanent contract,23428.0,48189,No,2,,NA,1,Created
8600,2011-01-01,8600,Male,35,1976-10-15,0.00055,Single,0,,,Yes,47.0,2023-12-01,Permanent contract,96621.0,198626,No,0,,NA,1,Created
8601,2011-01-01,8601,Male,29,1982-12-26,0.0005200000000000001,Single,0,,,Yes,31.0,2013-10-24,Permanent contract,27642.0,12684,Yes,0,,NA,1,Created
8602,2011-01-01,8602,Male,62,1949-06-29,0.008409999999999999,Married,1710,,2032-12-19,No,,,Flexible contract,19389.0,474,Yes,1,,NA,1,Created
8603,2011-01-01,8603,Female,27,1984-02-22,0.00025,Single,0,,,No,,,Permanent contract,12213.0,75590,No,0,43.0,2027-04-10,1,Created
8604,2011-01-01,8604,Male,61,1950-02-14,0.00747,Divorced,0,,,No,,,Permanent contract,20621.0,185400,Yes,0,,NA,1,Created
8605,2011-01-01,8605,Male,55,1956-08-12,0.00419,Married,1711,,2011-06-24,No,,,Unemployed,9069.0,94828,Yes,3,,NA,1,Created
17560,2011-06-24,8605,Male,55,1956-08-12,0.00419,Divorced,1711,,2011-06-24,No,,,Unemployed,9069.0,94828,Yes,3,,NA,1,Life event: Divorced
8606,2011-01-01,8606,Female,71,1940-06-24,0.013009999999999999,Married,1773,,2046-09-06,Yes,,,Retired,17645.0,276553,Yes,1,,NA,1,Created
8607,2011-01-01,8607,Male,20,1991-02-16,0.00045,Married,1712,,2015-01-12,No,,,Flexible contract,6474.0,472129,No,2,,NA,1,Created
8608,2011-01-01,8608,Female,43,1968-06-19,0.0009699999999999999,Married,1774,,2038-11-15,No,,,Permanent contract,44719.0,79550,Yes,3,,NA,1,Created
8609,2011-01-01,8609,Female,61,1950-04-13,0.00562,Married,1775,,2042-01-11,No,,,Permanent contract,297.0,-3875,No,2,,NA,1,Created
8610,2011-01-01,8610,Male,65,1946-12-17,0.01141,Married,1713,,2013-02-09,Yes,,,Permanent contract,56918.0,43087,Yes,2,,NA,1,Created
18306,2011-12-17,8610,Male,66,1946-12-17,0.01141,Married,1713,,2013-02-09,Yes,,,Retired,39842.6,43087,Yes,2,,NA,1,Life event: Retired
8611,2011-01-01,8611,Male,40,1971-11-17,0.0009400000000000001,Divorced,0,,,Yes,,,Entrepreneur without personnel,8595.0,18118,Yes,0,,NA,1,Created
8612,2011-01-01,8612,Female,78,1933-12-22,0.02817,Married,1776,,2030-11-15,No,,,Retired,25237.0,-38694,Yes,1,,NA,1,Created
8613,2011-01-01,8613,Female,26,1985-05-25,1.0,Married,1777,,2045-06-25,No,,,Permanent contract,40358.0,158514,Yes,3,31.0,2016-04-19,1,Created
17400,2011-05-21,8613,Female,26,1985-05-25,1.0,Married,1777,,2045-06-25,No,,,Permanent contract,40358.0,158514,Yes,3,31,2016-04-19,0,Life event: Deceased
8614,2011-01-01,8614,Female,89,1922-06-25,0.11775999999999999,Widowed,0,,,Yes,,,Retired,16401.0,121760,No,0,,NA,1,Created
8615,2011-01-01,8615,Male,59,1952-01-09,0.00717,Widowed,0,,,Yes,,,Permanent contract,37075.0,137214,Yes,0,,NA,1,Created
8616,2011-01-01,8616,Male,50,1961-02-19,0.00257,Married,1714,,2035-10-10,No,,,Unemployed,18907.0,612,Yes,1,,NA,1,Created
8617,2011-01-01,8617,Female,18,1993-06-23,0.00023999999999999998,Single,0,,,Yes,31.0,2024-04-23,Entrepreneur without personnel,39386.0,297855,Yes,0,29.0,2022-10-10,1,Created
8618,2011-01-01,8618,Female,44,1967-10-19,0.00107,Married,1778,,2013-07-15,Yes,,,Permanent contract,9892.0,109076,No,1,,NA,1,Created
8619,2011-01-01,8619,Male,57,1954-06-22,0.00572,Married,1715,,2028-01-09,No,,,Unemployed,4834.0,4748,No,1,,NA,1,Created
8620,2011-01-01,8620,Female,24,1987-04-01,0.00018999999999999998,Single,0,,,No,,,Entrepreneur without personnel,9239.0,1548,Yes,0,29.0,2016-02-01,1,Created
8621,2011-01-01,8621,Male,83,1928-04-08,0.08242999999999999,Married,1716,,2032-06-05,No,,,Retired,356578.0,-48465,No,1,,NA,1,Created
8622,2011-01-01,8622,Male,56,1955-11-02,0.0052,Married,1717,,2066-06-01,Yes,,,Permanent contract,68051.0,-24632,No,2,,NA,1,Created
8623,2011-01-01,8623,Female,64,1947-07-09,0.00713,Married,1779,,2065-12-25,Yes,,,Permanent contract,43841.0,464692,No,1,,NA,1,Created
17625,2011-07-09,8623,Female,65,1947-07-09,0.00713,Married,1779,,2065-12-25,Yes,,,Retired,30688.699999999997,464692,No,1,,NA,1,Life event: Retired
8624,2011-01-01,8624,Male,56,1955-04-10,0.0052,Married,1718,,2035-07-20,Yes,,,Flexible contract,13782.0,619,No,2,,NA,1,Created
8625,2011-01-01,8625,Male,31,1980-06-12,0.00041,Married,1719,,2050-08-18,No,,,Permanent contract,16790.0,313982,No,1,,NA,1,Created
8626,2011-01-01,8626,Female,55,1956-08-12,0.00372,Married,1780,,2017-06-28,No,,,Entrepreneur without personnel,5982.0,50228,Yes,1,,NA,1,Created
8627,2011-01-01,8627,Female,58,1953-09-07,0.00448,Single,0,,,No,,,Entrepreneur without personnel,91519.0,787,No,0,,NA,1,Created
8628,2011-01-01,8628,Female,43,1968-04-02,0.0009699999999999999,Married,1781,,2023-04-26,Yes,,,Permanent contract,28579.0,127178,Yes,2,,NA,1,Created
8629,2011-01-01,8629,Female,28,1983-07-23,0.00025,Single,0,,,Yes,75.0,2058-02-04,Flexible contract,24686.0,167194,Yes,0,29.0,2012-07-29,1,Created
8630,2011-01-01,8630,Male,15,1996-07-07,0.00015,Single,0,,,No,,,Child,0.0,0,No,0,,NA,1,Created
8631,2011-01-01,8631,Male,38,1973-06-23,0.0009599999999999999,Single,0,,,No,,,Permanent contract,6333.0,6869,Yes,0,,NA,1,Created
8632,2011-01-01,8632,Female,41,1970-07-15,0.0007700000000000001,Married,1782,,2023-06-20,No,,,Permanent contract,13486.0,11652,Yes,1,,NA,1,Created
8633,2011-01-01,8633,Male,63,1948-04-21,0.00945,Married,1720,,2057-09-05,No,,,Flexible contract,22118.0,-3664,No,2,,NA,1,Created
18688,2012-04-21,8633,Male,65,1948-04-21,0.00945,Married,1720,,2057-09-05,No,,,Retired,15482.599999999999,-3664,No,2,,NA,1,Life event: Retired
8634,2011-01-01,8634,Male,55,1956-02-03,0.00419,Married,1721,,2036-09-13,No,,,Permanent contract,41681.0,20646,Yes,3,,NA,1,Created
8635,2011-01-01,8635,Male,24,1987-01-28,0.00047999999999999996,Single,0,,,No,,,Permanent contract,140933.0,480848,Yes,0,,NA,1,Created
8636,2011-01-01,8636,Female,36,1975-01-06,0.00049,Single,0,,,No,,,Permanent contract,11552.0,2243,Yes,0,,NA,1,Created
8637,2011-01-01,8637,Female,12,1999-09-04,5e-05,Single,0,,,No,,,Child,0.0,0,No,0,44.0,2043-03-31,1,Created
8638,2011-01-01,8638,Male,63,1948-01-31,0.00945,Married,1722,,2067-12-21,No,,,Entrepreneur without personnel,4074.0,-41151,Yes,1,,NA,1,Created
18487,2012-01-31,8638,Male,65,1948-01-31,0.00945,Married,1722,,2067-12-21,No,,,Retired,2851.7999999999997,-41151,Yes,1,,NA,1,Life event: Retired
8639,2011-01-01,8639,Female,94,1917-02-11,0.20800000000000002,Widowed,0,,,No,,,Retired,3180.0,27677,Yes,0,,NA,1,Created
17187,2011-04-07,8639,Female,95,1917-02-11,0.20800000000000002,Widowed,0,,,No,,,Retired,3180.0,27677,Yes,0,,NA,0,Life event: Deceased
8640,2011-01-01,8640,Male,63,1948-09-02,0.00945,Married,1723,,2029-12-08,No,,,Permanent contract,13076.0,65915,No,1,,NA,1,Created
19070,2012-09-02,8640,Male,65,1948-09-02,0.00945,Married,1723,,2029-12-08,No,,,Retired,9153.199999999999,65915,No,1,,NA,1,Life event: Retired
8641,2011-01-01,8641,Female,41,1970-09-05,0.0007700000000000001,Married,1783,,2032-12-18,No,,,Permanent contract,56601.0,-42584,No,1,41.0,2011-03-24,1,Created
17115,2011-03-24,8641,Female,41,1970-09-05,0.0007700000000000001,Married,1783,,2032-12-18,No,,,Permanent contract,56601.0,-42584,No,1,41,2011-03-24,1,Life event: Children born
8642,2011-01-01,8642,Female,89,1922-05-24,0.11775999999999999,Widowed,0,,,Yes,,,Retired,3883.0,706,No,0,,NA,1,Created
8643,2011-01-01,8643,Male,30,1981-06-08,0.00055,Single,0,,,Yes,38.0,2019-05-05,Permanent contract,1223.0,2934,Yes,0,,NA,1,Created
8644,2011-01-01,8644,Female,38,1973-07-02,0.00063,Single,0,,,No,,,Permanent contract,73504.0,3621471,No,0,,NA,1,Created
8645,2011-01-01,8645,Male,48,1963-01-07,0.0021100000000000003,Married,1724,,2045-07-17,Yes,,,Permanent contract,30014.0,477598,No,2,,NA,1,Created
8646,2011-01-01,8646,Male,51,1960-01-02,0.00301,Married,1725,,2058-07-05,No,,,Permanent contract,3776.0,-2818,No,1,,NA,1,Created
8647,2011-01-01,8647,Male,39,1972-11-13,0.0008699999999999999,Single,0,,,Yes,34.0,,Permanent contract,19636.0,-4279,No,0,,NA,1,Created
8648,2011-01-01,8648,Female,43,1968-07-26,0.0009699999999999999,Married,1784,,2051-11-28,No,,,Unemployed,92406.0,-45088,Yes,1,,NA,1,Created
8649,2011-01-01,8649,Female,22,1989-06-29,0.00023999999999999998,Single,0,,,Yes,39.0,2028-07-28,Flexible contract,34104.0,-33514,Yes,0,44.0,2033-11-10,1,Created
8650,2011-01-01,8650,Male,25,1986-07-15,0.00033999999999999997,Single,0,,,Yes,35.0,2021-11-11,Permanent contract,31271.0,19937,No,0,,NA,1,Created
8651,2011-01-01,8651,Female,91,1920-02-10,0.14715,Single,0,,,No,,,Retired,30825.0,41290,Yes,0,,NA,1,Created
8652,2011-01-01,8652,Female,33,1978-03-29,0.00035,Married,1785,,2038-07-26,Yes,,,Permanent contract,98730.0,186178,Yes,1,,NA,1,Created
8653,2011-01-01,8653,Male,36,1975-03-09,0.0006,Single,0,,,Yes,33.0,,Permanent contract,9595.0,97244,Yes,0,,NA,1,Created
8654,2011-01-01,8654,Male,52,1959-04-21,0.00314,Married,1726,,2041-01-20,Yes,,,Permanent contract,13541.0,4367,Yes,2,,NA,1,Created
8655,2011-01-01,8655,Male,11,2000-05-09,9e-05,Single,0,,,No,,,Child,0.0,0,Yes,0,,NA,1,Created
8656,2011-01-01,8656,Female,63,1948-06-08,0.00672,Married,1786,,2023-08-30,Yes,,,Permanent contract,87076.0,3886,No,3,,NA,1,Created
18824,2012-06-08,8656,Female,65,1948-06-08,0.00672,Married,1786,,2023-08-30,Yes,,,Retired,60953.2,3886,No,3,,NA,1,Life event: Retired
8657,2011-01-01,8657,Male,41,1970-02-25,0.0008900000000000001,Married,1727,,2059-01-24,No,,,Unemployed,13037.0,749780,Yes,3,,NA,1,Created
8658,2011-01-01,8658,Female,38,1973-11-05,0.00063,Married,1787,,2031-12-22,Yes,,,Entrepreneur with personel,24387.0,581,Yes,2,,NA,1,Created
8659,2011-01-01,8659,Female,3,2008-01-10,0.00013000000000000002,Single,0,,,Yes,31.0,2039-12-25,Child,0.0,0,Yes,0,35.0,2043-12-19,1,Created
8660,2011-01-01,8660,Female,29,1982-05-27,0.00032,Single,0,,,No,,,Permanent contract,14835.0,4681,Yes,0,,NA,1,Created
8661,2011-01-01,8661,Male,66,1945-05-18,0.01401,Divorced,0,,,Yes,,,Permanent contract,29043.0,-48467,No,0,,NA,1,Created
17378,2011-05-18,8661,Male,67,1945-05-18,0.01401,Divorced,0,,,Yes,,,Retired,20330.1,-48467,No,0,,NA,1,Life event: Retired
8662,2011-01-01,8662,Female,1,2010-03-10,0.00033999999999999997,Single,0,,,No,,,Child,0.0,0,Yes,0,36.0,2046-06-24,1,Created
8663,2011-01-01,8663,Male,89,1922-06-25,0.16272,Widowed,0,,,Yes,,,Retired,34104.0,678290,No,0,,NA,1,Created
8664,2011-01-01,8664,Male,44,1967-04-12,0.0013599999999999999,Single,0,,,Yes,44.0,2011-07-23,Unemployed,36432.0,11434,Yes,0,,NA,1,Created
17691,2011-07-23,8664,Male,45,1967-04-12,0.0013599999999999999,Married,3446,19,2030-06-01,Yes,44,2011-07-23,Unemployed,36432.0,11434,Yes,0,,NA,1,Life event: Married
8665,2011-01-01,8665,Male,20,1991-08-03,0.00045,Single,0,,,Yes,26.0,2017-03-18,Permanent contract,99951.0,420352,No,0,,NA,1,Created
8666,2011-01-01,8666,Female,50,1961-09-12,0.00225,Divorced,0,,,Yes,,,Entrepreneur with personel,37719.0,110831,Yes,0,,NA,1,Created
8667,2011-01-01,8667,Male,14,1997-05-26,0.00014,Single,0,,,No,,,Child,0.0,0,Yes,0,,NA,1,Created
8668,2011-01-01,8668,Male,78,1933-05-01,0.04668,Married,1728,,2015-10-26,No,,,Retired,12426.0,-347,Yes,2,,NA,1,Created
8669,2011-01-01,8669,Female,74,1937-08-31,0.0185,Married,1788,,2043-08-17,Yes,,,Retired,22064.0,3629,No,1,,NA,1,Created
8670,2011-01-01,8670,Female,67,1944-11-11,0.00974,Married,1789,,2056-02-12,No,,,Permanent contract,80769.0,149168,No,2,,NA,1,Created
18168,2011-11-11,8670,Female,68,1944-11-11,0.00974,Married,1789,,2056-02-12,No,,,Retired,56538.299999999996,149168,No,2,,NA,1,Life event: Retired
8671,2011-01-01,8671,Female,50,1961-10-14,0.00225,Married,1790,,2058-10-17,Yes,,,Entrepreneur without personnel,48150.0,1969,No,1,,NA,1,Created
8672,2011-01-01,8672,Male,75,1936-08-30,0.033710000000000004,Married,1729,,2050-11-07,No,,,Retired,37382.0,-31610,Yes,2,,NA,1,Created
8673,2011-01-01,8673,Male,20,1991-10-16,0.00045,Single,0,,,No,,,Permanent contract,48530.0,165360,Yes,0,,NA,1,Created
8674,2011-01-01,8674,Male,30,1981-06-26,0.00055,Single,0,,,Yes,45.0,2026-06-19,Permanent contract,22749.0,2234106,No,0,,NA,1,Created
8675,2011-01-01,8675,Male,12,1999-06-24,0.00011,Single,0,,,No,,,Child,0.0,0,No,0,,NA,1,Created
8676,2011-01-01,8676,Female,26,1985-07-25,1.0,Single,0,,,Yes,31.0,2016-11-29,Permanent contract,5102.0,152009,No,0,,NA,1,Created
18913,2012-07-10,8676,Female,27,1985-07-25,1.0,Single,0,,,Yes,31,2016-11-29,Permanent contract,5102.0,152009,No,0,,NA,0,Life event: Deceased
8677,2011-01-01,8677,Male,20,1991-06-29,0.00045,Single,0,,,No,,,Permanent contract,23109.0,9013,Yes,0,,NA,1,Created
8678,2011-01-01,8678,Male,63,1948-12-20,0.00945,Married,1730,,2016-05-09,No,,,Permanent contract,20146.0,-9078,No,2,,NA,1,Created
19338,2012-12-20,8678,Male,65,1948-12-20,0.00945,Married,1730,,2016-05-09,No,,,Retired,14102.199999999999,-9078,No,2,,NA,1,Life event: Retired
8679,2011-01-01,8679,Female,45,1966-10-14,0.00134,Divorced,0,,,Yes,,,Permanent contract,47919.0,70507,Yes,0,,NA,1,Created
8680,2011-01-01,8680,Female,7,2004-09-07,7e-05,Single,0,,,No,,,Child,0.0,0,No,0,26.0,2030-11-01,1,Created
8681,2011-01-01,8681,Female,5,2006-10-06,4e-05,Single,0,,,No,,,Child,0.0,0,Yes,0,40.0,2046-02-16,1,Created
8682,2011-01-01,8682,Female,44,1967-02-06,0.00107,Divorced,0,,,No,,,Flexible contract,184455.0,-14497,No,0,,NA,1,Created
8683,2011-01-01,8683,Male,3,2008-12-14,0.0002,Single,0,,,Yes,51.0,2059-12-26,Child,0.0,0,No,0,,NA,1,Created
8684,2011-01-01,8684,Female,44,1967-03-24,0.00107,Single,0,,,Yes,44.0,2011-08-11,Permanent contract,23095.0,-4038,Yes,0,,NA,1,Created
17779,2011-08-11,8684,Female,45,1967-03-24,0.00107,Married,3452,44,2055-10-21,Yes,44,2011-08-11,Permanent contract,23095.0,-4038,Yes,0,,NA,1,Life event: Married
8685,2011-01-01,8685,Female,13,1998-01-26,0.00011999999999999999,Single,0,,,Yes,46.0,2044-02-19,Child,0.0,0,No,0,33.0,2031-06-17,1,Created
8686,2011-01-01,8686,Male,40,1971-06-12,0.0009400000000000001,Married,1731,,2056-03-24,No,,,Permanent contract,4097.0,-16860,Yes,1,,NA,1,Created
8687,2011-01-01,8687,Male,9,2002-04-02,0.00014,Single,0,,,Yes,26.0,2028-11-23,Child,0.0,0,Yes,0,,NA,1,Created
8688,2011-01-01,8688,Female,36,1975-03-24,0.00049,Single,0,,,No,,,Permanent contract,38634.0,123321,No,0,,NA,1,Created
8689,2011-01-01,8689,Male,62,1949-12-03,0.008409999999999999,Married,1732,,2036-07-28,No,,,Permanent contract,38121.0,259248,No,2,,NA,1,Created
8690,2011-01-01,8690,Male,51,1960-01-29,0.00301,Married,1733,,2057-12-20,Yes,,,Permanent contract,97585.0,193761,No,3,,NA,1,Created
8691,2011-01-01,8691,Female,0,2011-05-21,0.0028899999999999998,Single,0,,,No,,,Child,0.0,0,No,0,36.0,2047-06-01,1,Created
8692,2011-01-01,8692,Female,6,2005-04-20,8e-05,Single,0,,,Yes,27.0,2032-05-23,Child,0.0,0,Yes,0,33.0,2038-03-25,1,Created
8693,2011-01-01,8693,Male,25,1986-10-24,0.00033999999999999997,Married,1734,,2045-08-18,Yes,,,Permanent contract,41543.0,607354,No,1,,NA,1,Created
8694,2011-01-01,8694,Female,40,1971-04-05,0.0006900000000000001,Married,1791,,2045-07-07,Yes,,,Permanent contract,44455.0,1039,Yes,2,,NA,1,Created
8695,2011-01-01,8695,Male,55,1956-03-04,0.00419,Single,0,,,No,,,Permanent contract,32064.0,237748,Yes,0,,NA,1,Created
8696,2011-01-01,8696,Female,38,1973-02-08,0.00063,Married,1792,,2046-05-16,Yes,,,Entrepreneur without personnel,60046.0,4643,No,2,,NA,1,Created
8697,2011-01-01,8697,Female,8,2003-10-20,2.9999999999999997e-05,Single,0,,,Yes,36.0,2039-10-21,Child,0.0,0,No,0,38.0,2041-07-19,1,Created
8698,2011-01-01,8698,Male,54,1957-10-01,0.00404,Divorced,0,,,Yes,,,Permanent contract,174820.0,15548,No,0,,NA,1,Created
8699,2011-01-01,8699,Female,25,1986-07-19,0.00022999999999999998,Single,0,,,Yes,39.0,2025-04-29,Flexible contract,51796.0,713546,No,0,30.0,2016-11-09,1,Created
8700,2011-01-01,8700,Female,54,1957-05-27,0.00313,Married,1793,,2026-06-13,No,,,Unemployed,13104.0,4526,No,1,,NA,1,Created
8701,2011-01-01,8701,Female,33,1978-07-19,0.00035,Single,0,,,No,,,Flexible contract,84217.0,-1654,Yes,0,,NA,1,Created
8702,2011-01-01,8702,Female,36,1975-10-27,0.00049,Married,1794,,2033-08-22,No,,,Permanent contract,12082.0,44684,No,1,,NA,1,Created
8703,2011-01-01,8703,Male,15,1996-08-20,0.00015,Single,0,,,Yes,38.0,2034-09-04,Child,0.0,0,Yes,0,,NA,1,Created
8704,2011-01-01,8704,Female,63,1948-11-19,0.00672,Married,1795,,2046-12-03,No,,,Permanent contract,24939.0,4053,Yes,2,,NA,1,Created
19258,2012-11-19,8704,Female,65,1948-11-19,0.00672,Married,1795,,2046-12-03,No,,,Retired,17457.3,4053,Yes,2,,NA,1,Life event: Retired
8705,2011-01-01,8705,Male,26,1985-12-24,1.0,Married,1735,,2040-05-31,Yes,,,Permanent contract,19287.0,-37452,Yes,2,,NA,1,Created
18849,2012-06-16,8705,Male,27,1985-12-24,1.0,Married,1735,,2040-05-31,Yes,,,Permanent contract,19287.0,-37452,Yes,2,,NA,0,Life event: Deceased
8706,2011-01-01,8706,Female,22,1989-04-05,0.00023999999999999998,Single,0,,,Yes,30.0,2019-04-19,Flexible contract,25182.0,272058,No,0,34.0,2023-07-14,1,Created
8707,2011-01-01,8707,Female,4,2007-01-06,5.9999999999999995e-05,Single,0,,,No,,,Child,0.0,0,No,0,25.0,2032-06-01,1,Created
8708,2011-01-01,8708,Female,1,2010-07-17,0.00033999999999999997,Single,0,,,No,,,Child,0.0,0,No,0,36.0,2046-04-19,1,Created
8709,2011-01-01,8709,Male,86,1925-08-26,0.1126,Married,1736,,2046-12-19,Yes,,,Retired,18547.0,470858,Yes,1,,NA,1,Created
8710,2011-01-01,8710,Female,18,1993-02-14,0.00023999999999999998,Single,0,,,No,,,Permanent contract,69663.0,11,Yes,0,25.0,2018-12-31,1,Created
8711,2011-01-01,8711,Male,37,1974-03-07,0.00082,Single,0,,,Yes,30.0,,Permanent contract,38519.0,92247,No,0,,NA,1,Created
8712,2011-01-01,8712,Female,45,1966-06-11,0.00134,Married,1796,,2050-09-18,Yes,,,Flexible contract,31628.0,-25841,Yes,2,,NA,1,Created
8713,2011-01-01,8713,Female,63,1948-06-11,0.00672,Married,1797,,2057-09-02,Yes,,,Flexible contract,124335.0,-34740,Yes,1,,NA,1,Created
18831,2012-06-11,8713,Female,65,1948-06-11,0.00672,Married,1797,,2057-09-02,Yes,,,Retired,87034.5,-34740,Yes,1,,NA,1,Life event: Retired
8714,2011-01-01,8714,Female,60,1951-09-08,0.00541,Married,1798,,2040-09-29,No,,,Entrepreneur with personel,4297.0,479,No,3,,NA,1,Created
8715,2011-01-01,8715,Female,41,1970-07-02,0.0007700000000000001,Single,0,,,Yes,25.0,,Flexible contract,47857.0,190211,No,0,,NA,1,Created
8716,2011-01-01,8716,Male,89,1922-06-04,0.16272,Widowed,0,,,Yes,,,Retired,8941.0,22578,No,0,,NA,1,Created
8717,2011-01-01,8717,Female,26,1985-07-17,1.0,Single,0,,,Yes,34.0,2019-02-20,Permanent contract,11259.0,4032,Yes,0,29.0,2014-04-23,1,Created
17357,2011-05-15,8717,Female,26,1985-07-17,1.0,Single,0,,,Yes,34,2019-02-20,Permanent contract,11259.0,4032,Yes,0,29,2014-04-23,0,Life event: Deceased
8718,2011-01-01,8718,Male,28,1983-01-08,0.00045,Single,0,,,Yes,30.0,2013-04-08,Permanent contract,42780.0,130470,No,0,,NA,1,Created
8719,2011-01-01,8719,Female,47,1964-11-25,0.00168,Single,0,,,Yes,26.0,,Permanent contract,13422.0,111220,No,0,,NA,1,Created
8720,2011-01-01,8720,Female,39,1972-07-08,0.00074,Married,1799,,2034-07-25,Yes,,,Entrepreneur without personnel,26711.0,480022,No,2,,NA,1,Created
8721,2011-01-01,8721,Male,18,1993-08-09,0.00032,Single,0,,,No,,,Permanent contract,7852.0,2056,Yes,0,,NA,1,Created
8722,2011-01-01,8722,Male,72,1939-07-18,0.02384,Married,1737,,2040-07-06,No,,,Retired,39226.0,-29351,Yes,1,,NA,1,Created
8723,2011-01-01,8723,Male,40,1971-03-29,0.0009400000000000001,Divorced,0,,,Yes,,,Permanent contract,21983.0,27012,No,0,,NA,1,Created
8724,2011-01-01,8724,Female,56,1955-05-29,0.0041,Divorced,0,,,No,,,Permanent contract,13529.0,38642,Yes,0,,NA,1,Created
8725,2011-01-01,8725,Female,15,1996-06-22,8e-05,Single,0,,,No,,,Child,0.0,0,Yes,0,30.0,2026-11-25,1,Created
8726,2011-01-01,8726,Male,65,1946-09-05,0.01141,Divorced,0,,,Yes,,,Flexible contract,49826.0,336046,Yes,0,,NA,1,Created
17891,2011-09-05,8726,Male,66,1946-09-05,0.01141,Divorced,0,,,Yes,,,Retired,34878.2,336046,Yes,0,,NA,1,Life event: Retired
8727,2011-01-01,8727,Male,42,1969-07-11,0.00128,Single,0,,,No,,,Permanent contract,24975.0,-7345,Yes,0,,NA,1,Created
8728,2011-01-01,8728,Male,52,1959-09-08,0.00314,Married,1738,,2028-06-18,No,,,Permanent contract,18530.0,302367,Yes,3,,NA,1,Created
8729,2011-01-01,8729,Female,32,1979-06-19,0.00041,Single,0,,,No,,,Permanent contract,37973.0,106,Yes,0,34.0,2013-07-06,1,Created
8730,2011-01-01,8730,Female,70,1941-12-07,0.01252,Married,1800,,2013-07-17,No,,,Retired,16959.0,1055,Yes,1,,NA,1,Created
8731,2011-01-01,8731,Male,50,1961-04-02,0.00257,Single,0,,,Yes,47.0,,Permanent contract,11200.0,-35224,Yes,0,,NA,1,Created
8732,2011-01-01,8732,Female,65,1946-05-18,0.007559999999999999,Married,1801,,2025-02-10,Yes,,,Entrepreneur without personnel,40166.0,21919,Yes,2,,NA,1,Created
17379,2011-05-18,8732,Female,66,1946-05-18,0.007559999999999999,Married,1801,,2025-02-10,Yes,,,Retired,28116.199999999997,21919,Yes,2,,NA,1,Life event: Retired
8733,2011-01-01,8733,Female,16,1995-12-16,8e-05,Single,0,,,No,,,Child,0.0,0,Yes,0,39.0,2034-10-08,1,Created
19320,2012-12-16,8733,Female,18,1995-12-16,8e-05,Single,0,,,No,,,Flexible contract,2465.0,307,Yes,0,39,2034-10-08,1,Life event: Adulthood
8734,2011-01-01,8734,Female,63,1948-05-08,0.00672,Married,1802,,2020-02-18,No,,,Flexible contract,16125.0,30067,No,2,,NA,1,Created
18731,2012-05-08,8734,Female,65,1948-05-08,0.00672,Married,1802,,2020-02-18,No,,,Retired,11287.5,30067,No,2,,NA,1,Life event: Retired
8735,2011-01-01,8735,Female,58,1953-12-25,0.00448,Married,1803,,2014-05-27,No,,,Flexible contract,35442.0,12652,No,2,,NA,1,Created
8736,2011-01-01,8736,Male,72,1939-12-12,0.02384,Married,1739,,2028-07-06,No,,,Retired,4108.0,67645,No,2,,NA,1,Created
8737,2011-01-01,8737,Male,32,1979-03-23,0.00059,Single,0,,,No,,,Permanent contract,36926.0,483711,Yes,0,,NA,1,Created
8738,2011-01-01,8738,Male,85,1926-02-04,0.10312,Widowed,0,,,No,,,Retired,137.0,57405,Yes,0,,NA,1,Created
8739,2011-01-01,8739,Female,25,1986-10-11,0.00022999999999999998,Married,1804,,2048-08-29,No,,,Permanent contract,4024.0,436128,Yes,1,27.0,2013-06-26,1,Created
8740,2011-01-01,8740,Female,28,1983-03-28,0.00025,Single,0,,,Yes,40.0,2023-02-25,Flexible contract,31131.0,76990,Yes,0,42.0,2025-05-03,1,Created
8741,2011-01-01,8741,Male,16,1995-01-01,0.00029,Single,0,,,Yes,50.0,2045-04-04,Child,0.0,0,Yes,0,,NA,1,Created
18391,2012-01-01,8741,Male,18,1995-01-01,0.00029,Single,0,,,Yes,20,2014-10-17,Permanent contract,24723.0,97984,Yes,0,,NA,1,Life event: Adulthood
8742,2011-01-01,8742,Female,72,1939-03-20,0.01411,Married,1805,,2037-02-05,Yes,,,Retired,11225.0,394936,No,1,,NA,1,Created
8743,2011-01-01,8743,Female,20,1991-02-26,0.00018,Single,0,,,No,,,Permanent contract,31696.0,-47858,Yes,0,29.0,2020-03-17,1,Created
8744,2011-01-01,8744,Female,62,1949-03-09,0.0057399999999999994,Married,1806,,2024-08-23,No,,,Flexible contract,46468.0,-9639,Yes,1,,NA,1,Created
8745,2011-01-01,8745,Female,46,1965-10-28,0.00134,Divorced,0,,,Yes,,,Entrepreneur without personnel,37631.0,6633,No,0,,NA,1,Created
8746,2011-01-01,8746,Male,34,1977-05-28,0.00067,Married,1740,,2015-05-11,Yes,,,Permanent contract,24248.0,362803,No,1,,NA,1,Created
8747,2011-01-01,8747,Male,55,1956-02-01,0.00419,Single,0,,,No,,,Permanent contract,4472.0,89736,Yes,0,,NA,1,Created
8748,2011-01-01,8748,Male,40,1971-07-17,0.0009400000000000001,Married,1741,,2035-11-11,No,,,Permanent contract,12147.0,-1225,Yes,1,,NA,1,Created
8749,2011-01-01,8749,Female,69,1942-08-28,0.0108,Widowed,0,,,Yes,,,Retired,90077.0,7085,Yes,0,,NA,1,Created
8750,2011-01-01,8750,Female,54,1957-07-21,0.00313,Widowed,0,,,No,,,Permanent contract,39803.0,-30675,Yes,0,,NA,1,Created
8751,2011-01-01,8751,Female,62,1949-04-27,0.0057399999999999994,Married,1807,,2040-03-17,Yes,,,Permanent contract,15367.0,16744,No,2,,NA,1,Created
8752,2011-01-01,8752,Male,52,1959-08-09,0.00314,Married,1742,,2057-02-27,No,,,Entrepreneur without personnel,23999.0,-37344,No,2,,NA,1,Created
8753,2011-01-01,8753,Male,10,2001-02-09,0.00011999999999999999,Single,0,,,Yes,26.0,2027-02-14,Child,0.0,0,Yes,0,,NA,1,Created
8754,2011-01-01,8754,Male,71,1940-03-23,0.02034,Married,1743,,2024-03-08,No,,,Retired,97541.0,129286,Yes,1,,NA,1,Created
8755,2011-01-01,8755,Male,47,1964-01-15,0.00186,Married,1744,,2027-01-11,Yes,,,Permanent contract,10848.0,1533,No,1,,NA,1,Created
8756,2011-01-01,8756,Male,45,1966-11-04,0.0014199999999999998,Single,0,,,Yes,37.0,,Permanent contract,14067.0,4949,No,0,,NA,1,Created
8757,2011-01-01,8757,Female,29,1982-07-14,0.00032,Single,0,,,No,,,Permanent contract,13756.0,161713,No,0,35.0,2017-05-24,1,Created
8758,2011-01-01,8758,Female,33,1978-03-13,0.00035,Single,0,,,No,,,Flexible contract,13428.0,2268,No,0,,NA,1,Created
8759,2011-01-01,8759,Male,32,1979-01-05,0.00059,Single,0,,,No,,,Permanent contract,13266.0,-47757,No,0,,NA,1,Created
8760,2011-01-01,8760,Male,7,2004-07-25,9e-05,Single,0,,,Yes,28.0,2032-03-20,Child,0.0,0,Yes,0,,NA,1,Created
8761,2011-01-01,8761,Male,50,1961-06-26,0.00257,Single,0,,,No,,,Permanent contract,92344.0,49364,No,0,,NA,1,Created
8762,2011-01-01,8762,Male,60,1951-07-26,0.006840000000000001,Married,1745,,2029-09-28,Yes,,,Permanent contract,15524.0,85905,No,1,,NA,1,Created
8763,2011-01-01,8763,Female,50,1961-07-21,0.00225,Married,1808,,2011-01-09,Yes,,,Permanent contract,23758.0,144112,Yes,1,,NA,1,Created
16707,2011-01-09,8763,Female,50,1961-07-21,0.00225,Divorced,1808,,2011-01-09,Yes,,,Permanent contract,23758.0,144112,Yes,1,,NA,1,Life event: Divorced
8764,2011-01-01,8764,Female,105,1906-02-21,1.0,Widowed,0,,,Yes,,,Retired,11386.0,200621,No,0,,NA,1,Created
18479,2012-01-29,8764,Female,106,1906-02-21,1.0,Widowed,0,,,Yes,,,Retired,11386.0,200621,No,0,,NA,0,Life event: Deceased
8765,2011-01-01,8765,Female,23,1988-06-10,0.0001,Single,0,,,Yes,28.0,2016-07-14,Permanent contract,95524.0,177944,No,0,38.0,2026-12-19,1,Created
8766,2011-01-01,8766,Male,0,2011-10-11,0.0036200000000000004,Single,0,,,Yes,45.0,2056-02-23,Child,0.0,0,No,0,,NA,1,Created
8767,2011-01-01,8767,Female,13,1998-06-07,0.00011999999999999999,Single,0,,,No,,,Child,0.0,0,Yes,0,27.0,2025-01-17,1,Created
8768,2011-01-01,8768,Male,43,1968-01-28,0.00103,Married,1746,,2027-08-24,No,,,Permanent contract,95562.0,19590,Yes,2,,NA,1,Created
8769,2011-01-01,8769,Female,0,2011-04-03,0.0028899999999999998,Single,0,,,Yes,20.0,2031-04-23,Child,0.0,0,Yes,0,21.0,2032-07-13,1,Created
8770,2011-01-01,8770,Male,61,1950-10-06,0.00747,Married,1747,,2064-02-15,Yes,,,Permanent contract,26873.0,57956,No,1,,NA,1,Created
8771,2011-01-01,8771,Female,59,1952-09-20,0.00479,Married,1809,,2028-07-04,Yes,,,Flexible contract,37217.0,103171,Yes,1,,NA,1,Created
8772,2011-01-01,8772,Female,0,2011-04-04,0.0028899999999999998,Single,0,,,No,,,Child,0.0,0,Yes,0,31.0,2042-08-26,1,Created
8773,2011-01-01,8773,Male,55,1956-06-09,0.00419,Divorced,0,,,No,,,Permanent contract,31079.0,286644,Yes,0,,NA,1,Created
8774,2011-01-01,8774,Male,64,1947-12-30,0.01097,Single,0,,,Yes,40.0,,Flexible contract,193840.0,2527018,No,0,,NA,1,Created
18383,2011-12-30,8774,Male,65,1947-12-30,0.01097,Single,0,,,Yes,40,,Retired,135688.0,2527018,No,0,,NA,1,Life event: Retired
8775,2011-01-01,8775,Female,37,1974-03-19,0.00057,Single,0,,,No,,,Permanent contract,122.0,250961,No,0,,NA,1,Created
8776,2011-01-01,8776,Female,18,1993-04-26,0.00023999999999999998,Single,0,,,No,,,Permanent contract,49162.0,-6836,No,0,22.0,2015-10-06,1,Created
8777,2011-01-01,8777,Male,40,1971-10-31,0.0009400000000000001,Married,1748,,2022-02-08,No,,,Permanent contract,22431.0,4780,Yes,1,,NA,1,Created
8778,2011-01-01,8778,Male,61,1950-06-25,0.00747,Married,1749,,2022-10-13,Yes,,,Flexible contract,33689.0,2554,Yes,2,,NA,1,Created
8779,2011-01-01,8779,Male,20,1991-08-25,0.00045,Single,0,,,Yes,38.0,2029-05-23,Entrepreneur without personnel,40046.0,26566,Yes,0,,NA,1,Created
8780,2011-01-01,8780,Male,24,1987-04-02,0.00047999999999999996,Single,0,,,Yes,48.0,2035-02-13,Permanent contract,44806.0,-289,Yes,0,,NA,1,Created
8781,2011-01-01,8781,Female,85,1926-10-05,0.07042999999999999,Single,0,,,No,,,Retired,56040.0,115724,No,0,,NA,1,Created
8782,2011-01-01,8782,Female,24,1987-03-03,0.00018999999999999998,Single,0,,,No,,,Permanent contract,18487.0,5335,No,0,34.0,2021-08-21,1,Created
8783,2011-01-01,8783,Male,104,1907-02-12,1.0,Widowed,0,,,Yes,,,Retired,59988.0,42823,No,0,,NA,1,Created
18972,2012-07-30,8783,Male,106,1907-02-12,1.0,Widowed,0,,,Yes,,,Retired,59988.0,42823,No,0,,NA,0,Life event: Deceased
8784,2011-01-01,8784,Male,42,1969-08-17,0.00128,Single,0,,,No,,,Flexible contract,1618.0,2977,Yes,0,,NA,1,Created
8785,2011-01-01,8785,Male,9,2002-05-30,0.00014,Single,0,,,No,,,Child,0.0,0,Yes,0,,NA,1,Created
8786,2011-01-01,8786,Female,54,1957-03-17,0.00313,Divorced,0,,,No,,,Flexible contract,98987.0,4029969,No,0,,NA,1,Created
8787,2011-01-01,8787,Female,30,1981-03-04,0.00027,Married,1810,,2029-09-03,Yes,,,Permanent contract,81264.0,95523,Yes,1,,NA,1,Created
8788,2011-01-01,8788,Male,52,1959-12-19,0.00314,Married,1750,,2024-12-10,Yes,,,Permanent contract,36362.0,366438,Yes,2,,NA,1,Created
8789,2011-01-01,8789,Female,57,1954-07-23,0.00387,Married,1811,,2038-10-23,Yes,,,Flexible contract,22754.0,1368,No,2,,NA,1,Created
8790,2011-01-01,8790,Female,52,1959-01-24,0.00268,Married,1812,,2026-07-29,No,,,Permanent contract,32609.0,82244,Yes,1,,NA,1,Created
8791,2011-01-01,8791,Female,67,1944-05-31,0.00974,Married,1813,,2055-06-01,No,,,Entrepreneur without personnel,48144.0,13743,No,3,,NA,1,Created
17434,2011-05-31,8791,Female,68,1944-05-31,0.00974,Married,1813,,2055-06-01,No,,,Retired,33700.799999999996,13743,No,3,,NA,1,Life event: Retired
8792,2011-01-01,8792,Female,23,1988-09-06,0.0001,Single,0,,,Yes,30.0,2018-04-05,Entrepreneur without personnel,12089.0,17315,Yes,0,34.0,2022-04-19,1,Created
8793,2011-01-01,8793,Female,75,1936-04-28,0.01986,Married,1814,,2054-07-04,Yes,,,Retired,3322.0,-17119,No,1,,NA,1,Created
8794,2011-01-01,8794,Male,70,1941-10-04,0.01932,Married,1751,,2017-10-15,Yes,,,Retired,49952.0,161389,Yes,2,,NA,1,Created
8795,2011-01-01,8795,Male,35,1976-10-09,0.00055,Married,1752,,2061-02-17,No,,,Permanent contract,2597.0,-11186,Yes,1,,NA,1,Created
8796,2011-01-01,8796,Female,44,1967-07-03,0.00107,Married,1815,,2036-08-18,No,,,Permanent contract,78211.0,486,No,1,,NA,1,Created
8797,2011-01-01,8797,Female,28,1983-12-02,0.00025,Married,1816,,2015-12-31,No,,,Unemployed,17917.0,683042,No,2,36.0,2019-01-13,1,Created
8798,2011-01-01,8798,Female,0,2011-02-04,0.0028899999999999998,Single,0,,,No,,,Child,0.0,0,Yes,0,24.0,2035-01-19,1,Created
8799,2011-01-01,8799,Male,67,1944-08-11,0.01396,Married,1753,,2052-06-06,No,,,Permanent contract,6421.0,46355,No,3,,NA,1,Created
17781,2011-08-11,8799,Male,68,1944-08-11,0.01396,Married,1753,,2052-06-06,No,,,Retired,4494.7,46355,No,3,,NA,1,Life event: Retired
19231,2012-11-10,8799,Male,69,1944-08-11,0.01396,Widowed,1753,,2052-06-06,No,,,Retired,4494.7,46355,No,3,,NA,1,Life event: Widowed
8800,2011-01-01,8800,Female,56,1955-10-07,0.0041,Divorced,0,,,Yes,,,Entrepreneur without personnel,30484.0,1074754,Yes,0,,NA,1,Created
8801,2011-01-01,8801,Male,37,1974-09-19,0.00082,Divorced,0,,,Yes,,,Flexible contract,61374.0,42193,Yes,0,,NA,1,Created
8802,2011-01-01,8802,Female,30,1981-06-04,0.00027,Single,0,,,No,,,Permanent contract,26528.0,333,Yes,0,34.0,2015-08-16,1,Created
8803,2011-01-01,8803,Female,29,1982-09-03,0.00032,Married,1817,,2035-12-09,No,,,Permanent contract,171847.0,415019,Yes,1,,NA,1,Created
8804,2011-01-01,8804,Female,44,1967-06-03,0.00107,Married,1818,,2073-08-14,Yes,,,Unemployed,16907.0,114086,No,2,,NA,1,Created
8805,2011-01-01,8805,Male,40,1971-11-04,0.0009400000000000001,Married,1754,,2040-07-24,Yes,,,Permanent contract,35928.0,-8547,Yes,1,,NA,1,Created
8806,2011-01-01,8806,Female,29,1982-01-09,0.00032,Married,1819,,2033-12-31,Yes,,,Permanent contract,28466.0,34182,Yes,3,,NA,1,Created
8807,2011-01-01,8807,Female,54,1957-04-28,0.00313,Divorced,0,,,No,,,Permanent contract,56625.0,68164,Yes,0,,NA,1,Created
8808,2011-01-01,8808,Male,20,1991-09-01,0.00045,Single,0,,,Yes,62.0,2053-04-18,Permanent contract,20467.0,108871,Yes,0,,NA,1,Created
8809,2011-01-01,8809,Male,62,1949-10-01,0.008409999999999999,Divorced,0,,,Yes,,,Flexible contract,31076.0,415567,Yes,0,,NA,1,Created
8810,2011-01-01,8810,Female,62,1949-09-05,0.0057399999999999994,Widowed,0,,,No,,,Permanent contract,36637.0,37584,No,0,,NA,1,Created
8811,2011-01-01,8811,Male,34,1977-11-03,0.00067,Single,0,,,No,,,Permanent contract,19333.0,686799,No,0,,NA,1,Created
8812,2011-01-01,8812,Male,22,1989-02-05,0.00041,Single,0,,,No,,,Entrepreneur without personnel,36686.0,492706,No,0,,NA,1,Created
8813,2011-01-01,8813,Female,0,2011-06-13,0.0028899999999999998,Single,0,,,No,,,Child,0.0,0,No,0,32.0,2043-12-20,1,Created
8814,2011-01-01,8814,Male,74,1937-01-03,0.0295,Married,1755,,2012-03-24,No,,,Retired,17547.0,18585,Yes,2,,NA,1,Created
18616,2012-03-24,8814,Male,76,1937-01-03,0.0295,Divorced,1755,,2012-03-24,No,,,Retired,17547.0,18585,Yes,2,,NA,1,Life event: Divorced
8815,2011-01-01,8815,Female,30,1981-11-04,0.00027,Married,1820,,2019-09-28,No,,,Permanent contract,16172.0,339708,No,3,,NA,1,Created
8816,2011-01-01,8816,Male,18,1993-12-26,0.00032,Single,0,,,Yes,42.0,2035-06-14,Permanent contract,8710.0,3803,Yes,0,,NA,1,Created
8817,2011-01-01,8817,Female,25,1986-05-24,0.00022999999999999998,Single,0,,,Yes,33.0,2019-11-17,Permanent contract,7257.0,890632,No,0,34.0,2020-11-05,1,Created
8818,2011-01-01,8818,Female,54,1957-11-27,0.00313,Married,1821,,2045-10-19,Yes,,,Permanent contract,22625.0,154994,No,1,,NA,1,Created
8819,2011-01-01,8819,Female,90,1921-02-12,0.13302999999999998,Widowed,0,,,Yes,,,Retired,42069.0,36397,Yes,0,,NA,1,Created
8820,2011-01-01,8820,Female,90,1921-03-19,0.13302999999999998,Widowed,0,,,No,,,Retired,20072.0,757951,No,0,,NA,1,Created
8821,2011-01-01,8821,Male,74,1937-08-26,0.0295,Divorced,0,,,Yes,,,Retired,36691.0,-3378,No,0,,NA,1,Created
8822,2011-01-01,8822,Male,47,1964-01-12,0.00186,Single,0,,,Yes,27.0,,Permanent contract,190.0,-6486,Yes,0,,NA,1,Created
8823,2011-01-01,8823,Female,4,2007-03-04,5.9999999999999995e-05,Single,0,,,No,,,Child,0.0,0,Yes,0,35.0,2042-07-11,1,Created
8824,2011-01-01,8824,Male,66,1945-11-25,0.01401,Married,1756,,2016-05-29,Yes,,,Flexible contract,27883.0,476223,Yes,3,,NA,1,Created
18221,2011-11-25,8824,Male,67,1945-11-25,0.01401,Married,1756,,2016-05-29,Yes,,,Retired,19518.1,476223,Yes,3,,NA,1,Life event: Retired
8825,2011-01-01,8825,Male,49,1962-01-09,0.00242,Single,0,,,No,,,Permanent contract,8307.0,-31258,No,0,,NA,1,Created
8826,2011-01-01,8826,Female,45,1966-05-10,0.00134,Married,1822,,2042-11-26,Yes,,,Entrepreneur without personnel,39710.0,11698,No,1,,NA,1,Created
8827,2011-01-01,8827,Male,25,1986-10-19,0.00033999999999999997,Married,1757,,2025-06-26,Yes,,,Permanent contract,6020.0,348745,Yes,2,,NA,1,Created
8828,2011-01-01,8828,Male,77,1934-03-25,0.0418,Married,1758,,2038-08-10,No,,,Retired,8769.0,1518598,No,2,,NA,1,Created
8829,2011-01-01,8829,Female,52,1959-04-10,0.00268,Single,0,,,Yes,30.0,,Flexible contract,36956.0,62108,Yes,0,,NA,1,Created
8830,2011-01-01,8830,Male,67,1944-12-24,0.01396,Married,1759,,2055-09-17,Yes,,,Permanent contract,30953.0,1493,No,1,,NA,1,Created
18354,2011-12-24,8830,Male,68,1944-12-24,0.01396,Married,1759,,2055-09-17,Yes,,,Retired,21667.1,1493,No,1,,NA,1,Life event: Retired
8831,2011-01-01,8831,Female,46,1965-07-10,0.00134,Married,1823,,2018-06-07,Yes,,,Permanent contract,1586.0,166540,Yes,1,,NA,1,Created
8832,2011-01-01,8832,Male,30,1981-07-01,0.00055,Married,1760,,2028-06-27,No,,,Unemployed,33428.0,45339,Yes,2,,NA,1,Created
8833,2011-01-01,8833,Female,1,2010-09-02,0.00033999999999999997,Single,0,,,No,,,Child,0.0,0,Yes,0,32.0,2042-01-06,1,Created
8834,2011-01-01,8834,Female,30,1981-12-22,0.00027,Single,0,,,Yes,28.0,,Permanent contract,87509.0,193069,No,0,38.0,2019-04-03,1,Created
8835,2011-01-01,8835,Female,25,1986-01-04,0.00022999999999999998,Single,0,,,No,,,Entrepreneur without personnel,27972.0,13109,No,0,,NA,1,Created
8836,2011-01-01,8836,Male,8,2003-10-18,9e-05,Single,0,,,No,,,Child,0.0,0,Yes,0,,NA,1,Created
8837,2011-01-01,8837,Male,62,1949-11-30,0.008409999999999999,Married,1761,,2065-04-24,Yes,,,Permanent contract,6238.0,302758,Yes,3,,NA,1,Created
8838,2011-01-01,8838,Female,39,1972-05-20,0.00074,Divorced,0,,,Yes,,,Permanent contract,23939.0,-21732,Yes,0,,NA,1,Created
8839,2011-01-01,8839,Male,94,1917-10-01,0.2512,Widowed,0,,,No,,,Retired,25742.0,180869,Yes,0,,NA,1,Created
8840,2011-01-01,8840,Female,34,1977-07-04,0.00037,Single,0,,,Yes,24.0,,Entrepreneur with personel,24397.0,-21978,No,0,,NA,1,Created
8841,2011-01-01,8841,Female,1,2010-10-22,0.00033999999999999997,Single,0,,,No,,,Child,0.0,0,Yes,0,25.0,2035-04-03,1,Created
8842,2011-01-01,8842,Male,6,2005-06-25,5.9999999999999995e-05,Single,0,,,No,,,Child,0.0,0,Yes,0,,NA,1,Created
8843,2011-01-01,8843,Male,18,1993-12-08,0.00032,Single,0,,,No,,,Permanent contract,13946.0,444162,Yes,0,,NA,1,Created
8844,2011-01-01,8844,Female,34,1977-12-27,0.00037,Married,1824,,2013-12-03,No,,,Permanent contract,7515.0,5376,No,2,,NA,1,Created
8845,2011-01-01,8845,Male,68,1943-08-14,0.01522,Married,1762,,2031-07-22,Yes,,,Retired,31877.0,33295,Yes,1,,NA,1,Created
8846,2011-01-01,8846,Male,34,1977-09-17,0.00067,Single,0,,,No,,,Permanent contract,132500.0,24261,No,0,,NA,1,Created
8847,2011-01-01,8847,Female,29,1982-08-19,0.00032,Divorced,0,,,Yes,,,Flexible contract,10653.0,131096,No,0,,NA,1,Created
8848,2011-01-01,8848,Male,41,1970-06-27,0.0008900000000000001,Married,1763,,2038-05-24,Yes,,,Permanent contract,38551.0,289292,No,3,,NA,1,Created
8849,2011-01-01,8849,Female,42,1969-06-08,0.001,Married,1825,,2014-01-10,No,,,Permanent contract,10607.0,3716,No,1,,NA,1,Created
8850,2011-01-01,8850,Female,77,1934-01-05,0.0259,Widowed,0,,,No,,,Retired,34115.0,104460,Yes,0,,NA,1,Created
17193,2011-04-09,8850,Female,78,1934-01-05,0.0259,Widowed,0,,,No,,,Retired,34115.0,104460,Yes,0,,NA,0,Life event: Deceased
8851,2011-01-01,8851,Male,91,1920-03-13,0.18929,Married,1764,,2065-06-05,Yes,,,Retired,15546.0,13692,Yes,3,,NA,1,Created
18240,2011-11-30,8851,Male,92,1920-03-13,0.18929,Married,1764,,2065-06-05,Yes,,,Retired,15546.0,13692,Yes,3,,NA,0,Life event: Deceased
8852,2011-01-01,8852,Female,37,1974-11-21,0.00057,Single,0,,,Yes,35.0,,Permanent contract,30909.0,41841,No,0,,NA,1,Created
8853,2011-01-01,8853,Male,53,1958-12-04,0.0033299999999999996,Married,1765,,2032-07-13,No,,,Permanent contract,38343.0,1688,Yes,3,,NA,1,Created
8854,2011-01-01,8854,Male,27,1984-02-07,0.00044,Single,0,,,Yes,34.0,2018-06-20,Flexible contract,34397.0,109495,Yes,0,,NA,1,Created
8855,2011-01-01,8855,Male,45,1966-06-01,0.0014199999999999998,Divorced,0,,,Yes,,,Entrepreneur without personnel,41035.0,3140,No,0,,NA,1,Created
8856,2011-01-01,8856,Male,34,1977-07-28,0.00067,Single,0,,,No,,,Permanent contract,11666.0,429261,Yes,0,,NA,1,Created
8857,2011-01-01,8857,Male,64,1947-08-10,0.01097,Single,0,,,No,,,Permanent contract,27366.0,21350,Yes,0,,NA,1,Created
17775,2011-08-10,8857,Male,65,1947-08-10,0.01097,Single,0,,,No,,,Retired,19156.199999999997,21350,Yes,0,,NA,1,Life event: Retired
8858,2011-01-01,8858,Male,60,1951-03-31,0.006840000000000001,Married,1766,,2053-09-18,Yes,,,Permanent contract,12763.0,380261,Yes,2,,NA,1,Created
8859,2011-01-01,8859,Female,59,1952-03-31,0.00479,Married,1826,,2025-12-09,No,,,Unemployed,43772.0,6369,Yes,2,,NA,1,Created
8860,2011-01-01,8860,Female,35,1976-08-01,0.00033999999999999997,Married,1827,,2035-04-02,No,,,Permanent contract,20653.0,21879,Yes,3,,NA,1,Created
8861,2011-01-01,8861,Male,26,1985-10-19,1.0,Married,1767,,2042-07-09,Yes,,,Permanent contract,28126.0,-40274,No,1,,NA,1,Created
18020,2011-10-07,8861,Male,26,1985-10-19,1.0,Married,1767,,2042-07-09,Yes,,,Permanent contract,28126.0,-40274,No,1,,NA,0,Life event: Deceased
8862,2011-01-01,8862,Male,19,1992-11-02,0.00033,Single,0,,,Yes,30.0,2022-05-01,Entrepreneur without personnel,19506.0,131003,No,0,,NA,1,Created
8863,2011-01-01,8863,Male,34,1977-08-14,0.00067,Single,0,,,Yes,40.0,2017-03-19,Permanent contract,34913.0,191571,Yes,0,,NA,1,Created
8864,2011-01-01,8864,Female,0,2011-05-16,0.0028899999999999998,Single,0,,,No,,,Child,0.0,0,No,0,28.0,2039-12-04,1,Created
8865,2011-01-01,8865,Male,70,1941-11-29,0.01932,Married,1768,,2011-05-02,No,,,Retired,22256.0,70049,No,2,,NA,1,Created
17285,2011-05-02,8865,Male,70,1941-11-29,0.01932,Divorced,1768,,2011-05-02,No,,,Retired,22256.0,70049,No,2,,NA,1,Life event: Divorced
8866,2011-01-01,8866,Female,64,1947-10-24,0.00713,Married,1828,,2056-02-13,No,,,Permanent contract,85940.0,-28879,Yes,2,,NA,1,Created
18096,2011-10-24,8866,Female,65,1947-10-24,0.00713,Married,1828,,2056-02-13,No,,,Retired,60157.99999999999,-28879,Yes,2,,NA,1,Life event: Retired
8867,2011-01-01,8867,Female,54,1957-07-02,0.00313,Married,1829,,2014-07-13,Yes,,,Permanent contract,35446.0,182578,No,1,,NA,1,Created
8868,2011-01-01,8868,Male,44,1967-11-01,0.0013599999999999999,Married,1769,,2053-02-23,Yes,,,Entrepreneur without personnel,33115.0,80852,No,1,,NA,1,Created
8869,2011-01-01,8869,Female,36,1975-04-28,0.00049,Single,0,,,Yes,29.0,,Permanent contract,36195.0,542,No,0,40.0,2015-06-28,1,Created
8870,2011-01-01,8870,Female,41,1970-03-14,0.0007700000000000001,Married,1830,,2026-02-18,Yes,,,Permanent contract,26636.0,55693,Yes,3,41.0,2011-07-02,1,Created
17593,2011-07-02,8870,Female,42,1970-03-14,0.0007700000000000001,Married,1830,,2026-02-18,Yes,,,Permanent contract,26636.0,55693,Yes,2,41,2011-07-02,1,Life event: Children born
8871,2011-01-01,8871,Female,2,2009-06-27,0.00015,Single,0,,,Yes,30.0,2039-05-02,Child,0.0,0,Yes,0,28.0,2037-03-23,1,Created
8872,2011-01-01,8872,Male,46,1965-08-30,0.00172,Married,1770,,2037-07-26,No,,,Entrepreneur with personel,36237.0,41809,Yes,2,,NA,1,Created
8873,2011-01-01,8873,Female,33,1978-11-16,0.00035,Married,1831,,2054-04-13,No,,,Permanent contract,14601.0,475637,Yes,2,,NA,1,Created
8874,2011-01-01,8874,Female,40,1971-11-18,0.0006900000000000001,Single,0,,,Yes,38.0,,Permanent contract,47568.0,331831,Yes,0,,NA,1,Created
8875,2011-01-01,8875,Male,75,1936-04-19,0.033710000000000004,Single,0,,,No,,,Retired,27582.0,199632,Yes,0,,NA,1,Created
8876,2011-01-01,8876,Male,29,1982-10-21,0.0005200000000000001,Single,0,,,No,,,Permanent contract,88014.0,175154,Yes,0,,NA,1,Created
8877,2011-01-01,8877,Male,76,1935-02-05,0.0375,Married,1771,,2058-02-09,No,,,Retired,44923.0,159717,Yes,2,,NA,1,Created
8878,2011-01-01,8878,Female,75,1936-05-05,0.01986,Widowed,0,,,No,,,Retired,30318.0,143827,Yes,0,,NA,1,Created
8879,2011-01-01,8879,Female,57,1954-06-15,0.00387,Married,1832,,2018-10-21,Yes,,,Permanent contract,26355.0,1490,No,2,,NA,1,Created
8880,2011-01-01,8880,Male,41,1970-01-12,0.0008900000000000001,Single,0,,,No,,,Permanent contract,34413.0,36489,No,0,,NA,1,Created
8881,2011-01-01,8881,Female,2,2009-03-27,0.00015,Single,0,,,Yes,40.0,2049-04-12,Child,0.0,0,Yes,0,33.0,2042-08-30,1,Created
8882,2011-01-01,8882,Female,37,1974-07-11,0.00057,Married,1833,,2047-03-21,Yes,,,Flexible contract,27622.0,253293,Yes,2,,NA,1,Created
8883,2011-01-01,8883,Male,14,1997-01-04,0.00014,Single,0,,,Yes,25.0,2022-03-11,Child,0.0,0,No,0,,NA,1,Created
8884,2011-01-01,8884,Male,11,2000-11-27,9e-05,Single,0,,,No,,,Child,0.0,0,Yes,0,,NA,1,Created
8885,2011-01-01,8885,Female,9,2002-12-05,2.9999999999999997e-05,Single,0,,,Yes,55.0,2057-06-18,Child,0.0,0,No,0,29.0,2031-10-17,1,Created
8886,2011-01-01,8886,Male,4,2007-05-30,0.00011,Single,0,,,No,,,Child,0.0,0,No,0,,NA,1,Created
8887,2011-01-01,8887,Female,28,1983-04-07,0.00025,Married,1834,,2035-12-17,No,,,Permanent contract,25997.0,246126,No,2,33.0,2016-11-04,1,Created
8888,2011-01-01,8888,Female,65,1946-11-08,0.007559999999999999,Married,1835,,2014-08-15,Yes,,,Permanent contract,6538.0,18043,Yes,2,,NA,1,Created
18151,2011-11-08,8888,Female,66,1946-11-08,0.007559999999999999,Married,1835,,2014-08-15,Yes,,,Retired,4576.599999999999,18043,Yes,2,,NA,1,Life event: Retired
8889,2011-01-01,8889,Female,23,1988-09-09,0.0001,Single,0,,,No,,,Flexible contract,43490.0,3169,No,0,35.0,2023-02-03,1,Created
8890,2011-01-01,8890,Male,51,1960-04-28,0.00301,Married,1772,,2043-10-08,Yes,,,Permanent contract,42743.0,12943,No,2,,NA,1,Created
8891,2011-01-01,8891,Female,20,1991-07-05,0.00018,Married,1836,,2035-07-23,Yes,,,Entrepreneur without personnel,12610.0,2006,Yes,1,25.0,2016-02-01,1,Created
8892,2011-01-01,8892,Female,76,1935-08-13,0.02337,Married,1837,,2054-06-29,Yes,,,Retired,19873.0,303941,Yes,1,,NA,1,Created
8893,2011-01-01,8893,Female,22,1989-03-10,0.00023999999999999998,Single,0,,,No,,,Unemployed,40657.0,17621,Yes,0,36.0,2025-08-07,1,Created
8894,2011-01-01,8894,Male,47,1964-01-27,0.00186,Married,1773,,2046-09-06,No,,,Permanent contract,91343.0,-3819,Yes,1,,NA,1,Created
8895,2011-01-01,8895,Male,27,1984-12-10,0.00044,Single,0,,,No,,,Permanent contract,27659.0,-23628,Yes,0,,NA,1,Created
8896,2011-01-01,8896,Male,39,1972-10-15,0.0008699999999999999,Married,1774,,2038-11-15,No,,,Flexible contract,23940.0,150891,Yes,3,,NA,1,Created
8897,2011-01-01,8897,Female,63,1948-08-27,0.00672,Married,1838,,2046-02-07,Yes,,,Permanent contract,34989.0,64378,No,3,,NA,1,Created
19044,2012-08-27,8897,Female,65,1948-08-27,0.00672,Married,1838,,2046-02-07,Yes,,,Retired,24492.3,64378,No,3,,NA,1,Life event: Retired
8898,2011-01-01,8898,Female,1,2010-11-15,0.00033999999999999997,Single,0,,,No,,,Child,0.0,0,Yes,0,31.0,2041-01-19,1,Created
8899,2011-01-01,8899,Female,47,1964-09-14,0.00168,Married,1839,,2017-09-30,No,,,Permanent contract,29901.0,161431,Yes,1,,NA,1,Created
8900,2011-01-01,8900,Male,77,1934-02-08,0.0418,Married,1775,,2042-01-11,No,,,Retired,51726.0,-14321,No,2,,NA,1,Created
8901,2011-01-01,8901,Female,2,2009-05-11,0.00015,Single,0,,,Yes,30.0,2039-05-18,Child,0.0,0,Yes,0,30.0,2039-10-09,1,Created
8902,2011-01-01,8902,Female,49,1962-04-10,0.00193,Married,1840,,2012-04-19,Yes,,,Flexible contract,772.0,36038,Yes,1,,NA,1,Created
18681,2012-04-19,8902,Female,51,1962-04-10,0.00193,Divorced,1840,,2012-04-19,Yes,,,Flexible contract,772.0,36038,Yes,1,,NA,1,Life event: Divorced
8903,2011-01-01,8903,Male,23,1988-09-29,0.00039,Single,0,,,No,,,Permanent contract,18254.0,46834,No,0,,NA,1,Created
8904,2011-01-01,8904,Female,56,1955-11-17,0.0041,Widowed,0,,,No,,,Permanent contract,39398.0,-23781,No,0,,NA,1,Created
8905,2011-01-01,8905,Male,50,1961-07-17,0.00257,Divorced,0,,,Yes,,,Flexible contract,10472.0,195749,No,0,,NA,1,Created
8906,2011-01-01,8906,Female,2,2009-01-07,0.00015,Single,0,,,Yes,20.0,2029-10-28,Child,0.0,0,No,0,34.0,2043-11-17,1,Created
8907,2011-01-01,8907,Male,27,1984-09-14,0.00044,Married,1776,,2030-11-15,No,,,Permanent contract,8409.0,3151,Yes,1,,NA,1,Created
8908,2011-01-01,8908,Female,2,2009-08-07,0.00015,Single,0,,,Yes,43.0,2052-09-04,Child,0.0,0,Yes,0,37.0,2046-05-14,1,Created
8909,2011-01-01,8909,Male,60,1951-03-18,0.006840000000000001,Married,1777,,2045-06-25,No,,,Permanent contract,19093.0,192393,Yes,3,,NA,1,Created
17401,2011-05-21,8909,Male,61,1951-03-18,0.006840000000000001,Widowed,1777,,2045-06-25,No,,,Permanent contract,19093.0,192393,Yes,3,,NA,1,Life event: Widowed
8910,2011-01-01,8910,Male,5,2006-02-22,9e-05,Single,0,,,No,,,Child,0.0,0,Yes,0,,NA,1,Created
8911,2011-01-01,8911,Male,23,1988-07-14,0.00039,Single,0,,,No,,,Permanent contract,7267.0,436261,No,0,,NA,1,Created
8912,2011-01-01,8912,Male,7,2004-09-11,9e-05,Single,0,,,No,,,Child,0.0,0,Yes,0,,NA,1,Created
8913,2011-01-01,8913,Male,100,1911-02-08,1.0,Widowed,0,,,No,,,Retired,10360.0,7349,No,0,,NA,1,Created
17324,2011-05-08,8913,Male,101,1911-02-08,1.0,Widowed,0,,,No,,,Retired,10360.0,7349,No,0,,NA,0,Life event: Deceased
8914,2011-01-01,8914,Male,67,1944-01-31,0.01396,Single,0,,,Yes,30.0,,Permanent contract,5836.0,467182,Yes,0,,NA,1,Created
16827,2011-01-31,8914,Male,68,1944-01-31,0.01396,Single,0,,,Yes,30,,Retired,4085.2,467182,Yes,0,,NA,1,Life event: Retired
8915,2011-01-01,8915,Female,37,1974-08-01,0.00057,Single,0,,,No,,,Flexible contract,12985.0,34541,No,0,,NA,1,Created
8916,2011-01-01,8916,Male,40,1971-04-04,0.0009400000000000001,Married,1778,,2013-07-15,No,,,Permanent contract,5417.0,-19709,No,1,,NA,1,Created
8917,2011-01-01,8917,Male,30,1981-09-03,0.00055,Single,0,,,Yes,35.0,2016-06-26,Permanent contract,22658.0,150622,No,0,,NA,1,Created
8918,2011-01-01,8918,Female,59,1952-11-17,0.00479,Married,1841,,2020-03-22,Yes,,,Flexible contract,15074.0,27338,No,1,,NA,1,Created
8919,2011-01-01,8919,Female,56,1955-04-29,0.0041,Divorced,0,,,No,,,Permanent contract,94686.0,503,Yes,0,,NA,1,Created
8920,2011-01-01,8920,Male,74,1937-06-19,0.0295,Married,1779,,2065-12-25,No,,,Retired,995.0,353030,No,1,,NA,1,Created
8921,2011-01-01,8921,Male,16,1995-01-19,0.00029,Single,0,,,No,,,Child,0.0,0,Yes,0,,NA,1,Created
18447,2012-01-19,8921,Male,18,1995-01-19,0.00029,Single,0,,,Yes,46,2040-05-01,Permanent contract,8992.0,398309,Yes,0,,NA,1,Life event: Adulthood
8922,2011-01-01,8922,Female,38,1973-10-11,0.00063,Married,1842,,2058-05-06,No,,,Permanent contract,2077.0,17664,No,1,,NA,1,Created
8923,2011-01-01,8923,Male,15,1996-01-03,0.00015,Single,0,,,Yes,26.0,2022-01-25,Child,0.0,0,No,0,,NA,1,Created
8924,2011-01-01,8924,Female,7,2004-02-23,7e-05,Single,0,,,Yes,49.0,2053-04-21,Child,0.0,0,No,0,26.0,2030-02-12,1,Created
8925,2011-01-01,8925,Female,34,1977-06-28,0.00037,Single,0,,,Yes,63.0,2040-11-11,Entrepreneur without personnel,24174.0,347740,Yes,0,,NA,1,Created
8926,2011-01-01,8926,Male,54,1957-08-05,0.00404,Married,1780,,2017-06-28,Yes,,,Permanent contract,46688.0,17434,Yes,1,,NA,1,Created
8927,2011-01-01,8927,Male,44,1967-12-17,0.0013599999999999999,Divorced,0,,,No,,,Permanent contract,23217.0,32,Yes,0,,NA,1,Created
8928,2011-01-01,8928,Female,9,2002-03-31,2.9999999999999997e-05,Single,0,,,No,,,Child,0.0,0,No,0,27.0,2029-03-03,1,Created
8929,2011-01-01,8929,Male,65,1946-12-05,0.01141,Divorced,0,,,Yes,,,Permanent contract,15695.0,-4066,Yes,0,,NA,1,Created
18266,2011-12-05,8929,Male,66,1946-12-05,0.01141,Divorced,0,,,Yes,,,Retired,10986.5,-4066,Yes,0,,NA,1,Life event: Retired
8930,2011-01-01,8930,Female,71,1940-07-04,0.013009999999999999,Widowed,0,,,No,,,Retired,178040.0,2794733,Yes,0,,NA,1,Created
8931,2011-01-01,8931,Male,62,1949-06-24,0.008409999999999999,Married,1781,,2023-04-26,No,,,Entrepreneur without personnel,13707.0,-25640,Yes,2,,NA,1,Created
8932,2011-01-01,8932,Male,77,1934-10-26,0.0418,Widowed,0,,,Yes,,,Retired,10162.0,139840,Yes,0,,NA,1,Created
8933,2011-01-01,8933,Female,9,2002-02-04,2.9999999999999997e-05,Single,0,,,No,,,Child,0.0,0,Yes,0,36.0,2038-05-19,1,Created
8934,2011-01-01,8934,Male,76,1935-09-04,0.0375,Widowed,0,,,Yes,,,Retired,42679.0,83923,Yes,0,,NA,1,Created
8935,2011-01-01,8935,Male,18,1993-03-17,0.00032,Single,0,,,No,,,Permanent contract,19674.0,4585,No,0,,NA,1,Created
8936,2011-01-01,8936,Male,5,2006-12-31,9e-05,Single,0,,,Yes,34.0,2040-11-10,Child,0.0,0,No,0,,NA,1,Created
8937,2011-01-01,8937,Male,54,1957-01-21,0.00404,Single,0,,,No,,,Permanent contract,25554.0,59170,No,0,,NA,1,Created
8938,2011-01-01,8938,Female,65,1946-12-05,0.007559999999999999,Married,1843,,2020-02-21,No,,,Unemployed,86390.0,9008,No,2,,NA,1,Created
18267,2011-12-05,8938,Female,66,1946-12-05,0.007559999999999999,Married,1843,,2020-02-21,No,,,Retired,60472.99999999999,9008,No,2,,NA,1,Life event: Retired
8939,2011-01-01,8939,Male,12,1999-01-26,0.00011,Single,0,,,Yes,41.0,2040-10-24,Child,0.0,0,Yes,0,,NA,1,Created
8940,2011-01-01,8940,Female,29,1982-02-02,0.00032,Single,0,,,Yes,25.0,,Entrepreneur without personnel,28103.0,345413,Yes,0,,NA,1,Created
8941,2011-01-01,8941,Male,49,1962-04-16,0.00242,Married,1782,,2023-06-20,No,,,Entrepreneur with personel,13125.0,388423,Yes,1,,NA,1,Created
8942,2011-01-01,8942,Female,46,1965-05-26,0.00134,Married,1844,,2016-09-29,Yes,,,Permanent contract,27315.0,76855,Yes,2,,NA,1,Created
8943,2011-01-01,8943,Male,47,1964-04-16,0.00186,Married,1783,,2032-12-18,Yes,,,Flexible contract,8718.0,932,No,1,,NA,1,Created
8944,2011-01-01,8944,Male,60,1951-11-04,0.006840000000000001,Divorced,0,,,No,,,Flexible contract,42254.0,16197,No,0,,NA,1,Created
8945,2011-01-01,8945,Male,6,2005-07-29,5.9999999999999995e-05,Single,0,,,No,,,Child,0.0,0,Yes,0,,NA,1,Created
8946,2011-01-01,8946,Male,41,1970-05-08,0.0008900000000000001,Divorced,0,,,Yes,,,Flexible contract,15011.0,622484,Yes,0,,NA,1,Created
8947,2011-01-01,8947,Female,40,1971-02-24,0.0006900000000000001,Divorced,0,,,Yes,,,Unemployed,92568.0,153734,Yes,0,,NA,1,Created
8948,2011-01-01,8948,Male,65,1946-11-21,0.01141,Married,1784,,2051-11-28,Yes,,,Flexible contract,16055.0,744,Yes,1,,NA,1,Created
18207,2011-11-21,8948,Male,66,1946-11-21,0.01141,Married,1784,,2051-11-28,Yes,,,Retired,11238.5,744,Yes,1,,NA,1,Life event: Retired
8949,2011-01-01,8949,Male,53,1958-12-25,0.0033299999999999996,Married,1785,,2038-07-26,Yes,,,Permanent contract,29594.0,263432,Yes,1,,NA,1,Created
8950,2011-01-01,8950,Male,54,1957-07-24,0.00404,Married,1786,,2023-08-30,Yes,,,Flexible contract,11805.0,477354,No,3,,NA,1,Created
8951,2011-01-01,8951,Female,11,2000-01-11,7e-05,Single,0,,,Yes,40.0,2040-08-23,Child,0.0,0,No,0,32.0,2032-10-08,1,Created
8952,2011-01-01,8952,Female,46,1965-07-18,0.00134,Single,0,,,No,,,Permanent contract,17888.0,4301,Yes,0,,NA,1,Created
8953,2011-01-01,8953,Female,9,2002-12-05,2.9999999999999997e-05,Single,0,,,Yes,31.0,2033-09-03,Child,0.0,0,No,0,35.0,2037-02-10,1,Created
8954,2011-01-01,8954,Female,27,1984-02-23,0.00025,Married,1845,,2016-04-16,Yes,,,Permanent contract,27470.0,860906,Yes,2,37.0,2021-05-09,1,Created
8955,2011-01-01,8955,Male,23,1988-06-08,0.00039,Single,0,,,Yes,47.0,2035-10-29,Permanent contract,4343.0,984793,No,0,,NA,1,Created
8956,2011-01-01,8956,Male,59,1952-08-21,0.00717,Married,1787,,2031-12-22,Yes,,,Flexible contract,29793.0,348125,Yes,2,,NA,1,Created
8957,2011-01-01,8957,Female,20,1991-01-13,0.00018,Single,0,,,Yes,30.0,2021-05-13,Entrepreneur with personel,23866.0,311868,Yes,0,33.0,2024-04-23,1,Created
8958,2011-01-01,8958,Female,23,1988-02-14,0.0001,Single,0,,,No,,,Flexible contract,88549.0,339631,No,0,23.0,2011-06-18,1,Created
8959,2011-01-01,8959,Female,64,1947-04-05,0.00713,Married,1846,,2052-05-20,No,,,Permanent contract,19171.0,-485,Yes,1,,NA,1,Created
17176,2011-04-05,8959,Female,65,1947-04-05,0.00713,Married,1846,,2052-05-20,No,,,Retired,13419.699999999999,-485,Yes,1,,NA,1,Life event: Retired
8960,2011-01-01,8960,Male,33,1978-02-15,0.00047999999999999996,Married,1788,,2043-08-17,Yes,,,Unemployed,36724.0,291395,No,1,,NA,1,Created
8961,2011-01-01,8961,Male,97,1914-09-08,0.30383000000000004,Widowed,0,,,Yes,,,Retired,42328.0,14876,Yes,0,,NA,1,Created
19278,2012-11-28,8961,Male,99,1914-09-08,0.30383000000000004,Widowed,0,,,Yes,,,Retired,42328.0,14876,Yes,0,,NA,0,Life event: Deceased
8962,2011-01-01,8962,Female,77,1934-05-07,0.0259,Widowed,0,,,Yes,,,Retired,82462.0,661890,Yes,0,,NA,1,Created
8963,2011-01-01,8963,Male,64,1947-01-31,0.01097,Married,1789,,2056-02-12,No,,,Unemployed,14673.0,735,No,2,,NA,1,Created
16828,2011-01-31,8963,Male,65,1947-01-31,0.01097,Married,1789,,2056-02-12,No,,,Retired,10271.099999999999,735,No,2,,NA,1,Life event: Retired
8964,2011-01-01,8964,Male,54,1957-02-23,0.00404,Married,1790,,2058-10-17,No,,,Permanent contract,19463.0,-39930,No,1,,NA,1,Created
8965,2011-01-01,8965,Male,31,1980-01-11,0.00041,Single,0,,,Yes,32.0,2012-04-22,Permanent contract,26762.0,315689,No,0,,NA,1,Created
18689,2012-04-22,8965,Male,33,1980-01-11,0.00041,Married,3481,30,2042-02-10,Yes,32,2012-04-22,Permanent contract,26762.0,315689,No,0,,NA,1,Life event: Married
8966,2011-01-01,8966,Female,39,1972-12-15,0.00074,Married,1847,,2025-08-08,Yes,,,Permanent contract,34700.0,29208,No,1,,NA,1,Created
8967,2011-01-01,8967,Female,45,1966-09-12,0.00134,Married,1848,,2024-07-17,No,,,Permanent contract,45257.0,7151,No,2,,NA,1,Created
8968,2011-01-01,8968,Male,13,1998-05-04,0.00014,Single,0,,,No,,,Child,0.0,0,No,0,,NA,1,Created
8969,2011-01-01,8969,Male,95,1916-03-09,0.25144,Divorced,0,,,Yes,,,Retired,60983.0,122902,Yes,0,,NA,1,Created
8970,2011-01-01,8970,Female,29,1982-08-11,0.00032,Married,1849,,2042-11-17,No,,,Unemployed,41912.0,141339,No,1,30.0,2012-12-24,1,Created
19349,2012-12-24,8970,Female,31,1982-08-11,0.00032,Married,1849,,2042-11-17,No,,,Unemployed,41912.0,141339,No,1,30,2012-12-24,1,Life event: Children born
8971,2011-01-01,8971,Female,47,1964-02-06,0.00168,Divorced,0,,,Yes,,,Flexible contract,93412.0,59617,No,0,,NA,1,Created
8972,2011-01-01,8972,Female,20,1991-06-24,0.00018,Single,0,,,No,,,Permanent contract,9499.0,620036,No,0,41.0,2032-01-11,1,Created
8973,2011-01-01,8973,Male,46,1965-07-08,0.00172,Married,1791,,2045-07-07,No,,,Permanent contract,16062.0,68574,Yes,2,,NA,1,Created
8974,2011-01-01,8974,Female,29,1982-11-07,0.00032,Single,0,,,Yes,25.0,,Permanent contract,16905.0,2568,Yes,0,31.0,2013-03-30,1,Created
8975,2011-01-01,8975,Female,78,1933-11-29,0.02817,Married,1850,,2053-03-17,Yes,,,Retired,1719.0,160690,No,1,,NA,1,Created
8976,2011-01-01,8976,Female,73,1938-05-19,0.01577,Divorced,0,,,Yes,,,Retired,5427.0,-15302,No,0,,NA,1,Created
8977,2011-01-01,8977,Male,16,1995-01-21,0.00029,Single,0,,,Yes,29.0,2024-05-17,Child,0.0,0,Yes,0,,NA,1,Created
18454,2012-01-21,8977,Male,18,1995-01-21,0.00029,Single,0,,,Yes,26,2020-09-13,Entrepreneur without personnel,31591.0,551262,Yes,0,,NA,1,Life event: Adulthood
8978,2011-01-01,8978,Male,23,1988-11-06,0.00039,Single,0,,,No,,,Permanent contract,66690.0,-47593,No,0,,NA,1,Created
8979,2011-01-01,8979,Male,34,1977-01-12,0.00067,Married,1792,,2046-05-16,No,,,Entrepreneur without personnel,25006.0,440251,No,2,,NA,1,Created
8980,2011-01-01,8980,Male,105,1906-01-17,1.0,Widowed,0,,,Yes,,,Retired,28507.0,33718,Yes,0,,NA,1,Created
17106,2011-03-22,8980,Male,106,1906-01-17,1.0,Widowed,0,,,Yes,,,Retired,28507.0,33718,Yes,0,,NA,0,Life event: Deceased
8981,2011-01-01,8981,Female,56,1955-09-09,0.0041,Single,0,,,No,,,Permanent contract,10266.0,16140,No,0,,NA,1,Created
8982,2011-01-01,8982,Female,36,1975-02-09,0.00049,Married,1851,,2037-12-15,Yes,,,Permanent contract,42095.0,4898,No,1,,NA,1,Created
8983,2011-01-01,8983,Male,74,1937-07-10,0.0295,Married,1793,,2026-06-13,Yes,,,Retired,1106.0,7333,No,1,,NA,1,Created
8984,2011-01-01,8984,Female,20,1991-09-04,0.00018,Single,0,,,No,,,Permanent contract,39822.0,-14979,Yes,0,32.0,2023-01-06,1,Created
8985,2011-01-01,8985,Male,50,1961-01-18,0.00257,Married,1794,,2033-08-22,Yes,,,Permanent contract,16616.0,-22560,No,1,,NA,1,Created
8986,2011-01-01,8986,Male,41,1970-01-02,0.0008900000000000001,Married,1795,,2046-12-03,No,,,Permanent contract,5380.0,4271638,Yes,2,,NA,1,Created
8987,2011-01-01,8987,Male,42,1969-08-15,0.00128,Married,1796,,2050-09-18,No,,,Permanent contract,19776.0,953,Yes,2,,NA,1,Created
8988,2011-01-01,8988,Male,4,2007-08-17,0.00011,Single,0,,,Yes,26.0,2033-08-08,Child,0.0,0,No,0,,NA,1,Created
8989,2011-01-01,8989,Female,74,1937-03-17,0.0185,Married,1852,,2028-07-21,Yes,,,Retired,11489.0,177573,No,2,,NA,1,Created
8990,2011-01-01,8990,Male,73,1938-10-03,0.0262,Married,1797,,2057-09-02,No,,,Retired,35389.0,-14438,Yes,1,,NA,1,Created
8991,2011-01-01,8991,Female,43,1968-02-21,0.0009699999999999999,Married,1853,,2017-10-23,Yes,,,Unemployed,77582.0,6569,No,3,,NA,1,Created
8992,2011-01-01,8992,Female,40,1971-03-13,0.0006900000000000001,Married,1854,,2059-11-18,Yes,,,Permanent contract,11008.0,184637,No,2,,NA,1,Created
8993,2011-01-01,8993,Female,24,1987-07-02,0.00018999999999999998,Single,0,,,No,,,Unemployed,1762.0,965037,Yes,0,28.0,2015-07-17,1,Created
8994,2011-01-01,8994,Female,65,1946-03-08,0.007559999999999999,Widowed,0,,,Yes,,,Permanent contract,34514.0,482569,Yes,0,,NA,1,Created
17036,2011-03-08,8994,Female,66,1946-03-08,0.007559999999999999,Widowed,0,,,Yes,,,Retired,24159.8,482569,Yes,0,,NA,1,Life event: Retired
8995,2011-01-01,8995,Male,31,1980-01-25,0.00041,Single,0,,,No,,,Permanent contract,55751.0,-4578,No,0,,NA,1,Created
8996,2011-01-01,8996,Female,54,1957-11-27,0.00313,Married,1855,,2027-06-03,No,,,Permanent contract,12612.0,177037,No,1,,NA,1,Created
8997,2011-01-01,8997,Female,68,1943-04-12,0.00983,Married,1856,,2014-06-19,Yes,,,Retired,34356.0,-16105,No,2,,NA,1,Created
8998,2011-01-01,8998,Female,57,1954-06-19,0.00387,Divorced,0,,,Yes,,,Flexible contract,53756.0,347056,No,0,,NA,1,Created
8999,2011-01-01,8999,Female,26,1985-02-20,1.0,Single,0,,,Yes,31.0,2016-03-08,Permanent contract,99672.0,42621,Yes,0,30.0,2015-09-02,1,Created
17265,2011-04-27,8999,Female,27,1985-02-20,1.0,Single,0,,,Yes,31,2016-03-08,Permanent contract,99672.0,42621,Yes,0,30,2015-09-02,0,Life event: Deceased
9000,2011-01-01,9000,Female,37,1974-12-06,0.00057,Married,1857,,2013-10-23,No,,,Unemployed,18348.0,5021,No,3,39.0,2013-09-18,1,Created
9001,2011-01-01,9001,Male,44,1967-07-05,0.0013599999999999999,Married,1798,,2040-09-29,Yes,,,Flexible contract,5612.0,-4181,No,3,,NA,1,Created
9002,2011-01-01,9002,Male,77,1934-08-02,0.0418,Widowed,0,,,No,,,Retired,24616.0,-36259,Yes,0,,NA,1,Created
18504,2012-02-07,9002,Male,78,1934-08-02,0.0418,Widowed,0,,,No,,,Retired,24616.0,-36259,Yes,0,,NA,0,Life event: Deceased
9003,2011-01-01,9003,Female,21,1990-01-09,0.00016,Single,0,,,No,,,Flexible contract,33712.0,4919,Yes,0,24.0,2014-08-30,1,Created
9004,2011-01-01,9004,Male,38,1973-04-11,0.0009599999999999999,Married,1799,,2034-07-25,No,,,Flexible contract,37810.0,45647,No,2,,NA,1,Created
9005,2011-01-01,9005,Male,41,1970-01-25,0.0008900000000000001,Married,1800,,2013-07-17,No,,,Permanent contract,44885.0,150047,Yes,1,,NA,1,Created
9006,2011-01-01,9006,Female,68,1943-01-30,0.00983,Married,1858,,2054-10-18,Yes,,,Retired,25190.0,8230,No,1,,NA,1,Created
9007,2011-01-01,9007,Male,42,1969-11-07,0.00128,Married,1801,,2025-02-10,No,,,Permanent contract,22207.0,8764,Yes,2,,NA,1,Created
9008,2011-01-01,9008,Male,72,1939-08-06,0.02384,Married,1802,,2020-02-18,Yes,,,Retired,38549.0,-3424,No,2,,NA,1,Created
9009,2011-01-01,9009,Male,6,2005-05-17,5.9999999999999995e-05,Single,0,,,Yes,53.0,2058-09-21,Child,0.0,0,Yes,0,,NA,1,Created
9010,2011-01-01,9010,Female,52,1959-08-20,0.00268,Married,1859,,2052-04-28,Yes,,,Permanent contract,49532.0,176439,Yes,3,,NA,1,Created
9011,2011-01-01,9011,Female,64,1947-01-23,0.00713,Married,1860,,2064-03-08,Yes,,,Flexible contract,4815.0,5329,Yes,2,,NA,1,Created
16791,2011-01-23,9011,Female,65,1947-01-23,0.00713,Married,1860,,2064-03-08,Yes,,,Retired,3370.5,5329,Yes,2,,NA,1,Life event: Retired
9012,2011-01-01,9012,Female,35,1976-09-10,0.00033999999999999997,Married,1861,,2056-02-05,Yes,,,Permanent contract,5358.0,51514,Yes,2,,NA,1,Created
9013,2011-01-01,9013,Female,6,2005-03-15,8e-05,Single,0,,,No,,,Child,0.0,0,No,0,30.0,2035-08-01,1,Created
9014,2011-01-01,9014,Male,49,1962-10-02,0.00242,Married,1803,,2014-05-27,Yes,,,Unemployed,3772.0,-44767,No,2,,NA,1,Created
9015,2011-01-01,9015,Female,59,1952-09-21,0.00479,Widowed,0,,,Yes,,,Entrepreneur without personnel,8091.0,168124,Yes,0,,NA,1,Created
9016,2011-01-01,9016,Male,69,1942-04-20,0.01804,Married,1804,,2048-08-29,Yes,,,Retired,37753.0,14673,Yes,1,,NA,1,Created
9017,2011-01-01,9017,Female,29,1982-06-17,0.00032,Single,0,,,Yes,33.0,2015-02-12,Entrepreneur without personnel,11301.0,-8013,No,0,34.0,2016-09-13,1,Created
9018,2011-01-01,9018,Female,44,1967-10-28,0.00107,Married,1862,,2013-02-11,Yes,,,Permanent contract,12862.0,56310,Yes,1,,NA,1,Created
9019,2011-01-01,9019,Male,58,1953-01-17,0.00603,Married,1805,,2037-02-05,Yes,,,Permanent contract,38281.0,232,No,1,,NA,1,Created
9020,2011-01-01,9020,Male,56,1955-11-04,0.0052,Married,1806,,2024-08-23,No,,,Permanent contract,13251.0,905811,Yes,1,,NA,1,Created
9021,2011-01-01,9021,Female,42,1969-08-19,0.001,Single,0,,,Yes,36.0,,Permanent contract,9627.0,2359,Yes,0,,NA,1,Created
9022,2011-01-01,9022,Female,79,1932-05-24,0.03112,Divorced,0,,,No,,,Retired,9270.0,42342,No,0,,NA,1,Created
9023,2011-01-01,9023,Male,63,1948-07-03,0.00945,Single,0,,,Yes,26.0,,Permanent contract,10059.0,244050,Yes,0,,NA,1,Created
18895,2012-07-03,9023,Male,65,1948-07-03,0.00945,Single,0,,,Yes,26,,Retired,7041.299999999999,244050,Yes,0,,NA,1,Life event: Retired
9024,2011-01-01,9024,Female,62,1949-10-23,0.0057399999999999994,Married,1863,,2033-11-11,Yes,,,Entrepreneur without personnel,20183.0,413753,Yes,1,,NA,1,Created
9025,2011-01-01,9025,Female,65,1946-02-28,0.007559999999999999,Married,1864,,2050-03-21,No,,,Permanent contract,37973.0,375,Yes,1,,NA,1,Created
16996,2011-02-28,9025,Female,66,1946-02-28,0.007559999999999999,Married,1864,,2050-03-21,No,,,Retired,26581.1,375,Yes,1,,NA,1,Life event: Retired
9026,2011-01-01,9026,Female,62,1949-05-13,0.0057399999999999994,Married,1865,,2038-09-03,No,,,Permanent contract,25673.0,441457,Yes,3,,NA,1,Created
9027,2011-01-01,9027,Male,24,1987-02-19,0.00047999999999999996,Single,0,,,No,,,Permanent contract,55066.0,21606,Yes,0,,NA,1,Created
9028,2011-01-01,9028,Male,26,1985-10-12,1.0,Single,0,,,Yes,35.0,2020-04-18,Entrepreneur without personnel,18290.0,4758,No,0,,NA,1,Created
18198,2011-11-18,9028,Male,27,1985-10-12,1.0,Single,0,,,Yes,35,2020-04-18,Entrepreneur without personnel,18290.0,4758,No,0,,NA,0,Life event: Deceased
9029,2011-01-01,9029,Male,64,1947-07-23,0.01097,Divorced,0,,,Yes,,,Entrepreneur without personnel,12660.0,115181,Yes,0,,NA,1,Created
17693,2011-07-23,9029,Male,65,1947-07-23,0.01097,Divorced,0,,,Yes,,,Retired,8862.0,115181,Yes,0,,NA,1,Life event: Retired
9030,2011-01-01,9030,Male,63,1948-08-29,0.00945,Married,1807,,2040-03-17,Yes,,,Permanent contract,26275.0,8753,No,2,,NA,1,Created
19045,2012-08-29,9030,Male,65,1948-08-29,0.00945,Married,1807,,2040-03-17,Yes,,,Retired,18392.5,8753,No,2,,NA,1,Life event: Retired
9031,2011-01-01,9031,Male,45,1966-12-25,0.0014199999999999998,Married,1808,,2011-01-09,Yes,,,Permanent contract,20577.0,392,Yes,1,,NA,1,Created
16708,2011-01-09,9031,Male,45,1966-12-25,0.0014199999999999998,Divorced,1808,,2011-01-09,Yes,,,Permanent contract,20577.0,392,Yes,1,,NA,1,Life event: Divorced
9032,2011-01-01,9032,Male,72,1939-12-12,0.02384,Divorced,0,,,No,,,Retired,4468.0,-18311,No,0,,NA,1,Created
9033,2011-01-01,9033,Female,22,1989-09-17,0.00023999999999999998,Single,0,,,Yes,29.0,2018-05-04,Entrepreneur without personnel,7136.0,223370,Yes,0,29.0,2018-12-31,1,Created
9034,2011-01-01,9034,Male,61,1950-11-20,0.00747,Married,1809,,2028-07-04,No,,,Entrepreneur without personnel,6519.0,6934,Yes,1,,NA,1,Created
9035,2011-01-01,9035,Female,85,1926-08-23,0.07042999999999999,Married,1866,,2027-03-30,Yes,,,Retired,47952.0,10597,Yes,1,,NA,1,Created
9036,2011-01-01,9036,Male,40,1971-01-27,0.0009400000000000001,Married,1810,,2029-09-03,No,,,Permanent contract,34310.0,108889,Yes,1,,NA,1,Created
9037,2011-01-01,9037,Female,84,1927-12-15,0.06362999999999999,Widowed,0,,,No,,,Retired,14724.0,-49876,Yes,0,,NA,1,Created
9038,2011-01-01,9038,Female,46,1965-05-08,0.00134,Married,1867,,2027-01-04,No,,,Permanent contract,35076.0,210139,Yes,3,,NA,1,Created
9039,2011-01-01,9039,Female,10,2001-01-30,0.0001,Single,0,,,No,,,Child,0.0,0,Yes,0,23.0,2024-06-11,1,Created
9040,2011-01-01,9040,Male,89,1922-07-05,0.16272,Married,1811,,2038-10-23,Yes,,,Retired,45230.0,78998,No,2,,NA,1,Created
9041,2011-01-01,9041,Male,27,1984-04-09,0.00044,Single,0,,,Yes,33.0,2017-04-17,Permanent contract,7035.0,337739,No,0,,NA,1,Created
9042,2011-01-01,9042,Male,43,1968-06-22,0.00103,Single,0,,,Yes,20.0,,Permanent contract,8976.0,495854,Yes,0,,NA,1,Created
9043,2011-01-01,9043,Male,49,1962-06-09,0.00242,Single,0,,,No,,,Permanent contract,30470.0,-45036,Yes,0,,NA,1,Created
9044,2011-01-01,9044,Male,15,1996-07-25,0.00015,Single,0,,,No,,,Child,0.0,0,Yes,0,,NA,1,Created
9045,2011-01-01,9045,Female,74,1937-04-09,0.0185,Widowed,0,,,No,,,Retired,27017.0,278310,No,0,,NA,1,Created
9046,2011-01-01,9046,Male,0,2011-03-01,0.0036200000000000004,Single,0,,,No,,,Child,0.0,0,No,0,,NA,1,Created
9047,2011-01-01,9047,Female,58,1953-12-19,0.00448,Widowed,0,,,No,,,Permanent contract,47535.0,3492,Yes,0,,NA,1,Created
9048,2011-01-01,9048,Female,74,1937-05-04,0.0185,Married,1868,,2049-01-31,No,,,Retired,39472.0,-9008,Yes,2,,NA,1,Created
18838,2012-06-13,9048,Female,76,1937-05-04,0.0185,Married,1868,,2049-01-31,No,,,Retired,39472.0,-9008,Yes,2,,NA,0,Life event: Deceased
9049,2011-01-01,9049,Male,18,1993-06-07,0.00032,Single,0,,,Yes,32.0,2025-08-19,Permanent contract,13413.0,3,No,0,,NA,1,Created
9050,2011-01-01,9050,Male,0,2011-05-24,0.0036200000000000004,Single,0,,,No,,,Child,0.0,0,No,0,,NA,1,Created
9051,2011-01-01,9051,Male,5,2006-05-30,9e-05,Single,0,,,Yes,44.0,2050-02-09,Child,0.0,0,Yes,0,,NA,1,Created
9052,2011-01-01,9052,Male,46,1965-11-18,0.00172,Married,1812,,2026-07-29,No,,,Permanent contract,9180.0,2293,Yes,1,,NA,1,Created
9053,2011-01-01,9053,Male,35,1976-01-07,0.00055,Married,1813,,2055-06-01,No,,,Permanent contract,45714.0,199138,No,3,,NA,1,Created
9054,2011-01-01,9054,Female,17,1994-12-17,0.0001,Single,0,,,No,,,Child,0.0,0,Yes,0,26.0,2020-03-14,1,Created
18307,2011-12-17,9054,Female,18,1994-12-17,0.0001,Single,0,,,No,,,Permanent contract,537.0,671,Yes,0,26,2020-03-14,1,Life event: Adulthood
9055,2011-01-01,9055,Female,31,1980-10-27,0.00029,Married,1869,,2049-07-26,No,,,Permanent contract,8286.0,964,No,2,,NA,1,Created
9056,2011-01-01,9056,Female,62,1949-10-15,0.0057399999999999994,Widowed,0,,,No,,,Permanent contract,25996.0,19463,Yes,0,,NA,1,Created
9057,2011-01-01,9057,Female,40,1971-09-27,0.0006900000000000001,Married,1870,,2033-01-29,Yes,,,Entrepreneur without personnel,39565.0,343962,Yes,1,,NA,1,Created
9058,2011-01-01,9058,Female,42,1969-11-01,0.001,Married,1871,,2047-07-26,No,,,Permanent contract,21313.0,1443867,Yes,3,,NA,1,Created
9059,2011-01-01,9059,Female,3,2008-12-17,0.00013000000000000002,Single,0,,,Yes,51.0,2059-10-06,Child,0.0,0,No,0,36.0,2044-06-08,1,Created
9060,2011-01-01,9060,Male,65,1946-08-26,0.01141,Married,1814,,2054-07-04,Yes,,,Permanent contract,39424.0,-42306,No,1,,NA,1,Created
17859,2011-08-26,9060,Male,66,1946-08-26,0.01141,Married,1814,,2054-07-04,Yes,,,Retired,27596.8,-42306,No,1,,NA,1,Life event: Retired
9061,2011-01-01,9061,Female,40,1971-01-05,0.0006900000000000001,Single,0,,,Yes,47.0,2018-12-28,Flexible contract,76924.0,168178,Yes,0,,NA,1,Created
9062,2011-01-01,9062,Female,36,1975-02-20,0.00049,Married,1872,,2050-04-29,Yes,,,Entrepreneur with personel,20447.0,25073,Yes,2,,NA,1,Created
9063,2011-01-01,9063,Female,27,1984-11-14,0.00025,Married,1873,,2019-08-22,Yes,,,Permanent contract,3508.0,-28915,Yes,3,,NA,1,Created
9064,2011-01-01,9064,Male,53,1958-05-16,0.0033299999999999996,Married,1815,,2036-08-18,No,,,Entrepreneur without personnel,38585.0,-5874,No,1,,NA,1,Created
9065,2011-01-01,9065,Male,64,1947-02-21,0.01097,Married,1816,,2015-12-31,Yes,,,Entrepreneur without personnel,24746.0,26811,No,2,,NA,1,Created
16947,2011-02-21,9065,Male,65,1947-02-21,0.01097,Married,1816,,2015-12-31,Yes,,,Retired,17322.199999999997,26811,No,2,,NA,1,Life event: Retired
9066,2011-01-01,9066,Female,23,1988-01-29,0.0001,Single,0,,,No,,,Permanent contract,3845.0,-45596,Yes,0,29.0,2017-09-01,1,Created
9067,2011-01-01,9067,Female,61,1950-08-25,0.00562,Married,1874,,2047-09-26,No,,,Permanent contract,25759.0,265788,Yes,2,,NA,1,Created
9068,2011-01-01,9068,Female,54,1957-04-02,0.00313,Married,1875,,2066-09-07,Yes,,,Permanent contract,127333.0,780,No,2,,NA,1,Created
9069,2011-01-01,9069,Female,4,2007-04-10,5.9999999999999995e-05,Single,0,,,No,,,Child,0.0,0,No,0,32.0,2039-02-03,1,Created
9070,2011-01-01,9070,Female,35,1976-12-28,0.00033999999999999997,Single,0,,,Yes,50.0,2026-05-26,Permanent contract,4665.0,24196,No,0,,NA,1,Created
9071,2011-01-01,9071,Male,53,1958-02-15,0.0033299999999999996,Divorced,0,,,Yes,,,Flexible contract,19983.0,253474,Yes,0,,NA,1,Created
9072,2011-01-01,9072,Female,3,2008-05-23,0.00013000000000000002,Single,0,,,Yes,33.0,2041-03-12,Child,0.0,0,No,0,28.0,2036-02-07,1,Created
9073,2011-01-01,9073,Female,5,2006-09-14,4e-05,Single,0,,,Yes,27.0,2033-11-20,Child,0.0,0,Yes,0,22.0,2028-05-27,1,Created
9074,2011-01-01,9074,Male,28,1983-11-19,0.00045,Single,0,,,Yes,21.0,,Entrepreneur with personel,74656.0,12069,No,0,,NA,1,Created
9075,2011-01-01,9075,Female,12,1999-08-16,5e-05,Single,0,,,Yes,54.0,2053-12-09,Child,0.0,0,Yes,0,21.0,2020-12-24,1,Created
9076,2011-01-01,9076,Female,65,1946-02-01,0.007559999999999999,Divorced,0,,,No,,,Permanent contract,16281.0,-34941,Yes,0,,NA,1,Created
16836,2011-02-01,9076,Female,66,1946-02-01,0.007559999999999999,Divorced,0,,,No,,,Retired,11396.699999999999,-34941,Yes,0,,NA,1,Life event: Retired
9077,2011-01-01,9077,Male,79,1932-09-07,0.05364,Widowed,0,,,No,,,Retired,48697.0,13435,No,0,,NA,1,Created
18952,2012-07-21,9077,Male,80,1932-09-07,0.05364,Widowed,0,,,No,,,Retired,48697.0,13435,No,0,,NA,0,Life event: Deceased
9078,2011-01-01,9078,Male,48,1963-07-19,0.0021100000000000003,Married,1817,,2035-12-09,No,,,Permanent contract,46237.0,3871,Yes,1,,NA,1,Created
9079,2011-01-01,9079,Male,21,1990-01-12,0.00045,Single,0,,,No,,,Permanent contract,16868.0,85745,No,0,,NA,1,Created
9080,2011-01-01,9080,Female,7,2004-06-23,7e-05,Single,0,,,No,,,Child,0.0,0,No,0,29.0,2033-11-28,1,Created
9081,2011-01-01,9081,Male,66,1945-10-31,0.01401,Married,1818,,2073-08-14,No,,,Permanent contract,58225.0,61222,No,2,,NA,1,Created
18121,2011-10-31,9081,Male,67,1945-10-31,0.01401,Married,1818,,2073-08-14,No,,,Retired,40757.5,61222,No,2,,NA,1,Life event: Retired
9082,2011-01-01,9082,Female,76,1935-04-01,0.02337,Married,1876,,2043-03-19,Yes,,,Retired,41521.0,152805,Yes,1,,NA,1,Created
9083,2011-01-01,9083,Female,40,1971-06-07,0.0006900000000000001,Single,0,,,Yes,28.0,,Permanent contract,23802.0,45251,No,0,,NA,1,Created
9084,2011-01-01,9084,Female,27,1984-03-15,0.00025,Single,0,,,No,,,Entrepreneur without personnel,26549.0,439779,Yes,0,,NA,1,Created
9085,2011-01-01,9085,Male,51,1960-02-14,0.00301,Single,0,,,No,,,Permanent contract,3336.0,344975,No,0,,NA,1,Created
9086,2011-01-01,9086,Male,3,2008-03-10,0.0002,Single,0,,,No,,,Child,0.0,0,Yes,0,,NA,1,Created
9087,2011-01-01,9087,Male,75,1936-10-26,0.033710000000000004,Married,1819,,2033-12-31,No,,,Retired,11646.0,5674,Yes,3,,NA,1,Created
9088,2011-01-01,9088,Female,84,1927-07-27,0.06362999999999999,Divorced,0,,,No,,,Retired,33948.0,2890,No,0,,NA,1,Created
9089,2011-01-01,9089,Male,4,2007-09-21,0.00011,Single,0,,,No,,,Child,0.0,0,Yes,0,,NA,1,Created
9090,2011-01-01,9090,Male,20,1991-05-11,0.00045,Single,0,,,Yes,28.0,2019-08-14,Unemployed,75403.0,7856,Yes,0,,NA,1,Created
9091,2011-01-01,9091,Male,32,1979-10-05,0.00059,Single,0,,,No,,,Entrepreneur with personel,49769.0,1070,Yes,0,,NA,1,Created
9092,2011-01-01,9092,Male,42,1969-08-01,0.00128,Single,0,,,No,,,Permanent contract,4054.0,113362,Yes,0,,NA,1,Created
9093,2011-01-01,9093,Female,11,2000-04-27,7e-05,Single,0,,,No,,,Child,0.0,0,Yes,0,34.0,2034-02-16,1,Created
9094,2011-01-01,9094,Female,47,1964-02-07,0.00168,Married,1877,,2021-09-23,Yes,,,Permanent contract,1054.0,297730,No,2,,NA,1,Created
9095,2011-01-01,9095,Male,54,1957-08-21,0.00404,Single,0,,,No,,,Permanent contract,39681.0,44160,No,0,,NA,1,Created
9096,2011-01-01,9096,Female,55,1956-06-23,0.00372,Married,1878,,2040-01-13,Yes,,,Flexible contract,22507.0,43918,Yes,2,,NA,1,Created
9097,2011-01-01,9097,Male,49,1962-05-01,0.00242,Married,1820,,2019-09-28,No,,,Flexible contract,74661.0,9176,No,3,,NA,1,Created
9098,2011-01-01,9098,Male,60,1951-10-23,0.006840000000000001,Married,1821,,2045-10-19,No,,,Permanent contract,13851.0,-42345,No,1,,NA,1,Created
9099,2011-01-01,9099,Female,60,1951-12-12,0.00541,Married,1879,,2027-01-27,Yes,,,Permanent contract,19679.0,1007,Yes,1,,NA,1,Created
9100,2011-01-01,9100,Female,59,1952-12-14,0.00479,Married,1880,,2045-04-15,No,,,Flexible contract,27238.0,71133,No,2,,NA,1,Created
9101,2011-01-01,9101,Female,38,1973-03-22,0.00063,Married,1881,,2031-09-25,Yes,,,Permanent contract,37054.0,40676,Yes,2,,NA,1,Created
9102,2011-01-01,9102,Male,10,2001-06-17,0.00011999999999999999,Single,0,,,Yes,40.0,2041-04-21,Child,0.0,0,Yes,0,,NA,1,Created
9103,2011-01-01,9103,Male,63,1948-11-17,0.00945,Married,1822,,2042-11-26,Yes,,,Entrepreneur without personnel,35791.0,139969,No,1,,NA,1,Created
19252,2012-11-17,9103,Male,65,1948-11-17,0.00945,Married,1822,,2042-11-26,Yes,,,Retired,25053.699999999997,139969,No,1,,NA,1,Life event: Retired
9104,2011-01-01,9104,Male,54,1957-09-24,0.00404,Married,1823,,2018-06-07,Yes,,,Permanent contract,20517.0,5038,Yes,1,,NA,1,Created
9105,2011-01-01,9105,Male,11,2000-02-24,9e-05,Single,0,,,No,,,Child,0.0,0,No,0,,NA,1,Created
9106,2011-01-01,9106,Male,74,1937-01-30,0.0295,Single,0,,,No,,,Retired,6191.0,4199,Yes,0,,NA,1,Created
9107,2011-01-01,9107,Female,56,1955-10-26,0.0041,Married,1882,,2049-10-01,No,,,Flexible contract,38360.0,417994,Yes,2,,NA,1,Created
9108,2011-01-01,9108,Female,62,1949-10-21,0.0057399999999999994,Single,0,,,Yes,30.0,,Permanent contract,19263.0,-1009,Yes,0,,NA,1,Created
9109,2011-01-01,9109,Female,34,1977-03-30,0.00037,Single,0,,,Yes,30.0,,Flexible contract,23694.0,-43776,Yes,0,,NA,1,Created
9110,2011-01-01,9110,Male,70,1941-04-11,0.01932,Single,0,,,Yes,38.0,,Retired,32768.0,243020,Yes,0,,NA,1,Created
9111,2011-01-01,9111,Male,40,1971-09-05,0.0009400000000000001,Married,1824,,2013-12-03,Yes,,,Permanent contract,18352.0,447307,No,2,,NA,1,Created
9112,2011-01-01,9112,Male,3,2008-01-17,0.0002,Single,0,,,No,,,Child,0.0,0,Yes,0,,NA,1,Created
9113,2011-01-01,9113,Male,58,1953-08-15,0.00603,Married,1825,,2014-01-10,No,,,Flexible contract,18485.0,439320,No,1,,NA,1,Created
9114,2011-01-01,9114,Male,66,1945-08-31,0.01401,Divorced,0,,,Yes,,,Permanent contract,37909.0,81162,Yes,0,,NA,1,Created
17880,2011-08-31,9114,Male,67,1945-08-31,0.01401,Divorced,0,,,Yes,,,Retired,26536.3,81162,Yes,0,,NA,1,Life event: Retired
9115,2011-01-01,9115,Male,60,1951-04-15,0.006840000000000001,Married,1826,,2025-12-09,No,,,Flexible contract,16994.0,418715,Yes,2,,NA,1,Created
9116,2011-01-01,9116,Male,69,1942-07-13,0.01804,Married,1827,,2035-04-02,No,,,Retired,627.0,-1826,Yes,3,,NA,1,Created
9117,2011-01-01,9117,Female,54,1957-07-17,0.00313,Divorced,0,,,Yes,,,Flexible contract,3825.0,35062,Yes,0,,NA,1,Created
9118,2011-01-01,9118,Female,63,1948-11-18,0.00672,Married,1883,,2043-09-04,Yes,,,Entrepreneur with personel,12066.0,127220,Yes,1,,NA,1,Created
19257,2012-11-18,9118,Female,65,1948-11-18,0.00672,Married,1883,,2043-09-04,Yes,,,Retired,8446.199999999999,127220,Yes,1,,NA,1,Life event: Retired
9119,2011-01-01,9119,Male,7,2004-03-14,9e-05,Single,0,,,No,,,Child,0.0,0,No,0,,NA,1,Created
9120,2011-01-01,9120,Male,16,1995-01-17,0.00029,Single,0,,,No,,,Child,0.0,0,Yes,0,,NA,1,Created
18440,2012-01-17,9120,Male,18,1995-01-17,0.00029,Single,0,,,Yes,27,2021-01-18,Permanent contract,37801.0,509121,Yes,0,,NA,1,Life event: Adulthood
9121,2011-01-01,9121,Female,22,1989-09-12,0.00023999999999999998,Single,0,,,No,,,Permanent contract,91893.0,-23534,No,0,39.0,2028-01-08,1,Created
9122,2011-01-01,9122,Male,15,1996-08-30,0.00015,Single,0,,,Yes,35.0,2031-09-10,Child,0.0,0,Yes,0,,NA,1,Created
9123,2011-01-01,9123,Male,40,1971-10-15,0.0009400000000000001,Married,1828,,2056-02-13,No,,,Permanent contract,20438.0,-2150,Yes,2,,NA,1,Created
9124,2011-01-01,9124,Male,39,1972-10-17,0.0008699999999999999,Divorced,0,,,Yes,,,Permanent contract,45758.0,1253196,Yes,0,,NA,1,Created
9125,2011-01-01,9125,Female,41,1970-12-19,0.0007700000000000001,Married,1884,,2013-09-20,No,,,Permanent contract,22786.0,181293,Yes,3,,NA,1,Created
9126,2011-01-01,9126,Female,2,2009-08-08,0.00015,Single,0,,,Yes,31.0,2040-11-27,Child,0.0,0,Yes,0,39.0,2048-02-02,1,Created
9127,2011-01-01,9127,Female,64,1947-12-08,0.00713,Divorced,0,,,No,,,Flexible contract,14257.0,81109,No,0,,NA,1,Created
18275,2011-12-08,9127,Female,65,1947-12-08,0.00713,Divorced,0,,,No,,,Retired,9979.9,81109,No,0,,NA,1,Life event: Retired
9128,2011-01-01,9128,Male,68,1943-07-29,0.01522,Married,1829,,2014-07-13,No,,,Retired,10874.0,3473,No,1,,NA,1,Created
9129,2011-01-01,9129,Female,61,1950-07-01,0.00562,Married,1885,,2042-04-22,Yes,,,Permanent contract,8844.0,2327084,Yes,1,,NA,1,Created
9130,2011-01-01,9130,Male,0,2011-03-22,0.0036200000000000004,Single,0,,,Yes,23.0,2034-05-31,Child,0.0,0,Yes,0,,NA,1,Created
9131,2011-01-01,9131,Male,40,1971-10-26,0.0009400000000000001,Married,1830,,2026-02-18,No,,,Flexible contract,40015.0,36739,Yes,3,,NA,1,Created
9132,2011-01-01,9132,Male,40,1971-09-10,0.0009400000000000001,Married,1831,,2054-04-13,Yes,,,Permanent contract,25078.0,884518,Yes,2,,NA,1,Created
9133,2011-01-01,9133,Female,23,1988-08-31,0.0001,Single,0,,,No,,,Permanent contract,24311.0,418334,No,0,35.0,2023-07-21,1,Created
9134,2011-01-01,9134,Female,19,1992-03-22,0.00014,Single,0,,,No,,,Unemployed,10856.0,381033,Yes,0,28.0,2020-11-03,1,Created
9135,2011-01-01,9135,Female,11,2000-10-31,7e-05,Single,0,,,No,,,Child,0.0,0,Yes,0,33.0,2033-09-20,1,Created
9136,2011-01-01,9136,Male,13,1998-11-09,0.00014,Single,0,,,Yes,60.0,2058-06-16,Child,0.0,0,Yes,0,,NA,1,Created
9137,2011-01-01,9137,Male,38,1973-02-03,0.0009599999999999999,Single,0,,,No,,,Permanent contract,13135.0,374219,Yes,0,,NA,1,Created
9138,2011-01-01,9138,Female,33,1978-05-04,0.00035,Married,1886,,2051-08-01,Yes,,,Entrepreneur with personel,20785.0,25774,No,2,34.0,2012-07-06,1,Created
18902,2012-07-06,9138,Female,35,1978-05-04,0.00035,Married,1886,,2051-08-01,Yes,,,Entrepreneur with personel,20785.0,25774,No,2,34,2012-07-06,1,Life event: Children born
9139,2011-01-01,9139,Male,54,1957-08-30,0.00404,Single,0,,,No,,,Permanent contract,23515.0,9581,No,0,,NA,1,Created
9140,2011-01-01,9140,Female,36,1975-06-19,0.00049,Married,1887,,2011-01-26,No,,,Permanent contract,75749.0,86624,Yes,1,38.0,2013-01-27,1,Created
16806,2011-01-26,9140,Female,36,1975-06-19,0.00049,Divorced,1887,,2011-01-26,No,,,Permanent contract,75749.0,86624,Yes,1,38,2013-01-27,1,Life event: Divorced
9141,2011-01-01,9141,Male,30,1981-08-07,0.00055,Married,1832,,2018-10-21,Yes,,,Flexible contract,52948.0,-2595,No,2,,NA,1,Created
9142,2011-01-01,9142,Male,105,1906-07-17,1.0,Single,0,,,No,,,Retired,29226.0,68370,Yes,0,,NA,1,Created
16916,2011-02-15,9142,Male,105,1906-07-17,1.0,Single,0,,,No,,,Retired,29226.0,68370,Yes,0,,NA,0,Life event: Deceased
9143,2011-01-01,9143,Female,3,2008-08-19,0.00013000000000000002,Single,0,,,Yes,59.0,2067-01-12,Child,0.0,0,No,0,24.0,2032-11-26,1,Created
9144,2011-01-01,9144,Female,45,1966-03-05,0.00134,Married,1888,,2031-12-27,No,,,Permanent contract,3282.0,1185767,No,1,,NA,1,Created
9145,2011-01-01,9145,Female,32,1979-07-30,0.00041,Single,0,,,No,,,Unemployed,22064.0,689296,No,0,46.0,2025-01-03,1,Created
9146,2011-01-01,9146,Female,53,1958-05-27,0.00312,Married,1889,,2020-05-21,Yes,,,Permanent contract,30428.0,12531,Yes,2,,NA,1,Created
9147,2011-01-01,9147,Female,79,1932-04-09,0.03112,Married,1890,,2025-06-13,Yes,,,Retired,36445.0,-1716,No,1,,NA,1,Created
9148,2011-01-01,9148,Female,60,1951-04-02,0.00541,Married,1891,,2040-02-17,Yes,,,Permanent contract,14930.0,160092,Yes,2,,NA,1,Created
9149,2011-01-01,9149,Female,42,1969-08-02,0.001,Married,1892,,2039-11-20,No,,,Flexible contract,28416.0,214869,No,2,,NA,1,Created
9150,2011-01-01,9150,Male,60,1951-01-14,0.006840000000000001,Married,1833,,2047-03-21,Yes,,,Permanent contract,38468.0,122142,Yes,2,,NA,1,Created
9151,2011-01-01,9151,Female,23,1988-10-12,0.0001,Single,0,,,Yes,27.0,2015-10-01,Flexible contract,12665.0,765223,No,0,37.0,2025-04-28,1,Created
9152,2011-01-01,9152,Female,54,1957-08-26,0.00313,Married,1893,,2041-12-22,No,,,Permanent contract,30618.0,-27680,No,2,,NA,1,Created
9153,2011-01-01,9153,Male,19,1992-06-26,0.00033,Single,0,,,Yes,57.0,2049-03-07,Permanent contract,37606.0,997,No,0,,NA,1,Created
9154,2011-01-01,9154,Male,61,1950-06-24,0.00747,Married,1834,,2035-12-17,No,,,Permanent contract,38227.0,1555,No,2,,NA,1,Created
9155,2011-01-01,9155,Female,41,1970-06-29,0.0007700000000000001,Married,1894,,2027-05-17,No,,,Unemployed,36686.0,-12718,No,1,,NA,1,Created
18765,2012-05-19,9155,Female,42,1970-06-29,0.0007700000000000001,Widowed,1894,,2027-05-17,No,,,Unemployed,36686.0,-12718,No,1,,NA,1,Life event: Widowed
9156,2011-01-01,9156,Male,65,1946-11-22,0.01141,Married,1835,,2014-08-15,Yes,,,Permanent contract,10516.0,91995,Yes,2,,NA,1,Created
18211,2011-11-22,9156,Male,66,1946-11-22,0.01141,Married,1835,,2014-08-15,Yes,,,Retired,7361.2,91995,Yes,2,,NA,1,Life event: Retired
9157,2011-01-01,9157,Female,51,1960-11-20,0.0023899999999999998,Divorced,0,,,Yes,,,Permanent contract,29683.0,10067,No,0,,NA,1,Created
9158,2011-01-01,9158,Female,3,2008-11-11,0.00013000000000000002,Single,0,,,Yes,52.0,2060-10-24,Child,0.0,0,No,0,41.0,2049-02-24,1,Created
9159,2011-01-01,9159,Male,34,1977-12-25,0.00067,Married,1836,,2035-07-23,Yes,,,Permanent contract,38625.0,328211,Yes,1,,NA,1,Created
9160,2011-01-01,9160,Male,45,1966-07-19,0.0014199999999999998,Married,1837,,2054-06-29,No,,,Permanent contract,16544.0,6616,Yes,1,,NA,1,Created
9161,2011-01-01,9161,Male,32,1979-01-31,0.00059,Single,0,,,No,,,Flexible contract,62728.0,-49138,Yes,0,,NA,1,Created
9162,2011-01-01,9162,Male,14,1997-03-31,0.00014,Single,0,,,Yes,35.0,2032-07-31,Child,0.0,0,No,0,,NA,1,Created
9163,2011-01-01,9163,Male,77,1934-01-19,0.0418,Married,1838,,2046-02-07,Yes,,,Retired,15818.0,29917,No,3,,NA,1,Created
9164,2011-01-01,9164,Female,14,1997-03-20,9e-05,Single,0,,,Yes,28.0,2025-03-07,Child,0.0,0,No,0,36.0,2033-08-22,1,Created
9165,2011-01-01,9165,Male,37,1974-12-21,0.00082,Married,1839,,2017-09-30,No,,,Permanent contract,36345.0,20109,Yes,1,,NA,1,Created
9166,2011-01-01,9166,Male,100,1911-02-01,1.0,Widowed,0,,,Yes,,,Retired,28308.0,511172,No,0,,NA,1,Created
16766,2011-01-19,9166,Male,100,1911-02-01,1.0,Widowed,0,,,Yes,,,Retired,28308.0,511172,No,0,,NA,0,Life event: Deceased
9167,2011-01-01,9167,Female,40,1971-08-18,0.0006900000000000001,Married,1895,,2060-12-14,No,,,Flexible contract,27935.0,6320,Yes,1,,NA,1,Created
9168,2011-01-01,9168,Female,93,1918-07-24,0.18566,Widowed,0,,,Yes,,,Retired,29416.0,334942,Yes,0,,NA,1,Created
19100,2012-09-14,9168,Female,95,1918-07-24,0.18566,Widowed,0,,,Yes,,,Retired,29416.0,334942,Yes,0,,NA,0,Life event: Deceased
9169,2011-01-01,9169,Female,40,1971-01-05,0.0006900000000000001,Married,1896,,2036-12-13,Yes,,,Permanent contract,12660.0,43409,Yes,2,,NA,1,Created
9170,2011-01-01,9170,Female,41,1970-02-23,0.0007700000000000001,Single,0,,,No,,,Entrepreneur without personnel,4735.0,200742,No,0,,NA,1,Created
9171,2011-01-01,9171,Female,37,1974-09-24,0.00057,Married,1897,,2023-01-07,No,,,Permanent contract,6026.0,661458,No,2,,NA,1,Created
9172,2011-01-01,9172,Male,15,1996-04-09,0.00015,Single,0,,,No,,,Child,0.0,0,No,0,,NA,1,Created
9173,2011-01-01,9173,Male,57,1954-09-29,0.00572,Married,1840,,2012-04-19,No,,,Permanent contract,25937.0,10235,Yes,1,,NA,1,Created
18682,2012-04-19,9173,Male,58,1954-09-29,0.00572,Divorced,1840,,2012-04-19,No,,,Permanent contract,25937.0,10235,Yes,1,,NA,1,Life event: Divorced
9174,2011-01-01,9174,Male,12,1999-08-27,0.00011,Single,0,,,No,,,Child,0.0,0,Yes,0,,NA,1,Created
9175,2011-01-01,9175,Male,33,1978-10-13,0.00047999999999999996,Single,0,,,No,,,Entrepreneur without personnel,18239.0,2392,No,0,,NA,1,Created
9176,2011-01-01,9176,Male,40,1971-01-05,0.0009400000000000001,Married,1841,,2020-03-22,No,,,Permanent contract,16660.0,253839,No,1,,NA,1,Created
9177,2011-01-01,9177,Male,11,2000-02-09,9e-05,Single,0,,,Yes,77.0,2077-03-29,Child,0.0,0,No,0,,NA,1,Created
9178,2011-01-01,9178,Female,48,1963-11-29,0.0018800000000000002,Single,0,,,No,,,Flexible contract,35887.0,-12737,No,0,,NA,1,Created
9179,2011-01-01,9179,Female,80,1931-01-25,0.03682,Divorced,0,,,No,,,Retired,11573.0,188458,Yes,0,,NA,1,Created
9180,2011-01-01,9180,Female,2,2009-12-10,0.00015,Single,0,,,Yes,30.0,2039-12-11,Child,0.0,0,Yes,0,26.0,2035-08-02,1,Created
9181,2011-01-01,9181,Male,55,1956-05-25,0.00419,Single,0,,,No,,,Permanent contract,18727.0,-27597,No,0,,NA,1,Created
9182,2011-01-01,9182,Male,80,1931-09-06,0.05987000000000001,Widowed,0,,,Yes,,,Retired,62126.0,10745,No,0,,NA,1,Created
9183,2011-01-01,9183,Female,51,1960-04-29,0.0023899999999999998,Married,1898,,2030-08-01,No,,,Entrepreneur with personel,48410.0,320436,No,1,,NA,1,Created
9184,2011-01-01,9184,Male,24,1987-02-06,0.00047999999999999996,Single,0,,,No,,,Unemployed,36374.0,3110,No,0,,NA,1,Created
9185,2011-01-01,9185,Male,26,1985-10-18,1.0,Single,0,,,No,,,Unemployed,77703.0,-43746,Yes,0,,NA,1,Created
17095,2011-03-20,9185,Male,26,1985-10-18,1.0,Single,0,,,No,,,Unemployed,77703.0,-43746,Yes,0,,NA,0,Life event: Deceased
9186,2011-01-01,9186,Female,30,1981-03-06,0.00027,Married,1899,,2059-11-25,No,,,Entrepreneur without personnel,4309.0,96864,Yes,2,36.0,2017-03-01,1,Created
9187,2011-01-01,9187,Female,65,1946-09-25,0.007559999999999999,Married,1900,,2020-07-13,Yes,,,Permanent contract,24115.0,284448,Yes,1,,NA,1,Created
17974,2011-09-25,9187,Female,66,1946-09-25,0.007559999999999999,Married,1900,,2020-07-13,Yes,,,Retired,16880.5,284448,Yes,1,,NA,1,Life event: Retired
9188,2011-01-01,9188,Female,39,1972-06-05,0.00074,Married,1901,,2066-01-10,No,,,Entrepreneur without personnel,173362.0,-4260,No,3,,NA,1,Created
9189,2011-01-01,9189,Male,75,1936-05-10,0.033710000000000004,Divorced,0,,,No,,,Retired,22608.0,-5991,No,0,,NA,1,Created
9190,2011-01-01,9190,Male,73,1938-02-02,0.0262,Married,1842,,2058-05-06,No,,,Retired,34819.0,-19423,No,1,,NA,1,Created
9191,2011-01-01,9191,Female,0,2011-11-17,0.0028899999999999998,Single,0,,,No,,,Child,0.0,0,Yes,0,32.0,2043-06-09,1,Created
9192,2011-01-01,9192,Male,11,2000-11-01,9e-05,Single,0,,,No,,,Child,0.0,0,Yes,0,,NA,1,Created
9193,2011-01-01,9193,Male,61,1950-07-17,0.00747,Married,1843,,2020-02-21,Yes,,,Flexible contract,31695.0,470891,No,2,,NA,1,Created
9194,2011-01-01,9194,Female,80,1931-05-10,0.03682,Married,1902,,2062-03-17,No,,,Retired,13317.0,325989,No,3,,NA,1,Created
9195,2011-01-01,9195,Female,57,1954-07-18,0.00387,Married,1903,,2020-11-21,Yes,,,Permanent contract,49650.0,-3937,Yes,1,,NA,1,Created
9196,2011-01-01,9196,Female,4,2007-04-27,5.9999999999999995e-05,Single,0,,,No,,,Child,0.0,0,Yes,0,28.0,2035-08-25,1,Created
9197,2011-01-01,9197,Female,23,1988-12-20,0.0001,Single,0,,,No,,,Flexible contract,27395.0,14581,Yes,0,23.0,2011-12-20,1,Created
9198,2011-01-01,9198,Female,41,1970-02-25,0.0007700000000000001,Single,0,,,Yes,30.0,,Flexible contract,29829.0,-4440,Yes,0,,NA,1,Created
9199,2011-01-01,9199,Male,9,2002-10-26,0.00014,Single,0,,,Yes,39.0,2041-04-03,Child,0.0,0,No,0,,NA,1,Created
9200,2011-01-01,9200,Female,86,1925-03-05,0.08317000000000001,Widowed,0,,,Yes,,,Retired,33894.0,402,Yes,0,,NA,1,Created
9201,2011-01-01,9201,Female,46,1965-03-29,0.00134,Married,1904,,2041-05-16,Yes,,,Flexible contract,84294.0,141948,Yes,2,,NA,1,Created
9202,2011-01-01,9202,Male,45,1966-09-22,0.0014199999999999998,Married,1844,,2016-09-29,No,,,Unemployed,27895.0,-24827,Yes,2,,NA,1,Created
9203,2011-01-01,9203,Female,6,2005-12-25,8e-05,Single,0,,,No,,,Child,0.0,0,Yes,0,27.0,2032-07-22,1,Created
9204,2011-01-01,9204,Female,97,1914-01-09,0.27028,Widowed,0,,,No,,,Retired,43922.0,-11418,No,0,,NA,1,Created
9205,2011-01-01,9205,Male,21,1990-09-28,0.00045,Single,0,,,No,,,Entrepreneur without personnel,18444.0,158947,No,0,,NA,1,Created
9206,2011-01-01,9206,Female,33,1978-12-05,0.00035,Single,0,,,Yes,26.0,,Permanent contract,24844.0,4926,Yes,0,,NA,1,Created
9207,2011-01-01,9207,Female,30,1981-08-15,0.00027,Single,0,,,Yes,29.0,,Unemployed,32450.0,-1930,Yes,0,,NA,1,Created
9208,2011-01-01,9208,Female,42,1969-06-20,0.001,Single,0,,,Yes,38.0,,Entrepreneur without personnel,14749.0,72369,Yes,0,,NA,1,Created
9209,2011-01-01,9209,Female,53,1958-01-06,0.00312,Married,1905,,2048-07-02,No,,,Unemployed,79565.0,277230,No,3,,NA,1,Created
9210,2011-01-01,9210,Female,26,1985-05-31,1.0,Married,1906,,2039-12-22,Yes,,,Permanent contract,18734.0,140161,Yes,2,32.0,2017-06-17,1,Created
17679,2011-07-19,9210,Female,27,1985-05-31,1.0,Married,1906,,2039-12-22,Yes,,,Permanent contract,18734.0,140161,Yes,2,32,2017-06-17,0,Life event: Deceased
9211,2011-01-01,9211,Male,20,1991-09-29,0.00045,Single,0,,,No,,,Permanent contract,66029.0,494661,Yes,0,,NA,1,Created
9212,2011-01-01,9212,Male,66,1945-12-23,0.01401,Married,1845,,2016-04-16,Yes,,,Flexible contract,17088.0,111,Yes,2,,NA,1,Created
18347,2011-12-23,9212,Male,67,1945-12-23,0.01401,Married,1845,,2016-04-16,Yes,,,Retired,11961.599999999999,111,Yes,2,,NA,1,Life event: Retired
9213,2011-01-01,9213,Male,24,1987-04-24,0.00047999999999999996,Single,0,,,No,,,Flexible contract,27272.0,179479,Yes,0,,NA,1,Created
9214,2011-01-01,9214,Female,27,1984-04-16,0.00025,Single,0,,,No,,,Permanent contract,14288.0,4246871,Yes,0,,NA,1,Created
9215,2011-01-01,9215,Male,2,2009-10-02,0.00021,Single,0,,,No,,,Child,0.0,0,No,0,,NA,1,Created
9216,2011-01-01,9216,Male,52,1959-09-13,0.00314,Married,1846,,2052-05-20,Yes,,,Permanent contract,35177.0,290578,Yes,1,,NA,1,Created
9217,2011-01-01,9217,Female,18,1993-08-06,0.00023999999999999998,Single,0,,,Yes,22.0,2015-02-01,Flexible contract,3019.0,37716,Yes,0,28.0,2021-08-12,1,Created
9218,2011-01-01,9218,Female,56,1955-11-01,0.0041,Married,1907,,2027-07-05,Yes,,,Flexible contract,18457.0,59214,No,2,,NA,1,Created
9219,2011-01-01,9219,Male,18,1993-09-08,0.00032,Single,0,,,No,,,Flexible contract,89806.0,413134,Yes,0,,NA,1,Created
9220,2011-01-01,9220,Female,55,1956-12-22,0.00372,Married,1908,,2017-01-12,No,,,Permanent contract,13861.0,206550,Yes,1,,NA,1,Created
9221,2011-01-01,9221,Male,58,1953-07-31,0.00603,Married,1847,,2025-08-08,Yes,,,Permanent contract,19383.0,47529,No,1,,NA,1,Created
9222,2011-01-01,9222,Female,17,1994-05-19,0.0001,Single,0,,,Yes,45.0,2039-06-20,Child,0.0,0,Yes,0,37.0,2031-12-19,1,Created
17393,2011-05-19,9222,Female,18,1994-05-19,0.0001,Single,0,,,Yes,29,2022-12-12,Permanent contract,16727.0,2924,Yes,0,37,2031-12-19,1,Life event: Adulthood
9223,2011-01-01,9223,Male,91,1920-09-03,0.18929,Widowed,0,,,No,,,Retired,34138.0,-6435,No,0,,NA,1,Created
9224,2011-01-01,9224,Male,52,1959-06-08,0.00314,Married,1848,,2024-07-17,No,,,Entrepreneur with personel,16548.0,1467,No,2,,NA,1,Created
9225,2011-01-01,9225,Male,6,2005-08-05,5.9999999999999995e-05,Single,0,,,Yes,44.0,2049-10-13,Child,0.0,0,No,0,,NA,1,Created
9226,2011-01-01,9226,Male,52,1959-09-07,0.00314,Married,1849,,2042-11-17,Yes,,,Flexible contract,31475.0,345653,No,1,,NA,1,Created
9227,2011-01-01,9227,Female,49,1962-07-21,0.00193,Divorced,0,,,No,,,Permanent contract,18677.0,3854,No,0,,NA,1,Created
9228,2011-01-01,9228,Female,15,1996-12-20,8e-05,Single,0,,,No,,,Child,0.0,0,No,0,28.0,2024-06-16,1,Created
9229,2011-01-01,9229,Female,25,1986-03-08,0.00022999999999999998,Single,0,,,No,,,Permanent contract,445.0,125537,No,0,31.0,2017-04-09,1,Created
9230,2011-01-01,9230,Female,1,2010-06-01,0.00033999999999999997,Single,0,,,Yes,25.0,2035-12-24,Child,0.0,0,Yes,0,29.0,2039-04-13,1,Created
9231,2011-01-01,9231,Male,36,1975-10-21,0.0006,Single,0,,,No,,,Flexible contract,20794.0,-13601,No,0,,NA,1,Created
9232,2011-01-01,9232,Male,51,1960-10-31,0.00301,Married,1850,,2053-03-17,No,,,Permanent contract,35266.0,337350,No,1,,NA,1,Created
9233,2011-01-01,9233,Female,51,1960-05-05,0.0023899999999999998,Married,1909,,2049-07-05,Yes,,,Permanent contract,14565.0,470406,Yes,3,,NA,1,Created
9234,2011-01-01,9234,Female,22,1989-04-24,0.00023999999999999998,Single,0,,,No,,,Permanent contract,49499.0,-7917,No,0,34.0,2023-06-10,1,Created
9235,2011-01-01,9235,Male,19,1992-03-31,0.00033,Single,0,,,Yes,45.0,2037-01-26,Permanent contract,4860.0,78706,No,0,,NA,1,Created
9236,2011-01-01,9236,Male,21,1990-06-08,0.00045,Single,0,,,Yes,48.0,2038-12-19,Entrepreneur without personnel,55697.0,103759,No,0,,NA,1,Created
9237,2011-01-01,9237,Male,64,1947-12-22,0.01097,Single,0,,,No,,,Permanent contract,32124.0,198248,No,0,,NA,1,Created
18341,2011-12-22,9237,Male,65,1947-12-22,0.01097,Single,0,,,No,,,Retired,22486.8,198248,No,0,,NA,1,Life event: Retired
9238,2011-01-01,9238,Female,58,1953-11-06,0.00448,Married,1910,,2024-11-02,Yes,,,Permanent contract,28576.0,-17838,No,1,,NA,1,Created
9239,2011-01-01,9239,Male,45,1966-02-01,0.0014199999999999998,Married,1851,,2037-12-15,Yes,,,Permanent contract,37564.0,-32579,No,1,,NA,1,Created
9240,2011-01-01,9240,Female,77,1934-05-19,0.0259,Married,1911,,2071-02-27,Yes,,,Retired,29369.0,54160,Yes,1,,NA,1,Created
18191,2011-11-17,9240,Female,78,1934-05-19,0.0259,Married,1911,,2071-02-27,Yes,,,Retired,29369.0,54160,Yes,1,,NA,0,Life event: Deceased
9241,2011-01-01,9241,Female,65,1946-08-27,0.007559999999999999,Divorced,0,,,Yes,,,Permanent contract,16584.0,97159,No,0,,NA,1,Created
17867,2011-08-27,9241,Female,66,1946-08-27,0.007559999999999999,Divorced,0,,,Yes,,,Retired,11608.8,97159,No,0,,NA,1,Life event: Retired
9242,2011-01-01,9242,Male,66,1945-11-26,0.01401,Married,1852,,2028-07-21,Yes,,,Flexible contract,31859.0,76336,No,2,,NA,1,Created
18223,2011-11-26,9242,Male,67,1945-11-26,0.01401,Married,1852,,2028-07-21,Yes,,,Retired,22301.3,76336,No,2,,NA,1,Life event: Retired
9243,2011-01-01,9243,Female,49,1962-07-15,0.00193,Married,1912,,2020-11-01,Yes,,,Permanent contract,6316.0,341,No,1,,NA,1,Created
9244,2011-01-01,9244,Female,27,1984-11-01,0.00025,Single,0,,,No,,,Permanent contract,2844.0,308295,No,0,28.0,2012-12-05,1,Created
9245,2011-01-01,9245,Female,33,1978-03-29,0.00035,Married,1913,,2047-04-09,Yes,,,Permanent contract,6884.0,397869,No,2,,NA,1,Created
9246,2011-01-01,9246,Female,66,1945-08-19,0.009040000000000001,Married,1914,,2045-02-03,No,,,Entrepreneur without personnel,38240.0,4631,No,1,,NA,1,Created
17826,2011-08-19,9246,Female,67,1945-08-19,0.009040000000000001,Married,1914,,2045-02-03,No,,,Retired,26768.0,4631,No,1,,NA,1,Life event: Retired
9247,2011-01-01,9247,Male,73,1938-12-30,0.0262,Married,1853,,2017-10-23,Yes,,,Retired,24917.0,993,No,3,,NA,1,Created
9248,2011-01-01,9248,Female,4,2007-08-18,5.9999999999999995e-05,Single,0,,,No,,,Child,0.0,0,Yes,0,24.0,2031-11-05,1,Created
9249,2011-01-01,9249,Male,14,1997-06-30,0.00014,Single,0,,,Yes,50.0,2047-06-24,Child,0.0,0,Yes,0,,NA,1,Created
9250,2011-01-01,9250,Female,20,1991-11-05,0.00018,Single,0,,,Yes,38.0,2029-09-30,Permanent contract,2625.0,323491,No,0,40.0,2031-07-10,1,Created
9251,2011-01-01,9251,Female,51,1960-02-02,0.0023899999999999998,Married,1915,,2061-03-11,No,,,Permanent contract,24595.0,264384,Yes,1,,NA,1,Created
9252,2011-01-01,9252,Female,56,1955-11-17,0.0041,Married,1916,,2061-01-21,No,,,Permanent contract,34647.0,31677,Yes,2,,NA,1,Created
9253,2011-01-01,9253,Male,6,2005-11-17,5.9999999999999995e-05,Single,0,,,Yes,46.0,2051-03-26,Child,0.0,0,Yes,0,,NA,1,Created
9254,2011-01-01,9254,Female,57,1954-04-12,0.00387,Married,1917,,2025-02-11,Yes,,,Unemployed,38863.0,89,Yes,1,,NA,1,Created
9255,2011-01-01,9255,Female,19,1992-10-30,0.00014,Single,0,,,Yes,30.0,2022-08-25,Permanent contract,20344.0,3164,No,0,31.0,2023-08-31,1,Created
9256,2011-01-01,9256,Female,62,1949-09-29,0.0057399999999999994,Divorced,0,,,Yes,,,Entrepreneur without personnel,413878.0,303602,No,0,,NA,1,Created
9257,2011-01-01,9257,Male,56,1955-03-10,0.0052,Divorced,0,,,No,,,Flexible contract,38913.0,458467,No,0,,NA,1,Created
9258,2011-01-01,9258,Male,32,1979-05-29,0.00059,Married,1854,,2059-11-18,No,,,Flexible contract,145109.0,-47100,No,2,,NA,1,Created
9259,2011-01-01,9259,Female,7,2004-11-17,7e-05,Single,0,,,Yes,25.0,2029-04-05,Child,0.0,0,Yes,0,36.0,2040-09-17,1,Created
9260,2011-01-01,9260,Female,51,1960-04-24,0.0023899999999999998,Married,1918,,2056-01-02,Yes,,,Unemployed,5774.0,-3191,No,2,,NA,1,Created
9261,2011-01-01,9261,Male,43,1968-04-20,0.00103,Married,1855,,2027-06-03,Yes,,,Permanent contract,15292.0,2945,No,1,,NA,1,Created
9262,2011-01-01,9262,Male,63,1948-09-15,0.00945,Married,1856,,2014-06-19,No,,,Flexible contract,14465.0,1834,No,2,,NA,1,Created
19104,2012-09-15,9262,Male,65,1948-09-15,0.00945,Married,1856,,2014-06-19,No,,,Retired,10125.5,1834,No,2,,NA,1,Life event: Retired
9263,2011-01-01,9263,Female,33,1978-09-23,0.00035,Single,0,,,No,,,Entrepreneur without personnel,3487.0,127980,Yes,0,,NA,1,Created
9264,2011-01-01,9264,Male,37,1974-02-13,0.00082,Married,1857,,2013-10-23,Yes,,,Permanent contract,11077.0,268910,No,3,,NA,1,Created
9265,2011-01-01,9265,Male,58,1953-09-12,0.00603,Married,1858,,2054-10-18,No,,,Flexible contract,6426.0,152614,No,1,,NA,1,Created
9266,2011-01-01,9266,Female,26,1985-03-16,1.0,Single,0,,,No,,,Permanent contract,21348.0,205471,No,0,30.0,2015-08-05,1,Created
17685,2011-07-21,9266,Female,27,1985-03-16,1.0,Single,0,,,No,,,Permanent contract,21348.0,205471,No,0,30,2015-08-05,0,Life event: Deceased
9267,2011-01-01,9267,Male,51,1960-06-30,0.00301,Married,1859,,2052-04-28,No,,,Permanent contract,12629.0,-1534,Yes,3,,NA,1,Created
9268,2011-01-01,9268,Female,3,2008-07-03,0.00013000000000000002,Single,0,,,Yes,29.0,2037-10-28,Child,0.0,0,No,0,33.0,2041-09-29,1,Created
9269,2011-01-01,9269,Male,45,1966-08-01,0.0014199999999999998,Single,0,,,No,,,Flexible contract,9370.0,-36118,No,0,,NA,1,Created
9270,2011-01-01,9270,Female,13,1998-09-27,0.00011999999999999999,Single,0,,,Yes,21.0,2019-03-02,Child,0.0,0,No,0,32.0,2030-09-08,1,Created
9271,2011-01-01,9271,Female,31,1980-01-12,0.00029,Married,1919,,2055-01-20,Yes,,,Flexible contract,27354.0,-48386,No,3,31.0,2011-08-18,1,Created
17819,2011-08-18,9271,Female,32,1980-01-12,0.00029,Married,1919,,2055-01-20,Yes,,,Flexible contract,27354.0,-48386,No,3,31,2011-08-18,1,Life event: Children born
9272,2011-01-01,9272,Female,70,1941-09-21,0.01252,Widowed,0,,,Yes,,,Retired,14290.0,617,Yes,0,,NA,1,Created
9273,2011-01-01,9273,Male,35,1976-08-31,0.00055,Married,1860,,2064-03-08,Yes,,,Permanent contract,10666.0,-6035,Yes,2,,NA,1,Created
9274,2011-01-01,9274,Male,91,1920-07-19,0.18929,Widowed,0,,,Yes,,,Retired,8964.0,15014,Yes,0,,NA,1,Created
9275,2011-01-01,9275,Female,10,2001-06-29,0.0001,Single,0,,,Yes,26.0,2027-05-05,Child,0.0,0,No,0,32.0,2033-07-20,1,Created
9276,2011-01-01,9276,Male,84,1927-01-14,0.09176000000000001,Widowed,0,,,Yes,,,Retired,78630.0,27395,No,0,,NA,1,Created
9277,2011-01-01,9277,Female,101,1910-09-17,1.0,Widowed,0,,,Yes,,,Retired,14764.0,1268,Yes,0,,NA,1,Created
17820,2011-08-18,9277,Female,101,1910-09-17,1.0,Widowed,0,,,Yes,,,Retired,14764.0,1268,Yes,0,,NA,0,Life event: Deceased
9278,2011-01-01,9278,Male,9,2002-07-20,0.00014,Single,0,,,Yes,34.0,2036-12-04,Child,0.0,0,No,0,,NA,1,Created
9279,2011-01-01,9279,Female,47,1964-12-30,0.00168,Single,0,,,No,,,Permanent contract,7124.0,590,Yes,0,,NA,1,Created
9280,2011-01-01,9280,Female,72,1939-06-10,0.01411,Married,1920,,2022-03-24,Yes,,,Retired,47276.0,246196,No,2,,NA,1,Created
9281,2011-01-01,9281,Female,8,2003-04-27,2.9999999999999997e-05,Single,0,,,Yes,27.0,2030-09-30,Child,0.0,0,No,0,43.0,2046-01-27,1,Created
9282,2011-01-01,9282,Female,76,1935-12-09,0.02337,Widowed,0,,,Yes,,,Retired,13065.0,482,Yes,0,,NA,1,Created
9283,2011-01-01,9283,Male,36,1975-12-31,0.0006,Single,0,,,Yes,42.0,2017-05-07,Permanent contract,47285.0,22292,Yes,0,,NA,1,Created
9284,2011-01-01,9284,Female,47,1964-12-17,0.00168,Divorced,0,,,No,,,Permanent contract,8995.0,350,No,0,,NA,1,Created
9285,2011-01-01,9285,Female,11,2000-06-15,7e-05,Single,0,,,Yes,55.0,2055-07-18,Child,0.0,0,Yes,0,38.0,2038-11-30,1,Created
9286,2011-01-01,9286,Female,21,1990-12-23,0.00016,Single,0,,,No,,,Permanent contract,62537.0,-46516,No,0,37.0,2027-10-11,1,Created
9287,2011-01-01,9287,Female,33,1978-11-11,0.00035,Single,0,,,Yes,35.0,2013-09-26,Permanent contract,16864.0,239335,Yes,0,,NA,1,Created
9288,2011-01-01,9288,Male,52,1959-07-30,0.00314,Married,1861,,2056-02-05,Yes,,,Permanent contract,49758.0,709,Yes,2,,NA,1,Created
9289,2011-01-01,9289,Female,43,1968-06-01,0.0009699999999999999,Married,1921,,2053-11-26,No,,,Permanent contract,43494.0,36003,Yes,1,,NA,1,Created
9290,2011-01-01,9290,Female,16,1995-11-30,8e-05,Single,0,,,No,,,Child,0.0,0,No,0,26.0,2021-01-20,1,Created
19282,2012-11-30,9290,Female,18,1995-11-30,8e-05,Single,0,,,No,,,Permanent contract,8323.0,516401,No,0,26,2021-01-20,1,Life event: Adulthood
9291,2011-01-01,9291,Female,31,1980-10-07,0.00029,Divorced,0,,,Yes,,,Permanent contract,43789.0,1824057,No,0,,NA,1,Created
9292,2011-01-01,9292,Male,78,1933-03-19,0.04668,Married,1862,,2013-02-11,Yes,,,Retired,11228.0,1895,Yes,1,,NA,1,Created
9293,2011-01-01,9293,Female,47,1964-03-01,0.00168,Married,1922,,2050-06-20,No,,,Permanent contract,16552.0,-31923,Yes,1,,NA,1,Created
9294,2011-01-01,9294,Female,40,1971-04-12,0.0006900000000000001,Single,0,,,Yes,21.0,,Flexible contract,32003.0,175929,Yes,0,,NA,1,Created
9295,2011-01-01,9295,Male,58,1953-08-08,0.00603,Married,1863,,2033-11-11,No,,,Permanent contract,22722.0,484,Yes,1,,NA,1,Created
9296,2011-01-01,9296,Female,20,1991-02-28,0.00018,Single,0,,,Yes,51.0,2042-12-22,Permanent contract,30255.0,-13944,No,0,35.0,2026-07-10,1,Created
9297,2011-01-01,9297,Male,16,1995-05-26,0.00029,Single,0,,,Yes,35.0,2030-05-15,Child,0.0,0,Yes,0,,NA,1,Created
18786,2012-05-26,9297,Male,18,1995-05-26,0.00029,Single,0,,,Yes,26,2020-09-28,Unemployed,25926.0,185035,Yes,0,,NA,1,Life event: Adulthood
9298,2011-01-01,9298,Female,74,1937-10-25,0.0185,Single,0,,,Yes,21.0,,Retired,22868.0,1178,No,0,,NA,1,Created
9299,2011-01-01,9299,Male,16,1995-07-31,0.00029,Single,0,,,Yes,35.0,2030-08-12,Child,0.0,0,No,0,,NA,1,Created
18976,2012-07-31,9299,Male,18,1995-07-31,0.00029,Single,0,,,Yes,28,2022-11-07,Permanent contract,178101.0,212062,No,0,,NA,1,Life event: Adulthood
9300,2011-01-01,9300,Male,17,1994-03-14,0.00022999999999999998,Single,0,,,Yes,44.0,2038-07-30,Child,0.0,0,Yes,0,,NA,1,Created
17063,2011-03-14,9300,Male,18,1994-03-14,0.00022999999999999998,Single,0,,,No,,,Permanent contract,18223.0,197114,Yes,0,,NA,1,Life event: Adulthood
9301,2011-01-01,9301,Female,22,1989-09-07,0.00023999999999999998,Single,0,,,No,,,Permanent contract,78828.0,6585,Yes,0,29.0,2018-01-17,1,Created
9302,2011-01-01,9302,Female,41,1970-05-21,0.0007700000000000001,Married,1923,,2020-03-23,Yes,,,Permanent contract,30268.0,5233,Yes,1,,NA,1,Created
9303,2011-01-01,9303,Male,11,2000-10-24,9e-05,Single,0,,,Yes,47.0,2047-10-15,Child,0.0,0,Yes,0,,NA,1,Created
9304,2011-01-01,9304,Female,40,1971-01-13,0.0006900000000000001,Married,1924,,2013-08-06,Yes,,,Permanent contract,16183.0,26711,Yes,1,,NA,1,Created
9305,2011-01-01,9305,Female,52,1959-02-16,0.00268,Divorced,0,,,Yes,,,Permanent contract,31364.0,105484,Yes,0,,NA,1,Created
9306,2011-01-01,9306,Male,51,1960-10-14,0.00301,Married,1864,,2050-03-21,No,,,Permanent contract,19237.0,9339,Yes,1,,NA,1,Created
9307,2011-01-01,9307,Female,26,1985-11-11,1.0,Single,0,,,No,,,Permanent contract,32011.0,1106183,Yes,0,33.0,2018-12-04,1,Created
16755,2011-01-17,9307,Female,26,1985-11-11,1.0,Single,0,,,No,,,Permanent contract,32011.0,1106183,Yes,0,33,2018-12-04,0,Life event: Deceased
9308,2011-01-01,9308,Male,52,1959-11-24,0.00314,Single,0,,,No,,,Entrepreneur without personnel,41295.0,-40374,Yes,0,,NA,1,Created
9309,2011-01-01,9309,Female,31,1980-06-21,0.00029,Single,0,,,Yes,35.0,2015-04-04,Permanent contract,8371.0,464902,Yes,0,40.0,2020-02-07,1,Created
9310,2011-01-01,9310,Female,62,1949-12-04,0.0057399999999999994,Married,1925,,2019-09-25,No,,,Permanent contract,382.0,-28180,No,2,,NA,1,Created
9311,2011-01-01,9311,Female,22,1989-11-21,0.00023999999999999998,Single,0,,,No,,,Permanent contract,19519.0,-16865,Yes,0,,NA,1,Created
9312,2011-01-01,9312,Male,35,1976-10-20,0.00055,Married,1865,,2038-09-03,Yes,,,Permanent contract,29243.0,-15789,Yes,3,,NA,1,Created
9313,2011-01-01,9313,Male,64,1947-07-17,0.01097,Married,1866,,2027-03-30,Yes,,,Permanent contract,13570.0,3346,Yes,1,,NA,1,Created
17661,2011-07-17,9313,Male,65,1947-07-17,0.01097,Married,1866,,2027-03-30,Yes,,,Retired,9499.0,3346,Yes,1,,NA,1,Life event: Retired
9314,2011-01-01,9314,Female,20,1991-12-04,0.00018,Single,0,,,No,,,Permanent contract,12669.0,2167427,No,0,33.0,2024-08-07,1,Created
9315,2011-01-01,9315,Male,74,1937-04-15,0.0295,Divorced,0,,,No,,,Retired,19680.0,18528,No,0,,NA,1,Created
9316,2011-01-01,9316,Male,21,1990-06-12,0.00045,Single,0,,,Yes,36.0,2026-12-09,Permanent contract,3023.0,156504,No,0,,NA,1,Created
9317,2011-01-01,9317,Female,61,1950-04-09,0.00562,Single,0,,,No,,,Permanent contract,4660.0,186,Yes,0,,NA,1,Created
9318,2011-01-01,9318,Male,75,1936-05-05,0.033710000000000004,Widowed,0,,,No,,,Retired,4387.0,-45581,No,0,,NA,1,Created
9319,2011-01-01,9319,Male,8,2003-06-26,9e-05,Single,0,,,No,,,Child,0.0,0,No,0,,NA,1,Created
9320,2011-01-01,9320,Male,45,1966-12-23,0.0014199999999999998,Married,1867,,2027-01-04,Yes,,,Flexible contract,46480.0,-39182,Yes,3,,NA,1,Created
9321,2011-01-01,9321,Male,40,1971-11-28,0.0009400000000000001,Single,0,,,No,,,Entrepreneur without personnel,39616.0,344628,No,0,,NA,1,Created
9322,2011-01-01,9322,Female,65,1946-04-24,0.007559999999999999,Married,1926,,2011-05-18,No,,,Entrepreneur without personnel,184615.0,499995,Yes,2,,NA,1,Created
17253,2011-04-24,9322,Female,66,1946-04-24,0.007559999999999999,Married,1926,,2011-05-18,No,,,Retired,129230.49999999999,499995,Yes,2,,NA,1,Life event: Retired
17380,2011-05-18,9322,Female,66,1946-04-24,0.007559999999999999,Divorced,1926,,2011-05-18,No,,,Retired,129230.49999999999,499995,Yes,2,,NA,1,Life event: Divorced
9323,2011-01-01,9323,Male,59,1952-12-12,0.00717,Married,1868,,2049-01-31,Yes,,,Permanent contract,21587.0,415449,Yes,2,,NA,1,Created
18839,2012-06-13,9323,Male,60,1952-12-12,0.00717,Widowed,1868,,2049-01-31,Yes,,,Permanent contract,21587.0,415449,Yes,2,,NA,1,Life event: Widowed
9324,2011-01-01,9324,Female,40,1971-10-23,0.0006900000000000001,Married,1927,,2061-06-22,No,,,Permanent contract,10460.0,-698,No,2,,NA,1,Created
9325,2011-01-01,9325,Female,40,1971-02-03,0.0006900000000000001,Married,1928,,2011-01-15,Yes,,,Permanent contract,3482.0,188148,No,1,,NA,1,Created
16744,2011-01-15,9325,Female,40,1971-02-03,0.0006900000000000001,Divorced,1928,,2011-01-15,Yes,,,Permanent contract,3482.0,188148,No,1,,NA,1,Life event: Divorced
9326,2011-01-01,9326,Male,52,1959-08-23,0.00314,Married,1869,,2049-07-26,No,,,Permanent contract,30953.0,499589,No,2,,NA,1,Created
9327,2011-01-01,9327,Male,59,1952-03-09,0.00717,Single,0,,,Yes,20.0,,Entrepreneur with personel,8708.0,138752,No,0,,NA,1,Created
9328,2011-01-01,9328,Male,58,1953-10-05,0.00603,Divorced,0,,,Yes,,,Permanent contract,32960.0,-22581,Yes,0,,NA,1,Created
9329,2011-01-01,9329,Male,29,1982-02-22,0.0005200000000000001,Single,0,,,No,,,Permanent contract,57506.0,-114,No,0,,NA,1,Created
9330,2011-01-01,9330,Male,80,1931-12-19,0.05987000000000001,Married,1870,,2033-01-29,No,,,Retired,31665.0,10902,Yes,1,,NA,1,Created
9331,2011-01-01,9331,Male,23,1988-04-02,0.00039,Single,0,,,Yes,26.0,2014-03-27,Unemployed,35670.0,297494,Yes,0,,NA,1,Created
9332,2011-01-01,9332,Female,91,1920-06-11,0.14715,Widowed,0,,,No,,,Retired,23255.0,102674,No,0,,NA,1,Created
17402,2011-05-21,9332,Female,91,1920-06-11,0.14715,Widowed,0,,,No,,,Retired,23255.0,102674,No,0,,NA,0,Life event: Deceased
9333,2011-01-01,9333,Male,0,2011-03-25,0.0036200000000000004,Single,0,,,No,,,Child,0.0,0,Yes,0,,NA,1,Created
9334,2011-01-01,9334,Male,31,1980-04-22,0.00041,Single,0,,,No,,,Permanent contract,37799.0,3499,Yes,0,,NA,1,Created
9335,2011-01-01,9335,Male,24,1987-08-23,0.00047999999999999996,Single,0,,,No,,,Permanent contract,18527.0,40086,No,0,,NA,1,Created
9336,2011-01-01,9336,Male,65,1946-10-07,0.01141,Widowed,0,,,No,,,Permanent contract,19838.0,-45041,Yes,0,,NA,1,Created
18022,2011-10-07,9336,Male,66,1946-10-07,0.01141,Widowed,0,,,No,,,Retired,13886.599999999999,-45041,Yes,0,,NA,1,Life event: Retired
9337,2011-01-01,9337,Female,47,1964-04-22,0.00168,Divorced,0,,,No,,,Permanent contract,2091.0,186965,Yes,0,,NA,1,Created
9338,2011-01-01,9338,Male,52,1959-01-30,0.00314,Married,1871,,2047-07-26,Yes,,,Family business,39049.0,148207,Yes,3,,NA,1,Created
9339,2011-01-01,9339,Male,25,1986-04-07,0.00033999999999999997,Married,1872,,2050-04-29,No,,,Flexible contract,43852.0,127904,Yes,2,,NA,1,Created
9340,2011-01-01,9340,Female,64,1947-03-21,0.00713,Married,1929,,2050-06-18,No,,,Entrepreneur without personnel,819.0,-86,Yes,2,,NA,1,Created
17100,2011-03-21,9340,Female,65,1947-03-21,0.00713,Married,1929,,2050-06-18,No,,,Retired,573.3,-86,Yes,2,,NA,1,Life event: Retired
9341,2011-01-01,9341,Male,23,1988-08-19,0.00039,Single,0,,,No,,,Permanent contract,2386.0,8543,Yes,0,,NA,1,Created
9342,2011-01-01,9342,Female,53,1958-07-13,0.00312,Married,1930,,2029-03-28,Yes,,,Entrepreneur with personel,26908.0,91275,Yes,3,,NA,1,Created
9343,2011-01-01,9343,Female,28,1983-05-01,0.00025,Single,0,,,No,,,Permanent contract,9850.0,2617764,Yes,0,,NA,1,Created
9344,2011-01-01,9344,Female,28,1983-10-18,0.00025,Married,1931,,2050-09-26,No,,,Permanent contract,3784.0,473263,No,2,28.0,2011-05-22,1,Created
17409,2011-05-22,9344,Female,28,1983-10-18,0.00025,Married,1931,,2050-09-26,No,,,Permanent contract,3784.0,473263,No,2,28,2011-05-22,1,Life event: Children born
9345,2011-01-01,9345,Male,11,2000-06-14,9e-05,Single,0,,,No,,,Child,0.0,0,No,0,,NA,1,Created
9346,2011-01-01,9346,Male,43,1968-01-05,0.00103,Married,1873,,2019-08-22,Yes,,,Unemployed,77434.0,62311,Yes,3,,NA,1,Created
9347,2011-01-01,9347,Female,32,1979-05-05,0.00041,Single,0,,,No,,,Permanent contract,268127.0,685965,Yes,0,,NA,1,Created
9348,2011-01-01,9348,Male,88,1923-01-06,0.14094,Widowed,0,,,Yes,,,Retired,44928.0,-4248,No,0,,NA,1,Created
9349,2011-01-01,9349,Female,22,1989-03-22,0.00023999999999999998,Single,0,,,No,,,Permanent contract,9036.0,5138,No,0,,NA,1,Created
9350,2011-01-01,9350,Male,64,1947-03-27,0.01097,Divorced,0,,,Yes,,,Flexible contract,45373.0,1799,Yes,0,,NA,1,Created
17129,2011-03-27,9350,Male,65,1947-03-27,0.01097,Divorced,0,,,Yes,,,Retired,31761.1,1799,Yes,0,,NA,1,Life event: Retired
9351,2011-01-01,9351,Male,79,1932-10-26,0.05364,Married,1874,,2047-09-26,No,,,Retired,2345.0,7102,Yes,2,,NA,1,Created
9352,2011-01-01,9352,Male,44,1967-10-12,0.0013599999999999999,Single,0,,,Yes,29.0,,Flexible contract,34129.0,-25940,Yes,0,,NA,1,Created
9353,2011-01-01,9353,Male,50,1961-08-02,0.00257,Divorced,0,,,Yes,,,Unemployed,9777.0,-44544,No,0,,NA,1,Created
9354,2011-01-01,9354,Female,42,1969-02-12,0.001,Married,1932,,2027-06-28,Yes,,,Entrepreneur with personel,19870.0,-39847,No,2,,NA,1,Created
9355,2011-01-01,9355,Male,6,2005-11-27,5.9999999999999995e-05,Single,0,,,Yes,33.0,2038-01-19,Child,0.0,0,Yes,0,,NA,1,Created
9356,2011-01-01,9356,Female,68,1943-08-27,0.00983,Married,1933,,2020-06-29,No,,,Retired,1662.0,-3079,No,1,,NA,1,Created
9357,2011-01-01,9357,Female,59,1952-01-24,0.00479,Married,1934,,2053-01-31,Yes,,,Entrepreneur without personnel,35760.0,-12267,No,2,,NA,1,Created
9358,2011-01-01,9358,Male,23,1988-01-13,0.00039,Single,0,,,Yes,41.0,2029-01-24,Unemployed,31879.0,-16575,No,0,,NA,1,Created
9359,2011-01-01,9359,Female,65,1946-10-03,0.007559999999999999,Single,0,,,No,,,Permanent contract,36272.0,42025,Yes,0,,NA,1,Created
18001,2011-10-03,9359,Female,66,1946-10-03,0.007559999999999999,Single,0,,,No,,,Retired,25390.399999999998,42025,Yes,0,,NA,1,Life event: Retired
9360,2011-01-01,9360,Female,46,1965-12-22,0.00134,Divorced,0,,,No,,,Permanent contract,32225.0,-23636,Yes,0,,NA,1,Created
9361,2011-01-01,9361,Male,56,1955-12-18,0.0052,Married,1875,,2066-09-07,No,,,Permanent contract,26926.0,284574,No,2,,NA,1,Created
9362,2011-01-01,9362,Female,0,2011-09-30,0.0028899999999999998,Single,0,,,No,,,Child,0.0,0,No,0,30.0,2041-05-15,1,Created
9363,2011-01-01,9363,Female,71,1940-05-09,0.013009999999999999,Married,1935,,2012-08-18,No,,,Retired,85705.0,115686,Yes,2,,NA,1,Created
19022,2012-08-18,9363,Female,73,1940-05-09,0.013009999999999999,Divorced,1935,,2012-08-18,No,,,Retired,85705.0,115686,Yes,2,,NA,1,Life event: Divorced
9364,2011-01-01,9364,Male,47,1964-01-26,0.00186,Married,1876,,2043-03-19,No,,,Permanent contract,22304.0,48296,Yes,1,,NA,1,Created
9365,2011-01-01,9365,Female,48,1963-08-06,0.0018800000000000002,Married,1936,,2027-11-29,Yes,,,Entrepreneur without personnel,24602.0,25510,Yes,2,,NA,1,Created
9366,2011-01-01,9366,Male,21,1990-03-09,0.00045,Single,0,,,Yes,41.0,2031-08-24,Flexible contract,13551.0,663545,No,0,,NA,1,Created
9367,2011-01-01,9367,Male,28,1983-01-10,0.00045,Single,0,,,Yes,35.0,2018-01-02,Permanent contract,18029.0,333205,No,0,,NA,1,Created
9368,2011-01-01,9368,Male,48,1963-01-14,0.0021100000000000003,Divorced,0,,,Yes,,,Permanent contract,92858.0,119407,Yes,0,,NA,1,Created
9369,2011-01-01,9369,Female,80,1931-06-02,0.03682,Widowed,0,,,Yes,,,Retired,8844.0,87641,Yes,0,,NA,1,Created
9370,2011-01-01,9370,Male,23,1988-07-18,0.00039,Single,0,,,No,,,Permanent contract,31677.0,-34280,Yes,0,,NA,1,Created
9371,2011-01-01,9371,Male,50,1961-07-10,0.00257,Married,1877,,2021-09-23,Yes,,,Permanent contract,27370.0,76777,No,2,,NA,1,Created
9372,2011-01-01,9372,Female,20,1991-04-19,0.00018,Single,0,,,No,,,Entrepreneur with personel,23320.0,358840,No,0,39.0,2030-12-08,1,Created
9373,2011-01-01,9373,Female,25,1986-07-03,0.00022999999999999998,Single,0,,,Yes,30.0,2016-12-27,Permanent contract,28420.0,169222,Yes,0,31.0,2017-03-16,1,Created
9374,2011-01-01,9374,Male,63,1948-06-24,0.00945,Married,1878,,2040-01-13,No,,,Unemployed,26728.0,806129,Yes,2,,NA,1,Created
18882,2012-06-24,9374,Male,65,1948-06-24,0.00945,Married,1878,,2040-01-13,No,,,Retired,18709.6,806129,Yes,2,,NA,1,Life event: Retired
9375,2011-01-01,9375,Male,32,1979-12-31,0.00059,Married,1879,,2027-01-27,No,,,Entrepreneur with personel,2645.0,287863,Yes,1,,NA,1,Created
9376,2011-01-01,9376,Male,22,1989-03-11,0.00041,Single,0,,,No,,,Permanent contract,77121.0,-46874,Yes,0,,NA,1,Created
9377,2011-01-01,9377,Male,78,1933-11-24,0.04668,Married,1880,,2045-04-15,No,,,Retired,38750.0,253775,No,2,,NA,1,Created
9378,2011-01-01,9378,Male,10,2001-11-21,0.00011999999999999999,Single,0,,,No,,,Child,0.0,0,Yes,0,,NA,1,Created
9379,2011-01-01,9379,Female,74,1937-04-22,0.0185,Married,1937,,2049-06-05,No,,,Retired,5888.0,4693577,Yes,1,,NA,1,Created
9380,2011-01-01,9380,Female,28,1983-12-11,0.00025,Married,1938,,2055-03-05,Yes,,,Permanent contract,22097.0,18825,Yes,2,,NA,1,Created
9381,2011-01-01,9381,Male,45,1966-05-23,0.0014199999999999998,Married,1881,,2031-09-25,No,,,Flexible contract,22380.0,313,Yes,2,,NA,1,Created
9382,2011-01-01,9382,Male,16,1995-10-04,0.00029,Single,0,,,Yes,32.0,2027-05-02,Child,0.0,0,No,0,,NA,1,Created
19141,2012-10-04,9382,Male,18,1995-10-04,0.00029,Single,0,,,No,,,Permanent contract,807.0,827,No,0,,NA,1,Life event: Adulthood
9383,2011-01-01,9383,Female,78,1933-03-16,0.02817,Married,1939,,2027-03-31,No,,,Retired,13649.0,2747942,No,1,,NA,1,Created
18865,2012-06-20,9383,Female,80,1933-03-16,0.02817,Widowed,1939,,2027-03-31,No,,,Retired,13649.0,2747942,No,1,,NA,1,Life event: Widowed
9384,2011-01-01,9384,Female,55,1956-02-16,0.00372,Divorced,0,,,No,,,Permanent contract,55187.0,541,Yes,0,,NA,1,Created
9385,2011-01-01,9385,Male,37,1974-05-13,0.00082,Married,1882,,2049-10-01,Yes,,,Permanent contract,36549.0,-4737,Yes,2,,NA,1,Created
9386,2011-01-01,9386,Female,50,1961-02-24,0.00225,Single,0,,,No,,,Flexible contract,5754.0,4075,Yes,0,,NA,1,Created
9387,2011-01-01,9387,Male,70,1941-02-13,0.01932,Married,1883,,2043-09-04,No,,,Retired,719.0,9076,Yes,1,,NA,1,Created
9388,2011-01-01,9388,Male,46,1965-04-06,0.00172,Divorced,0,,,Yes,,,Permanent contract,23831.0,119877,Yes,0,,NA,1,Created
9389,2011-01-01,9389,Male,29,1982-05-16,0.0005200000000000001,Single,0,,,No,,,Permanent contract,20237.0,4751984,Yes,0,,NA,1,Created
9390,2011-01-01,9390,Female,76,1935-05-13,0.02337,Widowed,0,,,No,,,Retired,3139.0,138270,Yes,0,,NA,1,Created
9391,2011-01-01,9391,Female,16,1995-04-02,8e-05,Single,0,,,Yes,38.0,2033-08-22,Child,0.0,0,Yes,0,27.0,2022-11-18,1,Created
18639,2012-04-02,9391,Female,18,1995-04-02,8e-05,Single,0,,,No,,,Permanent contract,83875.0,76615,Yes,0,27,2022-11-18,1,Life event: Adulthood
9392,2011-01-01,9392,Male,53,1958-02-09,0.0033299999999999996,Single,0,,,Yes,33.0,,Flexible contract,28504.0,37993,Yes,0,,NA,1,Created
9393,2011-01-01,9393,Male,64,1947-03-13,0.01097,Married,1884,,2013-09-20,Yes,,,Permanent contract,13126.0,-1773,Yes,3,,NA,1,Created
17057,2011-03-13,9393,Male,65,1947-03-13,0.01097,Married,1884,,2013-09-20,Yes,,,Retired,9188.199999999999,-1773,Yes,3,,NA,1,Life event: Retired
9394,2011-01-01,9394,Male,57,1954-04-10,0.00572,Married,1885,,2042-04-22,Yes,,,Permanent contract,45122.0,41259,Yes,1,,NA,1,Created
9395,2011-01-01,9395,Male,20,1991-03-05,0.00045,Single,0,,,Yes,55.0,2046-02-02,Entrepreneur with personel,39595.0,17664,No,0,,NA,1,Created
9396,2011-01-01,9396,Female,64,1947-06-23,0.00713,Married,1940,,2050-04-27,No,,,Permanent contract,27272.0,-24827,Yes,1,,NA,1,Created
17553,2011-06-23,9396,Female,65,1947-06-23,0.00713,Married,1940,,2050-04-27,No,,,Retired,19090.399999999998,-24827,Yes,1,,NA,1,Life event: Retired
9397,2011-01-01,9397,Female,26,1985-07-17,1.0,Married,1941,,2052-02-12,No,,,Permanent contract,37176.0,17363,Yes,1,31.0,2016-05-15,1,Created
17345,2011-05-11,9397,Female,26,1985-07-17,1.0,Married,1941,,2052-02-12,No,,,Permanent contract,37176.0,17363,Yes,1,31,2016-05-15,0,Life event: Deceased
9398,2011-01-01,9398,Female,53,1958-08-30,0.00312,Married,1942,,2038-02-14,No,,,Flexible contract,9210.0,34311,Yes,1,,NA,1,Created
9399,2011-01-01,9399,Female,63,1948-05-31,0.00672,Divorced,0,,,Yes,,,Permanent contract,48776.0,286623,Yes,0,,NA,1,Created
18804,2012-05-31,9399,Female,65,1948-05-31,0.00672,Divorced,0,,,Yes,,,Retired,34143.2,286623,Yes,0,,NA,1,Life event: Retired
18805,2012-06-01,9399,Female,65,1948-05-31,0.00672,Divorced,0,,,Yes,,,Retired,34143.2,286623,Yes,0,,NA,0,Life event: Deceased
9400,2011-01-01,9400,Female,13,1998-10-15,0.00011999999999999999,Single,0,,,Yes,34.0,2032-09-28,Child,0.0,0,No,0,36.0,2034-08-02,1,Created
9401,2011-01-01,9401,Female,30,1981-04-11,0.00027,Married,1943,,2048-11-04,Yes,,,Entrepreneur without personnel,31072.0,124135,No,1,31.0,2012-11-24,1,Created
19271,2012-11-24,9401,Female,32,1981-04-11,0.00027,Married,1943,,2048-11-04,Yes,,,Entrepreneur without personnel,31072.0,124135,No,1,31,2012-11-24,1,Life event: Children born
9402,2011-01-01,9402,Male,46,1965-12-13,0.00172,Married,1886,,2051-08-01,No,,,Entrepreneur without personnel,45585.0,348580,No,2,,NA,1,Created
9403,2011-01-01,9403,Male,66,1945-03-20,0.01401,Married,1887,,2011-01-26,Yes,,,Permanent contract,9986.0,-29395,Yes,1,,NA,1,Created
16807,2011-01-26,9403,Male,66,1945-03-20,0.01401,Divorced,1887,,2011-01-26,Yes,,,Permanent contract,9986.0,-29395,Yes,1,,NA,1,Life event: Divorced
17096,2011-03-20,9403,Male,67,1945-03-20,0.01401,Divorced,1887,,2011-01-26,Yes,,,Retired,6990.2,-29395,Yes,1,,NA,1,Life event: Retired
9404,2011-01-01,9404,Male,59,1952-03-31,0.00717,Married,1888,,2031-12-27,Yes,,,Permanent contract,45077.0,76763,No,1,,NA,1,Created
9405,2011-01-01,9405,Female,23,1988-09-22,0.0001,Single,0,,,Yes,46.0,2034-06-22,Permanent contract,32195.0,320769,Yes,0,29.0,2017-01-21,1,Created
9406,2011-01-01,9406,Male,2,2009-03-31,0.00021,Single,0,,,Yes,31.0,2040-05-21,Child,0.0,0,Yes,0,,NA,1,Created
9407,2011-01-01,9407,Female,49,1962-04-27,0.00193,Single,0,,,Yes,27.0,,Permanent contract,7894.0,157618,Yes,0,,NA,1,Created
9408,2011-01-01,9408,Male,49,1962-01-23,0.00242,Married,1889,,2020-05-21,No,,,Permanent contract,18173.0,5948,Yes,2,,NA,1,Created
9409,2011-01-01,9409,Female,62,1949-07-16,0.0057399999999999994,Married,1944,,2060-09-19,No,,,Permanent contract,26688.0,-15807,Yes,1,,NA,1,Created
9410,2011-01-01,9410,Male,35,1976-12-06,0.00055,Single,0,,,Yes,27.0,,Permanent contract,16221.0,470216,Yes,0,,NA,1,Created
9411,2011-01-01,9411,Female,3,2008-07-30,0.00013000000000000002,Single,0,,,Yes,22.0,2030-10-01,Child,0.0,0,No,0,35.0,2043-07-07,1,Created
9412,2011-01-01,9412,Male,74,1937-07-03,0.0295,Married,1890,,2025-06-13,Yes,,,Retired,35864.0,31382,No,1,,NA,1,Created
9413,2011-01-01,9413,Female,58,1953-09-27,0.00448,Married,1945,,2049-12-24,No,,,Permanent contract,4700.0,1870,Yes,1,,NA,1,Created
9414,2011-01-01,9414,Female,47,1964-02-25,0.00168,Married,1946,,2055-10-27,No,,,Entrepreneur without personnel,7672.0,1885,No,2,,NA,1,Created
17595,2011-07-02,9414,Female,48,1964-02-25,0.00168,Widowed,1946,,2055-10-27,No,,,Entrepreneur without personnel,7672.0,1885,No,2,,NA,1,Life event: Widowed
9415,2011-01-01,9415,Male,20,1991-06-23,0.00045,Single,0,,,Yes,20.0,2011-09-28,Permanent contract,27951.0,303215,Yes,0,,NA,1,Created
17982,2011-09-28,9415,Male,21,1991-06-23,0.00045,Married,3457,15,2026-01-11,Yes,20,2011-09-28,Permanent contract,27951.0,303215,Yes,0,,NA,1,Life event: Married
9416,2011-01-01,9416,Female,47,1964-09-07,0.00168,Divorced,0,,,No,,,Permanent contract,22381.0,309929,Yes,0,,NA,1,Created
9417,2011-01-01,9417,Female,64,1947-04-30,0.00713,Single,0,,,Yes,25.0,,Permanent contract,28092.0,43626,No,0,,NA,1,Created
17273,2011-04-30,9417,Female,65,1947-04-30,0.00713,Single,0,,,Yes,25,,Retired,19664.399999999998,43626,No,0,,NA,1,Life event: Retired
9418,2011-01-01,9418,Male,9,2002-01-11,0.00014,Single,0,,,Yes,43.0,2045-12-10,Child,0.0,0,No,0,,NA,1,Created
9419,2011-01-01,9419,Male,60,1951-08-09,0.006840000000000001,Married,1891,,2040-02-17,Yes,,,Permanent contract,1949.0,8823,Yes,2,,NA,1,Created
9420,2011-01-01,9420,Male,15,1996-11-17,0.00015,Single,0,,,No,,,Child,0.0,0,Yes,0,,NA,1,Created
9421,2011-01-01,9421,Male,25,1986-06-23,0.00033999999999999997,Single,0,,,Yes,34.0,2020-11-14,Permanent contract,33231.0,49264,Yes,0,,NA,1,Created
9422,2011-01-01,9422,Female,39,1972-05-17,0.00074,Married,1947,,2016-12-13,No,,,Permanent contract,33708.0,3383,No,1,,NA,1,Created
9423,2011-01-01,9423,Female,30,1981-06-07,0.00027,Single,0,,,No,,,Permanent contract,192598.0,-25401,Yes,0,32.0,2013-05-04,1,Created
9424,2011-01-01,9424,Female,55,1956-10-24,0.00372,Married,1948,,2048-03-21,Yes,,,Permanent contract,11851.0,19280,Yes,1,,NA,1,Created
9425,2011-01-01,9425,Female,67,1944-02-06,0.00974,Married,1949,,2046-06-08,Yes,,,Permanent contract,50620.0,36396,Yes,2,,NA,1,Created
16859,2011-02-06,9425,Female,68,1944-02-06,0.00974,Married,1949,,2046-06-08,Yes,,,Retired,35434.0,36396,Yes,2,,NA,1,Life event: Retired
9426,2011-01-01,9426,Male,69,1942-07-03,0.01804,Married,1892,,2039-11-20,No,,,Retired,81828.0,7115,No,2,,NA,1,Created
9427,2011-01-01,9427,Female,69,1942-01-19,0.0108,Married,1950,,2059-01-22,No,,,Retired,10653.0,-4600,Yes,1,,NA,1,Created
9428,2011-01-01,9428,Male,53,1958-11-12,0.0033299999999999996,Married,1893,,2041-12-22,Yes,,,Permanent contract,21478.0,55062,No,2,,NA,1,Created
9429,2011-01-01,9429,Female,1,2010-12-31,0.00033999999999999997,Single,0,,,No,,,Child,0.0,0,Yes,0,28.0,2038-10-13,1,Created
9430,2011-01-01,9430,Male,81,1930-12-05,0.06966,Married,1894,,2027-05-17,Yes,,,Retired,46997.0,195,No,1,,NA,1,Created
18764,2012-05-19,9430,Male,82,1930-12-05,0.06966,Married,1894,,2027-05-17,Yes,,,Retired,46997.0,195,No,1,,NA,0,Life event: Deceased
9431,2011-01-01,9431,Male,53,1958-08-25,0.0033299999999999996,Married,1895,,2060-12-14,Yes,,,Entrepreneur without personnel,41204.0,187829,Yes,1,,NA,1,Created
9432,2011-01-01,9432,Female,22,1989-05-08,0.00023999999999999998,Single,0,,,Yes,41.0,2030-09-08,Entrepreneur without personnel,13765.0,-15688,Yes,0,27.0,2016-08-15,1,Created
9433,2011-01-01,9433,Male,40,1971-01-21,0.0009400000000000001,Married,1896,,2036-12-13,No,,,Permanent contract,31803.0,3988235,Yes,2,,NA,1,Created
9434,2011-01-01,9434,Male,62,1949-06-17,0.008409999999999999,Divorced,0,,,Yes,,,Permanent contract,6419.0,37422,No,0,,NA,1,Created
9435,2011-01-01,9435,Male,33,1978-10-23,0.00047999999999999996,Married,1897,,2023-01-07,No,,,Permanent contract,26788.0,453002,No,2,,NA,1,Created
9436,2011-01-01,9436,Female,13,1998-04-04,0.00011999999999999999,Single,0,,,No,,,Child,0.0,0,Yes,0,34.0,2032-09-02,1,Created
9437,2011-01-01,9437,Male,24,1987-09-01,0.00047999999999999996,Single,0,,,Yes,38.0,2025-05-20,Permanent contract,39353.0,-29267,Yes,0,,NA,1,Created
9438,2011-01-01,9438,Female,59,1952-04-30,0.00479,Married,1951,,2014-05-23,Yes,,,Permanent contract,2577.0,426587,Yes,1,,NA,1,Created
9439,2011-01-01,9439,Female,7,2004-12-24,7e-05,Single,0,,,No,,,Child,0.0,0,Yes,0,27.0,2031-02-13,1,Created
9440,2011-01-01,9440,Female,54,1957-09-02,0.00313,Married,1952,,2049-05-09,No,,,Flexible contract,39685.0,130535,No,2,,NA,1,Created
9441,2011-01-01,9441,Male,47,1964-08-16,0.00186,Single,0,,,Yes,27.0,,Permanent contract,22350.0,235161,Yes,0,,NA,1,Created
9442,2011-01-01,9442,Female,60,1951-05-07,0.00541,Married,1953,,2056-07-31,No,,,Entrepreneur with personel,30227.0,8502,Yes,2,,NA,1,Created
9443,2011-01-01,9443,Male,29,1982-07-24,0.0005200000000000001,Married,1898,,2030-08-01,No,,,Permanent contract,4951.0,-471,No,1,,NA,1,Created
9444,2011-01-01,9444,Male,29,1982-07-18,0.0005200000000000001,Single,0,,,No,,,Flexible contract,156850.0,-16509,No,0,,NA,1,Created
9445,2011-01-01,9445,Male,67,1944-11-18,0.01396,Divorced,0,,,Yes,,,Entrepreneur without personnel,33103.0,520816,No,0,,NA,1,Created
18199,2011-11-18,9445,Male,68,1944-11-18,0.01396,Divorced,0,,,Yes,,,Retired,23172.1,520816,No,0,,NA,1,Life event: Retired
9446,2011-01-01,9446,Female,28,1983-01-03,0.00025,Single,0,,,No,,,Entrepreneur with personel,16167.0,129742,No,0,,NA,1,Created
9447,2011-01-01,9447,Male,78,1933-05-21,0.04668,Married,1899,,2059-11-25,Yes,,,Retired,21105.0,3042648,Yes,2,,NA,1,Created
9448,2011-01-01,9448,Female,6,2005-03-18,8e-05,Single,0,,,No,,,Child,0.0,0,Yes,0,32.0,2037-07-05,1,Created
9449,2011-01-01,9449,Male,73,1938-11-10,0.0262,Divorced,0,,,Yes,,,Retired,39644.0,52518,Yes,0,,NA,1,Created
9450,2011-01-01,9450,Male,34,1977-10-25,0.00067,Married,1900,,2020-07-13,Yes,,,Flexible contract,6881.0,2782,Yes,1,,NA,1,Created
9451,2011-01-01,9451,Male,38,1973-05-10,0.0009599999999999999,Married,1901,,2066-01-10,No,,,Permanent contract,11160.0,101184,No,3,,NA,1,Created
9452,2011-01-01,9452,Female,36,1975-03-12,0.00049,Married,1954,,2022-01-21,No,,,Entrepreneur without personnel,8819.0,50367,No,1,39.0,2014-06-13,1,Created
9453,2011-01-01,9453,Male,12,1999-06-09,0.00011,Single,0,,,Yes,44.0,2043-12-14,Child,0.0,0,No,0,,NA,1,Created
9454,2011-01-01,9454,Female,64,1947-07-29,0.00713,Married,1955,,2029-12-10,No,,,Entrepreneur without personnel,29679.0,18599,No,1,,NA,1,Created
17716,2011-07-29,9454,Female,65,1947-07-29,0.00713,Married,1955,,2029-12-10,No,,,Retired,20775.3,18599,No,1,,NA,1,Life event: Retired
9455,2011-01-01,9455,Male,80,1931-01-10,0.05987000000000001,Married,1902,,2062-03-17,Yes,,,Retired,13129.0,1055,No,3,,NA,1,Created
9456,2011-01-01,9456,Male,33,1978-01-05,0.00047999999999999996,Single,0,,,Yes,35.0,2013-02-03,Flexible contract,18133.0,58178,Yes,0,,NA,1,Created
9457,2011-01-01,9457,Female,1,2010-07-21,0.00033999999999999997,Single,0,,,No,,,Child,0.0,0,No,0,23.0,2033-08-11,1,Created
9458,2011-01-01,9458,Female,22,1989-05-09,0.00023999999999999998,Single,0,,,No,,,Permanent contract,29031.0,-25247,Yes,0,38.0,2027-05-01,1,Created
9459,2011-01-01,9459,Female,34,1977-01-28,0.00037,Single,0,,,Yes,39.0,2016-01-21,Permanent contract,339.0,1274626,Yes,0,,NA,1,Created
9460,2011-01-01,9460,Male,55,1956-06-26,0.00419,Married,1903,,2020-11-21,No,,,Permanent contract,3350.0,7752,Yes,1,,NA,1,Created
9461,2011-01-01,9461,Female,53,1958-07-31,0.00312,Married,1956,,2045-12-13,Yes,,,Permanent contract,19565.0,4483,No,3,,NA,1,Created
9462,2011-01-01,9462,Female,64,1947-06-15,0.00713,Married,1957,,2046-10-14,Yes,,,Flexible contract,94738.0,9021,Yes,3,,NA,1,Created
17515,2011-06-15,9462,Female,65,1947-06-15,0.00713,Married,1957,,2046-10-14,Yes,,,Retired,66316.59999999999,9021,Yes,3,,NA,1,Life event: Retired
9463,2011-01-01,9463,Male,34,1977-11-16,0.00067,Married,1904,,2041-05-16,No,,,Permanent contract,1336.0,425421,Yes,2,,NA,1,Created
9464,2011-01-01,9464,Female,46,1965-03-03,0.00134,Married,1958,,2012-10-21,Yes,,,Permanent contract,16531.0,2693,No,1,,NA,1,Created
19179,2012-10-21,9464,Female,48,1965-03-03,0.00134,Divorced,1958,,2012-10-21,Yes,,,Permanent contract,16531.0,2693,No,1,,NA,1,Life event: Divorced
9465,2011-01-01,9465,Male,13,1998-07-21,0.00014,Single,0,,,Yes,55.0,2053-08-21,Child,0.0,0,Yes,0,,NA,1,Created
9466,2011-01-01,9466,Female,23,1988-02-13,0.0001,Single,0,,,No,,,Permanent contract,15607.0,473986,No,0,29.0,2017-12-02,1,Created
9467,2011-01-01,9467,Male,58,1953-10-31,0.00603,Married,1905,,2048-07-02,Yes,,,Permanent contract,19021.0,394502,No,3,,NA,1,Created
9468,2011-01-01,9468,Female,43,1968-06-29,0.0009699999999999999,Married,1959,,2013-05-21,No,,,Permanent contract,13812.0,279,No,2,,NA,1,Created
9469,2011-01-01,9469,Female,91,1920-03-21,0.14715,Widowed,0,,,Yes,,,Retired,12601.0,154893,Yes,0,,NA,1,Created
9470,2011-01-01,9470,Female,56,1955-03-08,0.0041,Married,1960,,2042-12-09,No,,,Permanent contract,65569.0,77020,No,1,,NA,1,Created
9471,2011-01-01,9471,Female,43,1968-06-03,0.0009699999999999999,Married,1961,,2021-02-03,No,,,Entrepreneur with personel,8704.0,-49200,Yes,2,,NA,1,Created
9472,2011-01-01,9472,Male,57,1954-08-08,0.00572,Married,1906,,2039-12-22,Yes,,,Flexible contract,6957.0,89526,Yes,2,,NA,1,Created
17680,2011-07-19,9472,Male,57,1954-08-08,0.00572,Widowed,1906,,2039-12-22,Yes,,,Flexible contract,6957.0,89526,Yes,2,,NA,1,Life event: Widowed
9473,2011-01-01,9473,Male,48,1963-05-12,0.0021100000000000003,Married,1907,,2027-07-05,No,,,Unemployed,1402.0,1016,No,2,,NA,1,Created
9474,2011-01-01,9474,Female,59,1952-02-16,0.00479,Married,1962,,2051-04-27,No,,,Flexible contract,48880.0,437692,No,2,,NA,1,Created
9475,2011-01-01,9475,Male,50,1961-02-20,0.00257,Married,1908,,2017-01-12,Yes,,,Permanent contract,20127.0,19805,Yes,1,,NA,1,Created
9476,2011-01-01,9476,Female,57,1954-11-08,0.00387,Married,1963,,2036-02-08,Yes,,,Entrepreneur without personnel,29275.0,-47506,No,1,,NA,1,Created
9477,2011-01-01,9477,Male,40,1971-12-22,0.0009400000000000001,Married,1909,,2049-07-05,No,,,Flexible contract,36637.0,88231,Yes,3,,NA,1,Created
9478,2011-01-01,9478,Male,55,1956-07-04,0.00419,Single,0,,,No,,,Flexible contract,8635.0,7458,Yes,0,,NA,1,Created
9479,2011-01-01,9479,Female,6,2005-12-28,8e-05,Single,0,,,No,,,Child,0.0,0,No,0,29.0,2034-01-31,1,Created
9480,2011-01-01,9480,Male,25,1986-04-07,0.00033999999999999997,Single,0,,,No,,,Permanent contract,20641.0,201310,Yes,0,,NA,1,Created
9481,2011-01-01,9481,Male,45,1966-04-30,0.0014199999999999998,Married,1910,,2024-11-02,No,,,Permanent contract,4358.0,564792,No,1,,NA,1,Created
9482,2011-01-01,9482,Female,60,1951-12-23,0.00541,Married,1964,,2012-09-28,No,,,Flexible contract,624.0,-31176,Yes,1,,NA,1,Created
19125,2012-09-28,9482,Female,61,1951-12-23,0.00541,Divorced,1964,,2012-09-28,No,,,Flexible contract,624.0,-31176,Yes,1,,NA,1,Life event: Divorced
9483,2011-01-01,9483,Female,37,1974-08-07,0.00057,Married,1965,,2026-01-19,No,,,Permanent contract,7034.0,18660,No,2,,NA,1,Created
9484,2011-01-01,9484,Female,14,1997-09-24,9e-05,Single,0,,,No,,,Child,0.0,0,No,0,33.0,2030-10-18,1,Created
9485,2011-01-01,9485,Female,76,1935-06-06,0.02337,Widowed,0,,,Yes,,,Retired,23025.0,471252,No,0,,NA,1,Created
9486,2011-01-01,9486,Female,30,1981-07-01,0.00027,Single,0,,,No,,,Permanent contract,1587.0,30866,No,0,,NA,1,Created
9487,2011-01-01,9487,Male,46,1965-08-23,0.00172,Single,0,,,No,,,Entrepreneur without personnel,30136.0,12580,No,0,,NA,1,Created
9488,2011-01-01,9488,Female,75,1936-03-17,0.01986,Married,1966,,2030-06-19,Yes,,,Retired,10427.0,362963,Yes,2,,NA,1,Created
9489,2011-01-01,9489,Female,43,1968-09-24,0.0009699999999999999,Divorced,0,,,Yes,,,Entrepreneur without personnel,5648.0,-38337,No,0,,NA,1,Created
9490,2011-01-01,9490,Male,86,1925-04-28,0.1126,Widowed,0,,,No,,,Retired,27510.0,26148,Yes,0,,NA,1,Created
18691,2012-04-22,9490,Male,87,1925-04-28,0.1126,Widowed,0,,,No,,,Retired,27510.0,26148,Yes,0,,NA,0,Life event: Deceased
9491,2011-01-01,9491,Male,11,2000-04-27,9e-05,Single,0,,,Yes,45.0,2045-06-29,Child,0.0,0,No,0,,NA,1,Created
9492,2011-01-01,9492,Male,60,1951-03-06,0.006840000000000001,Married,1911,,2071-02-27,Yes,,,Permanent contract,17341.0,-4007,Yes,1,,NA,1,Created
18192,2011-11-17,9492,Male,61,1951-03-06,0.006840000000000001,Widowed,1911,,2071-02-27,Yes,,,Permanent contract,17341.0,-4007,Yes,1,,NA,1,Life event: Widowed
9493,2011-01-01,9493,Male,34,1977-04-25,0.00067,Married,1912,,2020-11-01,Yes,,,Permanent contract,4994.0,387955,No,1,,NA,1,Created
9494,2011-01-01,9494,Male,46,1965-09-30,0.00172,Married,1913,,2047-04-09,No,,,Entrepreneur without personnel,39343.0,-26592,No,2,,NA,1,Created
9495,2011-01-01,9495,Male,59,1952-08-15,0.00717,Widowed,0,,,No,,,Permanent contract,83555.0,-41940,Yes,0,,NA,1,Created
9496,2011-01-01,9496,Female,56,1955-03-08,0.0041,Married,1967,,2015-05-08,Yes,,,Permanent contract,21909.0,230773,Yes,1,,NA,1,Created
9497,2011-01-01,9497,Male,6,2005-07-27,5.9999999999999995e-05,Single,0,,,No,,,Child,0.0,0,No,0,,NA,1,Created
9498,2011-01-01,9498,Female,57,1954-06-24,0.00387,Divorced,0,,,No,,,Permanent contract,14126.0,-1479,Yes,0,,NA,1,Created
9499,2011-01-01,9499,Male,43,1968-08-09,0.00103,Married,1914,,2045-02-03,No,,,Entrepreneur without personnel,4839.0,425538,No,1,,NA,1,Created
9500,2011-01-01,9500,Female,72,1939-05-02,0.01411,Widowed,0,,,No,,,Retired,27436.0,-23428,Yes,0,,NA,1,Created
9501,2011-01-01,9501,Female,54,1957-10-23,0.00313,Married,1968,,2030-07-11,Yes,,,Flexible contract,59395.0,223642,Yes,1,,NA,1,Created
9502,2011-01-01,9502,Female,30,1981-04-17,0.00027,Single,0,,,No,,,Flexible contract,1133.0,19308,No,0,,NA,1,Created
9503,2011-01-01,9503,Male,35,1976-03-22,0.00055,Married,1915,,2061-03-11,No,,,Unemployed,40411.0,194745,Yes,1,,NA,1,Created
9504,2011-01-01,9504,Female,78,1933-06-23,0.02817,Widowed,0,,,Yes,,,Retired,11922.0,120889,No,0,,NA,1,Created
9505,2011-01-01,9505,Male,61,1950-12-10,0.00747,Single,0,,,No,,,Permanent contract,37441.0,197075,Yes,0,,NA,1,Created
9506,2011-01-01,9506,Male,74,1937-06-27,0.0295,Widowed,0,,,No,,,Retired,91005.0,149,No,0,,NA,1,Created
9507,2011-01-01,9507,Male,31,1980-11-15,0.00041,Single,0,,,No,,,Permanent contract,22644.0,483137,Yes,0,,NA,1,Created
9508,2011-01-01,9508,Female,36,1975-06-30,0.00049,Married,1969,,2048-10-03,Yes,,,Unemployed,40237.0,217929,Yes,3,,NA,1,Created
9509,2011-01-01,9509,Male,7,2004-06-24,9e-05,Single,0,,,Yes,32.0,2036-05-31,Child,0.0,0,Yes,0,,NA,1,Created
9510,2011-01-01,9510,Male,1,2010-05-01,0.00056,Single,0,,,No,,,Child,0.0,0,No,0,,NA,1,Created
9511,2011-01-01,9511,Male,23,1988-06-20,0.00039,Single,0,,,Yes,38.0,2026-06-22,Entrepreneur with personel,29085.0,233370,Yes,0,,NA,1,Created
9512,2011-01-01,9512,Male,29,1982-11-28,0.0005200000000000001,Single,0,,,No,,,Flexible contract,17792.0,-1550,No,0,,NA,1,Created
9513,2011-01-01,9513,Female,44,1967-04-27,0.00107,Married,1970,,2051-11-12,No,,,Permanent contract,17697.0,-4112,No,2,,NA,1,Created
9514,2011-01-01,9514,Male,14,1997-07-18,0.00014,Single,0,,,No,,,Child,0.0,0,Yes,0,,NA,1,Created
9515,2011-01-01,9515,Male,50,1961-04-20,0.00257,Married,1916,,2061-01-21,No,,,Entrepreneur without personnel,11027.0,1556,Yes,2,,NA,1,Created
9516,2011-01-01,9516,Female,2,2009-03-16,0.00015,Single,0,,,Yes,43.0,2052-03-07,Child,0.0,0,No,0,24.0,2033-07-02,1,Created
9517,2011-01-01,9517,Male,25,1986-05-25,0.00033999999999999997,Divorced,0,,,No,,,Permanent contract,14741.0,82666,No,0,,NA,1,Created
9518,2011-01-01,9518,Female,49,1962-08-20,0.00193,Married,1971,,2021-03-14,Yes,,,Entrepreneur without personnel,3382.0,358081,Yes,1,,NA,1,Created
9519,2011-01-01,9519,Female,40,1971-07-24,0.0006900000000000001,Married,1972,,2054-01-09,No,,,Permanent contract,6945.0,3294,No,1,,NA,1,Created
9520,2011-01-01,9520,Female,12,1999-06-02,5e-05,Single,0,,,No,,,Child,0.0,0,No,0,31.0,2030-11-30,1,Created
9521,2011-01-01,9521,Male,1,2010-09-15,0.00056,Single,0,,,Yes,37.0,2047-03-22,Child,0.0,0,Yes,0,,NA,1,Created
9522,2011-01-01,9522,Female,21,1990-03-29,0.00016,Single,0,,,Yes,28.0,2018-02-07,Permanent contract,2940.0,-1687,No,0,29.0,2019-01-22,1,Created
9523,2011-01-01,9523,Male,3,2008-08-12,0.0002,Single,0,,,Yes,43.0,2051-08-21,Child,0.0,0,No,0,,NA,1,Created
9524,2011-01-01,9524,Male,60,1951-04-24,0.006840000000000001,Married,1917,,2025-02-11,Yes,,,Flexible contract,41249.0,98595,Yes,1,,NA,1,Created
9525,2011-01-01,9525,Male,40,1971-06-24,0.0009400000000000001,Single,0,,,Yes,25.0,,Permanent contract,13981.0,12639,Yes,0,,NA,1,Created
9526,2011-01-01,9526,Male,84,1927-10-13,0.09176000000000001,Married,1918,,2056-01-02,No,,,Retired,36917.0,68780,No,2,,NA,1,Created
9527,2011-01-01,9527,Female,27,1984-01-14,0.00025,Single,0,,,Yes,33.0,2017-04-30,Permanent contract,31989.0,4096980,No,0,,NA,1,Created
9528,2011-01-01,9528,Male,46,1965-05-02,0.00172,Single,0,,,Yes,34.0,,Permanent contract,77820.0,7654,No,0,,NA,1,Created
9529,2011-01-01,9529,Male,30,1981-03-24,0.00055,Single,0,,,No,,,Permanent contract,19715.0,-898,Yes,0,,NA,1,Created
9530,2011-01-01,9530,Male,58,1953-06-03,0.00603,Single,0,,,Yes,33.0,,Flexible contract,34804.0,88808,Yes,0,,NA,1,Created
9531,2011-01-01,9531,Female,65,1946-06-16,0.007559999999999999,Married,1973,,2017-11-30,No,,,Permanent contract,28748.0,13778,Yes,2,,NA,1,Created
17521,2011-06-16,9531,Female,66,1946-06-16,0.007559999999999999,Married,1973,,2017-11-30,No,,,Retired,20123.6,13778,Yes,2,,NA,1,Life event: Retired
9532,2011-01-01,9532,Female,51,1960-05-10,0.0023899999999999998,Married,1974,,2018-02-16,Yes,,,Permanent contract,21915.0,294879,Yes,3,,NA,1,Created
9533,2011-01-01,9533,Female,13,1998-12-18,0.00011999999999999999,Single,0,,,No,,,Child,0.0,0,Yes,0,32.0,2030-02-21,1,Created
9534,2011-01-01,9534,Female,61,1950-08-10,0.00562,Single,0,,,Yes,25.0,,Permanent contract,26192.0,2558,No,0,,NA,1,Created
9535,2011-01-01,9535,Female,9,2002-09-22,2.9999999999999997e-05,Single,0,,,No,,,Child,0.0,0,No,0,36.0,2038-11-22,1,Created
9536,2011-01-01,9536,Male,72,1939-05-17,0.02384,Married,1919,,2055-01-20,Yes,,,Retired,3396.0,5172,No,3,,NA,1,Created
9537,2011-01-01,9537,Male,10,2001-07-17,0.00011999999999999999,Single,0,,,Yes,30.0,2031-06-19,Child,0.0,0,No,0,,NA,1,Created
9538,2011-01-01,9538,Male,20,1991-03-22,0.00045,Single,0,,,No,,,Permanent contract,52891.0,2024,Yes,0,,NA,1,Created
9539,2011-01-01,9539,Male,11,2000-01-14,9e-05,Single,0,,,No,,,Child,0.0,0,No,0,,NA,1,Created
9540,2011-01-01,9540,Female,77,1934-06-10,0.0259,Married,1975,,2054-02-03,No,,,Retired,17021.0,8143,Yes,1,,NA,1,Created
9541,2011-01-01,9541,Female,70,1941-05-06,0.01252,Married,1976,,2013-04-09,No,,,Retired,14442.0,37021,Yes,3,,NA,1,Created
9542,2011-01-01,9542,Male,62,1949-08-16,0.008409999999999999,Divorced,0,,,Yes,,,Entrepreneur without personnel,154850.0,333975,No,0,,NA,1,Created
9543,2011-01-01,9543,Male,2,2009-12-26,0.00021,Single,0,,,No,,,Child,0.0,0,No,0,,NA,1,Created
9544,2011-01-01,9544,Female,68,1943-08-09,0.00983,Married,1977,,2013-03-05,Yes,,,Retired,66994.0,278120,Yes,3,,NA,1,Created
9545,2011-01-01,9545,Female,58,1953-05-16,0.00448,Married,1978,,2044-07-29,Yes,,,Permanent contract,11424.0,-36123,No,1,,NA,1,Created
9546,2011-01-01,9546,Female,53,1958-08-03,0.00312,Divorced,0,,,Yes,,,Permanent contract,60215.0,309573,No,0,,NA,1,Created
9547,2011-01-01,9547,Male,28,1983-12-24,0.00045,Single,0,,,Yes,34.0,2017-08-02,Permanent contract,109.0,542,No,0,,NA,1,Created
9548,2011-01-01,9548,Female,34,1977-03-26,0.00037,Single,0,,,Yes,42.0,2019-05-06,Flexible contract,19889.0,-21850,No,0,,NA,1,Created
9549,2011-01-01,9549,Female,41,1970-07-28,0.0007700000000000001,Married,1979,,2053-12-06,Yes,,,Permanent contract,23526.0,43033,Yes,1,,NA,1,Created
9550,2011-01-01,9550,Male,10,2001-10-14,0.00011999999999999999,Single,0,,,No,,,Child,0.0,0,No,0,,NA,1,Created
9551,2011-01-01,9551,Male,12,1999-08-24,0.00011,Single,0,,,Yes,25.0,2024-01-07,Child,0.0,0,No,0,,NA,1,Created
9552,2011-01-01,9552,Female,30,1981-11-08,0.00027,Single,0,,,No,,,Permanent contract,12367.0,48825,Yes,0,,NA,1,Created
9553,2011-01-01,9553,Female,10,2001-04-01,0.0001,Single,0,,,No,,,Child,0.0,0,No,0,32.0,2033-04-22,1,Created
9554,2011-01-01,9554,Female,40,1971-11-04,0.0006900000000000001,Married,1980,,2054-10-31,No,,,Permanent contract,66884.0,422117,No,1,,NA,1,Created
16931,2011-02-18,9554,Female,40,1971-11-04,0.0006900000000000001,Widowed,1980,,2054-10-31,No,,,Permanent contract,66884.0,422117,No,1,,NA,1,Life event: Widowed
9555,2011-01-01,9555,Male,43,1968-05-24,0.00103,Married,1920,,2022-03-24,Yes,,,Entrepreneur without personnel,62127.0,324502,No,2,,NA,1,Created
9556,2011-01-01,9556,Male,22,1989-07-29,0.00041,Single,0,,,No,,,Permanent contract,38090.0,-32555,Yes,0,,NA,1,Created
9557,2011-01-01,9557,Male,76,1935-04-26,0.0375,Married,1921,,2053-11-26,No,,,Retired,14397.0,35515,Yes,1,,NA,1,Created
9558,2011-01-01,9558,Female,20,1991-06-21,0.00018,Single,0,,,No,,,Entrepreneur without personnel,95855.0,459158,Yes,0,30.0,2021-09-29,1,Created
9559,2011-01-01,9559,Female,35,1976-04-13,0.00033999999999999997,Married,1981,,2032-07-06,Yes,,,Flexible contract,15588.0,712999,No,3,39.0,2015-12-22,1,Created
9560,2011-01-01,9560,Male,19,1992-08-24,0.00033,Single,0,,,Yes,37.0,2029-02-06,Flexible contract,29481.0,334908,No,0,,NA,1,Created
9561,2011-01-01,9561,Male,61,1950-10-19,0.00747,Married,1922,,2050-06-20,No,,,Entrepreneur without personnel,39725.0,15848,Yes,1,,NA,1,Created
9562,2011-01-01,9562,Male,102,1909-04-24,1.0,Widowed,0,,,Yes,,,Retired,3186.0,32514,No,0,,NA,1,Created
18613,2012-03-23,9562,Male,103,1909-04-24,1.0,Widowed,0,,,Yes,,,Retired,3186.0,32514,No,0,,NA,0,Life event: Deceased
9563,2011-01-01,9563,Female,37,1974-09-30,0.00057,Single,0,,,No,,,Permanent contract,38827.0,49415,Yes,0,,NA,1,Created
9564,2011-01-01,9564,Female,2,2009-06-13,0.00015,Single,0,,,Yes,20.0,2029-03-03,Child,0.0,0,No,0,27.0,2036-04-10,1,Created
9565,2011-01-01,9565,Male,34,1977-03-22,0.00067,Married,1923,,2020-03-23,Yes,,,Permanent contract,82974.0,65102,Yes,1,,NA,1,Created
9566,2011-01-01,9566,Female,105,1906-01-04,1.0,Widowed,0,,,No,,,Retired,32360.0,409678,Yes,0,,NA,1,Created
18792,2012-05-28,9566,Female,107,1906-01-04,1.0,Widowed,0,,,No,,,Retired,32360.0,409678,Yes,0,,NA,0,Life event: Deceased
9567,2011-01-01,9567,Male,51,1960-02-04,0.00301,Married,1924,,2013-08-06,Yes,,,Permanent contract,24116.0,246296,Yes,1,,NA,1,Created
9568,2011-01-01,9568,Female,56,1955-09-22,0.0041,Divorced,0,,,Yes,,,Permanent contract,7582.0,89311,Yes,0,,NA,1,Created
9569,2011-01-01,9569,Female,31,1980-06-20,0.00029,Single,0,,,Yes,38.0,2018-07-07,Permanent contract,55529.0,36517,No,0,,NA,1,Created
9570,2011-01-01,9570,Male,62,1949-05-04,0.008409999999999999,Married,1925,,2019-09-25,Yes,,,Permanent contract,90281.0,-4697,No,2,,NA,1,Created
9571,2011-01-01,9571,Female,40,1971-07-27,0.0006900000000000001,Single,0,,,No,,,Permanent contract,26626.0,-42159,Yes,0,,NA,1,Created
9572,2011-01-01,9572,Female,65,1946-05-11,0.007559999999999999,Married,1982,,2011-08-09,Yes,,,Permanent contract,10873.0,165865,No,2,,NA,1,Created
17347,2011-05-11,9572,Female,66,1946-05-11,0.007559999999999999,Married,1982,,2011-08-09,Yes,,,Retired,7611.099999999999,165865,No,2,,NA,1,Life event: Retired
17768,2011-08-09,9572,Female,66,1946-05-11,0.007559999999999999,Divorced,1982,,2011-08-09,Yes,,,Retired,7611.099999999999,165865,No,2,,NA,1,Life event: Divorced
9573,2011-01-01,9573,Female,61,1950-02-15,0.00562,Married,1983,,2057-03-23,No,,,Permanent contract,18081.0,1947,Yes,1,,NA,1,Created
9574,2011-01-01,9574,Female,38,1973-02-26,0.00063,Married,1984,,2021-02-18,No,,,Permanent contract,66192.0,10778,No,3,,NA,1,Created
9575,2011-01-01,9575,Male,63,1948-03-21,0.00945,Single,0,,,No,,,Family business,43944.0,-4681,No,0,,NA,1,Created
18608,2012-03-21,9575,Male,65,1948-03-21,0.00945,Single,0,,,No,,,Retired,30760.8,-4681,No,0,,NA,1,Life event: Retired
9576,2011-01-01,9576,Female,61,1950-06-02,0.00562,Widowed,0,,,Yes,,,Flexible contract,43148.0,1383,No,0,,NA,1,Created
9577,2011-01-01,9577,Female,34,1977-01-20,0.00037,Single,0,,,Yes,36.0,2013-09-08,Permanent contract,40777.0,144989,No,0,34.0,2011-12-02,1,Created
9578,2011-01-01,9578,Male,5,2006-10-03,9e-05,Single,0,,,No,,,Child,0.0,0,No,0,,NA,1,Created
9579,2011-01-01,9579,Male,23,1988-08-25,0.00039,Single,0,,,No,,,Permanent contract,13088.0,41164,No,0,,NA,1,Created
9580,2011-01-01,9580,Female,46,1965-01-08,0.00134,Married,1985,,2071-03-19,Yes,,,Permanent contract,49900.0,76181,Yes,1,,NA,1,Created
9581,2011-01-01,9581,Female,72,1939-12-10,0.01411,Married,1986,,2054-10-17,Yes,,,Retired,36522.0,5734,No,2,,NA,1,Created
9582,2011-01-01,9582,Male,46,1965-09-29,0.00172,Married,1926,,2011-05-18,No,,,Permanent contract,21179.0,139244,Yes,2,,NA,1,Created
17381,2011-05-18,9582,Male,46,1965-09-29,0.00172,Divorced,1926,,2011-05-18,No,,,Permanent contract,21179.0,139244,Yes,2,,NA,1,Life event: Divorced
9583,2011-01-01,9583,Female,53,1958-10-28,0.00312,Married,1987,,2048-01-09,Yes,,,Permanent contract,10600.0,-10135,Yes,1,,NA,1,Created
9584,2011-01-01,9584,Male,61,1950-08-05,0.00747,Married,1927,,2061-06-22,Yes,,,Entrepreneur without personnel,15605.0,367581,No,2,,NA,1,Created
9585,2011-01-01,9585,Male,42,1969-08-10,0.00128,Widowed,0,,,Yes,,,Permanent contract,13566.0,526,Yes,0,,NA,1,Created
9586,2011-01-01,9586,Male,0,2011-12-10,0.0036200000000000004,Single,0,,,Yes,25.0,2036-04-19,Child,0.0,0,No,0,,NA,1,Created
9587,2011-01-01,9587,Female,47,1964-11-02,0.00168,Divorced,0,,,No,,,Permanent contract,95764.0,-2324,Yes,0,,NA,1,Created
9588,2011-01-01,9588,Female,33,1978-09-05,0.00035,Single,0,,,Yes,22.0,,Entrepreneur without personnel,34791.0,4451,No,0,,NA,1,Created
9589,2011-01-01,9589,Female,62,1949-03-18,0.0057399999999999994,Widowed,0,,,No,,,Permanent contract,14013.0,647,Yes,0,,NA,1,Created
9590,2011-01-01,9590,Male,76,1935-11-29,0.0375,Widowed,0,,,Yes,,,Retired,4512.0,623,Yes,0,,NA,1,Created
9591,2011-01-01,9591,Female,42,1969-04-23,0.001,Married,1988,,2021-08-30,Yes,,,Permanent contract,97049.0,-48297,Yes,2,,NA,1,Created
9592,2011-01-01,9592,Female,56,1955-09-30,0.0041,Widowed,0,,,No,,,Entrepreneur without personnel,64624.0,823,Yes,0,,NA,1,Created
9593,2011-01-01,9593,Female,68,1943-07-20,0.00983,Married,1989,,2033-05-23,No,,,Retired,12155.0,42983,Yes,2,,NA,1,Created
9594,2011-01-01,9594,Female,31,1980-07-28,0.00029,Single,0,,,Yes,31.0,2011-08-20,Unemployed,26287.0,85951,No,0,,NA,1,Created
17832,2011-08-20,9594,Female,32,1980-07-28,0.00029,Married,3454,15,2026-11-17,Yes,31,2011-08-20,Unemployed,26287.0,85951,No,0,,NA,1,Life event: Married
9595,2011-01-01,9595,Male,39,1972-06-14,0.0008699999999999999,Married,1928,,2011-01-15,No,,,Permanent contract,27335.0,175785,No,1,,NA,1,Created
16745,2011-01-15,9595,Male,39,1972-06-14,0.0008699999999999999,Divorced,1928,,2011-01-15,No,,,Permanent contract,27335.0,175785,No,1,,NA,1,Life event: Divorced
9596,2011-01-01,9596,Male,41,1970-06-23,0.0008900000000000001,Divorced,0,,,No,,,Permanent contract,16052.0,48933,Yes,0,,NA,1,Created
9597,2011-01-01,9597,Male,42,1969-08-02,0.00128,Single,0,,,Yes,28.0,,Permanent contract,6050.0,56254,No,0,,NA,1,Created
9598,2011-01-01,9598,Female,10,2001-05-06,0.0001,Single,0,,,Yes,28.0,2029-04-23,Child,0.0,0,No,0,38.0,2039-05-13,1,Created
9599,2011-01-01,9599,Female,38,1973-06-27,0.00063,Married,1990,,2035-08-09,No,,,Permanent contract,23224.0,188967,No,1,,NA,1,Created
9600,2011-01-01,9600,Female,35,1976-12-28,0.00033999999999999997,Married,1991,,2060-12-18,No,,,Permanent contract,24064.0,225512,Yes,1,,NA,1,Created
9601,2011-01-01,9601,Male,31,1980-08-18,0.00041,Single,0,,,No,,,Flexible contract,18269.0,32591,No,0,,NA,1,Created
9602,2011-01-01,9602,Male,60,1951-01-31,0.006840000000000001,Married,1929,,2050-06-18,No,,,Flexible contract,12739.0,-31136,Yes,2,,NA,1,Created
9603,2011-01-01,9603,Female,8,2003-11-27,2.9999999999999997e-05,Single,0,,,No,,,Child,0.0,0,No,0,20.0,2023-10-13,1,Created
9604,2011-01-01,9604,Male,35,1976-02-04,0.00055,Married,1930,,2029-03-28,Yes,,,Permanent contract,13919.0,727597,Yes,3,,NA,1,Created
9605,2011-01-01,9605,Male,42,1969-02-06,0.00128,Married,1931,,2050-09-26,No,,,Permanent contract,41036.0,-22809,No,2,,NA,1,Created
9606,2011-01-01,9606,Female,40,1971-06-22,0.0006900000000000001,Divorced,0,,,No,,,Permanent contract,45743.0,944364,No,0,,NA,1,Created
9607,2011-01-01,9607,Female,61,1950-07-15,0.00562,Married,1992,,2053-09-06,No,,,Entrepreneur without personnel,35410.0,94924,Yes,2,,NA,1,Created
9608,2011-01-01,9608,Female,15,1996-10-15,8e-05,Single,0,,,No,,,Child,0.0,0,No,0,37.0,2033-05-02,1,Created
9609,2011-01-01,9609,Female,63,1948-11-08,0.00672,Divorced,0,,,Yes,,,Permanent contract,8944.0,1280,Yes,0,,NA,1,Created
19227,2012-11-08,9609,Female,65,1948-11-08,0.00672,Divorced,0,,,Yes,,,Retired,6260.799999999999,1280,Yes,0,,NA,1,Life event: Retired
9610,2011-01-01,9610,Female,74,1937-05-14,0.0185,Married,1993,,2016-09-10,No,,,Retired,39894.0,484341,No,1,,NA,1,Created
9611,2011-01-01,9611,Female,47,1964-08-21,0.00168,Married,1994,,2011-03-02,No,,,Permanent contract,38870.0,62997,Yes,2,,NA,1,Created
17005,2011-03-02,9611,Female,47,1964-08-21,0.00168,Divorced,1994,,2011-03-02,No,,,Permanent contract,38870.0,62997,Yes,2,,NA,1,Life event: Divorced
9612,2011-01-01,9612,Male,38,1973-05-08,0.0009599999999999999,Single,0,,,No,,,Permanent contract,47712.0,342729,No,0,,NA,1,Created
9613,2011-01-01,9613,Male,14,1997-06-06,0.00014,Single,0,,,No,,,Child,0.0,0,Yes,0,,NA,1,Created
9614,2011-01-01,9614,Female,33,1978-12-25,0.00035,Single,0,,,No,,,Permanent contract,19377.0,950417,Yes,0,,NA,1,Created
9615,2011-01-01,9615,Male,60,1951-09-07,0.006840000000000001,Married,1932,,2027-06-28,No,,,Permanent contract,20105.0,5838,No,2,,NA,1,Created
9616,2011-01-01,9616,Female,70,1941-08-25,0.01252,Married,1995,,2054-05-13,Yes,,,Retired,26545.0,2573,Yes,3,,NA,1,Created
9617,2011-01-01,9617,Female,18,1993-09-01,0.00023999999999999998,Single,0,,,Yes,30.0,2023-02-11,Permanent contract,20545.0,8285,Yes,0,37.0,2030-07-29,1,Created
9618,2011-01-01,9618,Male,46,1965-03-24,0.00172,Married,1933,,2020-06-29,Yes,,,Permanent contract,20258.0,-29338,No,1,,NA,1,Created
9619,2011-01-01,9619,Male,59,1952-08-27,0.00717,Married,1934,,2053-01-31,Yes,,,Permanent contract,8577.0,66819,No,2,,NA,1,Created
9620,2011-01-01,9620,Male,57,1954-09-01,0.00572,Divorced,0,,,No,,,Entrepreneur with personel,29926.0,52396,Yes,0,,NA,1,Created
9621,2011-01-01,9621,Female,35,1976-05-23,0.00033999999999999997,Married,1996,,2023-09-26,Yes,,,Permanent contract,14336.0,851612,Yes,1,,NA,1,Created
9622,2011-01-01,9622,Female,62,1949-10-21,0.0057399999999999994,Married,1997,,2034-09-02,Yes,,,Permanent contract,36140.0,45690,Yes,3,,NA,1,Created
9623,2011-01-01,9623,Female,30,1981-03-16,0.00027,Single,0,,,Yes,20.0,,Family business,3806.0,24730,No,0,31.0,2012-07-08,1,Created
9624,2011-01-01,9624,Male,87,1924-03-25,0.12537,Widowed,0,,,No,,,Retired,24510.0,616,Yes,0,,NA,1,Created
9625,2011-01-01,9625,Male,55,1956-10-02,0.00419,Married,1935,,2012-08-18,Yes,,,Entrepreneur with personel,40731.0,-16506,Yes,2,,NA,1,Created
19023,2012-08-18,9625,Male,56,1956-10-02,0.00419,Divorced,1935,,2012-08-18,Yes,,,Entrepreneur with personel,40731.0,-16506,Yes,2,,NA,1,Life event: Divorced
9626,2011-01-01,9626,Male,3,2008-04-21,0.0002,Single,0,,,No,,,Child,0.0,0,Yes,0,,NA,1,Created
9627,2011-01-01,9627,Male,42,1969-09-14,0.00128,Married,1936,,2027-11-29,No,,,Permanent contract,2829.0,39899,Yes,2,,NA,1,Created
9628,2011-01-01,9628,Male,13,1998-07-24,0.00014,Single,0,,,Yes,28.0,2026-06-29,Child,0.0,0,No,0,,NA,1,Created
9629,2011-01-01,9629,Female,52,1959-02-10,0.00268,Single,0,,,Yes,28.0,,Entrepreneur with personel,28406.0,589467,Yes,0,,NA,1,Created
9630,2011-01-01,9630,Male,9,2002-03-04,0.00014,Single,0,,,Yes,22.0,2024-02-28,Child,0.0,0,Yes,0,,NA,1,Created
9631,2011-01-01,9631,Female,8,2003-02-12,2.9999999999999997e-05,Single,0,,,No,,,Child,0.0,0,No,0,36.0,2039-09-14,1,Created
9632,2011-01-01,9632,Female,37,1974-07-24,0.00057,Single,0,,,Yes,31.0,,Flexible contract,32028.0,68,No,0,,NA,1,Created
9633,2011-01-01,9633,Female,1,2010-02-21,0.00033999999999999997,Single,0,,,No,,,Child,0.0,0,No,0,20.0,2030-03-24,1,Created
9634,2011-01-01,9634,Male,14,1997-05-21,0.00014,Single,0,,,No,,,Child,0.0,0,No,0,,NA,1,Created
9635,2011-01-01,9635,Female,21,1990-10-24,0.00016,Single,0,,,Yes,32.0,2022-01-23,Permanent contract,12664.0,-15884,No,0,28.0,2018-07-22,1,Created
9636,2011-01-01,9636,Male,38,1973-03-10,0.0009599999999999999,Single,0,,,Yes,25.0,,Permanent contract,4475.0,5586,No,0,,NA,1,Created
9637,2011-01-01,9637,Male,63,1948-01-02,0.00945,Widowed,0,,,No,,,Permanent contract,2934.0,-22959,Yes,0,,NA,1,Created
18394,2012-01-02,9637,Male,65,1948-01-02,0.00945,Widowed,0,,,No,,,Retired,2053.7999999999997,-22959,Yes,0,,NA,1,Life event: Retired
9638,2011-01-01,9638,Female,26,1985-08-21,1.0,Married,1998,,2050-09-30,Yes,,,Flexible contract,27416.0,16473,Yes,2,,NA,1,Created
18816,2012-06-05,9638,Female,27,1985-08-21,1.0,Married,1998,,2050-09-30,Yes,,,Flexible contract,27416.0,16473,Yes,2,,NA,0,Life event: Deceased
9639,2011-01-01,9639,Female,15,1996-11-27,8e-05,Single,0,,,Yes,27.0,2023-02-18,Child,0.0,0,Yes,0,37.0,2033-03-17,1,Created
9640,2011-01-01,9640,Female,73,1938-06-24,0.01577,Married,1999,,2048-11-17,No,,,Retired,5724.0,260475,Yes,2,,NA,1,Created
9641,2011-01-01,9641,Female,46,1965-04-24,0.00134,Married,2000,,2042-02-11,Yes,,,Entrepreneur without personnel,55207.0,-20232,Yes,1,,NA,1,Created
9642,2011-01-01,9642,Female,40,1971-04-05,0.0006900000000000001,Single,0,,,No,,,Permanent contract,27924.0,187748,Yes,0,,NA,1,Created
9643,2011-01-01,9643,Male,26,1985-02-15,1.0,Single,0,,,No,,,Permanent contract,5769.0,1584,No,0,,NA,1,Created
9644,2011-01-01,9644,Male,44,1967-01-22,0.0013599999999999999,Married,1937,,2049-06-05,No,,,Flexible contract,14226.0,1551049,Yes,1,,NA,1,Created
9645,2011-01-01,9645,Male,8,2003-12-21,9e-05,Single,0,,,No,,,Child,0.0,0,No,0,,NA,1,Created
9646,2011-01-01,9646,Male,3,2008-12-13,0.0002,Single,0,,,No,,,Child,0.0,0,No,0,,NA,1,Created
9647,2011-01-01,9647,Female,40,1971-08-31,0.0006900000000000001,Married,2001,,2040-08-13,No,,,Permanent contract,7935.0,70950,Yes,2,,NA,1,Created
9648,2011-01-01,9648,Female,43,1968-02-05,0.0009699999999999999,Married,2002,,2021-06-19,Yes,,,Permanent contract,21979.0,4066549,No,1,,NA,1,Created
9649,2011-01-01,9649,Male,48,1963-10-17,0.0021100000000000003,Married,1938,,2055-03-05,Yes,,,Flexible contract,41403.0,-4750,Yes,2,,NA,1,Created
9650,2011-01-01,9650,Male,59,1952-03-23,0.00717,Divorced,0,,,Yes,,,Permanent contract,63278.0,622456,No,0,,NA,1,Created
9651,2011-01-01,9651,Female,49,1962-10-04,0.00193,Divorced,0,,,No,,,Flexible contract,19598.0,481717,Yes,0,,NA,1,Created
9652,2011-01-01,9652,Male,40,1971-07-31,0.0009400000000000001,Single,0,,,No,,,Permanent contract,21289.0,187781,No,0,,NA,1,Created
9653,2011-01-01,9653,Male,45,1966-02-04,0.0014199999999999998,Single,0,,,No,,,Entrepreneur with personel,15689.0,-22233,Yes,0,,NA,1,Created
9654,2011-01-01,9654,Female,58,1953-05-06,0.00448,Married,2003,,2054-05-12,Yes,,,Flexible contract,49935.0,941,Yes,3,,NA,1,Created
9655,2011-01-01,9655,Male,37,1974-12-23,0.00082,Single,0,,,No,,,Entrepreneur without personnel,33538.0,439276,No,0,,NA,1,Created
9656,2011-01-01,9656,Male,94,1917-09-21,0.2512,Married,1939,,2027-03-31,Yes,,,Retired,20164.0,-11205,No,1,,NA,1,Created
18864,2012-06-20,9656,Male,95,1917-09-21,0.2512,Married,1939,,2027-03-31,Yes,,,Retired,20164.0,-11205,No,1,,NA,0,Life event: Deceased
9657,2011-01-01,9657,Male,77,1934-11-05,0.0418,Divorced,0,,,No,,,Retired,22112.0,65983,No,0,,NA,1,Created
9658,2011-01-01,9658,Female,63,1948-02-24,0.00672,Single,0,,,No,,,Permanent contract,13356.0,372295,Yes,0,,NA,1,Created
18545,2012-02-24,9658,Female,65,1948-02-24,0.00672,Single,0,,,No,,,Retired,9349.199999999999,372295,Yes,0,,NA,1,Life event: Retired
9659,2011-01-01,9659,Female,60,1951-09-28,0.00541,Married,2004,,2055-11-13,Yes,,,Permanent contract,78698.0,110488,Yes,2,,NA,1,Created
9660,2011-01-01,9660,Female,32,1979-03-24,0.00041,Married,2005,,2058-11-21,Yes,,,Permanent contract,56604.0,118587,No,3,,NA,1,Created
9661,2011-01-01,9661,Male,40,1971-05-21,0.0009400000000000001,Single,0,,,No,,,Entrepreneur without personnel,41526.0,951,No,0,,NA,1,Created
9662,2011-01-01,9662,Female,41,1970-07-30,0.0007700000000000001,Married,2006,,2032-09-07,No,,,Permanent contract,11296.0,126229,No,1,43.0,2013-05-20,1,Created
9663,2011-01-01,9663,Female,48,1963-07-04,0.0018800000000000002,Married,2007,,2012-09-03,Yes,,,Flexible contract,71549.0,153009,No,2,,NA,1,Created
19077,2012-09-03,9663,Female,50,1963-07-04,0.0018800000000000002,Divorced,2007,,2012-09-03,Yes,,,Flexible contract,71549.0,153009,No,2,,NA,1,Life event: Divorced
9664,2011-01-01,9664,Female,35,1976-11-06,0.00033999999999999997,Married,2008,,2035-05-14,No,,,Permanent contract,9189.0,217342,Yes,2,,NA,1,Created
9665,2011-01-01,9665,Male,33,1978-11-02,0.00047999999999999996,Married,1940,,2050-04-27,Yes,,,Flexible contract,13792.0,76823,Yes,1,,NA,1,Created
9666,2011-01-01,9666,Female,5,2006-03-02,4e-05,Single,0,,,No,,,Child,0.0,0,Yes,0,39.0,2045-12-02,1,Created
9667,2011-01-01,9667,Male,69,1942-08-06,0.01804,Married,1941,,2052-02-12,No,,,Retired,20794.0,-1964,Yes,1,,NA,1,Created
17346,2011-05-11,9667,Male,69,1942-08-06,0.01804,Widowed,1941,,2052-02-12,No,,,Retired,20794.0,-1964,Yes,1,,NA,1,Life event: Widowed
9668,2011-01-01,9668,Male,80,1931-02-06,0.05987000000000001,Widowed,0,,,Yes,,,Retired,1469.0,26790,No,0,,NA,1,Created
18580,2012-03-09,9668,Male,82,1931-02-06,0.05987000000000001,Widowed,0,,,Yes,,,Retired,1469.0,26790,No,0,,NA,0,Life event: Deceased
9669,2011-01-01,9669,Male,36,1975-01-18,0.0006,Married,1942,,2038-02-14,No,,,Entrepreneur with personel,19914.0,180846,Yes,1,,NA,1,Created
9670,2011-01-01,9670,Male,10,2001-08-03,0.00011999999999999999,Single,0,,,No,,,Child,0.0,0,No,0,,NA,1,Created
9671,2011-01-01,9671,Female,43,1968-08-26,0.0009699999999999999,Married,2009,,2062-11-03,Yes,,,Entrepreneur without personnel,22075.0,258666,Yes,3,,NA,1,Created
9672,2011-01-01,9672,Female,5,2006-07-02,4e-05,Single,0,,,Yes,49.0,2055-08-30,Child,0.0,0,No,0,34.0,2040-07-13,1,Created
9673,2011-01-01,9673,Female,2,2009-07-01,0.00015,Single,0,,,Yes,41.0,2050-11-25,Child,0.0,0,Yes,0,36.0,2045-11-21,1,Created
9674,2011-01-01,9674,Female,30,1981-09-05,0.00027,Single,0,,,No,,,Permanent contract,42596.0,86343,No,0,31.0,2012-07-24,1,Created
9675,2011-01-01,9675,Male,21,1990-11-20,0.00045,Single,0,,,Yes,36.0,2026-12-11,Entrepreneur with personel,35784.0,230,Yes,0,,NA,1,Created
9676,2011-01-01,9676,Male,26,1985-07-31,1.0,Single,0,,,No,,,Unemployed,66784.0,456030,Yes,0,,NA,1,Created
19295,2012-12-05,9676,Male,28,1985-07-31,1.0,Single,0,,,No,,,Unemployed,66784.0,456030,Yes,0,,NA,0,Life event: Deceased
9677,2011-01-01,9677,Male,4,2007-02-10,0.00011,Single,0,,,Yes,42.0,2049-05-08,Child,0.0,0,Yes,0,,NA,1,Created
9678,2011-01-01,9678,Male,54,1957-01-01,0.00404,Divorced,0,,,Yes,,,Permanent contract,10329.0,3023,Yes,0,,NA,1,Created
9679,2011-01-01,9679,Female,77,1934-08-05,0.0259,Widowed,0,,,Yes,,,Retired,46708.0,4495,Yes,0,,NA,1,Created
9680,2011-01-01,9680,Female,46,1965-07-29,0.00134,Divorced,0,,,Yes,,,Entrepreneur without personnel,12217.0,629704,No,0,,NA,1,Created
9681,2011-01-01,9681,Female,71,1940-05-28,0.013009999999999999,Married,2010,,2025-06-07,Yes,,,Retired,46126.0,442005,Yes,3,,NA,1,Created
9682,2011-01-01,9682,Female,51,1960-11-20,0.0023899999999999998,Married,2011,,2055-04-10,No,,,Permanent contract,95869.0,431299,Yes,1,,NA,1,Created
9683,2011-01-01,9683,Female,65,1946-12-17,0.007559999999999999,Married,2012,,2049-12-06,No,,,Permanent contract,18913.0,57909,Yes,1,,NA,1,Created
18308,2011-12-17,9683,Female,66,1946-12-17,0.007559999999999999,Married,2012,,2049-12-06,No,,,Retired,13239.099999999999,57909,Yes,1,,NA,1,Life event: Retired
9684,2011-01-01,9684,Female,51,1960-04-14,0.0023899999999999998,Married,2013,,2056-08-31,No,,,Flexible contract,41756.0,9626,No,1,,NA,1,Created
9685,2011-01-01,9685,Female,41,1970-06-30,0.0007700000000000001,Single,0,,,Yes,25.0,,Permanent contract,83475.0,10984,Yes,0,,NA,1,Created
9686,2011-01-01,9686,Male,0,2011-12-19,0.0036200000000000004,Single,0,,,No,,,Child,0.0,0,No,0,,NA,1,Created
9687,2011-01-01,9687,Female,18,1993-11-30,0.00023999999999999998,Single,0,,,No,,,Entrepreneur without personnel,37832.0,-2076,Yes,0,39.0,2032-05-05,1,Created
9688,2011-01-01,9688,Male,65,1946-05-07,0.01141,Married,1943,,2048-11-04,Yes,,,Permanent contract,32656.0,137140,No,1,,NA,1,Created
17319,2011-05-07,9688,Male,66,1946-05-07,0.01141,Married,1943,,2048-11-04,Yes,,,Retired,22859.199999999997,137140,No,1,,NA,1,Life event: Retired
9689,2011-01-01,9689,Female,12,1999-02-02,5e-05,Single,0,,,Yes,38.0,2037-01-14,Child,0.0,0,No,0,31.0,2030-06-18,1,Created
9690,2011-01-01,9690,Female,9,2002-06-21,2.9999999999999997e-05,Single,0,,,No,,,Child,0.0,0,Yes,0,25.0,2027-12-04,1,Created
9691,2011-01-01,9691,Male,49,1962-01-11,0.00242,Married,1944,,2060-09-19,No,,,Permanent contract,19610.0,-4238,Yes,1,,NA,1,Created
9692,2011-01-01,9692,Female,44,1967-10-05,0.00107,Married,2014,,2048-03-01,Yes,,,Permanent contract,25594.0,165046,No,1,,NA,1,Created
9693,2011-01-01,9693,Male,75,1936-01-07,0.033710000000000004,Single,0,,,Yes,30.0,,Retired,23170.0,86969,Yes,0,,NA,1,Created
9694,2011-01-01,9694,Male,11,2000-03-15,9e-05,Single,0,,,No,,,Child,0.0,0,Yes,0,,NA,1,Created
9695,2011-01-01,9695,Female,18,1993-05-17,0.00023999999999999998,Single,0,,,Yes,29.0,2022-03-11,Unemployed,23036.0,1697167,Yes,0,34.0,2027-11-20,1,Created
9696,2011-01-01,9696,Female,2,2009-10-28,0.00015,Single,0,,,No,,,Child,0.0,0,No,0,23.0,2032-12-12,1,Created
9697,2011-01-01,9697,Male,21,1990-10-05,0.00045,Single,0,,,No,,,Permanent contract,10165.0,155305,Yes,0,,NA,1,Created
9698,2011-01-01,9698,Male,38,1973-07-27,0.0009599999999999999,Married,1945,,2049-12-24,Yes,,,Permanent contract,15393.0,2823,Yes,1,,NA,1,Created
9699,2011-01-01,9699,Male,8,2003-02-06,9e-05,Single,0,,,Yes,33.0,2036-03-16,Child,0.0,0,No,0,,NA,1,Created
9700,2011-01-01,9700,Female,16,1995-05-21,8e-05,Single,0,,,Yes,30.0,2025-12-11,Child,0.0,0,Yes,0,32.0,2027-07-16,1,Created
18770,2012-05-21,9700,Female,18,1995-05-21,8e-05,Single,0,,,Yes,23,2017-01-08,Entrepreneur with personel,30697.0,24192,Yes,0,32,2027-07-16,1,Life event: Adulthood
9701,2011-01-01,9701,Female,32,1979-04-26,0.00041,Single,0,,,Yes,28.0,,Flexible contract,23436.0,193519,Yes,0,35.0,2014-07-25,1,Created
9702,2011-01-01,9702,Male,40,1971-02-19,0.0009400000000000001,Single,0,,,No,,,Unemployed,1511.0,139144,No,0,,NA,1,Created
9703,2011-01-01,9703,Male,70,1941-07-24,0.01932,Married,1946,,2055-10-27,No,,,Retired,37845.0,34948,No,2,,NA,1,Created
17594,2011-07-02,9703,Male,70,1941-07-24,0.01932,Married,1946,,2055-10-27,No,,,Retired,37845.0,34948,No,2,,NA,0,Life event: Deceased
9704,2011-01-01,9704,Female,43,1968-09-07,0.0009699999999999999,Married,2015,,2024-03-28,No,,,Permanent contract,49533.0,64878,Yes,2,,NA,1,Created
9705,2011-01-01,9705,Male,74,1937-07-03,0.0295,Married,1947,,2016-12-13,Yes,,,Retired,49249.0,41543,No,1,,NA,1,Created
9706,2011-01-01,9706,Female,26,1985-02-02,1.0,Married,2016,,2019-07-17,Yes,,,Flexible contract,19310.0,11386,No,1,28.0,2013-04-26,1,Created
9707,2011-01-01,9707,Female,28,1983-11-14,0.00025,Married,2017,,2044-02-22,Yes,,,Permanent contract,7317.0,380040,Yes,2,29.0,2012-02-29,1,Created
18560,2012-02-29,9707,Female,29,1983-11-14,0.00025,Married,2017,,2044-02-22,Yes,,,Permanent contract,7317.0,380040,Yes,3,29,2012-02-29,1,Life event: Children born
9708,2011-01-01,9708,Male,60,1951-03-17,0.006840000000000001,Divorced,0,,,Yes,,,Permanent contract,13078.0,903,No,0,,NA,1,Created
9709,2011-01-01,9709,Female,47,1964-06-10,0.00168,Married,2018,,2028-08-21,Yes,,,Permanent contract,42444.0,65791,Yes,2,,NA,1,Created
9710,2011-01-01,9710,Female,15,1996-08-26,8e-05,Single,0,,,No,,,Child,0.0,0,Yes,0,28.0,2024-04-09,1,Created
9711,2011-01-01,9711,Female,15,1996-02-01,8e-05,Single,0,,,Yes,36.0,2032-05-17,Child,0.0,0,No,0,31.0,2027-02-18,1,Created
9712,2011-01-01,9712,Male,27,1984-05-25,0.00044,Married,1948,,2048-03-21,Yes,,,Permanent contract,44725.0,326098,Yes,1,,NA,1,Created
9713,2011-01-01,9713,Female,53,1958-12-21,0.00312,Divorced,0,,,No,,,Entrepreneur without personnel,22543.0,448221,No,0,,NA,1,Created
9714,2011-01-01,9714,Female,80,1931-10-28,0.03682,Married,2019,,2044-05-10,Yes,,,Retired,2385.0,30098,No,1,,NA,1,Created
9715,2011-01-01,9715,Female,63,1948-02-04,0.00672,Married,2020,,2031-02-22,Yes,,,Permanent contract,24227.0,320417,Yes,2,,NA,1,Created
18494,2012-02-04,9715,Female,65,1948-02-04,0.00672,Married,2020,,2031-02-22,Yes,,,Retired,16958.899999999998,320417,Yes,2,,NA,1,Life event: Retired
9716,2011-01-01,9716,Female,57,1954-04-19,0.00387,Single,0,,,No,,,Permanent contract,27347.0,-5208,No,0,,NA,1,Created
9717,2011-01-01,9717,Male,55,1956-05-19,0.00419,Married,1949,,2046-06-08,No,,,Flexible contract,360307.0,-40235,Yes,2,,NA,1,Created
9718,2011-01-01,9718,Male,20,1991-03-20,0.00045,Single,0,,,No,,,Permanent contract,43518.0,377474,No,0,,NA,1,Created
9719,2011-01-01,9719,Male,46,1965-12-28,0.00172,Married,1950,,2059-01-22,No,,,Permanent contract,10961.0,10346,Yes,1,,NA,1,Created
9720,2011-01-01,9720,Female,24,1987-05-27,0.00018999999999999998,Single,0,,,Yes,40.0,2027-10-09,Flexible contract,90788.0,54477,Yes,0,28.0,2015-03-14,1,Created
9721,2011-01-01,9721,Male,23,1988-10-23,0.00039,Single,0,,,Yes,45.0,2033-04-28,Permanent contract,995.0,656,Yes,0,,NA,1,Created
9722,2011-01-01,9722,Female,67,1944-08-07,0.00974,Widowed,0,,,No,,,Permanent contract,15768.0,-44568,No,0,,NA,1,Created
17755,2011-08-07,9722,Female,68,1944-08-07,0.00974,Widowed,0,,,No,,,Retired,11037.599999999999,-44568,No,0,,NA,1,Life event: Retired
9723,2011-01-01,9723,Male,22,1989-11-10,0.00041,Single,0,,,Yes,54.0,2043-05-16,Permanent contract,18502.0,31524,No,0,,NA,1,Created
9724,2011-01-01,9724,Female,48,1963-04-26,0.0018800000000000002,Single,0,,,No,,,Permanent contract,20115.0,122821,Yes,0,,NA,1,Created
9725,2011-01-01,9725,Male,48,1963-06-06,0.0021100000000000003,Married,1951,,2014-05-23,No,,,Permanent contract,7965.0,28948,Yes,1,,NA,1,Created
9726,2011-01-01,9726,Male,35,1976-12-17,0.00055,Single,0,,,No,,,Unemployed,163053.0,584907,No,0,,NA,1,Created
9727,2011-01-01,9727,Male,25,1986-11-30,0.00033999999999999997,Married,1952,,2049-05-09,Yes,,,Permanent contract,42329.0,-28238,No,2,,NA,1,Created
9728,2011-01-01,9728,Male,1,2010-02-16,0.00056,Single,0,,,Yes,25.0,2035-01-23,Child,0.0,0,Yes,0,,NA,1,Created
9729,2011-01-01,9729,Male,66,1945-11-27,0.01401,Married,1953,,2056-07-31,Yes,,,Permanent contract,35126.0,3708,Yes,2,,NA,1,Created
18224,2011-11-27,9729,Male,67,1945-11-27,0.01401,Married,1953,,2056-07-31,Yes,,,Retired,24588.199999999997,3708,Yes,2,,NA,1,Life event: Retired
9730,2011-01-01,9730,Male,24,1987-01-18,0.00047999999999999996,Single,0,,,Yes,35.0,2022-05-27,Permanent contract,27328.0,113,Yes,0,,NA,1,Created
9731,2011-01-01,9731,Male,37,1974-03-18,0.00082,Married,1954,,2022-01-21,Yes,,,Flexible contract,21459.0,20038,No,1,,NA,1,Created
9732,2011-01-01,9732,Female,18,1993-06-24,0.00023999999999999998,Single,0,,,No,,,Flexible contract,8290.0,314770,No,0,21.0,2014-05-04,1,Created
9733,2011-01-01,9733,Female,54,1957-01-12,0.00313,Divorced,0,,,No,,,Entrepreneur without personnel,21914.0,288794,Yes,0,,NA,1,Created
9734,2011-01-01,9734,Female,52,1959-02-10,0.00268,Divorced,0,,,No,,,Permanent contract,34770.0,11740,No,0,,NA,1,Created
9735,2011-01-01,9735,Male,38,1973-05-10,0.0009599999999999999,Single,0,,,No,,,Entrepreneur without personnel,23982.0,873246,Yes,0,,NA,1,Created
9736,2011-01-01,9736,Female,16,1995-03-21,8e-05,Single,0,,,Yes,26.0,2021-11-06,Child,0.0,0,No,0,34.0,2029-10-25,1,Created
18609,2012-03-21,9736,Female,18,1995-03-21,8e-05,Single,0,,,No,,,Permanent contract,22860.0,-10088,No,0,34,2029-10-25,1,Life event: Adulthood
9737,2011-01-01,9737,Female,24,1987-05-15,0.00018999999999999998,Single,0,,,Yes,42.0,2029-09-06,Permanent contract,40290.0,22325,No,0,31.0,2018-12-29,1,Created
9738,2011-01-01,9738,Female,61,1950-06-16,0.00562,Divorced,0,,,No,,,Permanent contract,42524.0,-19038,No,0,,NA,1,Created
9739,2011-01-01,9739,Male,29,1982-04-11,0.0005200000000000001,Single,0,,,No,,,Permanent contract,1197.0,207817,No,0,,NA,1,Created
9740,2011-01-01,9740,Female,16,1995-11-04,8e-05,Single,0,,,Yes,31.0,2026-06-24,Child,0.0,0,No,0,33.0,2028-10-18,1,Created
19215,2012-11-04,9740,Female,18,1995-11-04,8e-05,Single,0,,,Yes,48,2042-11-25,Entrepreneur without personnel,20574.0,-39786,No,0,33,2028-10-18,1,Life event: Adulthood
9741,2011-01-01,9741,Male,43,1968-11-01,0.00103,Married,1955,,2029-12-10,No,,,Permanent contract,4959.0,-30278,No,1,,NA,1,Created
9742,2011-01-01,9742,Male,43,1968-01-04,0.00103,Single,0,,,Yes,27.0,,Unemployed,24940.0,466463,Yes,0,,NA,1,Created
9743,2011-01-01,9743,Female,54,1957-04-09,0.00313,Married,2021,,2041-02-15,Yes,,,Permanent contract,46158.0,370443,No,2,,NA,1,Created
9744,2011-01-01,9744,Female,51,1960-06-30,0.0023899999999999998,Divorced,0,,,No,,,Flexible contract,8300.0,-33576,Yes,0,,NA,1,Created
9745,2011-01-01,9745,Female,61,1950-07-04,0.00562,Married,2022,,2034-11-02,Yes,,,Permanent contract,17401.0,36338,No,1,,NA,1,Created
9746,2011-01-01,9746,Male,66,1945-04-29,0.01401,Married,1956,,2045-12-13,Yes,,,Permanent contract,13433.0,342625,No,3,,NA,1,Created
17271,2011-04-29,9746,Male,67,1945-04-29,0.01401,Married,1956,,2045-12-13,Yes,,,Retired,9403.099999999999,342625,No,3,,NA,1,Life event: Retired
9747,2011-01-01,9747,Male,32,1979-01-10,0.00059,Divorced,0,,,Yes,,,Permanent contract,4723.0,4974,No,0,,NA,1,Created
9748,2011-01-01,9748,Female,54,1957-02-17,0.00313,Married,2023,,2022-01-31,No,,,Permanent contract,363.0,-2788,Yes,2,,NA,1,Created
9749,2011-01-01,9749,Female,0,2011-03-10,0.0028899999999999998,Single,0,,,Yes,28.0,2039-09-18,Child,0.0,0,No,0,34.0,2045-02-28,1,Created
9750,2011-01-01,9750,Male,35,1976-09-06,0.00055,Married,1957,,2046-10-14,No,,,Permanent contract,23129.0,2645,Yes,3,,NA,1,Created
9751,2011-01-01,9751,Female,30,1981-12-27,0.00027,Single,0,,,Yes,25.0,,Entrepreneur without personnel,84927.0,16691,No,0,,NA,1,Created
9752,2011-01-01,9752,Male,56,1955-07-28,0.0052,Single,0,,,No,,,Entrepreneur without personnel,13308.0,649469,No,0,,NA,1,Created
9753,2011-01-01,9753,Female,50,1961-07-02,0.00225,Married,2024,,2059-09-24,No,,,Permanent contract,10552.0,297018,Yes,2,,NA,1,Created
9754,2011-01-01,9754,Female,65,1946-09-11,0.007559999999999999,Married,2025,,2037-05-04,Yes,,,Permanent contract,86664.0,15201,No,1,,NA,1,Created
17911,2011-09-11,9754,Female,66,1946-09-11,0.007559999999999999,Married,2025,,2037-05-04,Yes,,,Retired,60664.799999999996,15201,No,1,,NA,1,Life event: Retired
9755,2011-01-01,9755,Female,8,2003-03-07,2.9999999999999997e-05,Single,0,,,No,,,Child,0.0,0,Yes,0,28.0,2031-11-05,1,Created
9756,2011-01-01,9756,Female,12,1999-06-12,5e-05,Single,0,,,No,,,Child,0.0,0,Yes,0,27.0,2026-01-30,1,Created
9757,2011-01-01,9757,Male,45,1966-10-13,0.0014199999999999998,Married,1958,,2012-10-21,Yes,,,Flexible contract,49438.0,16284,No,1,,NA,1,Created
19180,2012-10-21,9757,Male,47,1966-10-13,0.0014199999999999998,Divorced,1958,,2012-10-21,Yes,,,Flexible contract,49438.0,16284,No,1,,NA,1,Life event: Divorced
9758,2011-01-01,9758,Male,87,1924-09-21,0.12537,Widowed,0,,,No,,,Retired,5265.0,-19923,No,0,,NA,1,Created
9759,2011-01-01,9759,Male,62,1949-07-30,0.008409999999999999,Divorced,0,,,No,,,Flexible contract,17104.0,10320,No,0,,NA,1,Created
9760,2011-01-01,9760,Female,16,1995-08-26,8e-05,Single,0,,,Yes,45.0,2040-02-19,Child,0.0,0,Yes,0,30.0,2025-10-26,1,Created
19041,2012-08-26,9760,Female,18,1995-08-26,8e-05,Single,0,,,No,,,Permanent contract,28557.0,-884,Yes,0,30,2025-10-26,1,Life event: Adulthood
9761,2011-01-01,9761,Female,59,1952-08-12,0.00479,Divorced,0,,,Yes,,,Permanent contract,23598.0,-4107,No,0,,NA,1,Created
18866,2012-06-20,9761,Female,60,1952-08-12,0.00479,Divorced,0,,,Yes,,,Permanent contract,23598.0,-4107,No,0,,NA,0,Life event: Deceased
9762,2011-01-01,9762,Female,10,2001-10-15,0.0001,Single,0,,,Yes,54.0,2055-05-27,Child,0.0,0,Yes,0,29.0,2030-08-13,1,Created
9763,2011-01-01,9763,Male,25,1986-04-10,0.00033999999999999997,Single,0,,,No,,,Flexible contract,6320.0,274921,No,0,,NA,1,Created
9764,2011-01-01,9764,Female,67,1944-05-02,0.00974,Married,2026,,2054-05-29,No,,,Flexible contract,3087.0,738548,Yes,1,,NA,1,Created
17286,2011-05-02,9764,Female,68,1944-05-02,0.00974,Married,2026,,2054-05-29,No,,,Retired,2160.8999999999996,738548,Yes,1,,NA,1,Life event: Retired
9765,2011-01-01,9765,Female,60,1951-11-13,0.00541,Married,2027,,2050-12-10,Yes,,,Permanent contract,46326.0,412745,No,3,,NA,1,Created
9766,2011-01-01,9766,Female,3,2008-07-02,0.00013000000000000002,Single,0,,,No,,,Child,0.0,0,No,0,32.0,2040-11-15,1,Created
9767,2011-01-01,9767,Male,38,1973-11-05,0.0009599999999999999,Divorced,0,,,No,,,Permanent contract,22742.0,190311,No,0,,NA,1,Created
9768,2011-01-01,9768,Male,20,1991-11-11,0.00045,Single,0,,,Yes,40.0,2031-11-26,Family business,9059.0,104043,No,0,,NA,1,Created
9769,2011-01-01,9769,Male,46,1965-04-24,0.00172,Single,0,,,Yes,43.0,,Permanent contract,43740.0,526,No,0,,NA,1,Created
9770,2011-01-01,9770,Female,41,1970-06-11,0.0007700000000000001,Single,0,,,Yes,30.0,,Permanent contract,27137.0,593,Yes,0,,NA,1,Created
9771,2011-01-01,9771,Female,55,1956-01-17,0.00372,Single,0,,,No,,,Permanent contract,16936.0,-7352,Yes,0,,NA,1,Created
9772,2011-01-01,9772,Male,16,1995-10-29,0.00029,Single,0,,,Yes,30.0,2025-08-17,Child,0.0,0,Yes,0,,NA,1,Created
19200,2012-10-29,9772,Male,18,1995-10-29,0.00029,Single,0,,,No,,,Permanent contract,17745.0,19892,Yes,0,,NA,1,Life event: Adulthood
9773,2011-01-01,9773,Male,0,2011-05-03,0.0036200000000000004,Single,0,,,Yes,55.0,2066-04-13,Child,0.0,0,Yes,0,,NA,1,Created
9774,2011-01-01,9774,Male,29,1982-06-02,0.0005200000000000001,Single,0,,,No,,,Flexible contract,45295.0,803763,No,0,,NA,1,Created
9775,2011-01-01,9775,Male,27,1984-04-08,0.00044,Single,0,,,Yes,30.0,2014-04-17,Permanent contract,18865.0,-4236,No,0,,NA,1,Created
9776,2011-01-01,9776,Female,53,1958-08-24,0.00312,Married,2028,,2063-01-03,No,,,Permanent contract,7609.0,852,No,2,,NA,1,Created
9777,2011-01-01,9777,Male,20,1991-01-08,0.00045,Single,0,,,No,,,Permanent contract,37269.0,12541,Yes,0,,NA,1,Created
9778,2011-01-01,9778,Male,0,2011-03-12,0.0036200000000000004,Single,0,,,Yes,38.0,2049-05-30,Child,0.0,0,No,0,,NA,1,Created
9779,2011-01-01,9779,Male,40,1971-09-13,0.0009400000000000001,Married,1959,,2013-05-21,Yes,,,Permanent contract,12912.0,70642,No,2,,NA,1,Created
9780,2011-01-01,9780,Male,29,1982-08-26,0.0005200000000000001,Divorced,0,,,No,,,Permanent contract,38201.0,104180,No,0,,NA,1,Created
9781,2011-01-01,9781,Female,69,1942-05-04,0.0108,Widowed,0,,,Yes,,,Retired,9488.0,313307,Yes,0,,NA,1,Created
9782,2011-01-01,9782,Male,39,1972-11-23,0.0008699999999999999,Divorced,0,,,No,,,Permanent contract,20011.0,72062,Yes,0,,NA,1,Created
9783,2011-01-01,9783,Male,8,2003-11-02,9e-05,Single,0,,,No,,,Child,0.0,0,Yes,0,,NA,1,Created
9784,2011-01-01,9784,Female,70,1941-08-26,0.01252,Widowed,0,,,No,,,Retired,72446.0,495550,No,0,,NA,1,Created
9785,2011-01-01,9785,Female,71,1940-04-16,0.013009999999999999,Divorced,0,,,Yes,,,Retired,80502.0,207,No,0,,NA,1,Created
9786,2011-01-01,9786,Male,58,1953-06-13,0.00603,Married,1960,,2042-12-09,Yes,,,Permanent contract,14099.0,540,No,1,,NA,1,Created
9787,2011-01-01,9787,Female,29,1982-12-05,0.00032,Married,2029,,2056-12-20,No,,,Permanent contract,46800.0,688795,No,2,29.0,2011-09-25,1,Created
17975,2011-09-25,9787,Female,29,1982-12-05,0.00032,Married,2029,,2056-12-20,No,,,Permanent contract,46800.0,688795,No,1,29,2011-09-25,1,Life event: Children born
9788,2011-01-01,9788,Male,40,1971-08-21,0.0009400000000000001,Single,0,,,Yes,31.0,,Permanent contract,65586.0,293538,No,0,,NA,1,Created
9789,2011-01-01,9789,Male,17,1994-04-20,0.00022999999999999998,Single,0,,,Yes,50.0,2044-09-22,Child,0.0,0,No,0,,NA,1,Created
17240,2011-04-20,9789,Male,18,1994-04-20,0.00022999999999999998,Single,0,,,No,,,Permanent contract,93600.0,-19599,No,0,,NA,1,Life event: Adulthood
9790,2011-01-01,9790,Female,3,2008-09-13,0.00013000000000000002,Single,0,,,No,,,Child,0.0,0,Yes,0,26.0,2034-11-16,1,Created
9791,2011-01-01,9791,Female,28,1983-08-05,0.00025,Single,0,,,Yes,34.0,2017-04-07,Permanent contract,21650.0,2299,Yes,0,,NA,1,Created
9792,2011-01-01,9792,Male,32,1979-05-30,0.00059,Single,0,,,No,,,Entrepreneur without personnel,92275.0,9593,Yes,0,,NA,1,Created
9793,2011-01-01,9793,Male,64,1947-09-18,0.01097,Single,0,,,No,,,Entrepreneur without personnel,9723.0,866542,Yes,0,,NA,1,Created
17941,2011-09-18,9793,Male,65,1947-09-18,0.01097,Single,0,,,No,,,Retired,6806.099999999999,866542,Yes,0,,NA,1,Life event: Retired
9794,2011-01-01,9794,Male,20,1991-12-24,0.00045,Single,0,,,Yes,34.0,2025-09-15,Permanent contract,34053.0,-7366,No,0,,NA,1,Created
9795,2011-01-01,9795,Female,20,1991-11-10,0.00018,Single,0,,,Yes,30.0,2021-07-01,Flexible contract,14323.0,2625461,No,0,32.0,2023-09-01,1,Created
9796,2011-01-01,9796,Female,0,2011-12-22,0.0028899999999999998,Single,0,,,No,,,Child,0.0,0,No,0,38.0,2049-06-10,1,Created
9797,2011-01-01,9797,Male,47,1964-04-27,0.00186,Married,1961,,2021-02-03,Yes,,,Permanent contract,1067.0,3836,Yes,2,,NA,1,Created
9798,2011-01-01,9798,Female,39,1972-09-17,0.00074,Married,2030,,2033-09-25,Yes,,,Entrepreneur without personnel,9895.0,95,No,1,,NA,1,Created
9799,2011-01-01,9799,Male,25,1986-08-17,0.00033999999999999997,Married,1962,,2051-04-27,No,,,Permanent contract,3142.0,251168,No,2,,NA,1,Created
9800,2011-01-01,9800,Male,7,2004-09-29,9e-05,Single,0,,,Yes,30.0,2034-03-24,Child,0.0,0,Yes,0,,NA,1,Created
9801,2011-01-01,9801,Female,64,1947-05-02,0.00713,Married,2031,,2025-05-16,No,,,Flexible contract,4113.0,-6953,Yes,2,,NA,1,Created
17287,2011-05-02,9801,Female,65,1947-05-02,0.00713,Married,2031,,2025-05-16,No,,,Retired,2879.1,-6953,Yes,2,,NA,1,Life event: Retired
9802,2011-01-01,9802,Male,25,1986-02-20,0.00033999999999999997,Married,1963,,2036-02-08,No,,,Permanent contract,20567.0,-47690,No,1,,NA,1,Created
9803,2011-01-01,9803,Male,57,1954-06-16,0.00572,Married,1964,,2012-09-28,No,,,Flexible contract,854.0,1760,Yes,1,,NA,1,Created
19126,2012-09-28,9803,Male,59,1954-06-16,0.00572,Divorced,1964,,2012-09-28,No,,,Flexible contract,854.0,1760,Yes,1,,NA,1,Life event: Divorced
9804,2011-01-01,9804,Female,59,1952-03-27,0.00479,Widowed,0,,,No,,,Permanent contract,199.0,-42196,Yes,0,,NA,1,Created
9805,2011-01-01,9805,Male,14,1997-07-02,0.00014,Single,0,,,Yes,32.0,2029-08-12,Child,0.0,0,No,0,,NA,1,Created
9806,2011-01-01,9806,Female,39,1972-07-22,0.00074,Married,2032,,2018-09-25,No,,,Flexible contract,2483.0,2479638,Yes,2,,NA,1,Created
9807,2011-01-01,9807,Female,3,2008-03-30,0.00013000000000000002,Single,0,,,No,,,Child,0.0,0,No,0,33.0,2041-11-07,1,Created
9808,2011-01-01,9808,Female,66,1945-12-28,0.009040000000000001,Divorced,0,,,Yes,,,Permanent contract,85860.0,1328,Yes,0,,NA,1,Created
18378,2011-12-28,9808,Female,67,1945-12-28,0.009040000000000001,Divorced,0,,,Yes,,,Retired,60101.99999999999,1328,Yes,0,,NA,1,Life event: Retired
9809,2011-01-01,9809,Female,2,2009-12-05,0.00015,Single,0,,,Yes,43.0,2052-07-05,Child,0.0,0,Yes,0,22.0,2031-07-07,1,Created
9810,2011-01-01,9810,Male,18,1993-05-06,0.00032,Single,0,,,Yes,50.0,2043-10-25,Flexible contract,22326.0,48833,Yes,0,,NA,1,Created
9811,2011-01-01,9811,Female,9,2002-07-23,2.9999999999999997e-05,Single,0,,,Yes,25.0,2027-12-10,Child,0.0,0,Yes,0,37.0,2039-08-02,1,Created
9812,2011-01-01,9812,Male,39,1972-07-03,0.0008699999999999999,Single,0,,,Yes,35.0,,Flexible contract,39013.0,159952,Yes,0,,NA,1,Created
9813,2011-01-01,9813,Female,37,1974-02-25,0.00057,Divorced,0,,,No,,,Entrepreneur without personnel,5300.0,27148,No,0,37.0,2011-06-09,1,Created
9814,2011-01-01,9814,Male,18,1993-03-02,0.00032,Single,0,,,No,,,Permanent contract,8748.0,156822,No,0,,NA,1,Created
9815,2011-01-01,9815,Female,30,1981-06-25,0.00027,Married,2033,,2030-10-20,No,,,Permanent contract,25757.0,542,Yes,2,,NA,1,Created
9816,2011-01-01,9816,Male,51,1960-04-17,0.00301,Married,1965,,2026-01-19,Yes,,,Permanent contract,21088.0,1789,No,2,,NA,1,Created
9817,2011-01-01,9817,Male,63,1948-10-24,0.00945,Married,1966,,2030-06-19,No,,,Permanent contract,12096.0,135120,Yes,2,,NA,1,Created
19190,2012-10-24,9817,Male,65,1948-10-24,0.00945,Married,1966,,2030-06-19,No,,,Retired,8467.199999999999,135120,Yes,2,,NA,1,Life event: Retired
9818,2011-01-01,9818,Male,61,1950-06-02,0.00747,Married,1967,,2015-05-08,No,,,Flexible contract,45092.0,32030,Yes,1,,NA,1,Created
9819,2011-01-01,9819,Female,20,1991-04-02,0.00018,Single,0,,,Yes,26.0,2017-09-26,Permanent contract,10628.0,-30340,No,0,26.0,2017-06-27,1,Created
9820,2011-01-01,9820,Male,29,1982-12-16,0.0005200000000000001,Single,0,,,No,,,Flexible contract,99422.0,126665,Yes,0,,NA,1,Created
9821,2011-01-01,9821,Male,20,1991-06-19,0.00045,Single,0,,,Yes,25.0,2016-10-18,Permanent contract,31317.0,397022,No,0,,NA,1,Created
9822,2011-01-01,9822,Male,16,1995-01-06,0.00029,Single,0,,,Yes,27.0,2022-07-03,Child,0.0,0,No,0,,NA,1,Created
18404,2012-01-06,9822,Male,18,1995-01-06,0.00029,Single,0,,,Yes,30,2024-02-20,Permanent contract,61018.0,133058,No,0,,NA,1,Life event: Adulthood
9823,2011-01-01,9823,Female,25,1986-09-27,0.00022999999999999998,Divorced,0,,,Yes,,,Permanent contract,530.0,337425,No,0,33.0,2019-10-15,1,Created
9824,2011-01-01,9824,Female,54,1957-01-25,0.00313,Married,2034,,2021-10-17,No,,,Entrepreneur without personnel,12954.0,294284,No,1,,NA,1,Created
9825,2011-01-01,9825,Male,23,1988-12-07,0.00039,Single,0,,,No,,,Permanent contract,15324.0,433361,No,0,,NA,1,Created
9826,2011-01-01,9826,Female,44,1967-12-30,0.00107,Married,2035,,2026-01-12,Yes,,,Permanent contract,25068.0,18882,Yes,3,,NA,1,Created
9827,2011-01-01,9827,Female,40,1971-03-24,0.0006900000000000001,Married,2036,,2031-06-08,No,,,Permanent contract,10553.0,7822,Yes,3,,NA,1,Created
9828,2011-01-01,9828,Male,25,1986-12-26,0.00033999999999999997,Single,0,,,No,,,Permanent contract,39806.0,3029,Yes,0,,NA,1,Created
9829,2011-01-01,9829,Male,50,1961-11-07,0.00257,Single,0,,,Yes,40.0,,Flexible contract,7965.0,4452699,Yes,0,,NA,1,Created
9830,2011-01-01,9830,Male,56,1955-01-02,0.0052,Married,1968,,2030-07-11,No,,,Permanent contract,59229.0,1883,Yes,1,,NA,1,Created
9831,2011-01-01,9831,Male,3,2008-03-17,0.0002,Single,0,,,No,,,Child,0.0,0,Yes,0,,NA,1,Created
9832,2011-01-01,9832,Female,62,1949-05-09,0.0057399999999999994,Married,2037,,2072-12-24,No,,,Flexible contract,4006.0,-2735,Yes,1,,NA,1,Created
9833,2011-01-01,9833,Female,38,1973-02-05,0.00063,Married,2038,,2041-09-07,Yes,,,Permanent contract,32466.0,4633,Yes,1,,NA,1,Created
9834,2011-01-01,9834,Female,40,1971-03-10,0.0006900000000000001,Married,2039,,2034-01-06,No,,,Permanent contract,29554.0,801355,No,3,,NA,1,Created
9835,2011-01-01,9835,Female,25,1986-05-22,0.00022999999999999998,Single,0,,,Yes,34.0,2020-03-28,Flexible contract,11520.0,86296,No,0,35.0,2021-09-25,1,Created
9836,2011-01-01,9836,Female,51,1960-06-06,0.0023899999999999998,Divorced,0,,,Yes,,,Permanent contract,324.0,9581,Yes,0,,NA,1,Created
9837,2011-01-01,9837,Male,53,1958-05-30,0.0033299999999999996,Married,1969,,2048-10-03,No,,,Permanent contract,58749.0,5144,Yes,3,,NA,1,Created
9838,2011-01-01,9838,Female,19,1992-09-07,0.00014,Single,0,,,No,,,Permanent contract,33067.0,155117,No,0,37.0,2029-08-27,1,Created
9839,2011-01-01,9839,Female,15,1996-10-12,8e-05,Single,0,,,Yes,45.0,2041-08-11,Child,0.0,0,Yes,0,27.0,2023-07-06,1,Created
9840,2011-01-01,9840,Male,18,1993-06-18,0.00032,Single,0,,,No,,,Permanent contract,64897.0,828854,Yes,0,,NA,1,Created
9841,2011-01-01,9841,Male,45,1966-10-03,0.0014199999999999998,Single,0,,,No,,,Permanent contract,4777.0,-606,No,0,,NA,1,Created
9842,2011-01-01,9842,Male,20,1991-03-13,0.00045,Single,0,,,Yes,37.0,2028-04-11,Permanent contract,26802.0,2592088,No,0,,NA,1,Created
9843,2011-01-01,9843,Female,34,1977-12-20,0.00037,Married,2040,,2059-05-27,Yes,,,Permanent contract,5827.0,-1144,Yes,2,,NA,1,Created
9844,2011-01-01,9844,Male,41,1970-10-14,0.0008900000000000001,Married,1970,,2051-11-12,Yes,,,Flexible contract,7096.0,10546,No,2,,NA,1,Created
9845,2011-01-01,9845,Male,58,1953-09-12,0.00603,Single,0,,,No,,,Permanent contract,42812.0,194760,No,0,,NA,1,Created
9846,2011-01-01,9846,Male,56,1955-09-16,0.0052,Married,1971,,2021-03-14,No,,,Flexible contract,11441.0,203065,Yes,1,,NA,1,Created
9847,2011-01-01,9847,Male,40,1971-04-13,0.0009400000000000001,Single,0,,,Yes,35.0,,Unemployed,11992.0,13531,Yes,0,,NA,1,Created
9848,2011-01-01,9848,Male,40,1971-12-20,0.0009400000000000001,Married,1972,,2054-01-09,Yes,,,Permanent contract,69455.0,184352,No,1,,NA,1,Created
9849,2011-01-01,9849,Male,14,1997-08-28,0.00014,Single,0,,,Yes,31.0,2028-11-18,Child,0.0,0,Yes,0,,NA,1,Created
9850,2011-01-01,9850,Male,39,1972-12-14,0.0008699999999999999,Married,1973,,2017-11-30,Yes,,,Permanent contract,55871.0,197090,Yes,2,,NA,1,Created
9851,2011-01-01,9851,Female,23,1988-01-11,0.0001,Single,0,,,No,,,Permanent contract,40580.0,162179,Yes,0,37.0,2025-02-24,1,Created
9852,2011-01-01,9852,Male,23,1988-10-18,0.00039,Single,0,,,No,,,Permanent contract,21880.0,461845,Yes,0,,NA,1,Created
9853,2011-01-01,9853,Female,52,1959-05-12,0.00268,Married,2041,,2022-04-09,Yes,,,Permanent contract,99496.0,73903,Yes,2,,NA,1,Created
9854,2011-01-01,9854,Female,1,2010-01-04,0.00033999999999999997,Single,0,,,Yes,27.0,2037-01-05,Child,0.0,0,Yes,0,24.0,2034-12-03,1,Created
9855,2011-01-01,9855,Female,18,1993-05-21,0.00023999999999999998,Single,0,,,No,,,Entrepreneur with personel,24065.0,-3949,Yes,0,20.0,2013-04-18,1,Created
9856,2011-01-01,9856,Male,73,1938-04-19,0.0262,Single,0,,,No,,,Retired,23894.0,6154,Yes,0,,NA,1,Created
9857,2011-01-01,9857,Male,45,1966-08-02,0.0014199999999999998,Married,1974,,2018-02-16,No,,,Permanent contract,79522.0,14421,Yes,3,,NA,1,Created
9858,2011-01-01,9858,Female,1,2010-12-02,0.00033999999999999997,Single,0,,,Yes,23.0,2033-01-19,Child,0.0,0,No,0,25.0,2035-06-16,1,Created
9859,2011-01-01,9859,Male,25,1986-08-12,0.00033999999999999997,Single,0,,,Yes,46.0,2032-01-19,Permanent contract,6044.0,745,No,0,,NA,1,Created
9860,2011-01-01,9860,Female,12,1999-02-10,5e-05,Single,0,,,No,,,Child,0.0,0,Yes,0,30.0,2029-11-05,1,Created
9861,2011-01-01,9861,Female,41,1970-10-08,0.0007700000000000001,Married,2042,,2070-01-18,No,,,Entrepreneur with personel,26161.0,5631,Yes,2,,NA,1,Created
9862,2011-01-01,9862,Male,62,1949-06-11,0.008409999999999999,Married,1975,,2054-02-03,Yes,,,Permanent contract,4698.0,172638,Yes,1,,NA,1,Created
9863,2011-01-01,9863,Male,15,1996-11-07,0.00015,Single,0,,,No,,,Child,0.0,0,Yes,0,,NA,1,Created
9864,2011-01-01,9864,Male,60,1951-09-22,0.006840000000000001,Married,1976,,2013-04-09,Yes,,,Permanent contract,17557.0,21502,Yes,3,,NA,1,Created
9865,2011-01-01,9865,Female,46,1965-07-04,0.00134,Single,0,,,No,,,Permanent contract,32113.0,155233,Yes,0,,NA,1,Created
9866,2011-01-01,9866,Female,28,1983-07-24,0.00025,Married,2043,,2029-11-03,No,,,Flexible contract,120112.0,4910,Yes,3,32.0,2015-01-30,1,Created
9867,2011-01-01,9867,Male,2,2009-08-21,0.00021,Single,0,,,No,,,Child,0.0,0,Yes,0,,NA,1,Created
9868,2011-01-01,9868,Female,65,1946-02-18,0.007559999999999999,Married,2044,,2028-12-25,No,,,Permanent contract,14975.0,490502,Yes,3,,NA,1,Created
16929,2011-02-18,9868,Female,66,1946-02-18,0.007559999999999999,Married,2044,,2028-12-25,No,,,Retired,10482.5,490502,Yes,3,,NA,1,Life event: Retired
9869,2011-01-01,9869,Female,24,1987-05-29,0.00018999999999999998,Single,0,,,No,,,Entrepreneur without personnel,33261.0,35942,No,0,36.0,2023-06-11,1,Created
9870,2011-01-01,9870,Female,13,1998-03-08,0.00011999999999999999,Single,0,,,Yes,26.0,2024-11-12,Child,0.0,0,Yes,0,36.0,2034-01-01,1,Created
9871,2011-01-01,9871,Male,0,2011-05-20,0.0036200000000000004,Single,0,,,No,,,Child,0.0,0,No,0,,NA,1,Created
9872,2011-01-01,9872,Male,9,2002-01-06,0.00014,Single,0,,,No,,,Child,0.0,0,No,0,,NA,1,Created
9873,2011-01-01,9873,Male,50,1961-09-02,0.00257,Married,1977,,2013-03-05,No,,,Permanent contract,18708.0,146147,Yes,3,,NA,1,Created
9874,2011-01-01,9874,Male,44,1967-08-22,0.0013599999999999999,Married,1978,,2044-07-29,Yes,,,Entrepreneur without personnel,33086.0,-37193,No,1,,NA,1,Created
9875,2011-01-01,9875,Female,32,1979-06-17,0.00041,Single,0,,,No,,,Flexible contract,39723.0,862694,Yes,0,,NA,1,Created
9876,2011-01-01,9876,Male,20,1991-03-19,0.00045,Single,0,,,No,,,Permanent contract,11632.0,411957,No,0,,NA,1,Created
9877,2011-01-01,9877,Female,93,1918-01-28,0.18566,Widowed,0,,,No,,,Retired,3885.0,47766,Yes,0,,NA,1,Created
9878,2011-01-01,9878,Male,31,1980-10-04,0.00041,Married,1979,,2053-12-06,No,,,Entrepreneur without personnel,14596.0,63215,Yes,1,,NA,1,Created
9879,2011-01-01,9879,Male,56,1955-04-12,0.0052,Married,1980,,2054-10-31,No,,,Flexible contract,12742.0,19329,No,1,,NA,1,Created
16930,2011-02-18,9879,Male,56,1955-04-12,0.0052,Married,1980,,2054-10-31,No,,,Flexible contract,12742.0,19329,No,1,,NA,0,Life event: Deceased
9880,2011-01-01,9880,Female,43,1968-11-27,0.0009699999999999999,Single,0,,,Yes,28.0,,Permanent contract,47109.0,397399,No,0,,NA,1,Created
9881,2011-01-01,9881,Female,75,1936-02-13,0.01986,Married,2045,,2021-08-20,No,,,Retired,34397.0,67769,No,2,,NA,1,Created
9882,2011-01-01,9882,Female,50,1961-07-16,0.00225,Married,2046,,2037-01-28,No,,,Permanent contract,41422.0,-27170,Yes,1,,NA,1,Created
9883,2011-01-01,9883,Male,57,1954-05-13,0.00572,Single,0,,,No,,,Permanent contract,20755.0,434285,Yes,0,,NA,1,Created
9884,2011-01-01,9884,Female,38,1973-07-09,0.00063,Married,2047,,2027-01-06,Yes,,,Flexible contract,5714.0,-37397,Yes,2,,NA,1,Created
9885,2011-01-01,9885,Male,3,2008-10-22,0.0002,Single,0,,,No,,,Child,0.0,0,No,0,,NA,1,Created
9886,2011-01-01,9886,Male,8,2003-09-07,9e-05,Single,0,,,No,,,Child,0.0,0,Yes,0,,NA,1,Created
9887,2011-01-01,9887,Male,18,1993-04-01,0.00032,Single,0,,,No,,,Unemployed,41643.0,85508,No,0,,NA,1,Created
9888,2011-01-01,9888,Male,70,1941-09-30,0.01932,Married,1981,,2032-07-06,No,,,Retired,3024.0,2646,No,3,,NA,1,Created
9889,2011-01-01,9889,Male,80,1931-04-21,0.05987000000000001,Divorced,0,,,Yes,,,Retired,44791.0,752689,No,0,,NA,1,Created
17698,2011-07-24,9889,Male,81,1931-04-21,0.05987000000000001,Divorced,0,,,Yes,,,Retired,44791.0,752689,No,0,,NA,0,Life event: Deceased
9890,2011-01-01,9890,Female,36,1975-11-02,0.00049,Single,0,,,Yes,30.0,,Entrepreneur without personnel,26032.0,231,No,0,,NA,1,Created
9891,2011-01-01,9891,Male,60,1951-11-23,0.006840000000000001,Married,1982,,2011-08-09,Yes,,,Flexible contract,51680.0,3792942,No,2,,NA,1,Created
17769,2011-08-09,9891,Male,60,1951-11-23,0.006840000000000001,Divorced,1982,,2011-08-09,Yes,,,Flexible contract,51680.0,3792942,No,2,,NA,1,Life event: Divorced
9892,2011-01-01,9892,Male,14,1997-04-27,0.00014,Single,0,,,Yes,24.0,2021-02-09,Child,0.0,0,Yes,0,,NA,1,Created
9893,2011-01-01,9893,Male,50,1961-03-01,0.00257,Married,1983,,2057-03-23,No,,,Unemployed,42539.0,6394,Yes,1,,NA,1,Created
9894,2011-01-01,9894,Female,27,1984-02-18,0.00025,Single,0,,,No,,,Permanent contract,10563.0,174790,No,0,,NA,1,Created
9895,2011-01-01,9895,Male,56,1955-10-06,0.0052,Married,1984,,2021-02-18,No,,,Permanent contract,42915.0,59331,No,3,,NA,1,Created
9896,2011-01-01,9896,Male,46,1965-10-17,0.00172,Married,1985,,2071-03-19,No,,,Permanent contract,97472.0,189071,Yes,1,,NA,1,Created
9897,2011-01-01,9897,Female,75,1936-08-02,0.01986,Widowed,0,,,Yes,,,Retired,40540.0,5073,Yes,0,,NA,1,Created
9898,2011-01-01,9898,Female,16,1995-08-29,8e-05,Single,0,,,No,,,Child,0.0,0,Yes,0,36.0,2031-03-15,1,Created
19046,2012-08-29,9898,Female,18,1995-08-29,8e-05,Single,0,,,No,,,Permanent contract,10528.0,-44965,Yes,0,36,2031-03-15,1,Life event: Adulthood
9899,2011-01-01,9899,Male,35,1976-07-07,0.00055,Single,0,,,No,,,Permanent contract,20741.0,28482,No,0,,NA,1,Created
9900,2011-01-01,9900,Male,7,2004-12-17,9e-05,Single,0,,,Yes,32.0,2036-09-15,Child,0.0,0,Yes,0,,NA,1,Created
9901,2011-01-01,9901,Female,24,1987-06-13,0.00018999999999999998,Single,0,,,Yes,85.0,2072-11-15,Permanent contract,40831.0,155460,No,0,38.0,2025-03-22,1,Created
9902,2011-01-01,9902,Male,6,2005-03-18,5.9999999999999995e-05,Single,0,,,Yes,35.0,2040-10-23,Child,0.0,0,No,0,,NA,1,Created
9903,2011-01-01,9903,Male,61,1950-09-24,0.00747,Married,1986,,2054-10-17,No,,,Permanent contract,90994.0,795160,No,2,,NA,1,Created
9904,2011-01-01,9904,Female,55,1956-01-13,0.00372,Married,2048,,2051-02-06,No,,,Permanent contract,46314.0,310082,Yes,2,,NA,1,Created
9905,2011-01-01,9905,Male,9,2002-07-05,0.00014,Single,0,,,Yes,35.0,2037-10-31,Child,0.0,0,Yes,0,,NA,1,Created
9906,2011-01-01,9906,Female,74,1937-10-16,0.0185,Widowed,0,,,Yes,,,Retired,9428.0,414322,Yes,0,,NA,1,Created
9907,2011-01-01,9907,Female,24,1987-08-29,0.00018999999999999998,Single,0,,,Yes,26.0,2013-10-14,Permanent contract,27205.0,-34278,No,0,31.0,2018-02-26,1,Created
9908,2011-01-01,9908,Female,65,1946-04-08,0.007559999999999999,Married,2049,,2028-06-22,No,,,Permanent contract,78830.0,7,No,2,,NA,1,Created
17190,2011-04-08,9908,Female,66,1946-04-08,0.007559999999999999,Married,2049,,2028-06-22,No,,,Retired,55181.0,7,No,2,,NA,1,Life event: Retired
18536,2012-02-20,9908,Female,66,1946-04-08,0.007559999999999999,Widowed,2049,,2028-06-22,No,,,Retired,55181.0,7,No,2,,NA,1,Life event: Widowed
9909,2011-01-01,9909,Male,61,1950-03-17,0.00747,Married,1987,,2048-01-09,Yes,,,Entrepreneur without personnel,7660.0,162804,Yes,1,,NA,1,Created
9910,2011-01-01,9910,Female,75,1936-11-23,0.01986,Married,2050,,2074-07-05,Yes,,,Retired,10993.0,6704,No,1,,NA,1,Created
9911,2011-01-01,9911,Male,56,1955-09-17,0.0052,Married,1988,,2021-08-30,No,,,Permanent contract,31510.0,-26206,Yes,2,,NA,1,Created
9912,2011-01-01,9912,Male,47,1964-09-01,0.00186,Divorced,0,,,Yes,,,Permanent contract,83872.0,2519,No,0,,NA,1,Created
9913,2011-01-01,9913,Female,62,1949-10-07,0.0057399999999999994,Divorced,0,,,No,,,Permanent contract,17205.0,35579,Yes,0,,NA,1,Created
9914,2011-01-01,9914,Male,26,1985-10-15,1.0,Single,0,,,Yes,32.0,2017-03-19,Permanent contract,187853.0,456362,Yes,0,,NA,1,Created
19245,2012-11-15,9914,Male,28,1985-10-15,1.0,Single,0,,,Yes,32,2017-03-19,Permanent contract,187853.0,456362,Yes,0,,NA,0,Life event: Deceased
9915,2011-01-01,9915,Male,77,1934-08-23,0.0418,Widowed,0,,,No,,,Retired,29988.0,669,No,0,,NA,1,Created
9916,2011-01-01,9916,Female,55,1956-10-30,0.00372,Married,2051,,2064-03-17,Yes,,,Permanent contract,84151.0,12057,Yes,1,,NA,1,Created
9917,2011-01-01,9917,Female,65,1946-01-21,0.007559999999999999,Single,0,,,No,,,Permanent contract,20981.0,4113,No,0,,NA,1,Created
16777,2011-01-21,9917,Female,66,1946-01-21,0.007559999999999999,Single,0,,,No,,,Retired,14686.699999999999,4113,No,0,,NA,1,Life event: Retired
9918,2011-01-01,9918,Male,41,1970-02-18,0.0008900000000000001,Married,1989,,2033-05-23,Yes,,,Permanent contract,83778.0,7942,Yes,2,,NA,1,Created
9919,2011-01-01,9919,Male,91,1920-03-07,0.18929,Widowed,0,,,No,,,Retired,17730.0,549337,Yes,0,,NA,1,Created
9920,2011-01-01,9920,Female,18,1993-06-28,0.00023999999999999998,Single,0,,,Yes,57.0,2050-08-03,Permanent contract,59192.0,426131,Yes,0,25.0,2018-01-27,1,Created
9921,2011-01-01,9921,Female,6,2005-12-09,8e-05,Single,0,,,No,,,Child,0.0,0,Yes,0,19.0,2024-10-22,1,Created
9922,2011-01-01,9922,Female,96,1915-07-10,0.24602,Widowed,0,,,No,,,Retired,30622.0,276742,No,0,,NA,1,Created
9923,2011-01-01,9923,Male,5,2006-07-11,9e-05,Single,0,,,No,,,Child,0.0,0,Yes,0,,NA,1,Created
9924,2011-01-01,9924,Male,79,1932-11-08,0.05364,Married,1990,,2035-08-09,No,,,Retired,158408.0,5390,No,1,,NA,1,Created
9925,2011-01-01,9925,Female,25,1986-03-01,0.00022999999999999998,Single,0,,,Yes,46.0,2032-04-26,Permanent contract,14213.0,82937,Yes,0,,NA,1,Created
9926,2011-01-01,9926,Male,10,2001-01-15,0.00011999999999999999,Single,0,,,Yes,34.0,2035-07-30,Child,0.0,0,Yes,0,,NA,1,Created
9927,2011-01-01,9927,Male,9,2002-06-04,0.00014,Single,0,,,No,,,Child,0.0,0,No,0,,NA,1,Created
9928,2011-01-01,9928,Female,65,1946-07-15,0.007559999999999999,Married,2052,,2045-04-19,Yes,,,Permanent contract,42209.0,19829,No,2,,NA,1,Created
17654,2011-07-15,9928,Female,66,1946-07-15,0.007559999999999999,Married,2052,,2045-04-19,Yes,,,Retired,29546.3,19829,No,2,,NA,1,Life event: Retired
9929,2011-01-01,9929,Male,35,1976-08-14,0.00055,Married,1991,,2060-12-18,No,,,Permanent contract,33381.0,64980,Yes,1,,NA,1,Created
9930,2011-01-01,9930,Female,62,1949-08-02,0.0057399999999999994,Married,2053,,2059-12-06,Yes,,,Permanent contract,37827.0,272,No,2,,NA,1,Created
9931,2011-01-01,9931,Female,7,2004-01-02,7e-05,Single,0,,,Yes,27.0,2031-02-15,Child,0.0,0,Yes,0,32.0,2036-06-28,1,Created
9932,2011-01-01,9932,Female,58,1953-09-13,0.00448,Married,2054,,2049-07-01,Yes,,,Permanent contract,11870.0,354,No,1,,NA,1,Created
9933,2011-01-01,9933,Male,13,1998-07-18,0.00014,Single,0,,,No,,,Child,0.0,0,No,0,,NA,1,Created
9934,2011-01-01,9934,Male,60,1951-12-08,0.006840000000000001,Married,1992,,2053-09-06,No,,,Permanent contract,16115.0,4733279,Yes,2,,NA,1,Created
9935,2011-01-01,9935,Female,34,1977-04-28,0.00037,Married,2055,,2038-07-01,No,,,Permanent contract,41898.0,462702,No,1,,NA,1,Created
9936,2011-01-01,9936,Female,66,1945-11-24,0.009040000000000001,Divorced,0,,,No,,,Permanent contract,36145.0,201008,Yes,0,,NA,1,Created
18218,2011-11-24,9936,Female,67,1945-11-24,0.009040000000000001,Divorced,0,,,No,,,Retired,25301.5,201008,Yes,0,,NA,1,Life event: Retired
9937,2011-01-01,9937,Male,22,1989-04-01,0.00041,Single,0,,,No,,,Flexible contract,12445.0,364774,No,0,,NA,1,Created
9938,2011-01-01,9938,Female,19,1992-01-12,0.00014,Single,0,,,No,,,Permanent contract,62008.0,10277,Yes,0,30.0,2022-04-18,1,Created
9939,2011-01-01,9939,Female,39,1972-10-28,0.00074,Married,2056,,2056-12-29,No,,,Entrepreneur without personnel,5582.0,-23766,Yes,3,,NA,1,Created
16873,2011-02-08,9939,Female,39,1972-10-28,0.00074,Widowed,2056,,2056-12-29,No,,,Entrepreneur without personnel,5582.0,-23766,Yes,3,,NA,1,Life event: Widowed
9940,2011-01-01,9940,Female,58,1953-06-20,0.00448,Divorced,0,,,Yes,,,Flexible contract,10476.0,590043,Yes,0,,NA,1,Created
9941,2011-01-01,9941,Male,2,2009-09-09,0.00021,Single,0,,,Yes,30.0,2039-03-16,Child,0.0,0,No,0,,NA,1,Created
9942,2011-01-01,9942,Male,65,1946-12-17,0.01141,Widowed,0,,,No,,,Permanent contract,38687.0,132293,Yes,0,,NA,1,Created
18309,2011-12-17,9942,Male,66,1946-12-17,0.01141,Widowed,0,,,No,,,Retired,27080.899999999998,132293,Yes,0,,NA,1,Life event: Retired
9943,2011-01-01,9943,Female,56,1955-04-09,0.0041,Married,2057,,2033-05-03,No,,,Permanent contract,12068.0,307,No,1,,NA,1,Created
9944,2011-01-01,9944,Male,49,1962-01-04,0.00242,Married,1993,,2016-09-10,Yes,,,Permanent contract,47457.0,-23401,No,1,,NA,1,Created
9945,2011-01-01,9945,Female,19,1992-11-11,0.00014,Single,0,,,No,,,Permanent contract,17299.0,133869,No,0,39.0,2031-04-24,1,Created
9946,2011-01-01,9946,Female,84,1927-07-18,0.06362999999999999,Widowed,0,,,No,,,Retired,17497.0,462527,Yes,0,,NA,1,Created
9947,2011-01-01,9947,Female,78,1933-04-01,0.02817,Single,0,,,No,,,Retired,4737.0,30915,No,0,,NA,1,Created
9948,2011-01-01,9948,Male,20,1991-07-26,0.00045,Single,0,,,No,,,Permanent contract,27281.0,-2338,No,0,,NA,1,Created
9949,2011-01-01,9949,Male,70,1941-03-05,0.01932,Married,1994,,2011-03-02,Yes,,,Retired,10512.0,404336,Yes,2,,NA,1,Created
17006,2011-03-02,9949,Male,70,1941-03-05,0.01932,Divorced,1994,,2011-03-02,Yes,,,Retired,10512.0,404336,Yes,2,,NA,1,Life event: Divorced
9950,2011-01-01,9950,Female,23,1988-03-21,0.0001,Single,0,,,Yes,30.0,2018-06-17,Permanent contract,17590.0,4917,No,0,43.0,2031-01-30,1,Created
9951,2011-01-01,9951,Female,34,1977-12-15,0.00037,Single,0,,,Yes,82.0,2059-01-17,Flexible contract,4593.0,-3066,Yes,0,,NA,1,Created
9952,2011-01-01,9952,Male,3,2008-09-23,0.0002,Single,0,,,Yes,33.0,2041-02-05,Child,0.0,0,Yes,0,,NA,1,Created
9953,2011-01-01,9953,Male,38,1973-08-04,0.0009599999999999999,Married,1995,,2054-05-13,No,,,Permanent contract,27945.0,-8993,Yes,3,,NA,1,Created
9954,2011-01-01,9954,Female,54,1957-07-24,0.00313,Single,0,,,No,,,Entrepreneur without personnel,23957.0,75734,Yes,0,,NA,1,Created
9955,2011-01-01,9955,Female,1,2010-06-08,0.00033999999999999997,Single,0,,,Yes,38.0,2048-11-16,Child,0.0,0,Yes,0,31.0,2041-12-18,1,Created
9956,2011-01-01,9956,Male,61,1950-12-08,0.00747,Married,1996,,2023-09-26,No,,,Unemployed,193833.0,33780,Yes,1,,NA,1,Created
9957,2011-01-01,9957,Female,48,1963-06-08,0.0018800000000000002,Married,2058,,2022-02-22,No,,,Flexible contract,64671.0,156315,Yes,1,,NA,1,Created
9958,2011-01-01,9958,Male,74,1937-04-03,0.0295,Married,1997,,2034-09-02,No,,,Retired,41783.0,134117,Yes,3,,NA,1,Created
9959,2011-01-01,9959,Female,65,1946-10-01,0.007559999999999999,Married,2059,,2014-08-21,Yes,,,Permanent contract,26215.0,138731,No,2,,NA,1,Created
17994,2011-10-01,9959,Female,66,1946-10-01,0.007559999999999999,Married,2059,,2014-08-21,Yes,,,Retired,18350.5,138731,No,2,,NA,1,Life event: Retired
9960,2011-01-01,9960,Female,18,1993-09-20,0.00023999999999999998,Single,0,,,No,,,Entrepreneur without personnel,15360.0,32145,Yes,0,32.0,2025-02-24,1,Created
9961,2011-01-01,9961,Female,12,1999-10-30,5e-05,Single,0,,,Yes,31.0,2030-10-03,Child,0.0,0,Yes,0,37.0,2036-06-01,1,Created
9962,2011-01-01,9962,Female,70,1941-12-23,0.01252,Married,2060,,2012-08-30,Yes,,,Retired,41404.0,132200,Yes,1,,NA,1,Created
19051,2012-08-30,9962,Female,71,1941-12-23,0.01252,Divorced,2060,,2012-08-30,Yes,,,Retired,41404.0,132200,Yes,1,,NA,1,Life event: Divorced
9963,2011-01-01,9963,Male,65,1946-11-24,0.01141,Married,1998,,2050-09-30,No,,,Permanent contract,7920.0,3022,Yes,2,,NA,1,Created
18219,2011-11-24,9963,Male,66,1946-11-24,0.01141,Married,1998,,2050-09-30,No,,,Retired,5544.0,3022,Yes,2,,NA,1,Life event: Retired
18817,2012-06-05,9963,Male,66,1946-11-24,0.01141,Widowed,1998,,2050-09-30,No,,,Retired,5544.0,3022,Yes,2,,NA,1,Life event: Widowed
9964,2011-01-01,9964,Female,10,2001-03-19,0.0001,Single,0,,,No,,,Child,0.0,0,Yes,0,33.0,2034-02-13,1,Created
9965,2011-01-01,9965,Male,40,1971-11-06,0.0009400000000000001,Divorced,0,,,No,,,Permanent contract,23513.0,82618,No,0,,NA,1,Created
9966,2011-01-01,9966,Female,40,1971-04-23,0.0006900000000000001,Widowed,0,,,No,,,Permanent contract,25569.0,54577,No,0,,NA,1,Created
9967,2011-01-01,9967,Female,52,1959-07-27,0.00268,Single,0,,,Yes,42.0,,Unemployed,14652.0,-14611,Yes,0,,NA,1,Created
9968,2011-01-01,9968,Female,13,1998-10-13,0.00011999999999999999,Single,0,,,Yes,54.0,2052-07-12,Child,0.0,0,No,0,34.0,2032-10-04,1,Created
9969,2011-01-01,9969,Female,65,1946-02-11,0.007559999999999999,Married,2061,,2053-06-10,Yes,,,Entrepreneur with personel,33195.0,9057,No,3,,NA,1,Created
16891,2011-02-11,9969,Female,66,1946-02-11,0.007559999999999999,Married,2061,,2053-06-10,Yes,,,Retired,23236.5,9057,No,3,,NA,1,Life event: Retired
9970,2011-01-01,9970,Male,27,1984-09-20,0.00044,Single,0,,,No,,,Permanent contract,22090.0,4218,No,0,,NA,1,Created
9971,2011-01-01,9971,Female,72,1939-11-26,0.01411,Married,2062,,2039-09-09,No,,,Retired,16160.0,37327,Yes,2,,NA,1,Created
17709,2011-07-26,9971,Female,72,1939-11-26,0.01411,Widowed,2062,,2039-09-09,No,,,Retired,16160.0,37327,Yes,2,,NA,1,Life event: Widowed
9972,2011-01-01,9972,Male,67,1944-04-23,0.01396,Married,1999,,2048-11-17,Yes,,,Permanent contract,31592.0,55358,Yes,2,,NA,1,Created
17252,2011-04-23,9972,Male,68,1944-04-23,0.01396,Married,1999,,2048-11-17,Yes,,,Retired,22114.399999999998,55358,Yes,2,,NA,1,Life event: Retired
9973,2011-01-01,9973,Male,23,1988-07-17,0.00039,Single,0,,,Yes,81.0,2069-04-23,Permanent contract,12499.0,-31120,Yes,0,,NA,1,Created
9974,2011-01-01,9974,Female,40,1971-01-06,0.0006900000000000001,Single,0,,,Yes,33.0,,Unemployed,4323.0,206041,Yes,0,,NA,1,Created
9975,2011-01-01,9975,Female,40,1971-01-01,0.0006900000000000001,Single,0,,,No,,,Permanent contract,30996.0,210,Yes,0,,NA,1,Created
9976,2011-01-01,9976,Male,40,1971-07-10,0.0009400000000000001,Married,2000,,2042-02-11,Yes,,,Permanent contract,14229.0,-2810,Yes,1,,NA,1,Created
9977,2011-01-01,9977,Female,44,1967-05-17,0.00107,Married,2063,,2025-05-03,No,,,Permanent contract,83970.0,-47010,No,2,,NA,1,Created
9978,2011-01-01,9978,Female,57,1954-04-17,0.00387,Widowed,0,,,No,,,Permanent contract,42370.0,18218,No,0,,NA,1,Created
9979,2011-01-01,9979,Male,105,1906-01-31,1.0,Widowed,0,,,No,,,Retired,4470.0,69671,No,0,,NA,1,Created
9980,2011-01-01,9980,Male,2,2009-07-16,0.00021,Single,0,,,No,,,Child,0.0,0,No,0,,NA,1,Created
9981,2011-01-01,9981,Male,41,1970-12-17,0.0008900000000000001,Single,0,,,No,,,Entrepreneur without personnel,30923.0,-1188,Yes,0,,NA,1,Created
9982,2011-01-01,9982,Male,1,2010-09-17,0.00056,Single,0,,,No,,,Child,0.0,0,No,0,,NA,1,Created
9983,2011-01-01,9983,Male,74,1937-02-27,0.0295,Married,2001,,2040-08-13,Yes,,,Retired,14185.0,8034,Yes,2,,NA,1,Created
9984,2011-01-01,9984,Male,52,1959-07-03,0.00314,Divorced,0,,,No,,,Flexible contract,35749.0,-7053,Yes,0,,NA,1,Created
9985,2011-01-01,9985,Male,64,1947-01-11,0.01097,Married,2002,,2021-06-19,No,,,Permanent contract,2267.0,-38179,No,1,,NA,1,Created
16718,2011-01-11,9985,Male,65,1947-01-11,0.01097,Married,2002,,2021-06-19,No,,,Retired,1586.8999999999999,-38179,No,1,,NA,1,Life event: Retired
9986,2011-01-01,9986,Female,44,1967-04-09,0.00107,Single,0,,,Yes,29.0,,Entrepreneur without personnel,49107.0,197328,Yes,0,,NA,1,Created
9987,2011-01-01,9987,Female,65,1946-10-16,0.007559999999999999,Married,2064,,2045-04-12,No,,,Entrepreneur without personnel,29448.0,11598,No,1,,NA,1,Created
18059,2011-10-16,9987,Female,66,1946-10-16,0.007559999999999999,Married,2064,,2045-04-12,No,,,Retired,20613.6,11598,No,1,,NA,1,Life event: Retired
9988,2011-01-01,9988,Male,56,1955-07-07,0.0052,Divorced,0,,,Yes,,,Permanent contract,32443.0,32938,No,0,,NA,1,Created
9989,2011-01-01,9989,Female,58,1953-09-11,0.00448,Married,2065,,2024-07-24,Yes,,,Flexible contract,7862.0,9029,Yes,2,,NA,1,Created
9990,2011-01-01,9990,Male,11,2000-07-15,9e-05,Single,0,,,Yes,34.0,2034-01-14,Child,0.0,0,Yes,0,,NA,1,Created
9991,2011-01-01,9991,Female,30,1981-06-23,0.00027,Single,0,,,Yes,21.0,,Permanent contract,29069.0,649293,No,0,35.0,2016-10-17,1,Created
9992,2011-01-01,9992,Female,71,1940-12-15,0.013009999999999999,Married,2066,,2050-01-31,Yes,,,Retired,4135.0,345865,No,2,,NA,1,Created
9993,2011-01-01,9993,Female,4,2007-08-18,5.9999999999999995e-05,Single,0,,,Yes,30.0,2037-05-09,Child,0.0,0,Yes,0,32.0,2039-09-29,1,Created
9994,2011-01-01,9994,Male,39,1972-08-09,0.0008699999999999999,Single,0,,,No,,,Permanent contract,91.0,94871,Yes,0,,NA,1,Created
9995,2011-01-01,9995,Female,43,1968-08-07,0.0009699999999999999,Married,2067,,2034-11-29,Yes,,,Permanent contract,62994.0,3725,Yes,1,,NA,1,Created
9996,2011-01-01,9996,Male,64,1947-02-02,0.01097,Widowed,0,,,Yes,,,Entrepreneur with personel,14822.0,-3100,No,0,,NA,1,Created
16837,2011-02-02,9996,Male,65,1947-02-02,0.01097,Widowed,0,,,Yes,,,Retired,10375.4,-3100,No,0,,NA,1,Life event: Retired
9997,2011-01-01,9997,Female,64,1947-06-11,0.00713,Married,2068,,2019-10-10,No,,,Flexible contract,25137.0,202028,Yes,3,,NA,1,Created
17492,2011-06-11,9997,Female,65,1947-06-11,0.00713,Married,2068,,2019-10-10,No,,,Retired,17595.899999999998,202028,Yes,3,,NA,1,Life event: Retired
9998,2011-01-01,9998,Female,58,1953-08-02,0.00448,Married,2069,,2025-05-20,No,,,Unemployed,9913.0,171152,Yes,2,,NA,1,Created
9999,2011-01-01,9999,Female,35,1976-05-24,0.00033999999999999997,Married,2070,,2028-12-29,No,,,Entrepreneur without personnel,44111.0,96594,No,2,,NA,1,Created
10000,2011-01-01,10000,Male,104,1907-07-10,1.0,Widowed,0,,,No,,,Retired,2097.0,180549,No,0,,NA,1,Created
17217,2011-04-15,10000,Male,104,1907-07-10,1.0,Widowed,0,,,No,,,Retired,2097.0,180549,No,0,,NA,0,Life event: Deceased
10001,2011-01-01,10001,Female,99,1912-07-10,0.34497,Widowed,0,,,No,,,Retired,29743.0,-48244,Yes,0,,NA,1,Created
10002,2011-01-01,10002,Male,39,1972-04-09,0.0008699999999999999,Single,0,,,Yes,35.0,,Flexible contract,13690.0,48659,No,0,,NA,1,Created
10003,2011-01-01,10003,Female,20,1991-04-12,0.00018,Single,0,,,Yes,29.0,2020-01-10,Entrepreneur without personnel,33333.0,167492,Yes,0,25.0,2016-02-15,1,Created
10004,2011-01-01,10004,Male,75,1936-02-18,0.033710000000000004,Divorced,0,,,No,,,Retired,20486.0,209340,No,0,,NA,1,Created
10005,2011-01-01,10005,Male,61,1950-05-15,0.00747,Married,2003,,2054-05-12,Yes,,,Entrepreneur without personnel,5260.0,164176,Yes,3,,NA,1,Created
10006,2011-01-01,10006,Female,68,1943-05-25,0.00983,Divorced,0,,,No,,,Retired,7073.0,-3251,No,0,,NA,1,Created
10007,2011-01-01,10007,Female,37,1974-12-17,0.00057,Single,0,,,Yes,23.0,,Permanent contract,78710.0,910649,Yes,0,,NA,1,Created
10008,2011-01-01,10008,Female,76,1935-05-20,0.02337,Single,0,,,Yes,25.0,,Retired,11839.0,607,Yes,0,,NA,1,Created
10009,2011-01-01,10009,Male,41,1970-04-07,0.0008900000000000001,Married,2004,,2055-11-13,No,,,Permanent contract,52701.0,-18510,Yes,2,,NA,1,Created
10010,2011-01-01,10010,Female,40,1971-03-17,0.0006900000000000001,Married,2071,,2029-11-19,Yes,,,Permanent contract,1779.0,3923250,No,2,40.0,2011-02-28,1,Created
16997,2011-02-28,10010,Female,40,1971-03-17,0.0006900000000000001,Married,2071,,2029-11-19,Yes,,,Permanent contract,1779.0,3923250,No,2,40,2011-02-28,1,Life event: Children born
10011,2011-01-01,10011,Male,52,1959-10-02,0.00314,Married,2005,,2058-11-21,Yes,,,Permanent contract,9380.0,45465,No,3,,NA,1,Created
10012,2011-01-01,10012,Male,60,1951-04-24,0.006840000000000001,Married,2006,,2032-09-07,Yes,,,Unemployed,14375.0,489991,No,1,,NA,1,Created
10013,2011-01-01,10013,Male,19,1992-07-30,0.00033,Single,0,,,Yes,30.0,2022-02-11,Permanent contract,97337.0,4947,Yes,0,,NA,1,Created
10014,2011-01-01,10014,Male,5,2006-01-09,9e-05,Single,0,,,Yes,33.0,2039-02-16,Child,0.0,0,No,0,,NA,1,Created
10015,2011-01-01,10015,Male,52,1959-02-28,0.00314,Married,2007,,2012-09-03,No,,,Flexible contract,27116.0,156703,No,2,,NA,1,Created
19078,2012-09-03,10015,Male,54,1959-02-28,0.00314,Divorced,2007,,2012-09-03,No,,,Flexible contract,27116.0,156703,No,2,,NA,1,Life event: Divorced
10016,2011-01-01,10016,Female,48,1963-10-07,0.0018800000000000002,Divorced,0,,,No,,,Permanent contract,71368.0,52470,Yes,0,,NA,1,Created
10017,2011-01-01,10017,Female,60,1951-04-05,0.00541,Married,2072,,2039-12-02,No,,,Entrepreneur with personel,11275.0,11046,Yes,2,,NA,1,Created
10018,2011-01-01,10018,Male,20,1991-06-23,0.00045,Single,0,,,No,,,Permanent contract,16650.0,-3539,Yes,0,,NA,1,Created
10019,2011-01-01,10019,Female,11,2000-03-07,7e-05,Single,0,,,No,,,Child,0.0,0,No,0,22.0,2022-07-21,1,Created
10020,2011-01-01,10020,Male,7,2004-11-18,9e-05,Single,0,,,No,,,Child,0.0,0,No,0,,NA,1,Created
10021,2011-01-01,10021,Male,30,1981-03-01,0.00055,Married,2008,,2035-05-14,No,,,Permanent contract,40673.0,9496,Yes,2,,NA,1,Created
10022,2011-01-01,10022,Female,8,2003-10-09,2.9999999999999997e-05,Single,0,,,No,,,Child,0.0,0,Yes,0,27.0,2030-06-19,1,Created
10023,2011-01-01,10023,Female,21,1990-07-15,0.00016,Single,0,,,No,,,Permanent contract,40226.0,168515,No,0,41.0,2031-04-26,1,Created
10024,2011-01-01,10024,Male,8,2003-01-18,9e-05,Single,0,,,No,,,Child,0.0,0,Yes,0,,NA,1,Created
10025,2011-01-01,10025,Female,90,1921-10-23,0.13302999999999998,Widowed,0,,,Yes,,,Retired,3459.0,63839,No,0,,NA,1,Created
10026,2011-01-01,10026,Male,3,2008-09-12,0.0002,Single,0,,,Yes,30.0,2038-10-28,Child,0.0,0,No,0,,NA,1,Created
10027,2011-01-01,10027,Male,12,1999-05-18,0.00011,Single,0,,,Yes,35.0,2034-11-22,Child,0.0,0,Yes,0,,NA,1,Created
10028,2011-01-01,10028,Female,32,1979-01-29,0.00041,Married,2073,,2016-05-08,Yes,,,Flexible contract,20173.0,5811,No,1,,NA,1,Created
10029,2011-01-01,10029,Male,47,1964-01-31,0.00186,Married,2009,,2062-11-03,No,,,Flexible contract,3809.0,85862,Yes,3,,NA,1,Created
10030,2011-01-01,10030,Male,17,1994-11-16,0.00022999999999999998,Single,0,,,No,,,Child,0.0,0,Yes,0,,NA,1,Created
18188,2011-11-16,10030,Male,18,1994-11-16,0.00022999999999999998,Single,0,,,Yes,33,2026-07-29,Permanent contract,2443.0,356591,Yes,0,,NA,1,Life event: Adulthood
10031,2011-01-01,10031,Male,18,1993-06-20,0.00032,Single,0,,,No,,,Permanent contract,58859.0,308900,No,0,,NA,1,Created
10032,2011-01-01,10032,Male,65,1946-04-07,0.01141,Married,2010,,2025-06-07,Yes,,,Permanent contract,8739.0,450408,Yes,3,,NA,1,Created
17188,2011-04-07,10032,Male,66,1946-04-07,0.01141,Married,2010,,2025-06-07,Yes,,,Retired,6117.299999999999,450408,Yes,3,,NA,1,Life event: Retired
10033,2011-01-01,10033,Female,46,1965-02-25,0.00134,Divorced,0,,,Yes,,,Permanent contract,63967.0,37,Yes,0,,NA,1,Created
10034,2011-01-01,10034,Female,32,1979-03-07,0.00041,Married,2074,,2054-08-18,Yes,,,Permanent contract,9668.0,184554,Yes,2,34.0,2013-01-10,1,Created
10035,2011-01-01,10035,Male,31,1980-03-25,0.00041,Married,2011,,2055-04-10,No,,,Permanent contract,17696.0,40192,Yes,1,,NA,1,Created
10036,2011-01-01,10036,Female,50,1961-09-04,0.00225,Married,2075,,2031-05-28,Yes,,,Permanent contract,18084.0,285066,No,1,,NA,1,Created
10037,2011-01-01,10037,Female,67,1944-04-18,0.00974,Married,2076,,2017-12-01,No,,,Permanent contract,2302.0,632526,No,1,,NA,1,Created
17230,2011-04-18,10037,Female,68,1944-04-18,0.00974,Married,2076,,2017-12-01,No,,,Retired,1611.3999999999999,632526,No,1,,NA,1,Life event: Retired
10038,2011-01-01,10038,Male,36,1975-09-16,0.0006,Married,2012,,2049-12-06,Yes,,,Entrepreneur without personnel,7979.0,-12514,Yes,1,,NA,1,Created
10039,2011-01-01,10039,Female,103,1908-05-26,1.0,Single,0,,,No,,,Retired,97873.0,11595,No,0,,NA,1,Created
18251,2011-12-02,10039,Female,104,1908-05-26,1.0,Single,0,,,No,,,Retired,97873.0,11595,No,0,,NA,0,Life event: Deceased
10040,2011-01-01,10040,Male,64,1947-06-21,0.01097,Divorced,0,,,No,,,Permanent contract,32094.0,20753,Yes,0,,NA,1,Created
17545,2011-06-21,10040,Male,65,1947-06-21,0.01097,Divorced,0,,,No,,,Retired,22465.8,20753,Yes,0,,NA,1,Life event: Retired
10041,2011-01-01,10041,Female,7,2004-08-10,7e-05,Single,0,,,Yes,22.0,2026-05-14,Child,0.0,0,No,0,33.0,2037-12-26,1,Created
10042,2011-01-01,10042,Female,10,2001-07-19,0.0001,Single,0,,,No,,,Child,0.0,0,Yes,0,28.0,2029-05-21,1,Created
10043,2011-01-01,10043,Male,8,2003-02-16,9e-05,Single,0,,,No,,,Child,0.0,0,No,0,,NA,1,Created
10044,2011-01-01,10044,Female,25,1986-09-23,0.00022999999999999998,Single,0,,,No,,,Entrepreneur with personel,4708.0,696773,No,0,25.0,2011-09-02,1,Created
10045,2011-01-01,10045,Female,0,2011-10-21,0.0028899999999999998,Single,0,,,Yes,28.0,2039-11-08,Child,0.0,0,No,0,27.0,2038-08-16,1,Created
10046,2011-01-01,10046,Male,49,1962-12-27,0.00242,Single,0,,,No,,,Flexible contract,23596.0,247251,No,0,,NA,1,Created
10047,2011-01-01,10047,Female,20,1991-07-11,0.00018,Single,0,,,Yes,50.0,2041-09-25,Permanent contract,24007.0,36155,Yes,0,28.0,2019-09-08,1,Created
10048,2011-01-01,10048,Male,64,1947-03-28,0.01097,Married,2013,,2056-08-31,No,,,Flexible contract,411.0,298103,No,1,,NA,1,Created
17137,2011-03-28,10048,Male,65,1947-03-28,0.01097,Married,2013,,2056-08-31,No,,,Retired,287.7,298103,No,1,,NA,1,Life event: Retired
10049,2011-01-01,10049,Male,20,1991-11-19,0.00045,Single,0,,,No,,,Permanent contract,34532.0,116708,Yes,0,,NA,1,Created
10050,2011-01-01,10050,Female,63,1948-10-20,0.00672,Married,2077,,2023-10-01,No,,,Permanent contract,19224.0,948917,Yes,2,,NA,1,Created
19177,2012-10-20,10050,Female,65,1948-10-20,0.00672,Married,2077,,2023-10-01,No,,,Retired,13456.8,948917,Yes,2,,NA,1,Life event: Retired
10051,2011-01-01,10051,Male,15,1996-01-08,0.00015,Single,0,,,Yes,86.0,2082-06-01,Child,0.0,0,Yes,0,,NA,1,Created
10052,2011-01-01,10052,Female,65,1946-02-05,0.007559999999999999,Married,2078,,2070-08-10,Yes,,,Permanent contract,12204.0,15402,No,2,,NA,1,Created
16850,2011-02-05,10052,Female,66,1946-02-05,0.007559999999999999,Married,2078,,2070-08-10,Yes,,,Retired,8542.8,15402,No,2,,NA,1,Life event: Retired
10053,2011-01-01,10053,Female,54,1957-02-12,0.00313,Single,0,,,No,,,Flexible contract,64509.0,823,No,0,,NA,1,Created
10054,2011-01-01,10054,Female,70,1941-10-28,0.01252,Widowed,0,,,No,,,Retired,13007.0,160140,No,0,,NA,1,Created
10055,2011-01-01,10055,Female,65,1946-03-07,0.007559999999999999,Single,0,,,No,,,Unemployed,28952.0,239465,Yes,0,,NA,1,Created
17031,2011-03-07,10055,Female,66,1946-03-07,0.007559999999999999,Single,0,,,No,,,Retired,20266.399999999998,239465,Yes,0,,NA,1,Life event: Retired
10056,2011-01-01,10056,Male,47,1964-11-22,0.00186,Married,2014,,2048-03-01,No,,,Flexible contract,20744.0,68704,No,1,,NA,1,Created
10057,2011-01-01,10057,Female,13,1998-06-13,0.00011999999999999999,Single,0,,,No,,,Child,0.0,0,Yes,0,31.0,2029-11-06,1,Created
10058,2011-01-01,10058,Male,51,1960-05-24,0.00301,Divorced,0,,,No,,,Permanent contract,12415.0,418574,Yes,0,,NA,1,Created
10059,2011-01-01,10059,Male,79,1932-04-03,0.05364,Married,2015,,2024-03-28,Yes,,,Retired,2876.0,-46653,Yes,2,,NA,1,Created
10060,2011-01-01,10060,Male,67,1944-09-08,0.01396,Married,2016,,2019-07-17,Yes,,,Flexible contract,10372.0,166977,No,1,,NA,1,Created
17901,2011-09-08,10060,Male,68,1944-09-08,0.01396,Married,2016,,2019-07-17,Yes,,,Retired,7260.4,166977,No,1,,NA,1,Life event: Retired
10061,2011-01-01,10061,Male,62,1949-02-22,0.008409999999999999,Married,2017,,2044-02-22,Yes,,,Permanent contract,22999.0,30913,Yes,2,,NA,1,Created
10062,2011-01-01,10062,Female,59,1952-11-24,0.00479,Married,2079,,2017-10-07,No,,,Permanent contract,67403.0,-30835,Yes,3,,NA,1,Created
10063,2011-01-01,10063,Male,95,1916-02-20,0.25144,Widowed,0,,,No,,,Retired,16632.0,2265677,Yes,0,,NA,1,Created
10064,2011-01-01,10064,Female,46,1965-09-01,0.00134,Married,2080,,2037-12-10,Yes,,,Permanent contract,17115.0,103554,No,1,,NA,1,Created
10065,2011-01-01,10065,Female,32,1979-03-03,0.00041,Single,0,,,No,,,Flexible contract,11721.0,10697,No,0,,NA,1,Created
10066,2011-01-01,10066,Male,19,1992-12-03,0.00033,Single,0,,,No,,,Permanent contract,5360.0,13848,Yes,0,,NA,1,Created
10067,2011-01-01,10067,Male,41,1970-01-12,0.0008900000000000001,Divorced,0,,,Yes,,,Permanent contract,17145.0,91,Yes,0,,NA,1,Created
10068,2011-01-01,10068,Male,62,1949-12-25,0.008409999999999999,Single,0,,,No,,,Flexible contract,26330.0,134394,Yes,0,,NA,1,Created
10069,2011-01-01,10069,Male,60,1951-06-01,0.006840000000000001,Married,2018,,2028-08-21,No,,,Permanent contract,20251.0,159958,Yes,2,,NA,1,Created
10070,2011-01-01,10070,Male,51,1960-09-27,0.00301,Married,2019,,2044-05-10,Yes,,,Permanent contract,6684.0,104162,No,1,,NA,1,Created
10071,2011-01-01,10071,Female,64,1947-10-28,0.00713,Divorced,0,,,No,,,Permanent contract,13056.0,98152,No,0,,NA,1,Created
18107,2011-10-28,10071,Female,65,1947-10-28,0.00713,Divorced,0,,,No,,,Retired,9139.199999999999,98152,No,0,,NA,1,Life event: Retired
10072,2011-01-01,10072,Female,77,1934-08-20,0.0259,Widowed,0,,,Yes,,,Retired,18763.0,473055,No,0,,NA,1,Created
10073,2011-01-01,10073,Male,38,1973-11-14,0.0009599999999999999,Single,0,,,Yes,33.0,,Flexible contract,30866.0,142976,No,0,,NA,1,Created
10074,2011-01-01,10074,Female,5,2006-06-30,4e-05,Single,0,,,Yes,37.0,2043-04-26,Child,0.0,0,No,0,25.0,2031-09-10,1,Created
10075,2011-01-01,10075,Female,37,1974-10-07,0.00057,Married,2081,,2024-06-27,No,,,Permanent contract,27715.0,274128,No,2,38.0,2012-08-21,1,Created
19028,2012-08-21,10075,Female,38,1974-10-07,0.00057,Married,2081,,2024-06-27,No,,,Permanent contract,27715.0,274128,No,1,38,2012-08-21,1,Life event: Children born
10076,2011-01-01,10076,Female,3,2008-02-11,0.00013000000000000002,Single,0,,,No,,,Child,0.0,0,Yes,0,20.0,2028-04-02,1,Created
10077,2011-01-01,10077,Male,78,1933-07-03,0.04668,Widowed,0,,,No,,,Retired,49233.0,511043,Yes,0,,NA,1,Created
19145,2012-10-07,10077,Male,80,1933-07-03,0.04668,Widowed,0,,,No,,,Retired,49233.0,511043,Yes,0,,NA,0,Life event: Deceased
10078,2011-01-01,10078,Female,17,1994-04-25,0.0001,Single,0,,,Yes,30.0,2024-05-11,Child,0.0,0,Yes,0,27.0,2021-12-07,1,Created
17258,2011-04-25,10078,Female,18,1994-04-25,0.0001,Single,0,,,No,,,Permanent contract,48785.0,9431,Yes,0,27,2021-12-07,1,Life event: Adulthood
10079,2011-01-01,10079,Male,2,2009-08-04,0.00021,Single,0,,,Yes,35.0,2044-05-08,Child,0.0,0,No,0,,NA,1,Created
10080,2011-01-01,10080,Male,64,1947-07-10,0.01097,Married,2020,,2031-02-22,No,,,Flexible contract,29662.0,4586,Yes,2,,NA,1,Created
17632,2011-07-10,10080,Male,65,1947-07-10,0.01097,Married,2020,,2031-02-22,No,,,Retired,20763.399999999998,4586,Yes,2,,NA,1,Life event: Retired
10081,2011-01-01,10081,Male,58,1953-04-22,0.00603,Divorced,0,,,No,,,Permanent contract,19736.0,218,Yes,0,,NA,1,Created
10082,2011-01-01,10082,Male,99,1912-01-31,0.39916999999999997,Widowed,0,,,No,,,Retired,44387.0,4431,Yes,0,,NA,1,Created
10083,2011-01-01,10083,Female,40,1971-08-17,0.0006900000000000001,Married,2082,,2062-10-30,No,,,Flexible contract,18759.0,473998,Yes,3,,NA,1,Created
10084,2011-01-01,10084,Male,55,1956-06-16,0.00419,Divorced,0,,,No,,,Unemployed,74921.0,-21801,No,0,,NA,1,Created
10085,2011-01-01,10085,Male,65,1946-12-21,0.01141,Married,2021,,2041-02-15,No,,,Permanent contract,33884.0,4583,No,2,,NA,1,Created
18336,2011-12-21,10085,Male,66,1946-12-21,0.01141,Married,2021,,2041-02-15,No,,,Retired,23718.8,4583,No,2,,NA,1,Life event: Retired
10086,2011-01-01,10086,Female,36,1975-05-15,0.00049,Single,0,,,Yes,38.0,2013-06-29,Flexible contract,33748.0,2649153,No,0,36.0,2011-08-22,1,Created
10087,2011-01-01,10087,Female,60,1951-02-25,0.00541,Married,2083,,2014-04-18,Yes,,,Permanent contract,7403.0,8521,No,2,,NA,1,Created
10088,2011-01-01,10088,Female,10,2001-02-17,0.0001,Single,0,,,Yes,52.0,2053-11-15,Child,0.0,0,No,0,32.0,2033-01-02,1,Created
10089,2011-01-01,10089,Male,21,1990-07-27,0.00045,Single,0,,,No,,,Permanent contract,23388.0,-12453,Yes,0,,NA,1,Created
10090,2011-01-01,10090,Female,42,1969-10-17,0.001,Divorced,0,,,Yes,,,Permanent contract,33220.0,451835,No,0,,NA,1,Created
10091,2011-01-01,10091,Male,41,1970-12-12,0.0008900000000000001,Single,0,,,Yes,34.0,,Entrepreneur without personnel,39361.0,660587,Yes,0,,NA,1,Created
10092,2011-01-01,10092,Female,25,1986-05-19,0.00022999999999999998,Married,2084,,2021-12-30,No,,,Entrepreneur without personnel,16463.0,357738,No,1,32.0,2018-09-15,1,Created
10093,2011-01-01,10093,Male,18,1993-09-02,0.00032,Single,0,,,Yes,38.0,2031-08-26,Permanent contract,36115.0,195480,No,0,,NA,1,Created
10094,2011-01-01,10094,Female,31,1980-09-22,0.00029,Married,2085,,2014-01-26,Yes,,,Permanent contract,58146.0,28681,Yes,3,,NA,1,Created
10095,2011-01-01,10095,Male,30,1981-05-11,0.00055,Single,0,,,Yes,39.0,2020-08-08,Entrepreneur with personel,12858.0,164361,No,0,,NA,1,Created
10096,2011-01-01,10096,Female,2,2009-11-24,0.00015,Single,0,,,No,,,Child,0.0,0,No,0,31.0,2040-10-08,1,Created
10097,2011-01-01,10097,Female,51,1960-01-04,0.0023899999999999998,Single,0,,,Yes,48.0,,Permanent contract,27847.0,-48930,Yes,0,,NA,1,Created
16760,2011-01-18,10097,Female,52,1960-01-04,0.0023899999999999998,Single,0,,,Yes,48,,Permanent contract,27847.0,-48930,Yes,0,,NA,0,Life event: Deceased
10098,2011-01-01,10098,Female,9,2002-07-07,2.9999999999999997e-05,Single,0,,,No,,,Child,0.0,0,No,0,36.0,2038-11-29,1,Created
10099,2011-01-01,10099,Male,22,1989-12-24,0.00041,Single,0,,,No,,,Permanent contract,62436.0,54516,Yes,0,,NA,1,Created
10100,2011-01-01,10100,Female,97,1914-10-18,0.27028,Widowed,0,,,No,,,Retired,28772.0,5155,No,0,,NA,1,Created
18746,2012-05-13,10100,Female,98,1914-10-18,0.27028,Widowed,0,,,No,,,Retired,28772.0,5155,No,0,,NA,0,Life event: Deceased
10101,2011-01-01,10101,Male,88,1923-02-22,0.14094,Widowed,0,,,Yes,,,Retired,17762.0,5076,No,0,,NA,1,Created
10102,2011-01-01,10102,Female,30,1981-03-06,0.00027,Single,0,,,No,,,Permanent contract,25031.0,18151,Yes,0,32.0,2013-09-13,1,Created
10103,2011-01-01,10103,Female,5,2006-08-22,4e-05,Single,0,,,No,,,Child,0.0,0,Yes,0,34.0,2040-08-17,1,Created
10104,2011-01-01,10104,Male,10,2001-08-11,0.00011999999999999999,Single,0,,,Yes,10.0,2011-01-19,Child,0.0,0,Yes,0,,NA,1,Created
16767,2011-01-19,10104,Male,10,2001-08-11,0.00011999999999999999,Married,3420,6,2017-10-25,Yes,10,2011-01-19,Child,0.0,0,Yes,0,,NA,1,Life event: Married
10105,2011-01-01,10105,Female,76,1935-09-27,0.02337,Widowed,0,,,No,,,Retired,48065.0,571,No,0,,NA,1,Created
10106,2011-01-01,10106,Male,44,1967-12-19,0.0013599999999999999,Divorced,0,,,No,,,Permanent contract,169747.0,500,Yes,0,,NA,1,Created
10107,2011-01-01,10107,Male,79,1932-06-27,0.05364,Married,2022,,2034-11-02,Yes,,,Retired,130545.0,9996,No,1,,NA,1,Created
10108,2011-01-01,10108,Male,11,2000-05-11,9e-05,Single,0,,,Yes,60.0,2060-04-09,Child,0.0,0,Yes,0,,NA,1,Created
10109,2011-01-01,10109,Male,53,1958-05-13,0.0033299999999999996,Married,2023,,2022-01-31,Yes,,,Permanent contract,18401.0,849968,Yes,2,,NA,1,Created
10110,2011-01-01,10110,Female,60,1951-06-13,0.00541,Divorced,0,,,No,,,Permanent contract,11196.0,-719,Yes,0,,NA,1,Created
10111,2011-01-01,10111,Female,71,1940-08-03,0.013009999999999999,Widowed,0,,,Yes,,,Retired,16990.0,258888,No,0,,NA,1,Created
10112,2011-01-01,10112,Male,32,1979-09-25,0.00059,Single,0,,,Yes,53.0,2032-05-17,Permanent contract,44455.0,11479,Yes,0,,NA,1,Created
10113,2011-01-01,10113,Male,12,1999-07-12,0.00011,Single,0,,,Yes,25.0,2024-11-08,Child,0.0,0,Yes,0,,NA,1,Created
10114,2011-01-01,10114,Female,31,1980-04-10,0.00029,Single,0,,,No,,,Permanent contract,22020.0,121314,No,0,39.0,2019-08-25,1,Created
10115,2011-01-01,10115,Female,28,1983-09-08,0.00025,Married,2086,,2054-09-05,Yes,,,Permanent contract,9384.0,1993,No,2,31.0,2014-04-06,1,Created
10116,2011-01-01,10116,Male,32,1979-04-21,0.00059,Married,2024,,2059-09-24,Yes,,,Permanent contract,24755.0,458220,Yes,2,,NA,1,Created
10117,2011-01-01,10117,Female,7,2004-12-18,7e-05,Single,0,,,Yes,29.0,2033-11-22,Child,0.0,0,Yes,0,24.0,2028-09-28,1,Created
10118,2011-01-01,10118,Male,11,2000-06-22,9e-05,Single,0,,,Yes,39.0,2039-07-16,Child,0.0,0,Yes,0,,NA,1,Created
10119,2011-01-01,10119,Female,21,1990-02-04,0.00016,Single,0,,,No,,,Unemployed,57130.0,172391,Yes,0,22.0,2012-07-18,1,Created
10120,2011-01-01,10120,Male,31,1980-05-08,0.00041,Married,2025,,2037-05-04,No,,,Entrepreneur without personnel,13872.0,252792,No,1,,NA,1,Created
10121,2011-01-01,10121,Male,57,1954-10-18,0.00572,Married,2026,,2054-05-29,No,,,Permanent contract,53535.0,5986,Yes,1,,NA,1,Created
10122,2011-01-01,10122,Female,23,1988-12-11,0.0001,Single,0,,,Yes,29.0,2017-03-24,Permanent contract,12756.0,108103,No,0,,NA,1,Created
10123,2011-01-01,10123,Female,35,1976-03-02,0.00033999999999999997,Married,2087,,2029-07-06,Yes,,,Permanent contract,36989.0,49009,Yes,3,,NA,1,Created
10124,2011-01-01,10124,Female,11,2000-04-20,7e-05,Single,0,,,Yes,30.0,2030-06-28,Child,0.0,0,Yes,0,28.0,2028-01-08,1,Created
10125,2011-01-01,10125,Male,20,1991-01-07,0.00045,Single,0,,,Yes,40.0,2031-11-07,Permanent contract,15744.0,135385,Yes,0,,NA,1,Created
10126,2011-01-01,10126,Female,0,2011-01-14,0.0028899999999999998,Single,0,,,Yes,30.0,2041-08-11,Child,0.0,0,No,0,34.0,2045-04-27,1,Created
10127,2011-01-01,10127,Male,47,1964-12-02,0.00186,Married,2027,,2050-12-10,Yes,,,Permanent contract,10596.0,600508,No,3,,NA,1,Created
10128,2011-01-01,10128,Male,55,1956-11-29,0.00419,Married,2028,,2063-01-03,No,,,Unemployed,2605.0,81,No,2,,NA,1,Created
10129,2011-01-01,10129,Female,67,1944-01-03,0.00974,Married,2088,,2022-12-11,No,,,Flexible contract,36895.0,26875,No,1,,NA,1,Created
16667,2011-01-03,10129,Female,68,1944-01-03,0.00974,Married,2088,,2022-12-11,No,,,Retired,25826.5,26875,No,1,,NA,1,Life event: Retired
10130,2011-01-01,10130,Female,43,1968-10-20,0.0009699999999999999,Single,0,,,No,,,Permanent contract,8708.0,42090,Yes,0,,NA,1,Created
10131,2011-01-01,10131,Female,20,1991-11-05,0.00018,Single,0,,,Yes,38.0,2029-07-12,Unemployed,41737.0,296788,Yes,0,31.0,2022-08-07,1,Created
10132,2011-01-01,10132,Female,49,1962-02-17,0.00193,Married,2089,,2032-03-23,No,,,Permanent contract,36170.0,383100,Yes,1,,NA,1,Created
10133,2011-01-01,10133,Female,42,1969-01-28,0.001,Married,2090,,2019-12-28,Yes,,,Flexible contract,11052.0,145370,Yes,2,,NA,1,Created
10134,2011-01-01,10134,Female,55,1956-09-27,0.00372,Married,2091,,2061-09-11,No,,,Flexible contract,153440.0,146392,No,3,,NA,1,Created
10135,2011-01-01,10135,Female,53,1958-08-21,0.00312,Married,2092,,2050-06-30,No,,,Permanent contract,18877.0,11384,No,1,,NA,1,Created
10136,2011-01-01,10136,Female,28,1983-05-09,0.00025,Single,0,,,No,,,Flexible contract,23048.0,-40926,Yes,0,35.0,2018-01-29,1,Created
10137,2011-01-01,10137,Male,45,1966-03-02,0.0014199999999999998,Married,2029,,2056-12-20,Yes,,,Entrepreneur without personnel,48411.0,-32373,No,2,,NA,1,Created
10138,2011-01-01,10138,Female,6,2005-02-11,8e-05,Single,0,,,No,,,Child,0.0,0,Yes,0,34.0,2039-12-30,1,Created
10139,2011-01-01,10139,Female,76,1935-09-27,0.02337,Widowed,0,,,No,,,Retired,48081.0,44475,Yes,0,,NA,1,Created
10140,2011-01-01,10140,Female,72,1939-04-12,0.01411,Widowed,0,,,No,,,Retired,19065.0,42736,No,0,,NA,1,Created
10141,2011-01-01,10141,Female,58,1953-06-21,0.00448,Married,2093,,2031-05-27,Yes,,,Unemployed,19131.0,6413,No,2,,NA,1,Created
10142,2011-01-01,10142,Female,52,1959-09-26,0.00268,Married,2094,,2040-01-21,No,,,Permanent contract,48827.0,672747,Yes,1,,NA,1,Created
10143,2011-01-01,10143,Female,48,1963-05-17,0.0018800000000000002,Married,2095,,2054-10-16,Yes,,,Flexible contract,35752.0,43381,Yes,2,,NA,1,Created
10144,2011-01-01,10144,Male,34,1977-11-22,0.00067,Married,2030,,2033-09-25,No,,,Permanent contract,38356.0,-47095,No,1,,NA,1,Created
10145,2011-01-01,10145,Female,80,1931-12-13,0.03682,Widowed,0,,,Yes,,,Retired,17155.0,291052,Yes,0,,NA,1,Created
10146,2011-01-01,10146,Male,50,1961-07-15,0.00257,Married,2031,,2025-05-16,Yes,,,Entrepreneur without personnel,57031.0,566191,Yes,2,,NA,1,Created
10147,2011-01-01,10147,Male,74,1937-02-28,0.0295,Married,2032,,2018-09-25,No,,,Retired,4042.0,181244,Yes,2,,NA,1,Created
10148,2011-01-01,10148,Female,35,1976-10-04,0.00033999999999999997,Married,2096,,2019-02-11,No,,,Permanent contract,39394.0,35870,Yes,2,,NA,1,Created
10149,2011-01-01,10149,Female,3,2008-11-15,0.00013000000000000002,Single,0,,,Yes,39.0,2047-11-18,Child,0.0,0,Yes,0,31.0,2039-02-04,1,Created
10150,2011-01-01,10150,Female,72,1939-04-28,0.01411,Single,0,,,Yes,34.0,,Retired,88545.0,-11138,Yes,0,,NA,1,Created
10151,2011-01-01,10151,Female,55,1956-03-31,0.00372,Married,2097,,2012-09-11,Yes,,,Permanent contract,23116.0,821096,No,1,,NA,1,Created
19092,2012-09-11,10151,Female,57,1956-03-31,0.00372,Divorced,2097,,2012-09-11,Yes,,,Permanent contract,23116.0,821096,No,1,,NA,1,Life event: Divorced
10152,2011-01-01,10152,Female,22,1989-10-13,0.00023999999999999998,Single,0,,,Yes,42.0,2031-05-24,Entrepreneur without personnel,15641.0,601,Yes,0,32.0,2021-06-06,1,Created
10153,2011-01-01,10153,Male,72,1939-10-01,0.02384,Married,2033,,2030-10-20,Yes,,,Retired,20897.0,17676,Yes,2,,NA,1,Created
10154,2011-01-01,10154,Female,44,1967-07-06,0.00107,Single,0,,,No,,,Permanent contract,17491.0,1659,Yes,0,,NA,1,Created
10155,2011-01-01,10155,Female,52,1959-12-09,0.00268,Married,2098,,2037-03-18,Yes,,,Flexible contract,41767.0,56874,No,1,,NA,1,Created
10156,2011-01-01,10156,Male,55,1956-09-15,0.00419,Single,0,,,No,,,Unemployed,22441.0,32619,No,0,,NA,1,Created
10157,2011-01-01,10157,Male,80,1931-06-24,0.05987000000000001,Married,2034,,2021-10-17,No,,,Retired,15345.0,611,No,1,,NA,1,Created
10158,2011-01-01,10158,Male,13,1998-07-22,0.00014,Single,0,,,No,,,Child,0.0,0,Yes,0,,NA,1,Created
10159,2011-01-01,10159,Male,57,1954-03-03,0.00572,Married,2035,,2026-01-12,No,,,Flexible contract,41481.0,-8880,Yes,3,,NA,1,Created
10160,2011-01-01,10160,Male,25,1986-10-17,0.00033999999999999997,Single,0,,,No,,,Permanent contract,41087.0,429973,No,0,,NA,1,Created
10161,2011-01-01,10161,Female,42,1969-11-08,0.001,Married,2099,,2044-01-25,Yes,,,Permanent contract,78113.0,461304,No,2,,NA,1,Created
10162,2011-01-01,10162,Male,60,1951-12-24,0.006840000000000001,Divorced,0,,,No,,,Permanent contract,13876.0,112859,Yes,0,,NA,1,Created
10163,2011-01-01,10163,Female,8,2003-04-22,2.9999999999999997e-05,Single,0,,,Yes,27.0,2030-02-10,Child,0.0,0,No,0,33.0,2036-07-28,1,Created
10164,2011-01-01,10164,Male,59,1952-05-30,0.00717,Married,2036,,2031-06-08,No,,,Flexible contract,7485.0,348270,Yes,3,,NA,1,Created
10165,2011-01-01,10165,Male,35,1976-12-26,0.00055,Married,2037,,2072-12-24,No,,,Permanent contract,5136.0,-24991,Yes,1,,NA,1,Created
10166,2011-01-01,10166,Male,80,1931-03-30,0.05987000000000001,Widowed,0,,,No,,,Retired,27937.0,-1804,Yes,0,,NA,1,Created
10167,2011-01-01,10167,Male,2,2009-03-04,0.00021,Single,0,,,No,,,Child,0.0,0,Yes,0,,NA,1,Created
10168,2011-01-01,10168,Male,58,1953-08-04,0.00603,Single,0,,,No,,,Unemployed,43749.0,103105,Yes,0,,NA,1,Created
10169,2011-01-01,10169,Female,30,1981-09-14,0.00027,Married,2100,,2013-03-09,No,,,Permanent contract,11622.0,26622,Yes,1,33.0,2014-10-06,1,Created
10170,2011-01-01,10170,Female,9,2002-06-13,2.9999999999999997e-05,Single,0,,,No,,,Child,0.0,0,Yes,0,27.0,2029-05-07,1,Created
10171,2011-01-01,10171,Female,78,1933-09-24,0.02817,Widowed,0,,,Yes,,,Retired,13496.0,476658,Yes,0,,NA,1,Created
10172,2011-01-01,10172,Female,53,1958-03-29,0.00312,Married,2101,,2031-01-27,Yes,,,Permanent contract,9881.0,1315,Yes,1,,NA,1,Created
10173,2011-01-01,10173,Female,103,1908-03-13,1.0,Widowed,0,,,No,,,Retired,28597.0,199261,No,0,,NA,1,Created
16815,2011-01-28,10173,Female,103,1908-03-13,1.0,Widowed,0,,,No,,,Retired,28597.0,199261,No,0,,NA,0,Life event: Deceased
10174,2011-01-01,10174,Female,37,1974-04-19,0.00057,Married,2102,,2043-03-25,Yes,,,Permanent contract,97432.0,691,No,1,,NA,1,Created
10175,2011-01-01,10175,Female,52,1959-07-02,0.00268,Married,2103,,2022-09-23,No,,,Permanent contract,25623.0,3158,Yes,3,,NA,1,Created
10176,2011-01-01,10176,Male,101,1910-06-21,1.0,Widowed,0,,,Yes,,,Retired,8801.0,19023,No,0,,NA,1,Created
17961,2011-09-21,10176,Male,102,1910-06-21,1.0,Widowed,0,,,Yes,,,Retired,8801.0,19023,No,0,,NA,0,Life event: Deceased
10177,2011-01-01,10177,Female,44,1967-09-17,0.00107,Single,0,,,Yes,30.0,,Flexible contract,8792.0,364214,Yes,0,,NA,1,Created
10178,2011-01-01,10178,Female,45,1966-02-07,0.00134,Married,2104,,2037-05-24,No,,,Permanent contract,48116.0,14146,Yes,2,,NA,1,Created
10179,2011-01-01,10179,Female,12,1999-05-27,5e-05,Single,0,,,No,,,Child,0.0,0,No,0,30.0,2029-07-26,1,Created
10180,2011-01-01,10180,Female,17,1994-11-05,0.0001,Single,0,,,Yes,20.0,2014-01-15,Child,0.0,0,Yes,0,37.0,2031-05-31,1,Created
18133,2011-11-05,10180,Female,18,1994-11-05,0.0001,Single,0,,,No,,,Permanent contract,6452.0,22167,Yes,0,37,2031-05-31,1,Life event: Adulthood
10181,2011-01-01,10181,Female,38,1973-02-13,0.00063,Married,2105,,2048-05-11,Yes,,,Permanent contract,81409.0,-36387,Yes,2,,NA,1,Created
10182,2011-01-01,10182,Female,40,1971-01-08,0.0006900000000000001,Married,2106,,2043-06-10,Yes,,,Permanent contract,30810.0,24748,Yes,1,,NA,1,Created
10183,2011-01-01,10183,Male,10,2001-04-25,0.00011999999999999999,Single,0,,,No,,,Child,0.0,0,Yes,0,,NA,1,Created
10184,2011-01-01,10184,Female,103,1908-07-05,1.0,Single,0,,,Yes,29.0,,Retired,26732.0,350423,Yes,0,,NA,1,Created
17200,2011-04-11,10184,Female,103,1908-07-05,1.0,Single,0,,,Yes,29,,Retired,26732.0,350423,Yes,0,,NA,0,Life event: Deceased
10185,2011-01-01,10185,Female,19,1992-02-01,0.00014,Single,0,,,No,,,Permanent contract,16188.0,794934,No,0,37.0,2029-05-21,1,Created
10186,2011-01-01,10186,Male,45,1966-02-18,0.0014199999999999998,Married,2038,,2041-09-07,Yes,,,Permanent contract,29717.0,671637,Yes,1,,NA,1,Created
10187,2011-01-01,10187,Male,78,1933-08-30,0.04668,Married,2039,,2034-01-06,No,,,Retired,42035.0,285429,No,3,,NA,1,Created
10188,2011-01-01,10188,Female,68,1943-08-22,0.00983,Married,2107,,2053-06-04,Yes,,,Retired,42407.0,-15083,Yes,2,,NA,1,Created
10189,2011-01-01,10189,Female,46,1965-04-30,0.00134,Divorced,0,,,No,,,Flexible contract,3555.0,560,No,0,,NA,1,Created
10190,2011-01-01,10190,Female,51,1960-11-03,0.0023899999999999998,Widowed,0,,,No,,,Permanent contract,2738.0,7425,Yes,0,,NA,1,Created
10191,2011-01-01,10191,Female,4,2007-07-03,5.9999999999999995e-05,Single,0,,,No,,,Child,0.0,0,Yes,0,25.0,2032-06-24,1,Created
10192,2011-01-01,10192,Female,67,1944-03-06,0.00974,Married,2108,,2012-08-04,No,,,Permanent contract,4893.0,864,Yes,1,,NA,1,Created
17027,2011-03-06,10192,Female,68,1944-03-06,0.00974,Married,2108,,2012-08-04,No,,,Retired,3425.1,864,Yes,1,,NA,1,Life event: Retired
18982,2012-08-04,10192,Female,69,1944-03-06,0.00974,Divorced,2108,,2012-08-04,No,,,Retired,3425.1,864,Yes,1,,NA,1,Life event: Divorced
10193,2011-01-01,10193,Male,73,1938-09-04,0.0262,Single,0,,,No,,,Retired,24008.0,4669,No,0,,NA,1,Created
10194,2011-01-01,10194,Female,23,1988-07-29,0.0001,Single,0,,,No,,,Permanent contract,19677.0,16239,Yes,0,25.0,2013-08-05,1,Created
10195,2011-01-01,10195,Female,35,1976-07-03,0.00033999999999999997,Single,0,,,Yes,26.0,,Permanent contract,11125.0,416834,Yes,0,,NA,1,Created
10196,2011-01-01,10196,Male,12,1999-10-02,0.00011,Single,0,,,No,,,Child,0.0,0,Yes,0,,NA,1,Created
10197,2011-01-01,10197,Male,62,1949-07-28,0.008409999999999999,Married,2040,,2059-05-27,Yes,,,Permanent contract,2901.0,-4737,Yes,2,,NA,1,Created
10198,2011-01-01,10198,Female,49,1962-05-20,0.00193,Married,2109,,2012-01-29,No,,,Permanent contract,47600.0,-8471,No,3,,NA,1,Created
18480,2012-01-29,10198,Female,50,1962-05-20,0.00193,Divorced,2109,,2012-01-29,No,,,Permanent contract,47600.0,-8471,No,3,,NA,1,Life event: Divorced
10199,2011-01-01,10199,Male,54,1957-07-26,0.00404,Married,2041,,2022-04-09,No,,,Permanent contract,39029.0,3129,Yes,2,,NA,1,Created
10200,2011-01-01,10200,Male,51,1960-08-17,0.00301,Divorced,0,,,Yes,,,Flexible contract,24936.0,115770,No,0,,NA,1,Created
10201,2011-01-01,10201,Female,48,1963-09-07,0.0018800000000000002,Divorced,0,,,No,,,Flexible contract,15053.0,484231,Yes,0,,NA,1,Created
10202,2011-01-01,10202,Male,64,1947-08-19,0.01097,Widowed,0,,,No,,,Entrepreneur without personnel,15006.0,2403,No,0,,NA,1,Created
17827,2011-08-19,10202,Male,65,1947-08-19,0.01097,Widowed,0,,,No,,,Retired,10504.199999999999,2403,No,0,,NA,1,Life event: Retired
10203,2011-01-01,10203,Female,24,1987-03-12,0.00018999999999999998,Single,0,,,No,,,Permanent contract,16517.0,15262,Yes,0,24.0,2011-02-20,1,Created
10204,2011-01-01,10204,Male,11,2000-07-22,9e-05,Single,0,,,Yes,32.0,2032-02-16,Child,0.0,0,Yes,0,,NA,1,Created
10205,2011-01-01,10205,Male,40,1971-02-03,0.0009400000000000001,Single,0,,,Yes,30.0,,Flexible contract,12914.0,-18418,Yes,0,,NA,1,Created
10206,2011-01-01,10206,Female,25,1986-09-05,0.00022999999999999998,Single,0,,,Yes,29.0,2015-11-18,Permanent contract,24788.0,757,No,0,28.0,2014-11-03,1,Created
10207,2011-01-01,10207,Female,33,1978-08-05,0.00035,Single,0,,,No,,,Permanent contract,14538.0,158956,No,0,,NA,1,Created
10208,2011-01-01,10208,Female,0,2011-03-02,0.0028899999999999998,Single,0,,,No,,,Child,0.0,0,Yes,0,28.0,2039-01-07,1,Created
10209,2011-01-01,10209,Male,60,1951-06-11,0.006840000000000001,Single,0,,,Yes,45.0,,Permanent contract,2971.0,1957,Yes,0,,NA,1,Created
10210,2011-01-01,10210,Female,64,1947-06-14,0.00713,Divorced,0,,,No,,,Permanent contract,11817.0,402731,Yes,0,,NA,1,Created
17511,2011-06-14,10210,Female,65,1947-06-14,0.00713,Divorced,0,,,No,,,Retired,8271.9,402731,Yes,0,,NA,1,Life event: Retired
10211,2011-01-01,10211,Female,57,1954-04-14,0.00387,Divorced,0,,,Yes,,,Permanent contract,9471.0,74285,No,0,,NA,1,Created
10212,2011-01-01,10212,Female,10,2001-01-30,0.0001,Single,0,,,No,,,Child,0.0,0,No,0,32.0,2033-06-21,1,Created
10213,2011-01-01,10213,Male,42,1969-07-11,0.00128,Single,0,,,No,,,Permanent contract,21921.0,285542,No,0,,NA,1,Created
10214,2011-01-01,10214,Male,26,1985-08-20,1.0,Single,0,,,No,,,Permanent contract,56145.0,14352,No,0,,NA,1,Created
10215,2011-01-01,10215,Male,23,1988-09-14,0.00039,Single,0,,,Yes,35.0,2023-12-07,Permanent contract,2870.0,16192,Yes,0,,NA,1,Created
10216,2011-01-01,10216,Male,21,1990-09-03,0.00045,Single,0,,,Yes,26.0,2016-01-25,Flexible contract,7693.0,363346,Yes,0,,NA,1,Created
10217,2011-01-01,10217,Male,54,1957-01-07,0.00404,Married,2042,,2070-01-18,Yes,,,Permanent contract,8541.0,8501,Yes,2,,NA,1,Created
10218,2011-01-01,10218,Female,36,1975-11-15,0.00049,Married,2110,,2018-06-26,Yes,,,Entrepreneur without personnel,41357.0,-9107,No,3,,NA,1,Created
10219,2011-01-01,10219,Male,6,2005-03-25,5.9999999999999995e-05,Single,0,,,Yes,27.0,2032-12-24,Child,0.0,0,Yes,0,,NA,1,Created
10220,2011-01-01,10220,Male,9,2002-02-23,0.00014,Single,0,,,No,,,Child,0.0,0,No,0,,NA,1,Created
10221,2011-01-01,10221,Female,65,1946-01-10,0.007559999999999999,Married,2111,,2015-10-07,No,,,Permanent contract,16474.0,-33081,Yes,1,,NA,1,Created
16716,2011-01-10,10221,Female,66,1946-01-10,0.007559999999999999,Married,2111,,2015-10-07,No,,,Retired,11531.8,-33081,Yes,1,,NA,1,Life event: Retired
10222,2011-01-01,10222,Male,11,2000-10-30,9e-05,Single,0,,,Yes,32.0,2032-11-21,Child,0.0,0,No,0,,NA,1,Created
10223,2011-01-01,10223,Male,7,2004-12-10,9e-05,Single,0,,,No,,,Child,0.0,0,Yes,0,,NA,1,Created
10224,2011-01-01,10224,Male,14,1997-02-27,0.00014,Single,0,,,Yes,41.0,2038-01-30,Child,0.0,0,Yes,0,,NA,1,Created
10225,2011-01-01,10225,Female,7,2004-05-25,7e-05,Single,0,,,Yes,26.0,2030-08-26,Child,0.0,0,Yes,0,32.0,2036-01-20,1,Created
10226,2011-01-01,10226,Male,13,1998-11-17,0.00014,Single,0,,,No,,,Child,0.0,0,Yes,0,,NA,1,Created
10227,2011-01-01,10227,Male,69,1942-11-22,0.01804,Married,2043,,2029-11-03,No,,,Retired,35383.0,716317,Yes,3,,NA,1,Created
10228,2011-01-01,10228,Female,36,1975-10-11,0.00049,Married,2112,,2055-08-08,No,,,Flexible contract,16442.0,-1468,Yes,2,,NA,1,Created
10229,2011-01-01,10229,Male,58,1953-02-10,0.00603,Married,2044,,2028-12-25,Yes,,,Entrepreneur with personel,18295.0,-16176,Yes,3,,NA,1,Created
10230,2011-01-01,10230,Male,2,2009-11-17,0.00021,Single,0,,,No,,,Child,0.0,0,No,0,,NA,1,Created
10231,2011-01-01,10231,Male,14,1997-01-19,0.00014,Single,0,,,No,,,Child,0.0,0,Yes,0,,NA,1,Created
10232,2011-01-01,10232,Female,12,1999-05-03,5e-05,Single,0,,,No,,,Child,0.0,0,No,0,31.0,2030-11-09,1,Created
10233,2011-01-01,10233,Female,61,1950-04-20,0.00562,Divorced,0,,,No,,,Flexible contract,13460.0,119155,No,0,,NA,1,Created
10234,2011-01-01,10234,Female,47,1964-05-28,0.00168,Married,2113,,2058-11-08,Yes,,,Permanent contract,34191.0,2023,No,2,,NA,1,Created
10235,2011-01-01,10235,Male,31,1980-05-11,0.00041,Divorced,0,,,Yes,,,Permanent contract,24965.0,-18904,No,0,,NA,1,Created
10236,2011-01-01,10236,Female,59,1952-06-25,0.00479,Divorced,0,,,No,,,Permanent contract,630.0,600,Yes,0,,NA,1,Created
10237,2011-01-01,10237,Female,71,1940-05-24,0.013009999999999999,Single,0,,,Yes,36.0,,Retired,48328.0,-1837,No,0,,NA,1,Created
10238,2011-01-01,10238,Male,41,1970-07-10,0.0008900000000000001,Married,2045,,2021-08-20,No,,,Permanent contract,41656.0,4046,No,2,,NA,1,Created
10239,2011-01-01,10239,Male,51,1960-11-28,0.00301,Married,2046,,2037-01-28,Yes,,,Unemployed,48210.0,-2578,Yes,1,,NA,1,Created
10240,2011-01-01,10240,Male,74,1937-03-31,0.0295,Married,2047,,2027-01-06,No,,,Retired,5773.0,186724,Yes,2,,NA,1,Created
10241,2011-01-01,10241,Male,4,2007-03-26,0.00011,Single,0,,,No,,,Child,0.0,0,Yes,0,,NA,1,Created
10242,2011-01-01,10242,Female,52,1959-01-21,0.00268,Married,2114,,2024-10-14,Yes,,,Permanent contract,37700.0,922882,Yes,1,,NA,1,Created
10243,2011-01-01,10243,Female,38,1973-09-04,0.00063,Single,0,,,No,,,Permanent contract,30698.0,2106,Yes,0,,NA,1,Created
10244,2011-01-01,10244,Male,39,1972-03-22,0.0008699999999999999,Single,0,,,No,,,Permanent contract,84370.0,53064,Yes,0,,NA,1,Created
10245,2011-01-01,10245,Male,56,1955-06-07,0.0052,Married,2048,,2051-02-06,No,,,Permanent contract,43389.0,256864,Yes,2,,NA,1,Created
10246,2011-01-01,10246,Female,73,1938-06-15,0.01577,Married,2115,,2029-09-13,No,,,Retired,7925.0,-29284,No,1,,NA,1,Created
10247,2011-01-01,10247,Male,101,1910-10-07,1.0,Widowed,0,,,No,,,Retired,3391.0,4616,Yes,0,,NA,1,Created
10248,2011-01-01,10248,Male,65,1946-05-08,0.01141,Married,2049,,2028-06-22,Yes,,,Permanent contract,35566.0,418,No,2,,NA,1,Created
17325,2011-05-08,10248,Male,66,1946-05-08,0.01141,Married,2049,,2028-06-22,Yes,,,Retired,24896.199999999997,418,No,2,,NA,1,Life event: Retired
18535,2012-02-20,10248,Male,66,1946-05-08,0.01141,Married,2049,,2028-06-22,Yes,,,Retired,24896.199999999997,418,No,2,,NA,0,Life event: Deceased
10249,2011-01-01,10249,Male,75,1936-07-18,0.033710000000000004,Widowed,0,,,Yes,,,Retired,17437.0,-48316,No,0,,NA,1,Created
10250,2011-01-01,10250,Male,5,2006-09-26,9e-05,Single,0,,,No,,,Child,0.0,0,No,0,,NA,1,Created
10251,2011-01-01,10251,Male,71,1940-06-08,0.02034,Single,0,,,Yes,40.0,,Retired,12085.0,211282,Yes,0,,NA,1,Created
10252,2011-01-01,10252,Female,59,1952-09-01,0.00479,Married,2116,,2016-09-15,No,,,Permanent contract,38483.0,806131,Yes,1,,NA,1,Created
10253,2011-01-01,10253,Male,79,1932-07-12,0.05364,Divorced,0,,,Yes,,,Retired,26140.0,466382,Yes,0,,NA,1,Created
10254,2011-01-01,10254,Male,20,1991-05-18,0.00045,Single,0,,,Yes,61.0,2052-07-26,Permanent contract,14971.0,-25320,Yes,0,,NA,1,Created
10255,2011-01-01,10255,Male,50,1961-09-23,0.00257,Single,0,,,No,,,Flexible contract,48110.0,487,Yes,0,,NA,1,Created
10256,2011-01-01,10256,Female,56,1955-10-02,0.0041,Married,2117,,2036-07-28,Yes,,,Permanent contract,14585.0,263200,Yes,2,,NA,1,Created
10257,2011-01-01,10257,Female,31,1980-01-20,0.00029,Married,2118,,2040-11-12,No,,,Permanent contract,1160.0,315084,Yes,2,,NA,1,Created
10258,2011-01-01,10258,Male,33,1978-11-19,0.00047999999999999996,Married,2050,,2074-07-05,No,,,Permanent contract,16541.0,18770,No,1,,NA,1,Created
10259,2011-01-01,10259,Male,19,1992-10-14,0.00033,Single,0,,,No,,,Permanent contract,15237.0,10692,No,0,,NA,1,Created
10260,2011-01-01,10260,Female,20,1991-12-20,0.00018,Single,0,,,Yes,26.0,2017-09-07,Permanent contract,4386.0,373607,Yes,0,33.0,2024-07-19,1,Created
10261,2011-01-01,10261,Female,28,1983-05-01,0.00025,Single,0,,,No,,,Entrepreneur without personnel,20245.0,-45889,Yes,0,30.0,2013-04-05,1,Created
10262,2011-01-01,10262,Male,33,1978-05-30,0.00047999999999999996,Single,0,,,Yes,45.0,2023-08-01,Permanent contract,14830.0,-41638,Yes,0,,NA,1,Created
10263,2011-01-01,10263,Male,32,1979-02-16,0.00059,Single,0,,,Yes,35.0,2014-05-16,Unemployed,34928.0,80011,Yes,0,,NA,1,Created
10264,2011-01-01,10264,Male,37,1974-12-22,0.00082,Married,2051,,2064-03-17,No,,,Permanent contract,531.0,9829,Yes,1,,NA,1,Created
10265,2011-01-01,10265,Female,9,2002-06-25,2.9999999999999997e-05,Single,0,,,No,,,Child,0.0,0,Yes,0,30.0,2032-03-01,1,Created
10266,2011-01-01,10266,Female,59,1952-01-27,0.00479,Married,2119,,2042-07-11,Yes,,,Flexible contract,15059.0,93137,No,1,,NA,1,Created
10267,2011-01-01,10267,Female,35,1976-02-28,0.00033999999999999997,Divorced,0,,,Yes,,,Flexible contract,81260.0,72881,Yes,0,36.0,2012-04-06,1,Created
10268,2011-01-01,10268,Female,33,1978-11-28,0.00035,Single,0,,,No,,,Permanent contract,49926.0,51823,Yes,0,,NA,1,Created
10269,2011-01-01,10269,Male,67,1944-09-22,0.01396,Married,2052,,2045-04-19,Yes,,,Entrepreneur without personnel,48825.0,35462,No,2,,NA,1,Created
17964,2011-09-22,10269,Male,68,1944-09-22,0.01396,Married,2052,,2045-04-19,Yes,,,Retired,34177.5,35462,No,2,,NA,1,Life event: Retired
10270,2011-01-01,10270,Female,58,1953-01-31,0.00448,Married,2120,,2036-12-29,No,,,Permanent contract,14062.0,7900,Yes,1,,NA,1,Created
10271,2011-01-01,10271,Male,61,1950-05-17,0.00747,Married,2053,,2059-12-06,Yes,,,Permanent contract,25806.0,-1098,No,2,,NA,1,Created
10272,2011-01-01,10272,Female,40,1971-12-29,0.0006900000000000001,Single,0,,,No,,,Permanent contract,890.0,5250,Yes,0,,NA,1,Created
10273,2011-01-01,10273,Male,20,1991-12-09,0.00045,Single,0,,,No,,,Permanent contract,7158.0,2909,No,0,,NA,1,Created
10274,2011-01-01,10274,Male,60,1951-04-16,0.006840000000000001,Divorced,0,,,No,,,Flexible contract,44534.0,3403,No,0,,NA,1,Created
10275,2011-01-01,10275,Male,64,1947-03-16,0.01097,Married,2054,,2049-07-01,Yes,,,Permanent contract,13410.0,19186,No,1,,NA,1,Created
17074,2011-03-16,10275,Male,65,1947-03-16,0.01097,Married,2054,,2049-07-01,Yes,,,Retired,9387.0,19186,No,1,,NA,1,Life event: Retired
10276,2011-01-01,10276,Male,31,1980-07-30,0.00041,Married,2055,,2038-07-01,No,,,Permanent contract,38791.0,39105,No,1,,NA,1,Created
10277,2011-01-01,10277,Female,33,1978-03-31,0.00035,Single,0,,,Yes,48.0,2026-03-24,Permanent contract,28114.0,31340,Yes,0,,NA,1,Created
10278,2011-01-01,10278,Male,32,1979-11-08,0.00059,Single,0,,,No,,,Permanent contract,8859.0,164936,No,0,,NA,1,Created
10279,2011-01-01,10279,Male,26,1985-09-21,1.0,Married,2056,,2056-12-29,No,,,Flexible contract,22264.0,85410,Yes,3,,NA,1,Created
16872,2011-02-08,10279,Male,26,1985-09-21,1.0,Married,2056,,2056-12-29,No,,,Flexible contract,22264.0,85410,Yes,3,,NA,0,Life event: Deceased
10280,2011-01-01,10280,Male,62,1949-08-08,0.008409999999999999,Married,2057,,2033-05-03,Yes,,,Permanent contract,37062.0,21830,No,1,,NA,1,Created
10281,2011-01-01,10281,Male,20,1991-12-27,0.00045,Single,0,,,No,,,Permanent contract,43382.0,851496,Yes,0,,NA,1,Created
10282,2011-01-01,10282,Male,56,1955-10-13,0.0052,Divorced,0,,,Yes,,,Flexible contract,14092.0,68460,Yes,0,,NA,1,Created
10283,2011-01-01,10283,Male,8,2003-04-28,9e-05,Single,0,,,No,,,Child,0.0,0,Yes,0,,NA,1,Created
10284,2011-01-01,10284,Female,56,1955-07-16,0.0041,Married,2121,,2012-06-03,No,,,Permanent contract,12089.0,34132,Yes,2,,NA,1,Created
18810,2012-06-03,10284,Female,57,1955-07-16,0.0041,Divorced,2121,,2012-06-03,No,,,Permanent contract,12089.0,34132,Yes,2,,NA,1,Life event: Divorced
10285,2011-01-01,10285,Male,43,1968-04-11,0.00103,Single,0,,,Yes,29.0,,Permanent contract,37829.0,601260,No,0,,NA,1,Created
10286,2011-01-01,10286,Male,40,1971-06-17,0.0009400000000000001,Single,0,,,Yes,38.0,,Permanent contract,36547.0,6994,No,0,,NA,1,Created
10287,2011-01-01,10287,Male,3,2008-12-06,0.0002,Single,0,,,No,,,Child,0.0,0,Yes,0,,NA,1,Created
10288,2011-01-01,10288,Female,6,2005-01-31,8e-05,Single,0,,,Yes,21.0,2026-09-23,Child,0.0,0,Yes,0,32.0,2037-10-04,1,Created
10289,2011-01-01,10289,Male,43,1968-05-31,0.00103,Single,0,,,Yes,46.0,2014-08-01,Permanent contract,45907.0,-22487,Yes,0,,NA,1,Created
10290,2011-01-01,10290,Female,1,2010-10-30,0.00033999999999999997,Single,0,,,No,,,Child,0.0,0,Yes,0,32.0,2042-10-05,1,Created
10291,2011-01-01,10291,Male,58,1953-01-01,0.00603,Married,2058,,2022-02-22,No,,,Flexible contract,29325.0,92100,Yes,1,,NA,1,Created
10292,2011-01-01,10292,Female,46,1965-11-18,0.00134,Married,2122,,2022-07-31,Yes,,,Permanent contract,7653.0,445856,Yes,1,,NA,1,Created
10293,2011-01-01,10293,Male,61,1950-03-28,0.00747,Divorced,0,,,No,,,Flexible contract,36583.0,209612,No,0,,NA,1,Created
10294,2011-01-01,10294,Male,50,1961-05-06,0.00257,Married,2059,,2014-08-21,No,,,Entrepreneur with personel,1279.0,15150,No,2,,NA,1,Created
10295,2011-01-01,10295,Female,80,1931-04-14,0.03682,Married,2123,,2064-01-29,No,,,Retired,9372.0,352325,Yes,1,,NA,1,Created
10296,2011-01-01,10296,Female,24,1987-08-07,0.00018999999999999998,Single,0,,,Yes,33.0,2020-07-05,Permanent contract,26170.0,172157,No,0,29.0,2016-02-27,1,Created
10297,2011-01-01,10297,Female,63,1948-02-29,0.00672,Married,2124,,2031-05-24,Yes,,,Flexible contract,41044.0,173532,No,1,,NA,1,Created
10298,2011-01-01,10298,Female,45,1966-01-26,0.00134,Married,2125,,2035-04-15,Yes,,,Permanent contract,11538.0,96632,No,1,,NA,1,Created
10299,2011-01-01,10299,Female,31,1980-01-20,0.00029,Married,2126,,2029-07-21,Yes,,,Permanent contract,2071.0,164680,No,2,40.0,2020-09-29,1,Created
10300,2011-01-01,10300,Male,13,1998-06-30,0.00014,Single,0,,,No,,,Child,0.0,0,Yes,0,,NA,1,Created
10301,2011-01-01,10301,Male,73,1938-03-12,0.0262,Married,2060,,2012-08-30,No,,,Retired,43216.0,5288,Yes,1,,NA,1,Created
19052,2012-08-30,10301,Male,75,1938-03-12,0.0262,Divorced,2060,,2012-08-30,No,,,Retired,43216.0,5288,Yes,1,,NA,1,Life event: Divorced
10302,2011-01-01,10302,Male,17,1994-12-20,0.00022999999999999998,Single,0,,,Yes,42.0,2036-04-19,Child,0.0,0,No,0,,NA,1,Created
18326,2011-12-20,10302,Male,18,1994-12-20,0.00022999999999999998,Single,0,,,No,,,Permanent contract,16105.0,4730,No,0,,NA,1,Life event: Adulthood
10303,2011-01-01,10303,Female,60,1951-12-06,0.00541,Married,2127,,2054-07-29,Yes,,,Flexible contract,23527.0,61183,Yes,1,,NA,1,Created
10304,2011-01-01,10304,Male,20,1991-01-20,0.00045,Single,0,,,Yes,52.0,2043-06-10,Flexible contract,22187.0,488668,No,0,,NA,1,Created
10305,2011-01-01,10305,Male,25,1986-07-03,0.00033999999999999997,Single,0,,,No,,,Permanent contract,49558.0,459441,No,0,,NA,1,Created
10306,2011-01-01,10306,Female,5,2006-05-26,4e-05,Single,0,,,Yes,49.0,2055-10-19,Child,0.0,0,Yes,0,36.0,2042-02-05,1,Created
10307,2011-01-01,10307,Female,63,1948-12-12,0.00672,Married,2128,,2032-10-10,Yes,,,Flexible contract,48141.0,14825,Yes,2,,NA,1,Created
19309,2012-12-12,10307,Female,65,1948-12-12,0.00672,Married,2128,,2032-10-10,Yes,,,Retired,33698.7,14825,Yes,2,,NA,1,Life event: Retired
10308,2011-01-01,10308,Female,9,2002-03-13,2.9999999999999997e-05,Single,0,,,No,,,Child,0.0,0,No,0,38.0,2040-06-06,1,Created
10309,2011-01-01,10309,Male,36,1975-09-11,0.0006,Married,2061,,2053-06-10,No,,,Permanent contract,23336.0,446814,No,3,,NA,1,Created
10310,2011-01-01,10310,Female,25,1986-12-16,0.00022999999999999998,Single,0,,,No,,,Flexible contract,41895.0,190314,No,0,,NA,1,Created
10311,2011-01-01,10311,Female,68,1943-06-17,0.00983,Married,2129,,2019-09-26,No,,,Retired,39694.0,27229,No,2,,NA,1,Created
19016,2012-08-16,10311,Female,70,1943-06-17,0.00983,Widowed,2129,,2019-09-26,No,,,Retired,39694.0,27229,No,2,,NA,1,Life event: Widowed
10312,2011-01-01,10312,Male,40,1971-12-12,0.0009400000000000001,Divorced,0,,,No,,,Permanent contract,27617.0,146450,Yes,0,,NA,1,Created
10313,2011-01-01,10313,Male,66,1945-10-16,0.01401,Married,2062,,2039-09-09,Yes,,,Permanent contract,22683.0,-724,Yes,2,,NA,1,Created
17708,2011-07-26,10313,Male,66,1945-10-16,0.01401,Married,2062,,2039-09-09,Yes,,,Permanent contract,22683.0,-724,Yes,2,,NA,0,Life event: Deceased
10314,2011-01-01,10314,Female,52,1959-03-29,0.00268,Divorced,0,,,Yes,,,Permanent contract,7154.0,456522,No,0,,NA,1,Created
10315,2011-01-01,10315,Female,40,1971-11-18,0.0006900000000000001,Single,0,,,No,,,Permanent contract,39492.0,393267,Yes,0,,NA,1,Created
10316,2011-01-01,10316,Female,11,2000-08-03,7e-05,Single,0,,,No,,,Child,0.0,0,Yes,0,29.0,2029-11-11,1,Created
10317,2011-01-01,10317,Male,60,1951-04-20,0.006840000000000001,Married,2063,,2025-05-03,Yes,,,Flexible contract,3239.0,320870,No,2,,NA,1,Created
10318,2011-01-01,10318,Female,18,1993-10-13,0.00023999999999999998,Single,0,,,Yes,38.0,2031-02-21,Flexible contract,2496.0,81995,Yes,0,27.0,2020-03-01,1,Created
10319,2011-01-01,10319,Male,32,1979-10-29,0.00059,Single,0,,,Yes,35.0,2014-02-26,Unemployed,15381.0,-43075,No,0,,NA,1,Created
10320,2011-01-01,10320,Male,48,1963-09-04,0.0021100000000000003,Married,2064,,2045-04-12,No,,,Permanent contract,3090.0,-33716,No,1,,NA,1,Created
10321,2011-01-01,10321,Male,104,1907-08-03,1.0,Widowed,0,,,Yes,,,Retired,29279.0,46792,No,0,,NA,1,Created
17126,2011-03-26,10321,Male,104,1907-08-03,1.0,Widowed,0,,,Yes,,,Retired,29279.0,46792,No,0,,NA,0,Life event: Deceased
10322,2011-01-01,10322,Female,25,1986-02-16,0.00022999999999999998,Single,0,,,Yes,32.0,2018-05-05,Entrepreneur without personnel,41248.0,438314,Yes,0,34.0,2020-09-19,1,Created
10323,2011-01-01,10323,Male,29,1982-12-28,0.0005200000000000001,Married,2065,,2024-07-24,No,,,Flexible contract,10000.0,42611,Yes,2,,NA,1,Created
10324,2011-01-01,10324,Female,61,1950-08-08,0.00562,Married,2130,,2044-12-25,No,,,Permanent contract,27117.0,47789,Yes,2,,NA,1,Created
10325,2011-01-01,10325,Male,39,1972-07-31,0.0008699999999999999,Single,0,,,No,,,Permanent contract,27211.0,120663,Yes,0,,NA,1,Created
10326,2011-01-01,10326,Male,62,1949-12-06,0.008409999999999999,Married,2066,,2050-01-31,No,,,Unemployed,21919.0,5043,No,2,,NA,1,Created
10327,2011-01-01,10327,Female,10,2001-07-08,0.0001,Single,0,,,No,,,Child,0.0,0,Yes,0,35.0,2036-12-25,1,Created
10328,2011-01-01,10328,Male,9,2002-04-27,0.00014,Single,0,,,No,,,Child,0.0,0,Yes,0,,NA,1,Created
10329,2011-01-01,10329,Female,28,1983-10-28,0.00025,Single,0,,,No,,,Entrepreneur without personnel,2057.0,483430,Yes,0,32.0,2015-05-04,1,Created
10330,2011-01-01,10330,Male,21,1990-09-28,0.00045,Single,0,,,No,,,Permanent contract,2682.0,368337,No,0,,NA,1,Created
10331,2011-01-01,10331,Female,8,2003-08-16,2.9999999999999997e-05,Single,0,,,Yes,33.0,2036-06-01,Child,0.0,0,Yes,0,37.0,2040-12-16,1,Created
10332,2011-01-01,10332,Female,23,1988-06-29,0.0001,Single,0,,,Yes,21.0,,Flexible contract,9831.0,-29763,No,0,36.0,2024-07-18,1,Created
10333,2011-01-01,10333,Female,24,1987-05-31,0.00018999999999999998,Single,0,,,Yes,30.0,2017-11-21,Entrepreneur without personnel,22769.0,29981,Yes,0,35.0,2022-05-18,1,Created
10334,2011-01-01,10334,Female,75,1936-12-05,0.01986,Widowed,0,,,No,,,Retired,16691.0,139928,Yes,0,,NA,1,Created
16738,2011-01-14,10334,Female,75,1936-12-05,0.01986,Widowed,0,,,No,,,Retired,16691.0,139928,Yes,0,,NA,0,Life event: Deceased
10335,2011-01-01,10335,Female,66,1945-10-06,0.009040000000000001,Divorced,0,,,No,,,Entrepreneur with personel,7197.0,350329,Yes,0,,NA,1,Created
18017,2011-10-06,10335,Female,67,1945-10-06,0.009040000000000001,Divorced,0,,,No,,,Retired,5037.9,350329,Yes,0,,NA,1,Life event: Retired
10336,2011-01-01,10336,Female,44,1967-02-07,0.00107,Married,2131,,2050-08-24,Yes,,,Permanent contract,48503.0,414742,Yes,2,,NA,1,Created
10337,2011-01-01,10337,Male,44,1967-10-11,0.0013599999999999999,Married,2067,,2034-11-29,No,,,Entrepreneur without personnel,17628.0,-44258,Yes,1,,NA,1,Created
10338,2011-01-01,10338,Female,74,1937-05-23,0.0185,Widowed,0,,,Yes,,,Retired,25657.0,191578,No,0,,NA,1,Created
10339,2011-01-01,10339,Female,37,1974-04-16,0.00057,Single,0,,,No,,,Entrepreneur without personnel,48531.0,-20033,No,0,,NA,1,Created
10340,2011-01-01,10340,Male,34,1977-06-02,0.00067,Married,2068,,2019-10-10,Yes,,,Permanent contract,36693.0,27679,Yes,3,,NA,1,Created
10341,2011-01-01,10341,Female,22,1989-03-04,0.00023999999999999998,Single,0,,,Yes,38.0,2027-07-09,Unemployed,5703.0,-280,Yes,0,29.0,2018-10-27,1,Created
10342,2011-01-01,10342,Male,20,1991-06-07,0.00045,Single,0,,,No,,,Permanent contract,37054.0,158346,Yes,0,,NA,1,Created
10343,2011-01-01,10343,Female,64,1947-02-23,0.00713,Married,2132,,2025-10-23,No,,,Flexible contract,36932.0,-742,Yes,1,,NA,1,Created
16956,2011-02-23,10343,Female,65,1947-02-23,0.00713,Married,2132,,2025-10-23,No,,,Retired,25852.399999999998,-742,Yes,1,,NA,1,Life event: Retired
10344,2011-01-01,10344,Female,40,1971-04-08,0.0006900000000000001,Divorced,0,,,Yes,,,Flexible contract,29828.0,4824946,No,0,,NA,1,Created
10345,2011-01-01,10345,Female,57,1954-02-14,0.00387,Married,2133,,2030-05-11,No,,,Permanent contract,89988.0,-30761,Yes,2,,NA,1,Created
10346,2011-01-01,10346,Female,94,1917-06-27,0.20800000000000002,Widowed,0,,,No,,,Retired,17992.0,144,Yes,0,,NA,1,Created
10347,2011-01-01,10347,Female,10,2001-06-15,0.0001,Single,0,,,Yes,28.0,2029-02-28,Child,0.0,0,Yes,0,29.0,2030-12-24,1,Created
10348,2011-01-01,10348,Male,8,2003-07-22,9e-05,Single,0,,,No,,,Child,0.0,0,No,0,,NA,1,Created
10349,2011-01-01,10349,Female,28,1983-04-18,0.00025,Single,0,,,No,,,Permanent contract,25798.0,626281,No,0,33.0,2016-06-13,1,Created
10350,2011-01-01,10350,Male,4,2007-03-09,0.00011,Single,0,,,Yes,46.0,2053-03-15,Child,0.0,0,No,0,,NA,1,Created
10351,2011-01-01,10351,Female,47,1964-01-14,0.00168,Married,2134,,2012-07-29,Yes,,,Entrepreneur with personel,21902.0,28267,Yes,1,,NA,1,Created
18970,2012-07-29,10351,Female,49,1964-01-14,0.00168,Divorced,2134,,2012-07-29,Yes,,,Entrepreneur with personel,21902.0,28267,Yes,1,,NA,1,Life event: Divorced
10352,2011-01-01,10352,Female,40,1971-06-09,0.0006900000000000001,Married,2135,,2015-03-03,No,,,Unemployed,24562.0,19064,No,1,,NA,1,Created
10353,2011-01-01,10353,Female,5,2006-03-08,4e-05,Single,0,,,Yes,34.0,2040-09-01,Child,0.0,0,No,0,38.0,2044-12-05,1,Created
10354,2011-01-01,10354,Male,30,1981-07-08,0.00055,Single,0,,,Yes,50.0,2031-04-14,Flexible contract,39206.0,45700,No,0,,NA,1,Created
10355,2011-01-01,10355,Male,71,1940-11-08,0.02034,Widowed,0,,,No,,,Retired,12230.0,6643,No,0,,NA,1,Created
10356,2011-01-01,10356,Female,58,1953-03-10,0.00448,Divorced,0,,,No,,,Permanent contract,316.0,308030,Yes,0,,NA,1,Created
10357,2011-01-01,10357,Female,5,2006-04-08,4e-05,Single,0,,,Yes,31.0,2037-08-05,Child,0.0,0,No,0,26.0,2032-10-05,1,Created
10358,2011-01-01,10358,Female,28,1983-06-06,0.00025,Single,0,,,Yes,27.0,,Permanent contract,57355.0,165513,Yes,0,29.0,2012-05-18,1,Created
10359,2011-01-01,10359,Female,15,1996-01-16,8e-05,Single,0,,,No,,,Child,0.0,0,Yes,0,42.0,2038-07-06,1,Created
10360,2011-01-01,10360,Male,21,1990-06-19,0.00045,Single,0,,,Yes,30.0,2020-01-22,Flexible contract,35206.0,152406,Yes,0,,NA,1,Created
10361,2011-01-01,10361,Female,49,1962-05-09,0.00193,Married,2136,,2060-02-21,No,,,Entrepreneur without personnel,4980.0,3126200,No,1,,NA,1,Created
10362,2011-01-01,10362,Female,26,1985-09-05,1.0,Single,0,,,Yes,47.0,2032-07-12,Permanent contract,8126.0,2932,No,0,34.0,2019-03-31,1,Created
16864,2011-02-07,10362,Female,26,1985-09-05,1.0,Single,0,,,Yes,47,2032-07-12,Permanent contract,8126.0,2932,No,0,34,2019-03-31,0,Life event: Deceased
10363,2011-01-01,10363,Male,44,1967-05-07,0.0013599999999999999,Married,2069,,2025-05-20,Yes,,,Permanent contract,52193.0,-1074,Yes,2,,NA,1,Created
10364,2011-01-01,10364,Male,25,1986-09-08,0.00033999999999999997,Divorced,0,,,No,,,Permanent contract,42611.0,95991,Yes,0,,NA,1,Created
10365,2011-01-01,10365,Male,68,1943-02-27,0.01522,Widowed,0,,,Yes,,,Retired,2533.0,141319,No,0,,NA,1,Created
10366,2011-01-01,10366,Male,90,1921-09-02,0.16977,Widowed,0,,,Yes,,,Retired,41985.0,135217,No,0,,NA,1,Created
10367,2011-01-01,10367,Female,18,1993-11-04,0.00023999999999999998,Single,0,,,Yes,32.0,2025-12-23,Flexible contract,13306.0,-15505,No,0,33.0,2026-08-16,1,Created
10368,2011-01-01,10368,Female,80,1931-01-12,0.03682,Widowed,0,,,Yes,,,Retired,15729.0,-12348,Yes,0,,NA,1,Created
10369,2011-01-01,10369,Male,66,1945-07-17,0.01401,Widowed,0,,,No,,,Permanent contract,20639.0,42744,Yes,0,,NA,1,Created
17662,2011-07-17,10369,Male,67,1945-07-17,0.01401,Widowed,0,,,No,,,Retired,14447.3,42744,Yes,0,,NA,1,Life event: Retired
10370,2011-01-01,10370,Male,65,1946-03-17,0.01141,Divorced,0,,,Yes,,,Permanent contract,84470.0,-32448,No,0,,NA,1,Created
17080,2011-03-17,10370,Male,66,1946-03-17,0.01141,Divorced,0,,,Yes,,,Retired,59128.99999999999,-32448,No,0,,NA,1,Life event: Retired
10371,2011-01-01,10371,Female,45,1966-09-01,0.00134,Married,2137,,2040-02-02,Yes,,,Permanent contract,9137.0,-39039,No,1,,NA,1,Created
10372,2011-01-01,10372,Female,58,1953-08-18,0.00448,Married,2138,,2028-10-15,No,,,Permanent contract,35237.0,529,No,2,,NA,1,Created
10373,2011-01-01,10373,Female,19,1992-07-14,0.00014,Single,0,,,Yes,43.0,2035-03-13,Entrepreneur without personnel,37636.0,-3812,Yes,0,30.0,2022-01-28,1,Created
10374,2011-01-01,10374,Male,34,1977-09-05,0.00067,Single,0,,,No,,,Permanent contract,33983.0,142672,No,0,,NA,1,Created
10375,2011-01-01,10375,Male,39,1972-11-01,0.0008699999999999999,Single,0,,,No,,,Permanent contract,27618.0,-14177,Yes,0,,NA,1,Created
10376,2011-01-01,10376,Male,50,1961-08-01,0.00257,Married,2070,,2028-12-29,Yes,,,Permanent contract,21580.0,14319,No,2,,NA,1,Created
10377,2011-01-01,10377,Male,60,1951-10-28,0.006840000000000001,Married,2071,,2029-11-19,No,,,Permanent contract,114559.0,212,No,2,,NA,1,Created
10378,2011-01-01,10378,Male,93,1918-12-29,0.22959000000000002,Widowed,0,,,No,,,Retired,41124.0,124238,Yes,0,,NA,1,Created
10379,2011-01-01,10379,Female,80,1931-05-28,0.03682,Widowed,0,,,No,,,Retired,16295.0,936,No,0,,NA,1,Created
10380,2011-01-01,10380,Female,50,1961-11-09,0.00225,Married,2139,,2067-10-17,Yes,,,Permanent contract,44574.0,-2412,No,2,,NA,1,Created
10381,2011-01-01,10381,Female,69,1942-06-08,0.0108,Married,2140,,2044-04-05,No,,,Retired,29159.0,492664,Yes,2,,NA,1,Created
10382,2011-01-01,10382,Male,49,1962-02-15,0.00242,Married,2072,,2039-12-02,Yes,,,Permanent contract,27988.0,392236,Yes,2,,NA,1,Created
10383,2011-01-01,10383,Male,11,2000-09-21,9e-05,Single,0,,,No,,,Child,0.0,0,Yes,0,,NA,1,Created
10384,2011-01-01,10384,Male,70,1941-07-09,0.01932,Married,2073,,2016-05-08,Yes,,,Retired,28861.0,4868180,No,1,,NA,1,Created
10385,2011-01-01,10385,Female,46,1965-12-26,0.00134,Married,2141,,2035-01-07,Yes,,,Permanent contract,26626.0,-25776,Yes,2,,NA,1,Created
10386,2011-01-01,10386,Male,53,1958-11-16,0.0033299999999999996,Married,2074,,2054-08-18,No,,,Permanent contract,6700.0,46713,Yes,2,,NA,1,Created
10387,2011-01-01,10387,Male,11,2000-10-08,9e-05,Single,0,,,Yes,47.0,2047-05-13,Child,0.0,0,No,0,,NA,1,Created
10388,2011-01-01,10388,Female,36,1975-11-10,0.00049,Married,2142,,2040-07-08,No,,,Entrepreneur without personnel,25154.0,-33086,No,1,,NA,1,Created
10389,2011-01-01,10389,Female,30,1981-02-26,0.00027,Married,2143,,2032-10-11,No,,,Permanent contract,28622.0,18107,Yes,2,33.0,2014-12-29,1,Created
10390,2011-01-01,10390,Male,76,1935-10-14,0.0375,Married,2075,,2031-05-28,Yes,,,Retired,43774.0,28618,No,1,,NA,1,Created
10391,2011-01-01,10391,Male,76,1935-10-05,0.0375,Widowed,0,,,Yes,,,Retired,26884.0,408118,No,0,,NA,1,Created
10392,2011-01-01,10392,Male,62,1949-02-20,0.008409999999999999,Married,2076,,2017-12-01,No,,,Permanent contract,29526.0,31376,No,1,,NA,1,Created
10393,2011-01-01,10393,Female,61,1950-06-17,0.00562,Married,2144,,2025-03-03,No,,,Flexible contract,72813.0,521806,Yes,3,,NA,1,Created
10394,2011-01-01,10394,Female,72,1939-08-30,0.01411,Single,0,,,Yes,24.0,,Retired,18102.0,386278,Yes,0,,NA,1,Created
10395,2011-01-01,10395,Male,43,1968-03-15,0.00103,Married,2077,,2023-10-01,Yes,,,Permanent contract,20172.0,808724,Yes,2,,NA,1,Created
10396,2011-01-01,10396,Male,29,1982-07-24,0.0005200000000000001,Married,2078,,2070-08-10,No,,,Permanent contract,23506.0,27105,No,2,,NA,1,Created
10397,2011-01-01,10397,Male,50,1961-02-21,0.00257,Married,2079,,2017-10-07,No,,,Permanent contract,10497.0,-968,Yes,3,,NA,1,Created
10398,2011-01-01,10398,Male,50,1961-10-07,0.00257,Married,2080,,2037-12-10,No,,,Entrepreneur with personel,4373.0,27065,No,1,,NA,1,Created
10399,2011-01-01,10399,Female,17,1994-04-18,0.0001,Single,0,,,Yes,46.0,2040-12-02,Child,0.0,0,Yes,0,22.0,2016-01-30,1,Created
17231,2011-04-18,10399,Female,18,1994-04-18,0.0001,Single,0,,,No,,,Permanent contract,5111.0,5145,Yes,0,22,2016-01-30,1,Life event: Adulthood
10400,2011-01-01,10400,Female,55,1956-12-22,0.00372,Married,2145,,2029-08-10,No,,,Permanent contract,49138.0,-27566,Yes,3,,NA,1,Created
10401,2011-01-01,10401,Male,43,1968-10-11,0.00103,Single,0,,,No,,,Permanent contract,57142.0,2900,No,0,,NA,1,Created
10402,2011-01-01,10402,Female,94,1917-03-02,0.20800000000000002,Widowed,0,,,No,,,Retired,37173.0,-2149,No,0,,NA,1,Created
10403,2011-01-01,10403,Female,50,1961-11-23,0.00225,Married,2146,,2060-09-17,No,,,Permanent contract,11025.0,-5619,Yes,1,,NA,1,Created
10404,2011-01-01,10404,Female,36,1975-09-16,0.00049,Single,0,,,Yes,57.0,2032-12-22,Permanent contract,44892.0,2041,No,0,36.0,2011-08-16,1,Created
10405,2011-01-01,10405,Female,10,2001-06-15,0.0001,Single,0,,,No,,,Child,0.0,0,No,0,31.0,2032-08-29,1,Created
10406,2011-01-01,10406,Male,56,1955-12-27,0.0052,Married,2081,,2024-06-27,No,,,Permanent contract,45340.0,74065,No,2,,NA,1,Created
10407,2011-01-01,10407,Female,104,1907-12-29,1.0,Widowed,0,,,No,,,Retired,20577.0,441970,No,0,,NA,1,Created
10408,2011-01-01,10408,Male,26,1985-06-29,1.0,Single,0,,,Yes,40.0,2025-11-17,Flexible contract,18810.0,342,No,0,,NA,1,Created
16932,2011-02-18,10408,Male,26,1985-06-29,1.0,Single,0,,,Yes,40,2025-11-17,Flexible contract,18810.0,342,No,0,,NA,0,Life event: Deceased
10409,2011-01-01,10409,Male,65,1946-12-28,0.01141,Married,2082,,2062-10-30,No,,,Flexible contract,3426.0,1269695,Yes,3,,NA,1,Created
18379,2011-12-28,10409,Male,66,1946-12-28,0.01141,Married,2082,,2062-10-30,No,,,Retired,2398.2,1269695,Yes,3,,NA,1,Life event: Retired
10410,2011-01-01,10410,Male,69,1942-11-20,0.01804,Married,2083,,2014-04-18,No,,,Retired,1799.0,-3274,No,2,,NA,1,Created
10411,2011-01-01,10411,Female,33,1978-12-16,0.00035,Single,0,,,Yes,54.0,2032-11-09,Unemployed,25235.0,258578,No,0,34.0,2012-02-08,1,Created
10412,2011-01-01,10412,Male,80,1931-09-17,0.05987000000000001,Married,2084,,2021-12-30,No,,,Retired,29122.0,9684,No,1,,NA,1,Created
10413,2011-01-01,10413,Male,60,1951-12-07,0.006840000000000001,Married,2085,,2014-01-26,Yes,,,Entrepreneur without personnel,89387.0,-44392,Yes,3,,NA,1,Created
10414,2011-01-01,10414,Female,51,1960-08-25,0.0023899999999999998,Divorced,0,,,Yes,,,Permanent contract,25923.0,-30250,No,0,,NA,1,Created
10415,2011-01-01,10415,Female,63,1948-10-04,0.00672,Married,2147,,2014-09-12,No,,,Permanent contract,14901.0,441,Yes,2,,NA,1,Created
19142,2012-10-04,10415,Female,65,1948-10-04,0.00672,Married,2147,,2014-09-12,No,,,Retired,10430.699999999999,441,Yes,2,,NA,1,Life event: Retired
10416,2011-01-01,10416,Female,51,1960-12-01,0.0023899999999999998,Single,0,,,No,,,Permanent contract,18924.0,47197,Yes,0,,NA,1,Created
10417,2011-01-01,10417,Female,69,1942-04-04,0.0108,Married,2148,,2020-09-29,No,,,Retired,1843.0,418085,Yes,2,,NA,1,Created
10418,2011-01-01,10418,Female,65,1946-11-29,0.007559999999999999,Married,2149,,2020-12-27,Yes,,,Entrepreneur with personel,31839.0,-22574,Yes,1,,NA,1,Created
18231,2011-11-29,10418,Female,66,1946-11-29,0.007559999999999999,Married,2149,,2020-12-27,Yes,,,Retired,22287.3,-22574,Yes,1,,NA,1,Life event: Retired
10419,2011-01-01,10419,Male,8,2003-01-01,9e-05,Single,0,,,Yes,29.0,2032-06-19,Child,0.0,0,Yes,0,,NA,1,Created
10420,2011-01-01,10420,Male,47,1964-08-08,0.00186,Married,2086,,2054-09-05,No,,,Family business,17176.0,-4848,No,2,,NA,1,Created
10421,2011-01-01,10421,Female,24,1987-09-11,0.00018999999999999998,Single,0,,,Yes,34.0,2021-06-06,Flexible contract,39458.0,173472,Yes,0,24.0,2011-03-26,1,Created
10422,2011-01-01,10422,Female,27,1984-08-11,0.00025,Single,0,,,Yes,35.0,2019-01-12,Permanent contract,3367.0,-1564,No,0,35.0,2019-09-25,1,Created
10423,2011-01-01,10423,Female,68,1943-06-11,0.00983,Married,2150,,2012-11-05,No,,,Retired,11989.0,198587,Yes,1,,NA,1,Created
19217,2012-11-05,10423,Female,70,1943-06-11,0.00983,Divorced,2150,,2012-11-05,No,,,Retired,11989.0,198587,Yes,1,,NA,1,Life event: Divorced
10424,2011-01-01,10424,Male,55,1956-10-02,0.00419,Married,2087,,2029-07-06,No,,,Permanent contract,95242.0,3950,Yes,3,,NA,1,Created
10425,2011-01-01,10425,Female,10,2001-11-17,0.0001,Single,0,,,No,,,Child,0.0,0,No,0,29.0,2030-03-02,1,Created
10426,2011-01-01,10426,Female,36,1975-03-24,0.00049,Single,0,,,No,,,Permanent contract,20100.0,4796,Yes,0,,NA,1,Created
10427,2011-01-01,10427,Male,71,1940-02-16,0.02034,Widowed,0,,,No,,,Retired,99810.0,15585,No,0,,NA,1,Created
10428,2011-01-01,10428,Male,56,1955-02-09,0.0052,Single,0,,,Yes,34.0,,Permanent contract,47589.0,177231,Yes,0,,NA,1,Created
10429,2011-01-01,10429,Female,50,1961-01-01,0.00225,Married,2151,,2056-01-03,No,,,Flexible contract,72087.0,76802,Yes,1,,NA,1,Created
10430,2011-01-01,10430,Male,93,1918-05-11,0.22959000000000002,Divorced,0,,,No,,,Retired,21540.0,-25965,No,0,,NA,1,Created
18994,2012-08-09,10430,Male,95,1918-05-11,0.22959000000000002,Divorced,0,,,No,,,Retired,21540.0,-25965,No,0,,NA,0,Life event: Deceased
10431,2011-01-01,10431,Female,56,1955-06-02,0.0041,Married,2152,,2055-01-25,No,,,Permanent contract,31510.0,480219,No,3,,NA,1,Created
10432,2011-01-01,10432,Male,67,1944-09-16,0.01396,Divorced,0,,,No,,,Flexible contract,11464.0,231859,No,0,,NA,1,Created
17927,2011-09-16,10432,Male,68,1944-09-16,0.01396,Divorced,0,,,No,,,Retired,8024.799999999999,231859,No,0,,NA,1,Life event: Retired
10433,2011-01-01,10433,Male,2,2009-10-03,0.00021,Single,0,,,No,,,Child,0.0,0,No,0,,NA,1,Created
10434,2011-01-01,10434,Male,75,1936-07-07,0.033710000000000004,Married,2088,,2022-12-11,Yes,,,Retired,48393.0,2355,No,1,,NA,1,Created
10435,2011-01-01,10435,Male,46,1965-10-07,0.00172,Married,2089,,2032-03-23,Yes,,,Permanent contract,273.0,153922,Yes,1,,NA,1,Created
10436,2011-01-01,10436,Male,98,1913-02-23,0.33792,Widowed,0,,,Yes,,,Retired,41443.0,91015,Yes,0,,NA,1,Created
19275,2012-11-26,10436,Male,100,1913-02-23,0.33792,Widowed,0,,,Yes,,,Retired,41443.0,91015,Yes,0,,NA,0,Life event: Deceased
10437,2011-01-01,10437,Male,18,1993-01-25,0.00032,Single,0,,,Yes,30.0,2023-08-28,Entrepreneur without personnel,18126.0,484630,Yes,0,,NA,1,Created
10438,2011-01-01,10438,Female,38,1973-02-09,0.00063,Married,2153,,2026-08-26,Yes,,,Permanent contract,18857.0,87362,No,1,,NA,1,Created
10439,2011-01-01,10439,Female,67,1944-10-22,0.00974,Married,2154,,2023-02-13,No,,,Permanent contract,77296.0,88414,Yes,2,,NA,1,Created
18085,2011-10-22,10439,Female,68,1944-10-22,0.00974,Married,2154,,2023-02-13,No,,,Retired,54107.2,88414,Yes,2,,NA,1,Life event: Retired
10440,2011-01-01,10440,Female,71,1940-06-30,0.013009999999999999,Married,2155,,2014-11-19,No,,,Retired,14332.0,74996,Yes,1,,NA,1,Created
10441,2011-01-01,10441,Female,48,1963-07-03,0.0018800000000000002,Single,0,,,No,,,Entrepreneur with personel,27126.0,173613,Yes,0,,NA,1,Created
10442,2011-01-01,10442,Female,32,1979-01-29,0.00041,Single,0,,,Yes,39.0,2018-06-10,Flexible contract,13385.0,-29904,Yes,0,33.0,2012-04-30,1,Created
10443,2011-01-01,10443,Female,60,1951-07-19,0.00541,Married,2156,,2031-02-07,No,,,Permanent contract,45297.0,-4816,Yes,1,,NA,1,Created
10444,2011-01-01,10444,Male,22,1989-04-02,0.00041,Single,0,,,No,,,Permanent contract,7845.0,44444,No,0,,NA,1,Created
10445,2011-01-01,10445,Female,7,2004-06-07,7e-05,Single,0,,,No,,,Child,0.0,0,Yes,0,35.0,2039-10-28,1,Created
10446,2011-01-01,10446,Female,61,1950-01-09,0.00562,Married,2157,,2036-05-02,No,,,Permanent contract,11331.0,493126,No,2,,NA,1,Created
10447,2011-01-01,10447,Female,62,1949-07-22,0.0057399999999999994,Married,2158,,2011-09-17,Yes,,,Permanent contract,28611.0,-1109,Yes,1,,NA,1,Created
17930,2011-09-17,10447,Female,63,1949-07-22,0.0057399999999999994,Divorced,2158,,2011-09-17,Yes,,,Permanent contract,28611.0,-1109,Yes,1,,NA,1,Life event: Divorced
10448,2011-01-01,10448,Female,6,2005-07-22,8e-05,Single,0,,,No,,,Child,0.0,0,No,0,32.0,2037-08-06,1,Created
10449,2011-01-01,10449,Male,6,2005-12-05,5.9999999999999995e-05,Single,0,,,No,,,Child,0.0,0,No,0,,NA,1,Created
10450,2011-01-01,10450,Male,43,1968-02-20,0.00103,Married,2090,,2019-12-28,No,,,Entrepreneur with personel,35806.0,-3047,Yes,2,,NA,1,Created
10451,2011-01-01,10451,Female,100,1911-02-28,1.0,Widowed,0,,,Yes,,,Retired,19292.0,845,Yes,0,,NA,1,Created
10452,2011-01-01,10452,Male,12,1999-03-28,0.00011,Single,0,,,No,,,Child,0.0,0,Yes,0,,NA,1,Created
10453,2011-01-01,10453,Female,40,1971-04-12,0.0006900000000000001,Married,2159,,2039-11-29,Yes,,,Permanent contract,5362.0,148909,Yes,1,,NA,1,Created
10454,2011-01-01,10454,Female,17,1994-04-05,0.0001,Single,0,,,No,,,Child,0.0,0,Yes,0,36.0,2030-10-11,1,Created
17177,2011-04-05,10454,Female,18,1994-04-05,0.0001,Single,0,,,No,,,Permanent contract,15907.0,36680,Yes,0,36,2030-10-11,1,Life event: Adulthood
10455,2011-01-01,10455,Female,64,1947-05-11,0.00713,Divorced,0,,,Yes,,,Unemployed,39386.0,-17527,Yes,0,,NA,1,Created
17348,2011-05-11,10455,Female,65,1947-05-11,0.00713,Divorced,0,,,Yes,,,Retired,27570.199999999997,-17527,Yes,0,,NA,1,Life event: Retired
10456,2011-01-01,10456,Female,8,2003-04-11,2.9999999999999997e-05,Single,0,,,No,,,Child,0.0,0,Yes,0,31.0,2034-10-10,1,Created
10457,2011-01-01,10457,Female,63,1948-05-03,0.00672,Married,2160,,2032-07-21,Yes,,,Flexible contract,47042.0,148645,Yes,2,,NA,1,Created
18300,2011-12-15,10457,Female,64,1948-05-03,0.00672,Widowed,2160,,2032-07-21,Yes,,,Flexible contract,47042.0,148645,Yes,2,,NA,1,Life event: Widowed
18720,2012-05-03,10457,Female,65,1948-05-03,0.00672,Widowed,2160,,2032-07-21,Yes,,,Retired,32929.4,148645,Yes,2,,NA,1,Life event: Retired
10458,2011-01-01,10458,Female,34,1977-10-12,0.00037,Married,2161,,2035-01-07,No,,,Permanent contract,25716.0,115722,No,1,,NA,1,Created
10459,2011-01-01,10459,Female,58,1953-10-29,0.00448,Married,2162,,2051-03-20,Yes,,,Unemployed,10148.0,78794,No,2,,NA,1,Created
18415,2012-01-10,10459,Female,59,1953-10-29,0.00448,Married,2162,,2051-03-20,Yes,,,Unemployed,10148.0,78794,No,2,,NA,0,Life event: Deceased
10460,2011-01-01,10460,Female,68,1943-09-30,0.00983,Married,2163,,2060-08-08,Yes,,,Retired,26857.0,3175,Yes,3,,NA,1,Created
10461,2011-01-01,10461,Female,66,1945-03-13,0.009040000000000001,Married,2164,,2060-12-21,Yes,,,Permanent contract,6652.0,315,Yes,3,,NA,1,Created
17058,2011-03-13,10461,Female,67,1945-03-13,0.009040000000000001,Married,2164,,2060-12-21,Yes,,,Retired,4656.4,315,Yes,3,,NA,1,Life event: Retired
10462,2011-01-01,10462,Female,65,1946-09-03,0.007559999999999999,Married,2165,,2014-03-23,Yes,,,Permanent contract,7686.0,-15418,Yes,3,,NA,1,Created
17887,2011-09-03,10462,Female,66,1946-09-03,0.007559999999999999,Married,2165,,2014-03-23,Yes,,,Retired,5380.2,-15418,Yes,3,,NA,1,Life event: Retired
10463,2011-01-01,10463,Male,40,1971-01-25,0.0009400000000000001,Married,2091,,2061-09-11,No,,,Permanent contract,35172.0,269745,No,3,,NA,1,Created
10464,2011-01-01,10464,Female,30,1981-08-20,0.00027,Married,2166,,2018-02-18,No,,,Flexible contract,5602.0,648166,Yes,2,30.0,2011-11-08,1,Created
18152,2011-11-08,10464,Female,31,1981-08-20,0.00027,Married,2166,,2018-02-18,No,,,Flexible contract,5602.0,648166,Yes,1,30,2011-11-08,1,Life event: Children born
10465,2011-01-01,10465,Male,68,1943-04-06,0.01522,Married,2092,,2050-06-30,No,,,Retired,35655.0,12618,No,1,,NA,1,Created
10466,2011-01-01,10466,Male,32,1979-10-08,0.00059,Single,0,,,Yes,33.0,2012-02-09,Permanent contract,35614.0,26717,Yes,0,,NA,1,Created
18510,2012-02-09,10466,Male,33,1979-10-08,0.00059,Married,3477,21,2033-04-10,Yes,33,2012-02-09,Permanent contract,35614.0,26717,Yes,0,,NA,1,Life event: Married
10467,2011-01-01,10467,Male,40,1971-03-10,0.0009400000000000001,Married,2093,,2031-05-27,No,,,Entrepreneur without personnel,19776.0,-35586,No,2,,NA,1,Created
10468,2011-01-01,10468,Female,19,1992-07-11,0.00014,Single,0,,,No,,,Entrepreneur without personnel,24364.0,274737,Yes,0,29.0,2021-06-16,1,Created
10469,2011-01-01,10469,Male,43,1968-10-13,0.00103,Married,2094,,2040-01-21,Yes,,,Flexible contract,74754.0,228070,Yes,1,,NA,1,Created
10470,2011-01-01,10470,Male,16,1995-01-04,0.00029,Single,0,,,No,,,Child,0.0,0,Yes,0,,NA,1,Created
18398,2012-01-04,10470,Male,18,1995-01-04,0.00029,Single,0,,,No,,,Permanent contract,32503.0,416156,Yes,0,,NA,1,Life event: Adulthood
10471,2011-01-01,10471,Female,46,1965-10-28,0.00134,Married,2167,,2018-12-17,Yes,,,Unemployed,7430.0,101906,No,1,,NA,1,Created
10472,2011-01-01,10472,Male,10,2001-01-15,0.00011999999999999999,Single,0,,,No,,,Child,0.0,0,No,0,,NA,1,Created
10473,2011-01-01,10473,Female,40,1971-05-24,0.0006900000000000001,Single,0,,,No,,,Unemployed,154120.0,62476,Yes,0,,NA,1,Created
10474,2011-01-01,10474,Female,27,1984-03-10,0.00025,Single,0,,,No,,,Permanent contract,49730.0,223584,Yes,0,33.0,2017-08-22,1,Created
10475,2011-01-01,10475,Female,43,1968-12-06,0.0009699999999999999,Married,2168,,2020-06-07,No,,,Permanent contract,27650.0,44323,Yes,1,,NA,1,Created
10476,2011-01-01,10476,Female,40,1971-02-28,0.0006900000000000001,Married,2169,,2065-08-03,Yes,,,Unemployed,4248.0,29586,No,1,,NA,1,Created
10477,2011-01-01,10477,Male,20,1991-11-13,0.00045,Single,0,,,No,,,Permanent contract,93108.0,119606,Yes,0,,NA,1,Created
10478,2011-01-01,10478,Female,55,1956-11-10,0.00372,Divorced,0,,,No,,,Flexible contract,98099.0,481292,Yes,0,,NA,1,Created
10479,2011-01-01,10479,Male,63,1948-05-30,0.00945,Married,2095,,2054-10-16,No,,,Permanent contract,77779.0,-22540,Yes,2,,NA,1,Created
18799,2012-05-30,10479,Male,65,1948-05-30,0.00945,Married,2095,,2054-10-16,No,,,Retired,54445.299999999996,-22540,Yes,2,,NA,1,Life event: Retired
10480,2011-01-01,10480,Male,19,1992-08-11,0.00033,Single,0,,,Yes,30.0,2022-08-21,Permanent contract,22414.0,169789,No,0,,NA,1,Created
10481,2011-01-01,10481,Female,40,1971-02-06,0.0006900000000000001,Married,2170,,2045-04-11,No,,,Permanent contract,35626.0,459778,No,2,,NA,1,Created
10482,2011-01-01,10482,Female,36,1975-01-30,0.00049,Single,0,,,Yes,26.0,,Permanent contract,11913.0,453710,Yes,0,,NA,1,Created
10483,2011-01-01,10483,Male,57,1954-08-15,0.00572,Married,2096,,2019-02-11,No,,,Permanent contract,11298.0,173655,Yes,2,,NA,1,Created
10484,2011-01-01,10484,Male,4,2007-02-15,0.00011,Single,0,,,Yes,40.0,2047-10-05,Child,0.0,0,No,0,,NA,1,Created
10485,2011-01-01,10485,Female,45,1966-01-03,0.00134,Single,0,,,Yes,50.0,2016-07-12,Permanent contract,259.0,156041,Yes,0,,NA,1,Created
10486,2011-01-01,10486,Male,33,1978-07-18,0.00047999999999999996,Single,0,,,No,,,Flexible contract,34519.0,6483,Yes,0,,NA,1,Created
10487,2011-01-01,10487,Male,25,1986-07-29,0.00033999999999999997,Married,2097,,2012-09-11,No,,,Unemployed,38406.0,-38734,No,1,,NA,1,Created
19093,2012-09-11,10487,Male,27,1986-07-29,0.00033999999999999997,Divorced,2097,,2012-09-11,No,,,Unemployed,38406.0,-38734,No,1,,NA,1,Life event: Divorced
10488,2011-01-01,10488,Female,45,1966-02-14,0.00134,Married,2171,,2043-07-25,No,,,Flexible contract,93367.0,100481,Yes,2,,NA,1,Created
10489,2011-01-01,10489,Male,10,2001-02-20,0.00011999999999999999,Single,0,,,Yes,67.0,2068-03-09,Child,0.0,0,Yes,0,,NA,1,Created
10490,2011-01-01,10490,Male,63,1948-04-11,0.00945,Married,2098,,2037-03-18,Yes,,,Permanent contract,39989.0,-44549,No,1,,NA,1,Created
18662,2012-04-11,10490,Male,65,1948-04-11,0.00945,Married,2098,,2037-03-18,Yes,,,Retired,27992.3,-44549,No,1,,NA,1,Life event: Retired
10491,2011-01-01,10491,Female,51,1960-07-22,0.0023899999999999998,Married,2172,,2046-10-18,Yes,,,Permanent contract,29643.0,974,Yes,2,,NA,1,Created
10492,2011-01-01,10492,Male,69,1942-04-22,0.01804,Widowed,0,,,No,,,Retired,38810.0,-4159,No,0,,NA,1,Created
10493,2011-01-01,10493,Male,50,1961-09-28,0.00257,Married,2099,,2044-01-25,Yes,,,Permanent contract,39718.0,-34443,No,2,,NA,1,Created
10494,2011-01-01,10494,Female,10,2001-02-22,0.0001,Single,0,,,Yes,47.0,2048-03-31,Child,0.0,0,No,0,22.0,2023-07-18,1,Created
10495,2011-01-01,10495,Male,55,1956-09-07,0.00419,Married,2100,,2013-03-09,Yes,,,Entrepreneur without personnel,30389.0,439954,Yes,1,,NA,1,Created
10496,2011-01-01,10496,Female,22,1989-12-12,0.00023999999999999998,Single,0,,,Yes,28.0,2017-11-07,Permanent contract,7416.0,395234,No,0,36.0,2025-12-18,1,Created
10497,2011-01-01,10497,Female,13,1998-08-07,0.00011999999999999999,Single,0,,,Yes,32.0,2030-08-08,Child,0.0,0,Yes,0,28.0,2026-11-15,1,Created
10498,2011-01-01,10498,Male,61,1950-11-27,0.00747,Married,2101,,2031-01-27,No,,,Permanent contract,3543.0,270504,Yes,1,,NA,1,Created
10499,2011-01-01,10499,Male,57,1954-04-24,0.00572,Divorced,0,,,No,,,Flexible contract,51937.0,-6131,Yes,0,,NA,1,Created
10500,2011-01-01,10500,Male,56,1955-12-18,0.0052,Married,2102,,2043-03-25,No,,,Permanent contract,2626.0,56660,No,1,,NA,1,Created
10501,2011-01-01,10501,Female,45,1966-08-30,0.00134,Married,2173,,2033-01-07,No,,,Entrepreneur with personel,92716.0,372236,No,2,,NA,1,Created
10502,2011-01-01,10502,Male,57,1954-01-31,0.00572,Married,2103,,2022-09-23,Yes,,,Entrepreneur without personnel,35119.0,199967,Yes,3,,NA,1,Created
10503,2011-01-01,10503,Male,23,1988-05-10,0.00039,Married,2104,,2037-05-24,Yes,,,Permanent contract,11049.0,360842,Yes,2,,NA,1,Created
10504,2011-01-01,10504,Female,34,1977-11-25,0.00037,Single,0,,,No,,,Permanent contract,40164.0,458,Yes,0,,NA,1,Created
10505,2011-01-01,10505,Female,71,1940-09-12,0.013009999999999999,Married,2174,,2055-08-23,No,,,Retired,47832.0,210243,No,2,,NA,1,Created
10506,2011-01-01,10506,Female,1,2010-04-18,0.00033999999999999997,Single,0,,,Yes,30.0,2040-06-24,Child,0.0,0,No,0,26.0,2036-07-30,1,Created
10507,2011-01-01,10507,Female,24,1987-03-23,0.00018999999999999998,Single,0,,,No,,,Permanent contract,77849.0,-4775,Yes,0,24.0,2011-03-31,1,Created
10508,2011-01-01,10508,Male,16,1995-03-22,0.00029,Single,0,,,No,,,Child,0.0,0,Yes,0,,NA,1,Created
18612,2012-03-22,10508,Male,18,1995-03-22,0.00029,Single,0,,,Yes,26,2020-01-13,Permanent contract,5546.0,361007,Yes,0,,NA,1,Life event: Adulthood
10509,2011-01-01,10509,Female,49,1962-10-21,0.00193,Married,2175,,2039-10-14,Yes,,,Entrepreneur without personnel,3.0,10981,No,2,,NA,1,Created
10510,2011-01-01,10510,Male,21,1990-12-02,0.00045,Single,0,,,No,,,Permanent contract,23377.0,178082,Yes,0,,NA,1,Created
10511,2011-01-01,10511,Female,64,1947-04-14,0.00713,Married,2176,,2041-08-19,No,,,Permanent contract,32108.0,259544,Yes,1,,NA,1,Created
17210,2011-04-14,10511,Female,65,1947-04-14,0.00713,Married,2176,,2041-08-19,No,,,Retired,22475.6,259544,Yes,1,,NA,1,Life event: Retired
10512,2011-01-01,10512,Male,31,1980-01-26,0.00041,Single,0,,,No,,,Unemployed,5432.0,816388,Yes,0,,NA,1,Created
10513,2011-01-01,10513,Female,60,1951-03-05,0.00541,Married,2177,,2054-01-15,No,,,Permanent contract,19133.0,105116,Yes,2,,NA,1,Created
10514,2011-01-01,10514,Male,63,1948-04-12,0.00945,Single,0,,,No,,,Permanent contract,1307.0,-932,No,0,,NA,1,Created
18664,2012-04-12,10514,Male,65,1948-04-12,0.00945,Single,0,,,No,,,Retired,914.9,-932,No,0,,NA,1,Life event: Retired
10515,2011-01-01,10515,Female,49,1962-05-28,0.00193,Married,2178,,2017-10-24,Yes,,,Permanent contract,16927.0,5558,Yes,3,,NA,1,Created
10516,2011-01-01,10516,Male,17,1994-08-21,0.00022999999999999998,Single,0,,,Yes,35.0,2029-04-23,Child,0.0,0,Yes,0,,NA,1,Created
17836,2011-08-21,10516,Male,18,1994-08-21,0.00022999999999999998,Single,0,,,Yes,55,2048-12-29,Entrepreneur with personel,30582.0,420238,Yes,0,,NA,1,Life event: Adulthood
10517,2011-01-01,10517,Female,36,1975-11-21,0.00049,Married,2179,,2046-06-04,Yes,,,Permanent contract,6545.0,-2722,Yes,2,,NA,1,Created
10518,2011-01-01,10518,Female,76,1935-05-11,0.02337,Married,2180,,2050-10-08,No,,,Retired,35560.0,-1116,No,3,,NA,1,Created
10519,2011-01-01,10519,Female,14,1997-03-21,9e-05,Single,0,,,No,,,Child,0.0,0,Yes,0,40.0,2037-12-18,1,Created
10520,2011-01-01,10520,Male,50,1961-01-26,0.00257,Widowed,0,,,No,,,Flexible contract,31530.0,3235,Yes,0,,NA,1,Created
10521,2011-01-01,10521,Female,38,1973-05-12,0.00063,Married,2181,,2050-04-16,Yes,,,Permanent contract,47806.0,6924,No,1,,NA,1,Created
10522,2011-01-01,10522,Male,49,1962-07-29,0.00242,Single,0,,,Yes,35.0,,Permanent contract,21709.0,2347,Yes,0,,NA,1,Created
10523,2011-01-01,10523,Male,16,1995-10-28,0.00029,Single,0,,,No,,,Child,0.0,0,No,0,,NA,1,Created
19198,2012-10-28,10523,Male,18,1995-10-28,0.00029,Single,0,,,Yes,35,2029-08-20,Permanent contract,29359.0,60364,No,0,,NA,1,Life event: Adulthood
10524,2011-01-01,10524,Female,40,1971-06-25,0.0006900000000000001,Married,2182,,2034-06-10,Yes,,,Flexible contract,165995.0,-48056,Yes,2,,NA,1,Created
10525,2011-01-01,10525,Male,87,1924-09-18,0.12537,Widowed,0,,,No,,,Retired,56058.0,13201,No,0,,NA,1,Created
10526,2011-01-01,10526,Female,6,2005-06-24,8e-05,Single,0,,,Yes,23.0,2028-07-03,Child,0.0,0,Yes,0,37.0,2042-04-21,1,Created
10527,2011-01-01,10527,Male,40,1971-04-01,0.0009400000000000001,Divorced,0,,,No,,,Permanent contract,31029.0,-4688,Yes,0,,NA,1,Created
10528,2011-01-01,10528,Male,32,1979-08-12,0.00059,Married,2105,,2048-05-11,Yes,,,Permanent contract,25155.0,-16065,Yes,2,,NA,1,Created
10529,2011-01-01,10529,Male,29,1982-06-07,0.0005200000000000001,Married,2106,,2043-06-10,Yes,,,Permanent contract,22583.0,4286,Yes,1,,NA,1,Created
10530,2011-01-01,10530,Female,75,1936-03-31,0.01986,Married,2183,,2031-09-26,No,,,Retired,6076.0,41811,No,1,,NA,1,Created
10531,2011-01-01,10531,Male,32,1979-07-04,0.00059,Married,2107,,2053-06-04,No,,,Entrepreneur without personnel,4927.0,132877,Yes,2,,NA,1,Created
10532,2011-01-01,10532,Female,65,1946-09-17,0.007559999999999999,Married,2184,,2014-12-10,Yes,,,Entrepreneur without personnel,24264.0,173650,No,2,,NA,1,Created
17931,2011-09-17,10532,Female,66,1946-09-17,0.007559999999999999,Married,2184,,2014-12-10,Yes,,,Retired,16984.8,173650,No,2,,NA,1,Life event: Retired
10533,2011-01-01,10533,Female,49,1962-04-19,0.00193,Married,2185,,2015-01-22,Yes,,,Permanent contract,10439.0,12713,Yes,2,,NA,1,Created
10534,2011-01-01,10534,Male,49,1962-04-19,0.00242,Married,2108,,2012-08-04,Yes,,,Permanent contract,8847.0,4464,Yes,1,,NA,1,Created
18983,2012-08-04,10534,Male,51,1962-04-19,0.00242,Divorced,2108,,2012-08-04,Yes,,,Permanent contract,8847.0,4464,Yes,1,,NA,1,Life event: Divorced
10535,2011-01-01,10535,Female,56,1955-03-06,0.0041,Married,2186,,2060-12-14,Yes,,,Permanent contract,32624.0,4641,No,1,,NA,1,Created
10536,2011-01-01,10536,Male,66,1945-07-31,0.01401,Widowed,0,,,Yes,,,Unemployed,2373.0,61847,Yes,0,,NA,1,Created
17727,2011-07-31,10536,Male,67,1945-07-31,0.01401,Widowed,0,,,Yes,,,Retired,1661.1,61847,Yes,0,,NA,1,Life event: Retired
10537,2011-01-01,10537,Female,32,1979-05-03,0.00041,Single,0,,,No,,,Permanent contract,17805.0,251028,Yes,0,36.0,2015-10-08,1,Created
10538,2011-01-01,10538,Male,26,1985-04-26,1.0,Single,0,,,No,,,Permanent contract,11378.0,82226,No,0,,NA,1,Created
10539,2011-01-01,10539,Male,5,2006-12-06,9e-05,Single,0,,,No,,,Child,0.0,0,Yes,0,,NA,1,Created
10540,2011-01-01,10540,Male,13,1998-05-27,0.00014,Single,0,,,No,,,Child,0.0,0,Yes,0,,NA,1,Created
10541,2011-01-01,10541,Male,57,1954-10-21,0.00572,Married,2109,,2012-01-29,No,,,Unemployed,28837.0,421168,No,3,,NA,1,Created
18481,2012-01-29,10541,Male,58,1954-10-21,0.00572,Divorced,2109,,2012-01-29,No,,,Unemployed,28837.0,421168,No,3,,NA,1,Life event: Divorced
10542,2011-01-01,10542,Male,46,1965-02-23,0.00172,Single,0,,,Yes,46.0,2011-09-22,Permanent contract,13824.0,935908,No,0,,NA,1,Created
17965,2011-09-22,10542,Male,47,1965-02-23,0.00172,Married,3456,38,2049-03-20,Yes,46,2011-09-22,Permanent contract,13824.0,935908,No,0,,NA,1,Life event: Married
10543,2011-01-01,10543,Male,97,1914-03-17,0.30383000000000004,Widowed,0,,,Yes,,,Retired,24648.0,80028,Yes,0,,NA,1,Created
10544,2011-01-01,10544,Male,68,1943-09-30,0.01522,Married,2110,,2018-06-26,No,,,Retired,8994.0,144668,No,3,,NA,1,Created
10545,2011-01-01,10545,Male,57,1954-10-27,0.00572,Married,2111,,2015-10-07,No,,,Permanent contract,6392.0,986,Yes,1,,NA,1,Created
10546,2011-01-01,10546,Male,54,1957-10-04,0.00404,Divorced,0,,,No,,,Permanent contract,28121.0,15308,Yes,0,,NA,1,Created
10547,2011-01-01,10547,Female,61,1950-08-26,0.00562,Married,2187,,2015-11-19,No,,,Flexible contract,15099.0,-22361,Yes,2,,NA,1,Created
10548,2011-01-01,10548,Female,27,1984-08-24,0.00025,Single,0,,,No,,,Flexible contract,13393.0,132571,No,0,38.0,2022-10-04,1,Created
10549,2011-01-01,10549,Female,13,1998-01-20,0.00011999999999999999,Single,0,,,Yes,32.0,2030-07-25,Child,0.0,0,Yes,0,34.0,2032-05-27,1,Created
10550,2011-01-01,10550,Female,102,1909-01-06,1.0,Divorced,0,,,No,,,Retired,38011.0,106895,No,0,,NA,1,Created
18247,2011-12-01,10550,Female,103,1909-01-06,1.0,Divorced,0,,,No,,,Retired,38011.0,106895,No,0,,NA,0,Life event: Deceased
10551,2011-01-01,10551,Female,52,1959-10-27,0.00268,Single,0,,,No,,,Flexible contract,44632.0,56859,Yes,0,,NA,1,Created
10552,2011-01-01,10552,Male,51,1960-02-23,0.00301,Divorced,0,,,Yes,,,Entrepreneur without personnel,424.0,49283,No,0,,NA,1,Created
10553,2011-01-01,10553,Female,80,1931-11-22,0.03682,Married,2188,,2023-10-26,Yes,,,Retired,20855.0,28841,No,3,,NA,1,Created
10554,2011-01-01,10554,Male,74,1937-01-04,0.0295,Married,2112,,2055-08-08,Yes,,,Retired,57085.0,457100,Yes,2,,NA,1,Created
10555,2011-01-01,10555,Female,15,1996-07-11,8e-05,Single,0,,,No,,,Child,0.0,0,Yes,0,30.0,2026-05-10,1,Created
10556,2011-01-01,10556,Female,63,1948-06-09,0.00672,Married,2189,,2023-09-02,Yes,,,Permanent contract,83.0,69816,Yes,3,,NA,1,Created
18828,2012-06-09,10556,Female,65,1948-06-09,0.00672,Married,2189,,2023-09-02,Yes,,,Retired,58.099999999999994,69816,Yes,3,,NA,1,Life event: Retired
10557,2011-01-01,10557,Male,3,2008-01-30,0.0002,Single,0,,,No,,,Child,0.0,0,No,0,,NA,1,Created
10558,2011-01-01,10558,Female,42,1969-04-27,0.001,Married,2190,,2053-02-03,No,,,Permanent contract,7082.0,984,Yes,2,,NA,1,Created
10559,2011-01-01,10559,Female,21,1990-01-09,0.00016,Single,0,,,No,,,Flexible contract,78626.0,1161986,No,0,32.0,2022-09-11,1,Created
10560,2011-01-01,10560,Male,75,1936-02-21,0.033710000000000004,Widowed,0,,,No,,,Retired,23106.0,4249,Yes,0,,NA,1,Created
10561,2011-01-01,10561,Male,64,1947-05-05,0.01097,Married,2113,,2058-11-08,Yes,,,Permanent contract,8357.0,5032,No,2,,NA,1,Created
17302,2011-05-05,10561,Male,65,1947-05-05,0.01097,Married,2113,,2058-11-08,Yes,,,Retired,5849.9,5032,No,2,,NA,1,Life event: Retired
10562,2011-01-01,10562,Male,25,1986-11-10,0.00033999999999999997,Single,0,,,Yes,39.0,2025-10-28,Permanent contract,9641.0,2698,No,0,,NA,1,Created
10563,2011-01-01,10563,Male,18,1993-06-26,0.00032,Single,0,,,No,,,Entrepreneur with personel,8856.0,67701,Yes,0,,NA,1,Created
10564,2011-01-01,10564,Female,65,1946-03-29,0.007559999999999999,Married,2191,,2055-07-26,No,,,Permanent contract,17298.0,12667,No,2,,NA,1,Created
17141,2011-03-29,10564,Female,66,1946-03-29,0.007559999999999999,Married,2191,,2055-07-26,No,,,Retired,12108.599999999999,12667,No,2,,NA,1,Life event: Retired
10565,2011-01-01,10565,Male,9,2002-09-04,0.00014,Single,0,,,No,,,Child,0.0,0,Yes,0,,NA,1,Created
10566,2011-01-01,10566,Male,32,1979-09-21,0.00059,Married,2114,,2024-10-14,Yes,,,Permanent contract,8115.0,10726,Yes,1,,NA,1,Created
10567,2011-01-01,10567,Female,47,1964-03-02,0.00168,Married,2192,,2056-04-16,Yes,,,Permanent contract,76199.0,149758,No,1,,NA,1,Created
10568,2011-01-01,10568,Female,64,1947-06-14,0.00713,Married,2193,,2030-10-01,Yes,,,Permanent contract,28813.0,-10833,Yes,1,,NA,1,Created
17512,2011-06-14,10568,Female,65,1947-06-14,0.00713,Married,2193,,2030-10-01,Yes,,,Retired,20169.1,-10833,Yes,1,,NA,1,Life event: Retired
10569,2011-01-01,10569,Male,79,1932-06-30,0.05364,Widowed,0,,,No,,,Retired,10869.0,632836,Yes,0,,NA,1,Created
10570,2011-01-01,10570,Male,19,1992-01-01,0.00033,Single,0,,,No,,,Flexible contract,77465.0,876,Yes,0,,NA,1,Created
10571,2011-01-01,10571,Male,22,1989-05-12,0.00041,Single,0,,,No,,,Permanent contract,195.0,69965,Yes,0,,NA,1,Created
10572,2011-01-01,10572,Female,15,1996-03-10,8e-05,Single,0,,,No,,,Child,0.0,0,Yes,0,27.0,2023-05-10,1,Created
10573,2011-01-01,10573,Female,22,1989-10-21,0.00023999999999999998,Single,0,,,No,,,Permanent contract,26141.0,9759,Yes,0,22.0,2011-07-04,1,Created
10574,2011-01-01,10574,Female,70,1941-10-09,0.01252,Married,2194,,2059-10-30,Yes,,,Retired,45866.0,11565,No,3,,NA,1,Created
10575,2011-01-01,10575,Male,18,1993-12-25,0.00032,Single,0,,,No,,,Permanent contract,172804.0,451660,No,0,,NA,1,Created
10576,2011-01-01,10576,Male,71,1940-01-13,0.02034,Married,2115,,2029-09-13,Yes,,,Retired,45575.0,141188,No,1,,NA,1,Created
10577,2011-01-01,10577,Female,43,1968-06-14,0.0009699999999999999,Married,2195,,2015-05-26,No,,,Entrepreneur without personnel,40895.0,1767,Yes,1,,NA,1,Created
10578,2011-01-01,10578,Female,43,1968-03-07,0.0009699999999999999,Single,0,,,No,,,Permanent contract,11719.0,780319,Yes,0,,NA,1,Created
10579,2011-01-01,10579,Male,52,1959-12-23,0.00314,Married,2116,,2016-09-15,No,,,Flexible contract,16887.0,786419,Yes,1,,NA,1,Created
10580,2011-01-01,10580,Female,32,1979-08-01,0.00041,Single,0,,,No,,,Permanent contract,625.0,-10050,Yes,0,32.0,2011-06-04,1,Created
10581,2011-01-01,10581,Male,10,2001-11-08,0.00011999999999999999,Single,0,,,Yes,22.0,2023-11-17,Child,0.0,0,No,0,,NA,1,Created
10582,2011-01-01,10582,Female,26,1985-04-12,1.0,Single,0,,,Yes,36.0,2021-08-19,Permanent contract,28997.0,-37469,Yes,0,27.0,2012-11-08,1,Created
17530,2011-06-18,10582,Female,27,1985-04-12,1.0,Single,0,,,Yes,36,2021-08-19,Permanent contract,28997.0,-37469,Yes,0,27,2012-11-08,0,Life event: Deceased
10583,2011-01-01,10583,Male,49,1962-09-25,0.00242,Married,2117,,2036-07-28,No,,,Permanent contract,41148.0,-441,Yes,2,,NA,1,Created
10584,2011-01-01,10584,Male,47,1964-06-17,0.00186,Married,2118,,2040-11-12,No,,,Permanent contract,8508.0,457886,Yes,2,,NA,1,Created
10585,2011-01-01,10585,Male,70,1941-11-10,0.01932,Married,2119,,2042-07-11,No,,,Retired,21103.0,11502,No,1,,NA,1,Created
10586,2011-01-01,10586,Female,8,2003-10-01,2.9999999999999997e-05,Single,0,,,No,,,Child,0.0,0,Yes,0,33.0,2036-08-07,1,Created
10587,2011-01-01,10587,Female,19,1992-08-12,0.00014,Single,0,,,Yes,33.0,2025-08-13,Permanent contract,19780.0,6079,Yes,0,24.0,2016-06-12,1,Created
10588,2011-01-01,10588,Male,39,1972-02-27,0.0008699999999999999,Married,2120,,2036-12-29,Yes,,,Flexible contract,5867.0,92015,Yes,1,,NA,1,Created
10589,2011-01-01,10589,Female,54,1957-03-18,0.00313,Married,2196,,2011-05-16,Yes,,,Entrepreneur without personnel,5012.0,606,No,2,,NA,1,Created
17366,2011-05-16,10589,Female,55,1957-03-18,0.00313,Divorced,2196,,2011-05-16,Yes,,,Entrepreneur without personnel,5012.0,606,No,2,,NA,1,Life event: Divorced
10590,2011-01-01,10590,Female,63,1948-12-06,0.00672,Married,2197,,2020-10-22,No,,,Unemployed,39949.0,141592,No,1,,NA,1,Created
19300,2012-12-06,10590,Female,65,1948-12-06,0.00672,Married,2197,,2020-10-22,No,,,Retired,27964.3,141592,No,1,,NA,1,Life event: Retired
10591,2011-01-01,10591,Male,22,1989-08-04,0.00041,Married,2121,,2012-06-03,Yes,,,Entrepreneur without personnel,9390.0,629,Yes,2,,NA,1,Created
18811,2012-06-03,10591,Male,23,1989-08-04,0.00041,Divorced,2121,,2012-06-03,Yes,,,Entrepreneur without personnel,9390.0,629,Yes,2,,NA,1,Life event: Divorced
10592,2011-01-01,10592,Female,28,1983-08-29,0.00025,Single,0,,,Yes,54.0,2037-04-04,Flexible contract,31896.0,196573,Yes,0,,NA,1,Created
10593,2011-01-01,10593,Female,45,1966-08-07,0.00134,Married,2198,,2038-07-29,No,,,Permanent contract,21662.0,336872,No,1,,NA,1,Created
10594,2011-01-01,10594,Female,16,1995-11-25,8e-05,Single,0,,,Yes,40.0,2035-02-08,Child,0.0,0,Yes,0,31.0,2026-12-14,1,Created
19274,2012-11-25,10594,Female,18,1995-11-25,8e-05,Single,0,,,Yes,30,2024-02-23,Entrepreneur without personnel,91561.0,11909,Yes,0,31,2026-12-14,1,Life event: Adulthood
10595,2011-01-01,10595,Male,42,1969-06-19,0.00128,Married,2122,,2022-07-31,Yes,,,Permanent contract,14150.0,-3704,Yes,1,,NA,1,Created
10596,2011-01-01,10596,Male,68,1943-10-22,0.01522,Widowed,0,,,Yes,,,Retired,4322.0,-2413,Yes,0,,NA,1,Created
10597,2011-01-01,10597,Female,61,1950-10-08,0.00562,Married,2199,,2027-01-28,Yes,,,Permanent contract,5808.0,30550,No,1,,NA,1,Created
10598,2011-01-01,10598,Male,30,1981-08-28,0.00055,Married,2123,,2064-01-29,No,,,Permanent contract,27752.0,387453,Yes,1,,NA,1,Created
10599,2011-01-01,10599,Male,67,1944-12-03,0.01396,Married,2124,,2031-05-24,Yes,,,Permanent contract,37954.0,25674,No,1,,NA,1,Created
18256,2011-12-03,10599,Male,68,1944-12-03,0.01396,Married,2124,,2031-05-24,Yes,,,Retired,26567.8,25674,No,1,,NA,1,Life event: Retired
10600,2011-01-01,10600,Male,2,2009-05-21,0.00021,Single,0,,,No,,,Child,0.0,0,Yes,0,,NA,1,Created
10601,2011-01-01,10601,Male,49,1962-02-27,0.00242,Married,2125,,2035-04-15,No,,,Permanent contract,96100.0,15,No,1,,NA,1,Created
10602,2011-01-01,10602,Male,74,1937-10-12,0.0295,Single,0,,,No,,,Retired,4019.0,446383,No,0,,NA,1,Created
10603,2011-01-01,10603,Male,27,1984-11-10,0.00044,Married,2126,,2029-07-21,Yes,,,Permanent contract,31377.0,3611,No,2,,NA,1,Created
10604,2011-01-01,10604,Male,14,1997-06-08,0.00014,Single,0,,,Yes,47.0,2044-05-21,Child,0.0,0,Yes,0,,NA,1,Created
10605,2011-01-01,10605,Male,36,1975-12-31,0.0006,Married,2127,,2054-07-29,No,,,Permanent contract,12736.0,168313,Yes,1,,NA,1,Created
10606,2011-01-01,10606,Male,4,2007-10-24,0.00011,Single,0,,,Yes,30.0,2037-03-10,Child,0.0,0,Yes,0,,NA,1,Created
10607,2011-01-01,10607,Male,51,1960-05-14,0.00301,Divorced,0,,,Yes,,,Permanent contract,24026.0,132,Yes,0,,NA,1,Created
10608,2011-01-01,10608,Male,7,2004-07-21,9e-05,Single,0,,,Yes,33.0,2037-07-25,Child,0.0,0,Yes,0,,NA,1,Created
10609,2011-01-01,10609,Female,54,1957-10-01,0.00313,Married,2200,,2039-07-03,Yes,,,Permanent contract,2836.0,294,Yes,1,,NA,1,Created
10610,2011-01-01,10610,Male,0,2011-06-06,0.0036200000000000004,Single,0,,,Yes,34.0,2045-08-21,Child,0.0,0,No,0,,NA,1,Created
10611,2011-01-01,10611,Female,76,1935-08-22,0.02337,Widowed,0,,,Yes,,,Retired,15072.0,162648,No,0,,NA,1,Created
10612,2011-01-01,10612,Female,65,1946-05-23,0.007559999999999999,Widowed,0,,,Yes,,,Flexible contract,9834.0,104173,No,0,,NA,1,Created
17410,2011-05-23,10612,Female,66,1946-05-23,0.007559999999999999,Widowed,0,,,Yes,,,Retired,6883.799999999999,104173,No,0,,NA,1,Life event: Retired
10613,2011-01-01,10613,Male,23,1988-08-30,0.00039,Single,0,,,Yes,45.0,2033-06-26,Permanent contract,11285.0,3350562,Yes,0,,NA,1,Created
10614,2011-01-01,10614,Male,54,1957-08-30,0.00404,Divorced,0,,,No,,,Permanent contract,18254.0,127586,No,0,,NA,1,Created
10615,2011-01-01,10615,Male,35,1976-09-04,0.00055,Married,2128,,2032-10-10,Yes,,,Permanent contract,7173.0,3977,Yes,2,,NA,1,Created
10616,2011-01-01,10616,Female,62,1949-08-29,0.0057399999999999994,Married,2201,,2011-05-05,Yes,,,Permanent contract,35244.0,990145,No,2,,NA,1,Created
17303,2011-05-05,10616,Female,62,1949-08-29,0.0057399999999999994,Divorced,2201,,2011-05-05,Yes,,,Permanent contract,35244.0,990145,No,2,,NA,1,Life event: Divorced
10617,2011-01-01,10617,Male,90,1921-12-27,0.16977,Widowed,0,,,Yes,,,Retired,13600.0,6833,Yes,0,,NA,1,Created
10618,2011-01-01,10618,Female,20,1991-10-31,0.00018,Single,0,,,Yes,30.0,2021-10-12,Unemployed,74141.0,990,No,0,44.0,2035-04-10,1,Created
10619,2011-01-01,10619,Male,43,1968-07-10,0.00103,Single,0,,,Yes,34.0,,Entrepreneur without personnel,30967.0,326013,No,0,,NA,1,Created
10620,2011-01-01,10620,Female,54,1957-09-11,0.00313,Married,2202,,2046-06-11,Yes,,,Permanent contract,57297.0,153689,No,1,,NA,1,Created
10621,2011-01-01,10621,Male,72,1939-01-25,0.02384,Married,2129,,2019-09-26,No,,,Retired,23582.0,237681,No,2,,NA,1,Created
19015,2012-08-16,10621,Male,74,1939-01-25,0.02384,Married,2129,,2019-09-26,No,,,Retired,23582.0,237681,No,2,,NA,0,Life event: Deceased
10622,2011-01-01,10622,Female,39,1972-06-10,0.00074,Married,2203,,2021-11-13,Yes,,,Entrepreneur without personnel,25892.0,-12489,Yes,1,,NA,1,Created
10623,2011-01-01,10623,Male,35,1976-02-14,0.00055,Divorced,0,,,Yes,,,Entrepreneur with personel,98626.0,1915592,Yes,0,,NA,1,Created
10624,2011-01-01,10624,Female,26,1985-12-13,1.0,Single,0,,,No,,,Permanent contract,39774.0,331,Yes,0,32.0,2017-03-19,1,Created
16719,2011-01-11,10624,Female,26,1985-12-13,1.0,Single,0,,,No,,,Permanent contract,39774.0,331,Yes,0,32,2017-03-19,0,Life event: Deceased
10625,2011-01-01,10625,Male,30,1981-07-29,0.00055,Single,0,,,Yes,30.0,2011-07-31,Permanent contract,20866.0,13730,No,0,,NA,1,Created
17728,2011-07-31,10625,Male,31,1981-07-29,0.00055,Married,3450,38,2049-01-09,Yes,30,2011-07-31,Permanent contract,20866.0,13730,No,0,,NA,1,Life event: Married
10626,2011-01-01,10626,Female,74,1937-05-30,0.0185,Married,2204,,2031-06-01,Yes,,,Retired,24383.0,-7678,No,2,,NA,1,Created
10627,2011-01-01,10627,Female,28,1983-01-22,0.00025,Single,0,,,No,,,Permanent contract,7423.0,303137,No,0,31.0,2014-03-07,1,Created
10628,2011-01-01,10628,Male,0,2011-11-28,0.0036200000000000004,Single,0,,,No,,,Child,0.0,0,No,0,,NA,1,Created
10629,2011-01-01,10629,Female,41,1970-06-02,0.0007700000000000001,Married,2205,,2031-11-11,No,,,Permanent contract,5153.0,9259,Yes,1,,NA,1,Created
10630,2011-01-01,10630,Female,97,1914-02-14,0.27028,Widowed,0,,,Yes,,,Retired,23819.0,10963,Yes,0,,NA,1,Created
16841,2011-02-03,10630,Female,97,1914-02-14,0.27028,Widowed,0,,,Yes,,,Retired,23819.0,10963,Yes,0,,NA,0,Life event: Deceased
10631,2011-01-01,10631,Female,8,2003-03-18,2.9999999999999997e-05,Single,0,,,Yes,35.0,2038-07-27,Child,0.0,0,Yes,0,37.0,2040-06-12,1,Created
10632,2011-01-01,10632,Female,57,1954-01-08,0.00387,Divorced,0,,,Yes,,,Entrepreneur without personnel,30176.0,-1889,No,0,,NA,1,Created
10633,2011-01-01,10633,Female,50,1961-10-08,0.00225,Single,0,,,No,,,Permanent contract,117667.0,44361,No,0,,NA,1,Created
10634,2011-01-01,10634,Male,12,1999-03-18,0.00011,Single,0,,,Yes,33.0,2032-01-05,Child,0.0,0,Yes,0,,NA,1,Created
10635,2011-01-01,10635,Male,37,1974-12-15,0.00082,Divorced,0,,,No,,,Flexible contract,44393.0,111378,Yes,0,,NA,1,Created
10636,2011-01-01,10636,Male,20,1991-02-27,0.00045,Single,0,,,Yes,35.0,2026-03-28,Permanent contract,12253.0,700567,No,0,,NA,1,Created
10637,2011-01-01,10637,Female,21,1990-03-09,0.00016,Single,0,,,Yes,25.0,2015-12-13,Entrepreneur without personnel,19516.0,130290,Yes,0,28.0,2018-04-28,1,Created
10638,2011-01-01,10638,Male,28,1983-02-28,0.00045,Married,2130,,2044-12-25,Yes,,,Flexible contract,67760.0,259374,Yes,2,,NA,1,Created
10639,2011-01-01,10639,Male,68,1943-10-15,0.01522,Widowed,0,,,Yes,,,Retired,5743.0,896656,No,0,,NA,1,Created
10640,2011-01-01,10640,Female,62,1949-05-05,0.0057399999999999994,Married,2206,,2024-04-19,No,,,Permanent contract,8412.0,312222,No,2,,NA,1,Created
10641,2011-01-01,10641,Female,47,1964-09-04,0.00168,Married,2207,,2061-10-03,No,,,Permanent contract,31881.0,22656,No,1,,NA,1,Created
10642,2011-01-01,10642,Male,8,2003-10-11,9e-05,Single,0,,,Yes,51.0,2054-02-04,Child,0.0,0,No,0,,NA,1,Created
10643,2011-01-01,10643,Male,32,1979-06-30,0.00059,Single,0,,,Yes,47.0,2026-09-20,Permanent contract,27097.0,236580,Yes,0,,NA,1,Created
10644,2011-01-01,10644,Male,12,1999-09-27,0.00011,Single,0,,,Yes,44.0,2043-10-19,Child,0.0,0,Yes,0,,NA,1,Created
10645,2011-01-01,10645,Female,13,1998-06-07,0.00011999999999999999,Single,0,,,No,,,Child,0.0,0,No,0,30.0,2028-01-31,1,Created
10646,2011-01-01,10646,Male,69,1942-09-29,0.01804,Married,2131,,2050-08-24,Yes,,,Retired,7593.0,13686,Yes,2,,NA,1,Created
10647,2011-01-01,10647,Female,0,2011-06-02,0.0028899999999999998,Single,0,,,Yes,29.0,2040-06-25,Child,0.0,0,Yes,0,37.0,2048-04-02,1,Created
10648,2011-01-01,10648,Female,15,1996-03-20,8e-05,Single,0,,,No,,,Child,0.0,0,No,0,27.0,2023-06-18,1,Created
10649,2011-01-01,10649,Female,51,1960-06-11,0.0023899999999999998,Married,2208,,2059-06-24,No,,,Entrepreneur with personel,31974.0,153472,No,2,,NA,1,Created
10650,2011-01-01,10650,Male,64,1947-05-25,0.01097,Married,2132,,2025-10-23,No,,,Flexible contract,41277.0,6256,Yes,1,,NA,1,Created
17414,2011-05-25,10650,Male,65,1947-05-25,0.01097,Married,2132,,2025-10-23,No,,,Retired,28893.899999999998,6256,Yes,1,,NA,1,Life event: Retired
10651,2011-01-01,10651,Male,44,1967-07-27,0.0013599999999999999,Married,2133,,2030-05-11,No,,,Permanent contract,7365.0,107936,Yes,2,,NA,1,Created
10652,2011-01-01,10652,Female,20,1991-01-16,0.00018,Single,0,,,Yes,35.0,2026-05-01,Permanent contract,9217.0,339242,No,0,23.0,2014-07-25,1,Created
10653,2011-01-01,10653,Male,54,1957-03-27,0.00404,Married,2134,,2012-07-29,Yes,,,Permanent contract,4303.0,191201,Yes,1,,NA,1,Created
18971,2012-07-29,10653,Male,56,1957-03-27,0.00404,Divorced,2134,,2012-07-29,Yes,,,Permanent contract,4303.0,191201,Yes,1,,NA,1,Life event: Divorced
10654,2011-01-01,10654,Male,53,1958-03-06,0.0033299999999999996,Married,2135,,2015-03-03,Yes,,,Permanent contract,10573.0,91382,No,1,,NA,1,Created
10655,2011-01-01,10655,Female,52,1959-04-27,0.00268,Married,2209,,2069-11-28,No,,,Flexible contract,10824.0,43668,No,2,,NA,1,Created
10656,2011-01-01,10656,Female,32,1979-05-05,0.00041,Single,0,,,Yes,35.0,2014-05-30,Unemployed,8868.0,758472,Yes,0,34.0,2013-08-18,1,Created
10657,2011-01-01,10657,Female,85,1926-02-28,0.07042999999999999,Widowed,0,,,Yes,,,Retired,15132.0,166854,Yes,0,,NA,1,Created
10658,2011-01-01,10658,Female,7,2004-01-08,7e-05,Single,0,,,Yes,25.0,2029-04-26,Child,0.0,0,No,0,28.0,2032-06-03,1,Created
10659,2011-01-01,10659,Female,45,1966-09-03,0.00134,Married,2210,,2054-12-24,Yes,,,Permanent contract,29451.0,65,No,3,,NA,1,Created
10660,2011-01-01,10660,Female,21,1990-01-27,0.00016,Single,0,,,No,,,Entrepreneur without personnel,8139.0,4118,Yes,0,40.0,2030-12-22,1,Created
10661,2011-01-01,10661,Male,12,1999-01-24,0.00011,Single,0,,,No,,,Child,0.0,0,Yes,0,,NA,1,Created
10662,2011-01-01,10662,Male,99,1912-09-14,0.39916999999999997,Widowed,0,,,No,,,Retired,4627.0,35938,No,0,,NA,1,Created
10663,2011-01-01,10663,Male,2,2009-10-28,0.00021,Single,0,,,No,,,Child,0.0,0,Yes,0,,NA,1,Created
10664,2011-01-01,10664,Female,47,1964-06-06,0.00168,Married,2211,,2045-01-28,Yes,,,Permanent contract,8711.0,75481,Yes,1,,NA,1,Created
10665,2011-01-01,10665,Male,22,1989-11-21,0.00041,Single,0,,,Yes,51.0,2040-03-09,Entrepreneur without personnel,15825.0,9470,No,0,,NA,1,Created
10666,2011-01-01,10666,Male,65,1946-12-02,0.01141,Widowed,0,,,No,,,Permanent contract,39697.0,35833,Yes,0,,NA,1,Created
18252,2011-12-02,10666,Male,66,1946-12-02,0.01141,Widowed,0,,,No,,,Retired,27787.899999999998,35833,Yes,0,,NA,1,Life event: Retired
10667,2011-01-01,10667,Female,10,2001-01-15,0.0001,Single,0,,,Yes,47.0,2048-03-26,Child,0.0,0,Yes,0,28.0,2029-08-31,1,Created
10668,2011-01-01,10668,Male,65,1946-01-06,0.01141,Married,2136,,2060-02-21,Yes,,,Permanent contract,17194.0,581572,No,1,,NA,1,Created
16682,2011-01-06,10668,Male,66,1946-01-06,0.01141,Married,2136,,2060-02-21,Yes,,,Retired,12035.8,581572,No,1,,NA,1,Life event: Retired
10669,2011-01-01,10669,Male,55,1956-06-13,0.00419,Married,2137,,2040-02-02,Yes,,,Permanent contract,9759.0,14944,No,1,,NA,1,Created
10670,2011-01-01,10670,Male,21,1990-01-21,0.00045,Single,0,,,Yes,26.0,2016-10-23,Permanent contract,16025.0,-12727,Yes,0,,NA,1,Created
10671,2011-01-01,10671,Female,34,1977-04-16,0.00037,Single,0,,,Yes,33.0,,Permanent contract,80233.0,481651,No,0,,NA,1,Created
10672,2011-01-01,10672,Female,75,1936-03-09,0.01986,Widowed,0,,,Yes,,,Retired,18523.0,191927,No,0,,NA,1,Created
10673,2011-01-01,10673,Female,53,1958-11-05,0.00312,Married,2212,,2051-09-20,Yes,,,Permanent contract,16055.0,-48744,No,2,,NA,1,Created
10674,2011-01-01,10674,Female,80,1931-11-14,0.03682,Widowed,0,,,Yes,,,Retired,10627.0,446,No,0,,NA,1,Created
10675,2011-01-01,10675,Female,48,1963-07-12,0.0018800000000000002,Married,2213,,2018-01-21,Yes,,,Permanent contract,14693.0,397318,Yes,1,,NA,1,Created
10676,2011-01-01,10676,Female,59,1952-10-27,0.00479,Widowed,0,,,No,,,Permanent contract,15622.0,-2364,Yes,0,,NA,1,Created
10677,2011-01-01,10677,Male,13,1998-07-07,0.00014,Single,0,,,No,,,Child,0.0,0,Yes,0,,NA,1,Created
10678,2011-01-01,10678,Female,32,1979-11-16,0.00041,Single,0,,,No,,,Permanent contract,19974.0,18990,Yes,0,34.0,2013-09-29,1,Created
10679,2011-01-01,10679,Female,32,1979-10-18,0.00041,Married,2214,,2056-11-01,No,,,Permanent contract,25683.0,-34154,Yes,3,41.0,2020-01-09,1,Created
10680,2011-01-01,10680,Female,53,1958-09-04,0.00312,Divorced,0,,,No,,,Permanent contract,11493.0,142390,Yes,0,,NA,1,Created
10681,2011-01-01,10681,Female,16,1995-06-10,8e-05,Single,0,,,Yes,45.0,2040-11-24,Child,0.0,0,Yes,0,38.0,2033-08-21,1,Created
18830,2012-06-10,10681,Female,18,1995-06-10,8e-05,Single,0,,,Yes,26,2020-10-15,Flexible contract,110089.0,838,Yes,0,38,2033-08-21,1,Life event: Adulthood
10682,2011-01-01,10682,Male,35,1976-04-20,0.00055,Married,2138,,2028-10-15,No,,,Permanent contract,5933.0,23577,No,2,,NA,1,Created
10683,2011-01-01,10683,Female,19,1992-03-23,0.00014,Single,0,,,No,,,Flexible contract,9669.0,-37474,No,0,34.0,2026-07-18,1,Created
10684,2011-01-01,10684,Female,80,1931-08-12,0.03682,Widowed,0,,,No,,,Retired,27886.0,976106,Yes,0,,NA,1,Created
10685,2011-01-01,10685,Female,30,1981-04-11,0.00027,Single,0,,,Yes,25.0,,Permanent contract,18600.0,1350,Yes,0,,NA,1,Created
10686,2011-01-01,10686,Female,55,1956-07-26,0.00372,Married,2215,,2051-12-18,Yes,,,Permanent contract,8274.0,66830,No,3,,NA,1,Created
10687,2011-01-01,10687,Female,49,1962-05-24,0.00193,Married,2216,,2029-09-18,Yes,,,Permanent contract,13180.0,862,No,1,,NA,1,Created
10688,2011-01-01,10688,Female,53,1958-06-25,0.00312,Divorced,0,,,Yes,,,Entrepreneur without personnel,41439.0,966827,No,0,,NA,1,Created
10689,2011-01-01,10689,Female,5,2006-12-24,4e-05,Single,0,,,No,,,Child,0.0,0,No,0,36.0,2042-03-26,1,Created
10690,2011-01-01,10690,Female,35,1976-08-07,0.00033999999999999997,Single,0,,,Yes,26.0,,Permanent contract,27497.0,861,No,0,,NA,1,Created
10691,2011-01-01,10691,Female,5,2006-11-14,4e-05,Single,0,,,Yes,40.0,2046-05-23,Child,0.0,0,No,0,31.0,2037-07-30,1,Created
10692,2011-01-01,10692,Female,30,1981-03-26,0.00027,Single,0,,,Yes,45.0,2026-10-13,Entrepreneur without personnel,30269.0,10,No,0,33.0,2014-12-30,1,Created
10693,2011-01-01,10693,Female,75,1936-09-18,0.01986,Married,2217,,2066-12-12,No,,,Retired,11754.0,272723,Yes,1,,NA,1,Created
10694,2011-01-01,10694,Male,57,1954-05-14,0.00572,Married,2139,,2067-10-17,Yes,,,Flexible contract,46915.0,-45390,No,2,,NA,1,Created
10695,2011-01-01,10695,Male,41,1970-12-13,0.0008900000000000001,Married,2140,,2044-04-05,No,,,Permanent contract,38243.0,-13019,Yes,2,,NA,1,Created
10696,2011-01-01,10696,Male,43,1968-09-20,0.00103,Married,2141,,2035-01-07,No,,,Permanent contract,70384.0,241956,Yes,2,,NA,1,Created
10697,2011-01-01,10697,Female,10,2001-09-08,0.0001,Single,0,,,Yes,33.0,2034-02-16,Child,0.0,0,No,0,32.0,2033-04-16,1,Created
10698,2011-01-01,10698,Male,81,1930-08-21,0.06966,Widowed,0,,,Yes,,,Retired,4422.0,2652,No,0,,NA,1,Created
10699,2011-01-01,10699,Female,52,1959-06-24,0.00268,Single,0,,,Yes,48.0,,Entrepreneur with personel,31653.0,568,No,0,,NA,1,Created
10700,2011-01-01,10700,Female,19,1992-06-07,0.00014,Single,0,,,Yes,42.0,2034-05-05,Permanent contract,9108.0,379292,Yes,0,36.0,2028-03-02,1,Created
10701,2011-01-01,10701,Female,60,1951-01-03,0.00541,Married,2218,,2073-12-27,No,,,Flexible contract,6401.0,558,No,2,,NA,1,Created
10702,2011-01-01,10702,Female,34,1977-03-09,0.00037,Single,0,,,No,,,Permanent contract,9593.0,2758,No,0,,NA,1,Created
10703,2011-01-01,10703,Male,9,2002-04-17,0.00014,Single,0,,,No,,,Child,0.0,0,No,0,,NA,1,Created
10704,2011-01-01,10704,Female,47,1964-10-02,0.00168,Married,2219,,2079-01-05,No,,,Permanent contract,39787.0,5156,No,1,,NA,1,Created
10705,2011-01-01,10705,Female,31,1980-10-08,0.00029,Single,0,,,No,,,Unemployed,3588.0,284392,Yes,0,39.0,2019-10-23,1,Created
10706,2011-01-01,10706,Female,18,1993-11-23,0.00023999999999999998,Single,0,,,Yes,24.0,2017-01-15,Permanent contract,13614.0,-31628,Yes,0,32.0,2025-12-11,1,Created
10707,2011-01-01,10707,Male,26,1985-12-16,1.0,Single,0,,,No,,,Permanent contract,28847.0,14456,Yes,0,,NA,1,Created
17761,2011-08-08,10707,Male,26,1985-12-16,1.0,Single,0,,,No,,,Permanent contract,28847.0,14456,Yes,0,,NA,0,Life event: Deceased
10708,2011-01-01,10708,Female,48,1963-06-03,0.0018800000000000002,Single,0,,,No,,,Entrepreneur with personel,29965.0,3478,Yes,0,,NA,1,Created
10709,2011-01-01,10709,Male,54,1957-12-08,0.00404,Single,0,,,Yes,39.0,,Permanent contract,24529.0,8456,Yes,0,,NA,1,Created
10710,2011-01-01,10710,Female,59,1952-03-11,0.00479,Married,2220,,2028-12-14,No,,,Permanent contract,18276.0,495054,No,1,,NA,1,Created
10711,2011-01-01,10711,Male,62,1949-10-14,0.008409999999999999,Married,2142,,2040-07-08,No,,,Permanent contract,1211.0,-1289,No,1,,NA,1,Created
10712,2011-01-01,10712,Male,61,1950-05-15,0.00747,Married,2143,,2032-10-11,No,,,Permanent contract,16681.0,388322,Yes,2,,NA,1,Created
10713,2011-01-01,10713,Female,47,1964-04-24,0.00168,Married,2221,,2071-12-25,No,,,Permanent contract,141043.0,-49090,No,2,,NA,1,Created
10714,2011-01-01,10714,Male,48,1963-10-19,0.0021100000000000003,Married,2144,,2025-03-03,No,,,Permanent contract,3144.0,39088,Yes,3,,NA,1,Created
10715,2011-01-01,10715,Male,62,1949-04-10,0.008409999999999999,Married,2145,,2029-08-10,No,,,Entrepreneur without personnel,19602.0,-49296,Yes,3,,NA,1,Created
10716,2011-01-01,10716,Female,63,1948-11-05,0.00672,Divorced,0,,,No,,,Permanent contract,4032.0,274558,No,0,,NA,1,Created
19218,2012-11-05,10716,Female,65,1948-11-05,0.00672,Divorced,0,,,No,,,Retired,2822.3999999999996,274558,No,0,,NA,1,Life event: Retired
10717,2011-01-01,10717,Male,63,1948-07-09,0.00945,Married,2146,,2060-09-17,No,,,Flexible contract,7753.0,196865,Yes,1,,NA,1,Created
18909,2012-07-09,10717,Male,65,1948-07-09,0.00945,Married,2146,,2060-09-17,No,,,Retired,5427.099999999999,196865,Yes,1,,NA,1,Life event: Retired
10718,2011-01-01,10718,Male,4,2007-03-13,0.00011,Single,0,,,Yes,27.0,2034-08-30,Child,0.0,0,No,0,,NA,1,Created
10719,2011-01-01,10719,Male,58,1953-12-01,0.00603,Married,2147,,2014-09-12,No,,,Flexible contract,102629.0,405774,Yes,2,,NA,1,Created
10720,2011-01-01,10720,Female,58,1953-01-13,0.00448,Married,2222,,2018-12-30,Yes,,,Permanent contract,24069.0,47817,No,2,,NA,1,Created
10721,2011-01-01,10721,Male,23,1988-06-13,0.00039,Single,0,,,No,,,Permanent contract,39405.0,774,No,0,,NA,1,Created
10722,2011-01-01,10722,Male,78,1933-09-24,0.04668,Married,2148,,2020-09-29,No,,,Retired,48480.0,523263,Yes,2,,NA,1,Created
10723,2011-01-01,10723,Male,9,2002-08-16,0.00014,Single,0,,,No,,,Child,0.0,0,Yes,0,,NA,1,Created
10724,2011-01-01,10724,Female,2,2009-10-08,0.00015,Single,0,,,No,,,Child,0.0,0,No,0,31.0,2040-10-20,1,Created
10725,2011-01-01,10725,Female,41,1970-02-25,0.0007700000000000001,Single,0,,,No,,,Entrepreneur without personnel,59396.0,162248,Yes,0,,NA,1,Created
10726,2011-01-01,10726,Female,11,2000-03-29,7e-05,Single,0,,,Yes,29.0,2029-07-21,Child,0.0,0,Yes,0,40.0,2040-02-03,1,Created
10727,2011-01-01,10727,Female,65,1946-10-05,0.007559999999999999,Married,2223,,2060-06-02,Yes,,,Flexible contract,2298.0,-6505,Yes,2,,NA,1,Created
18011,2011-10-05,10727,Female,66,1946-10-05,0.007559999999999999,Married,2223,,2060-06-02,Yes,,,Retired,1608.6,-6505,Yes,2,,NA,1,Life event: Retired
10728,2011-01-01,10728,Female,6,2005-11-18,8e-05,Single,0,,,Yes,31.0,2036-07-22,Child,0.0,0,No,0,39.0,2044-06-05,1,Created
10729,2011-01-01,10729,Male,79,1932-07-08,0.05364,Married,2149,,2020-12-27,No,,,Retired,25133.0,152262,Yes,1,,NA,1,Created
10730,2011-01-01,10730,Female,28,1983-08-12,0.00025,Single,0,,,Yes,27.0,,Flexible contract,6692.0,7856,Yes,0,,NA,1,Created
10731,2011-01-01,10731,Female,36,1975-12-22,0.00049,Single,0,,,Yes,29.0,,Permanent contract,90838.0,-44595,No,0,47.0,2022-12-11,1,Created
10732,2011-01-01,10732,Female,15,1996-08-04,8e-05,Single,0,,,Yes,53.0,2049-12-20,Child,0.0,0,Yes,0,27.0,2023-05-01,1,Created
10733,2011-01-01,10733,Female,99,1912-03-25,0.34497,Widowed,0,,,No,,,Retired,91990.0,655056,No,0,,NA,1,Created
10734,2011-01-01,10734,Female,62,1949-01-18,0.0057399999999999994,Married,2224,,2045-01-19,No,,,Permanent contract,28361.0,250754,No,2,,NA,1,Created
10735,2011-01-01,10735,Female,9,2002-06-09,2.9999999999999997e-05,Single,0,,,No,,,Child,0.0,0,No,0,29.0,2031-03-10,1,Created
10736,2011-01-01,10736,Female,18,1993-10-04,0.00023999999999999998,Single,0,,,Yes,50.0,2043-11-08,Permanent contract,5640.0,249,Yes,0,34.0,2027-10-15,1,Created
10737,2011-01-01,10737,Female,65,1946-05-26,0.007559999999999999,Married,2225,,2013-01-20,Yes,,,Permanent contract,156536.0,3565,No,2,,NA,1,Created
17419,2011-05-26,10737,Female,66,1946-05-26,0.007559999999999999,Married,2225,,2013-01-20,Yes,,,Retired,109575.2,3565,No,2,,NA,1,Life event: Retired
10738,2011-01-01,10738,Male,53,1958-09-02,0.0033299999999999996,Divorced,0,,,Yes,,,Permanent contract,30019.0,54636,Yes,0,,NA,1,Created
10739,2011-01-01,10739,Male,59,1952-02-05,0.00717,Married,2150,,2012-11-05,No,,,Permanent contract,4195.0,209672,Yes,1,,NA,1,Created
19219,2012-11-05,10739,Male,61,1952-02-05,0.00717,Divorced,2150,,2012-11-05,No,,,Permanent contract,4195.0,209672,Yes,1,,NA,1,Life event: Divorced
10740,2011-01-01,10740,Female,24,1987-04-13,0.00018999999999999998,Single,0,,,No,,,Permanent contract,927.0,-5880,Yes,0,36.0,2023-12-28,1,Created
10741,2011-01-01,10741,Male,87,1924-04-08,0.12537,Widowed,0,,,No,,,Retired,81419.0,40646,Yes,0,,NA,1,Created
16761,2011-01-18,10741,Male,87,1924-04-08,0.12537,Widowed,0,,,No,,,Retired,81419.0,40646,Yes,0,,NA,0,Life event: Deceased
10742,2011-01-01,10742,Female,29,1982-09-21,0.00032,Single,0,,,No,,,Permanent contract,31044.0,217767,Yes,0,,NA,1,Created
10743,2011-01-01,10743,Male,20,1991-02-16,0.00045,Single,0,,,No,,,Flexible contract,20761.0,2795,Yes,0,,NA,1,Created
10744,2011-01-01,10744,Male,2,2009-06-22,0.00021,Single,0,,,Yes,40.0,2049-01-19,Child,0.0,0,No,0,,NA,1,Created
10745,2011-01-01,10745,Female,18,1993-02-06,0.00023999999999999998,Single,0,,,Yes,40.0,2033-03-10,Permanent contract,14784.0,31328,No,0,37.0,2030-04-05,1,Created
10746,2011-01-01,10746,Male,63,1948-06-28,0.00945,Married,2151,,2056-01-03,Yes,,,Permanent contract,37030.0,-41282,Yes,1,,NA,1,Created
18889,2012-06-28,10746,Male,65,1948-06-28,0.00945,Married,2151,,2056-01-03,Yes,,,Retired,25921.0,-41282,Yes,1,,NA,1,Life event: Retired
10747,2011-01-01,10747,Male,70,1941-12-24,0.01932,Married,2152,,2055-01-25,Yes,,,Retired,5695.0,47797,No,3,,NA,1,Created
10748,2011-01-01,10748,Female,32,1979-04-23,0.00041,Single,0,,,No,,,Permanent contract,10677.0,-10095,Yes,0,32.0,2011-11-10,1,Created
10749,2011-01-01,10749,Female,43,1968-06-14,0.0009699999999999999,Married,2226,,2013-07-30,Yes,,,Permanent contract,28479.0,-8911,No,1,,NA,1,Created
10750,2011-01-01,10750,Male,76,1935-04-02,0.0375,Married,2153,,2026-08-26,Yes,,,Retired,18934.0,11208,No,1,,NA,1,Created
10751,2011-01-01,10751,Female,43,1968-11-02,0.0009699999999999999,Divorced,0,,,Yes,,,Permanent contract,35565.0,38324,No,0,,NA,1,Created
10752,2011-01-01,10752,Male,61,1950-05-17,0.00747,Married,2154,,2023-02-13,No,,,Permanent contract,4498.0,461500,Yes,2,,NA,1,Created
10753,2011-01-01,10753,Male,59,1952-08-25,0.00717,Married,2155,,2014-11-19,Yes,,,Permanent contract,24588.0,349372,Yes,1,,NA,1,Created
10754,2011-01-01,10754,Female,50,1961-11-08,0.00225,Married,2227,,2016-10-29,No,,,Permanent contract,28665.0,305098,No,2,,NA,1,Created
10755,2011-01-01,10755,Female,30,1981-08-04,0.00027,Married,2228,,2034-01-21,No,,,Flexible contract,10889.0,731,Yes,2,33.0,2014-11-30,1,Created
10756,2011-01-01,10756,Male,21,1990-01-01,0.00045,Single,0,,,Yes,51.0,2041-07-01,Permanent contract,23875.0,-40339,No,0,,NA,1,Created
10757,2011-01-01,10757,Male,80,1931-11-25,0.05987000000000001,Married,2156,,2031-02-07,Yes,,,Retired,1494.0,332141,Yes,1,,NA,1,Created
10758,2011-01-01,10758,Female,40,1971-08-01,0.0006900000000000001,Single,0,,,Yes,25.0,,Permanent contract,27823.0,4144,No,0,,NA,1,Created
10759,2011-01-01,10759,Male,26,1985-12-22,1.0,Single,0,,,Yes,27.0,2012-09-01,Unemployed,34416.0,-1876,No,0,,NA,1,Created
17710,2011-07-27,10759,Male,26,1985-12-22,1.0,Single,0,,,Yes,27,2012-09-01,Unemployed,34416.0,-1876,No,0,,NA,0,Life event: Deceased
10760,2011-01-01,10760,Male,47,1964-04-07,0.00186,Single,0,,,Yes,45.0,,Permanent contract,12383.0,401684,Yes,0,,NA,1,Created
10761,2011-01-01,10761,Female,46,1965-04-21,0.00134,Married,2229,,2049-06-14,Yes,,,Permanent contract,27669.0,-2167,No,1,,NA,1,Created
10762,2011-01-01,10762,Female,78,1933-11-19,0.02817,Married,2230,,2035-01-11,Yes,,,Retired,37442.0,141,Yes,1,,NA,1,Created
10763,2011-01-01,10763,Male,67,1944-08-23,0.01396,Divorced,0,,,No,,,Permanent contract,19387.0,-21305,No,0,,NA,1,Created
17848,2011-08-23,10763,Male,68,1944-08-23,0.01396,Divorced,0,,,No,,,Retired,13570.9,-21305,No,0,,NA,1,Life event: Retired
10764,2011-01-01,10764,Male,26,1985-10-19,1.0,Single,0,,,Yes,43.0,2028-05-26,Flexible contract,15697.0,3419,Yes,0,,NA,1,Created
17735,2011-08-03,10764,Male,26,1985-10-19,1.0,Single,0,,,Yes,43,2028-05-26,Flexible contract,15697.0,3419,Yes,0,,NA,0,Life event: Deceased
10765,2011-01-01,10765,Female,73,1938-06-10,0.01577,Married,2231,,2033-06-02,No,,,Retired,40922.0,159461,Yes,1,,NA,1,Created
10766,2011-01-01,10766,Male,5,2006-04-22,9e-05,Single,0,,,Yes,26.0,2032-09-06,Child,0.0,0,No,0,,NA,1,Created
10767,2011-01-01,10767,Male,23,1988-05-21,0.00039,Single,0,,,No,,,Flexible contract,42488.0,194996,No,0,,NA,1,Created
10768,2011-01-01,10768,Female,49,1962-12-21,0.00193,Married,2232,,2067-05-14,Yes,,,Flexible contract,34001.0,47647,No,1,,NA,1,Created
10769,2011-01-01,10769,Female,46,1965-07-18,0.00134,Married,2233,,2071-01-28,No,,,Permanent contract,40591.0,233726,Yes,1,,NA,1,Created
10770,2011-01-01,10770,Male,23,1988-10-05,0.00039,Single,0,,,Yes,32.0,2020-08-13,Permanent contract,95143.0,-43443,No,0,,NA,1,Created
10771,2011-01-01,10771,Female,11,2000-08-06,7e-05,Single,0,,,No,,,Child,0.0,0,Yes,0,31.0,2031-06-21,1,Created
10772,2011-01-01,10772,Male,45,1966-11-03,0.0014199999999999998,Married,2157,,2036-05-02,Yes,,,Permanent contract,7052.0,95549,No,2,,NA,1,Created
10773,2011-01-01,10773,Male,41,1970-06-11,0.0008900000000000001,Divorced,0,,,No,,,Permanent contract,20681.0,4886,No,0,,NA,1,Created
10774,2011-01-01,10774,Female,95,1916-02-06,0.23053,Widowed,0,,,Yes,,,Retired,23013.0,93041,Yes,0,,NA,1,Created
10775,2011-01-01,10775,Male,98,1913-04-26,0.33792,Widowed,0,,,Yes,,,Retired,19104.0,46785,Yes,0,,NA,1,Created
10776,2011-01-01,10776,Male,23,1988-08-10,0.00039,Single,0,,,Yes,40.0,2028-03-06,Permanent contract,2554.0,12865,No,0,,NA,1,Created
10777,2011-01-01,10777,Female,71,1940-05-05,0.013009999999999999,Married,2234,,2029-03-06,Yes,,,Retired,1444.0,114247,No,2,,NA,1,Created
10778,2011-01-01,10778,Male,68,1943-04-29,0.01522,Married,2158,,2011-09-17,No,,,Retired,98327.0,-2111,Yes,1,,NA,1,Created
17932,2011-09-17,10778,Male,69,1943-04-29,0.01522,Divorced,2158,,2011-09-17,No,,,Retired,98327.0,-2111,Yes,1,,NA,1,Life event: Divorced
10779,2011-01-01,10779,Male,50,1961-04-22,0.00257,Married,2159,,2039-11-29,Yes,,,Unemployed,47575.0,27393,Yes,1,,NA,1,Created
10780,2011-01-01,10780,Female,72,1939-05-20,0.01411,Single,0,,,Yes,26.0,,Retired,29867.0,23824,No,0,,NA,1,Created
10781,2011-01-01,10781,Male,17,1994-01-29,0.00022999999999999998,Single,0,,,No,,,Child,0.0,0,Yes,0,,NA,1,Created
16818,2011-01-29,10781,Male,18,1994-01-29,0.00022999999999999998,Single,0,,,No,,,Flexible contract,21112.0,40516,Yes,0,,NA,1,Life event: Adulthood
10782,2011-01-01,10782,Female,67,1944-05-11,0.00974,Married,2235,,2055-05-23,No,,,Permanent contract,11439.0,3047,No,1,,NA,1,Created
17349,2011-05-11,10782,Female,68,1944-05-11,0.00974,Married,2235,,2055-05-23,No,,,Retired,8007.299999999999,3047,No,1,,NA,1,Life event: Retired
10783,2011-01-01,10783,Male,59,1952-10-12,0.00717,Widowed,0,,,Yes,,,Permanent contract,17421.0,105558,No,0,,NA,1,Created
10784,2011-01-01,10784,Female,14,1997-06-19,9e-05,Single,0,,,Yes,22.0,2019-07-18,Child,0.0,0,No,0,29.0,2026-01-09,1,Created
10785,2011-01-01,10785,Female,34,1977-08-21,0.00037,Married,2236,,2026-02-18,Yes,,,Flexible contract,31226.0,2403,Yes,3,,NA,1,Created
10786,2011-01-01,10786,Female,13,1998-04-11,0.00011999999999999999,Single,0,,,No,,,Child,0.0,0,No,0,33.0,2031-05-08,1,Created
10787,2011-01-01,10787,Female,40,1971-05-26,0.0006900000000000001,Married,2237,,2063-12-17,No,,,Permanent contract,18826.0,1092,Yes,1,,NA,1,Created
10788,2011-01-01,10788,Female,46,1965-05-09,0.00134,Married,2238,,2013-03-31,Yes,,,Flexible contract,39798.0,277653,Yes,1,,NA,1,Created
10789,2011-01-01,10789,Male,26,1985-07-12,1.0,Married,2160,,2032-07-21,Yes,,,Entrepreneur with personel,33112.0,58081,Yes,2,,NA,1,Created
18299,2011-12-15,10789,Male,27,1985-07-12,1.0,Married,2160,,2032-07-21,Yes,,,Entrepreneur with personel,33112.0,58081,Yes,2,,NA,0,Life event: Deceased
10790,2011-01-01,10790,Male,60,1951-08-19,0.006840000000000001,Married,2161,,2035-01-07,Yes,,,Permanent contract,41728.0,28564,No,1,,NA,1,Created
10791,2011-01-01,10791,Female,65,1946-09-18,0.007559999999999999,Married,2239,,2063-01-03,No,,,Flexible contract,43540.0,67460,Yes,2,,NA,1,Created
17942,2011-09-18,10791,Female,66,1946-09-18,0.007559999999999999,Married,2239,,2063-01-03,No,,,Retired,30477.999999999996,67460,Yes,2,,NA,1,Life event: Retired
10792,2011-01-01,10792,Female,15,1996-03-05,8e-05,Single,0,,,Yes,26.0,2022-07-03,Child,0.0,0,No,0,35.0,2031-06-08,1,Created
10793,2011-01-01,10793,Female,104,1907-03-04,1.0,Widowed,0,,,No,,,Retired,2851.0,339024,No,0,,NA,1,Created
17259,2011-04-25,10793,Female,105,1907-03-04,1.0,Widowed,0,,,No,,,Retired,2851.0,339024,No,0,,NA,0,Life event: Deceased
10794,2011-01-01,10794,Male,93,1918-02-14,0.22959000000000002,Widowed,0,,,No,,,Retired,22267.0,11217,Yes,0,,NA,1,Created
18928,2012-07-14,10794,Male,95,1918-02-14,0.22959000000000002,Widowed,0,,,No,,,Retired,22267.0,11217,Yes,0,,NA,0,Life event: Deceased
10795,2011-01-01,10795,Male,7,2004-04-27,9e-05,Single,0,,,No,,,Child,0.0,0,No,0,,NA,1,Created
10796,2011-01-01,10796,Male,91,1920-09-23,0.18929,Widowed,0,,,No,,,Retired,40786.0,4437,Yes,0,,NA,1,Created
19286,2012-12-02,10796,Male,93,1920-09-23,0.18929,Widowed,0,,,No,,,Retired,40786.0,4437,Yes,0,,NA,0,Life event: Deceased
10797,2011-01-01,10797,Female,79,1932-10-24,0.03112,Married,2240,,2028-05-14,No,,,Retired,6166.0,254686,Yes,1,,NA,1,Created
10798,2011-01-01,10798,Male,78,1933-08-09,0.04668,Widowed,0,,,No,,,Retired,11953.0,-4456,No,0,,NA,1,Created
10799,2011-01-01,10799,Male,6,2005-11-19,5.9999999999999995e-05,Single,0,,,No,,,Child,0.0,0,Yes,0,,NA,1,Created
10800,2011-01-01,10800,Female,37,1974-10-12,0.00057,Married,2241,,2043-11-04,Yes,,,Flexible contract,11904.0,395064,No,1,,NA,1,Created
10801,2011-01-01,10801,Female,73,1938-09-11,0.01577,Widowed,0,,,No,,,Retired,25670.0,201254,Yes,0,,NA,1,Created
10802,2011-01-01,10802,Male,18,1993-01-14,0.00032,Single,0,,,No,,,Permanent contract,133758.0,632,No,0,,NA,1,Created
10803,2011-01-01,10803,Male,38,1973-11-12,0.0009599999999999999,Married,2162,,2051-03-20,No,,,Permanent contract,4345.0,-19076,No,2,,NA,1,Created
18416,2012-01-10,10803,Male,39,1973-11-12,0.0009599999999999999,Widowed,2162,,2051-03-20,No,,,Permanent contract,4345.0,-19076,No,2,,NA,1,Life event: Widowed
10804,2011-01-01,10804,Female,26,1985-10-27,1.0,Single,0,,,No,,,Permanent contract,12120.0,657018,No,0,29.0,2014-10-15,1,Created
17646,2011-07-13,10804,Female,26,1985-10-27,1.0,Single,0,,,No,,,Permanent contract,12120.0,657018,No,0,29,2014-10-15,0,Life event: Deceased
10805,2011-01-01,10805,Male,72,1939-10-30,0.02384,Divorced,0,,,No,,,Retired,90625.0,2774,Yes,0,,NA,1,Created
10806,2011-01-01,10806,Female,8,2003-01-01,2.9999999999999997e-05,Single,0,,,No,,,Child,0.0,0,No,0,29.0,2032-08-05,1,Created
10807,2011-01-01,10807,Male,56,1955-06-08,0.0052,Divorced,0,,,No,,,Flexible contract,8065.0,2359,No,0,,NA,1,Created
10808,2011-01-01,10808,Female,73,1938-07-10,0.01577,Married,2242,,2042-08-26,Yes,,,Retired,21467.0,83436,Yes,1,,NA,1,Created
10809,2011-01-01,10809,Male,49,1962-02-02,0.00242,Married,2163,,2060-08-08,No,,,Permanent contract,2858.0,141207,Yes,3,,NA,1,Created
10810,2011-01-01,10810,Female,40,1971-05-28,0.0006900000000000001,Married,2243,,2054-01-26,Yes,,,Permanent contract,3792.0,33045,Yes,2,,NA,1,Created
10811,2011-01-01,10811,Male,10,2001-12-13,0.00011999999999999999,Single,0,,,No,,,Child,0.0,0,Yes,0,,NA,1,Created
10812,2011-01-01,10812,Female,54,1957-08-01,0.00313,Married,2244,,2021-05-26,No,,,Unemployed,38365.0,24539,Yes,3,,NA,1,Created
10813,2011-01-01,10813,Male,0,2011-05-23,0.0036200000000000004,Single,0,,,No,,,Child,0.0,0,Yes,0,,NA,1,Created
10814,2011-01-01,10814,Female,15,1996-05-18,8e-05,Single,0,,,No,,,Child,0.0,0,No,0,30.0,2026-02-10,1,Created
10815,2011-01-01,10815,Female,67,1944-03-31,0.00974,Married,2245,,2044-10-31,No,,,Permanent contract,32543.0,19763,Yes,2,,NA,1,Created
17148,2011-03-31,10815,Female,68,1944-03-31,0.00974,Married,2245,,2044-10-31,No,,,Retired,22780.1,19763,Yes,2,,NA,1,Life event: Retired
10816,2011-01-01,10816,Female,35,1976-11-27,0.00033999999999999997,Married,2246,,2056-07-04,No,,,Permanent contract,37762.0,17349,No,1,,NA,1,Created
10817,2011-01-01,10817,Male,45,1966-05-13,0.0014199999999999998,Married,2164,,2060-12-21,Yes,,,Permanent contract,48112.0,-3563,Yes,3,,NA,1,Created
10818,2011-01-01,10818,Male,44,1967-09-12,0.0013599999999999999,Married,2165,,2014-03-23,No,,,Permanent contract,36951.0,69901,Yes,3,,NA,1,Created
10819,2011-01-01,10819,Female,56,1955-09-04,0.0041,Single,0,,,Yes,21.0,,Permanent contract,30858.0,952650,Yes,0,,NA,1,Created
10820,2011-01-01,10820,Female,20,1991-04-18,0.00018,Single,0,,,Yes,49.0,2040-12-26,Permanent contract,1091.0,355098,Yes,0,28.0,2019-08-13,1,Created
10821,2011-01-01,10821,Female,64,1947-05-21,0.00713,Married,2247,,2041-09-08,Yes,,,Permanent contract,38881.0,369177,No,3,,NA,1,Created
17403,2011-05-21,10821,Female,65,1947-05-21,0.00713,Married,2247,,2041-09-08,Yes,,,Retired,27216.699999999997,369177,No,3,,NA,1,Life event: Retired
10822,2011-01-01,10822,Male,46,1965-02-12,0.00172,Married,2166,,2018-02-18,No,,,Permanent contract,18845.0,4558,Yes,2,,NA,1,Created
10823,2011-01-01,10823,Male,51,1960-11-27,0.00301,Married,2167,,2018-12-17,No,,,Permanent contract,10421.0,26756,No,1,,NA,1,Created
10824,2011-01-01,10824,Female,8,2003-12-12,2.9999999999999997e-05,Single,0,,,No,,,Child,0.0,0,No,0,33.0,2036-10-03,1,Created
10825,2011-01-01,10825,Female,12,1999-11-28,5e-05,Single,0,,,No,,,Child,0.0,0,Yes,0,29.0,2028-12-27,1,Created
10826,2011-01-01,10826,Male,61,1950-09-11,0.00747,Divorced,0,,,No,,,Unemployed,6537.0,101,Yes,0,,NA,1,Created
10827,2011-01-01,10827,Male,20,1991-03-07,0.00045,Single,0,,,No,,,Permanent contract,8593.0,3354,Yes,0,,NA,1,Created
10828,2011-01-01,10828,Female,34,1977-10-10,0.00037,Single,0,,,No,,,Permanent contract,74683.0,74277,Yes,0,,NA,1,Created
10829,2011-01-01,10829,Male,30,1981-03-06,0.00055,Married,2168,,2020-06-07,Yes,,,Flexible contract,8470.0,10980,Yes,1,,NA,1,Created
10830,2011-01-01,10830,Male,2,2009-02-26,0.00021,Single,0,,,Yes,21.0,2030-09-13,Child,0.0,0,No,0,,NA,1,Created
10831,2011-01-01,10831,Male,20,1991-08-21,0.00045,Single,0,,,Yes,45.0,2036-12-28,Entrepreneur without personnel,66277.0,616,No,0,,NA,1,Created
10832,2011-01-01,10832,Female,18,1993-05-09,0.00023999999999999998,Single,0,,,No,,,Permanent contract,2366.0,32683,Yes,0,27.0,2020-06-06,1,Created
10833,2011-01-01,10833,Female,50,1961-11-28,0.00225,Married,2248,,2059-04-22,No,,,Permanent contract,85789.0,178603,No,1,,NA,1,Created
10834,2011-01-01,10834,Male,48,1963-02-11,0.0021100000000000003,Married,2169,,2065-08-03,No,,,Flexible contract,3554.0,423517,No,1,,NA,1,Created
10835,2011-01-01,10835,Female,38,1973-09-24,0.00063,Married,2249,,2039-01-09,No,,,Permanent contract,40416.0,3815,No,1,,NA,1,Created
10836,2011-01-01,10836,Female,66,1945-07-03,0.009040000000000001,Married,2250,,2015-01-09,No,,,Flexible contract,2866.0,132688,Yes,2,,NA,1,Created
17601,2011-07-03,10836,Female,67,1945-07-03,0.009040000000000001,Married,2250,,2015-01-09,No,,,Retired,2006.1999999999998,132688,Yes,2,,NA,1,Life event: Retired
10837,2011-01-01,10837,Male,35,1976-01-14,0.00055,Married,2170,,2045-04-11,Yes,,,Permanent contract,41646.0,272252,No,2,,NA,1,Created
10838,2011-01-01,10838,Male,40,1971-11-17,0.0009400000000000001,Married,2171,,2043-07-25,Yes,,,Permanent contract,21559.0,118,Yes,2,,NA,1,Created
10839,2011-01-01,10839,Female,24,1987-12-27,0.00018999999999999998,Single,0,,,Yes,31.0,2018-08-13,Permanent contract,26535.0,-41688,Yes,0,36.0,2023-02-28,1,Created
10840,2011-01-01,10840,Female,101,1910-09-05,1.0,Widowed,0,,,Yes,,,Retired,34648.0,856,No,0,,NA,1,Created
10841,2011-01-01,10841,Female,33,1978-08-31,0.00035,Married,2251,,2014-09-27,Yes,,,Permanent contract,26136.0,483599,Yes,1,,NA,1,Created
10842,2011-01-01,10842,Female,26,1985-06-15,1.0,Married,2252,,2025-11-04,No,,,Permanent contract,2095.0,429415,Yes,2,28.0,2013-06-17,1,Created
16668,2011-01-03,10842,Female,26,1985-06-15,1.0,Married,2252,,2025-11-04,No,,,Permanent contract,2095.0,429415,Yes,2,28,2013-06-17,0,Life event: Deceased
10843,2011-01-01,10843,Female,46,1965-08-10,0.00134,Divorced,0,,,No,,,Permanent contract,6661.0,329154,Yes,0,,NA,1,Created
10844,2011-01-01,10844,Male,78,1933-04-20,0.04668,Single,0,,,Yes,30.0,,Retired,19734.0,-44116,Yes,0,,NA,1,Created
19166,2012-10-16,10844,Male,80,1933-04-20,0.04668,Single,0,,,Yes,30,,Retired,19734.0,-44116,Yes,0,,NA,0,Life event: Deceased
10845,2011-01-01,10845,Male,49,1962-07-23,0.00242,Married,2172,,2046-10-18,Yes,,,Flexible contract,77223.0,98278,Yes,2,,NA,1,Created
10846,2011-01-01,10846,Female,53,1958-07-19,0.00312,Single,0,,,No,,,Entrepreneur without personnel,1004.0,285116,Yes,0,,NA,1,Created
10847,2011-01-01,10847,Male,55,1956-11-25,0.00419,Married,2173,,2033-01-07,No,,,Permanent contract,38260.0,-992,No,2,,NA,1,Created
10848,2011-01-01,10848,Male,59,1952-03-26,0.00717,Married,2174,,2055-08-23,Yes,,,Permanent contract,1456.0,71098,No,2,,NA,1,Created
10849,2011-01-01,10849,Female,8,2003-10-20,2.9999999999999997e-05,Single,0,,,No,,,Child,0.0,0,Yes,0,30.0,2033-01-06,1,Created
10850,2011-01-01,10850,Female,39,1972-11-05,0.00074,Married,2253,,2049-10-19,No,,,Permanent contract,63185.0,32772,Yes,2,,NA,1,Created
10851,2011-01-01,10851,Female,53,1958-09-08,0.00312,Married,2254,,2017-08-01,No,,,Entrepreneur without personnel,14023.0,572891,Yes,3,,NA,1,Created
17385,2011-05-18,10851,Female,53,1958-09-08,0.00312,Widowed,2254,,2017-08-01,No,,,Entrepreneur without personnel,14023.0,572891,Yes,3,,NA,1,Life event: Widowed
10852,2011-01-01,10852,Female,20,1991-09-13,0.00018,Single,0,,,No,,,Permanent contract,8036.0,99055,No,0,30.0,2021-03-05,1,Created
10853,2011-01-01,10853,Male,65,1946-11-02,0.01141,Widowed,0,,,Yes,,,Permanent contract,1091.0,867,Yes,0,,NA,1,Created
18125,2011-11-02,10853,Male,66,1946-11-02,0.01141,Widowed,0,,,Yes,,,Retired,763.6999999999999,867,Yes,0,,NA,1,Life event: Retired
10854,2011-01-01,10854,Male,89,1922-11-25,0.16272,Widowed,0,,,Yes,,,Retired,23274.0,41968,Yes,0,,NA,1,Created
10855,2011-01-01,10855,Female,32,1979-11-12,0.00041,Married,2255,,2053-06-05,No,,,Entrepreneur without personnel,4379.0,-39957,Yes,2,35.0,2014-07-01,1,Created
10856,2011-01-01,10856,Male,31,1980-04-16,0.00041,Single,0,,,No,,,Permanent contract,22956.0,877,Yes,0,,NA,1,Created
10857,2011-01-01,10857,Female,21,1990-04-13,0.00016,Married,2256,,2023-01-11,Yes,,,Permanent contract,11078.0,340,Yes,1,29.0,2019-08-29,1,Created
10858,2011-01-01,10858,Male,40,1971-09-12,0.0009400000000000001,Single,0,,,Yes,50.0,2021-06-30,Permanent contract,31603.0,3781,Yes,0,,NA,1,Created
10859,2011-01-01,10859,Female,45,1966-04-06,0.00134,Married,2257,,2033-08-11,No,,,Flexible contract,34522.0,-4422,No,1,,NA,1,Created
10860,2011-01-01,10860,Female,35,1976-12-08,0.00033999999999999997,Single,0,,,Yes,26.0,,Permanent contract,6733.0,-38273,Yes,0,,NA,1,Created
10861,2011-01-01,10861,Female,23,1988-09-04,0.0001,Single,0,,,No,,,Permanent contract,6596.0,-3543,Yes,0,26.0,2014-11-22,1,Created
10862,2011-01-01,10862,Female,58,1953-07-28,0.00448,Married,2258,,2050-06-26,Yes,,,Permanent contract,15425.0,219166,Yes,2,,NA,1,Created
10863,2011-01-01,10863,Female,37,1974-04-21,0.00057,Married,2259,,2037-02-28,Yes,,,Flexible contract,26294.0,243,Yes,1,,NA,1,Created
10864,2011-01-01,10864,Female,16,1995-05-01,8e-05,Single,0,,,Yes,26.0,2021-06-01,Child,0.0,0,Yes,0,43.0,2038-01-11,1,Created
18711,2012-05-01,10864,Female,18,1995-05-01,8e-05,Single,0,,,Yes,35,2029-05-11,Flexible contract,5220.0,9361,Yes,0,43,2038-01-11,1,Life event: Adulthood
10865,2011-01-01,10865,Female,34,1977-05-31,0.00037,Single,0,,,Yes,22.0,,Unemployed,46954.0,76747,No,0,,NA,1,Created
10866,2011-01-01,10866,Male,21,1990-06-03,0.00045,Single,0,,,Yes,33.0,2023-05-10,Permanent contract,12694.0,488371,No,0,,NA,1,Created
10867,2011-01-01,10867,Female,25,1986-01-25,0.00022999999999999998,Single,0,,,No,,,Permanent contract,41977.0,237342,No,0,27.0,2013-10-14,1,Created
10868,2011-01-01,10868,Male,27,1984-11-02,0.00044,Single,0,,,No,,,Permanent contract,10493.0,10260,Yes,0,,NA,1,Created
10869,2011-01-01,10869,Female,44,1967-08-27,0.00107,Single,0,,,No,,,Permanent contract,11514.0,34304,Yes,0,,NA,1,Created
10870,2011-01-01,10870,Male,20,1991-09-25,0.00045,Single,0,,,Yes,53.0,2044-09-03,Family business,38118.0,488,No,0,,NA,1,Created
10871,2011-01-01,10871,Female,3,2008-08-27,0.00013000000000000002,Single,0,,,Yes,32.0,2040-07-14,Child,0.0,0,Yes,0,27.0,2035-11-19,1,Created
10872,2011-01-01,10872,Female,51,1960-01-26,0.0023899999999999998,Divorced,0,,,No,,,Permanent contract,24950.0,551288,No,0,,NA,1,Created
10873,2011-01-01,10873,Female,78,1933-07-02,0.02817,Married,2260,,2018-07-05,Yes,,,Retired,18273.0,-42859,No,3,,NA,1,Created
10874,2011-01-01,10874,Male,31,1980-10-28,0.00041,Single,0,,,No,,,Permanent contract,94709.0,17037,No,0,,NA,1,Created
10875,2011-01-01,10875,Female,52,1959-10-19,0.00268,Divorced,0,,,No,,,Permanent contract,39729.0,46535,No,0,,NA,1,Created
10876,2011-01-01,10876,Male,43,1968-01-19,0.00103,Single,0,,,Yes,39.0,,Permanent contract,43932.0,-1738,Yes,0,,NA,1,Created
10877,2011-01-01,10877,Male,11,2000-01-14,9e-05,Single,0,,,Yes,32.0,2032-02-25,Child,0.0,0,Yes,0,,NA,1,Created
10878,2011-01-01,10878,Female,57,1954-01-29,0.00387,Married,2261,,2054-12-15,No,,,Permanent contract,5189.0,136940,Yes,2,,NA,1,Created
10879,2011-01-01,10879,Female,67,1944-05-25,0.00974,Widowed,0,,,Yes,,,Permanent contract,38814.0,127468,No,0,,NA,1,Created
17415,2011-05-25,10879,Female,68,1944-05-25,0.00974,Widowed,0,,,Yes,,,Retired,27169.8,127468,No,0,,NA,1,Life event: Retired
10880,2011-01-01,10880,Male,3,2008-04-01,0.0002,Single,0,,,No,,,Child,0.0,0,No,0,,NA,1,Created
10881,2011-01-01,10881,Female,1,2010-12-08,0.00033999999999999997,Single,0,,,No,,,Child,0.0,0,No,0,30.0,2040-05-09,1,Created
10882,2011-01-01,10882,Female,26,1985-10-25,1.0,Married,2262,,2024-08-18,Yes,,,Permanent contract,42699.0,3058277,No,2,,NA,1,Created
18712,2012-05-01,10882,Female,27,1985-10-25,1.0,Married,2262,,2024-08-18,Yes,,,Permanent contract,42699.0,3058277,No,2,,NA,0,Life event: Deceased
10883,2011-01-01,10883,Male,69,1942-05-12,0.01804,Married,2175,,2039-10-14,No,,,Retired,17339.0,242,No,2,,NA,1,Created
10884,2011-01-01,10884,Female,19,1992-02-20,0.00014,Single,0,,,Yes,26.0,2018-09-23,Permanent contract,16977.0,394351,Yes,0,32.0,2024-04-22,1,Created
10885,2011-01-01,10885,Female,40,1971-03-27,0.0006900000000000001,Single,0,,,No,,,Permanent contract,1094.0,216614,Yes,0,,NA,1,Created
10886,2011-01-01,10886,Female,45,1966-04-24,0.00134,Married,2263,,2059-05-02,Yes,,,Permanent contract,22054.0,5088,No,1,,NA,1,Created
10887,2011-01-01,10887,Female,31,1980-07-16,0.00029,Married,2264,,2032-01-19,Yes,,,Permanent contract,14493.0,455967,No,1,,NA,1,Created
10888,2011-01-01,10888,Male,55,1956-01-14,0.00419,Married,2176,,2041-08-19,Yes,,,Entrepreneur with personel,41357.0,-14423,Yes,1,,NA,1,Created
10889,2011-01-01,10889,Male,58,1953-12-09,0.00603,Married,2177,,2054-01-15,No,,,Flexible contract,12278.0,1533306,Yes,2,,NA,1,Created
10890,2011-01-01,10890,Female,69,1942-01-16,0.0108,Married,2265,,2057-01-10,No,,,Retired,65986.0,18770,Yes,1,,NA,1,Created
10891,2011-01-01,10891,Male,34,1977-06-15,0.00067,Married,2178,,2017-10-24,No,,,Flexible contract,94319.0,125,Yes,3,,NA,1,Created
10892,2011-01-01,10892,Male,63,1948-11-28,0.00945,Married,2179,,2046-06-04,Yes,,,Permanent contract,48507.0,312683,Yes,2,,NA,1,Created
19279,2012-11-28,10892,Male,65,1948-11-28,0.00945,Married,2179,,2046-06-04,Yes,,,Retired,33954.9,312683,Yes,2,,NA,1,Life event: Retired
10893,2011-01-01,10893,Male,0,2011-09-01,0.0036200000000000004,Single,0,,,Yes,40.0,2051-05-16,Child,0.0,0,Yes,0,,NA,1,Created
10894,2011-01-01,10894,Male,56,1955-09-03,0.0052,Married,2180,,2050-10-08,No,,,Entrepreneur without personnel,27615.0,197876,No,3,,NA,1,Created
10895,2011-01-01,10895,Female,40,1971-08-05,0.0006900000000000001,Married,2266,,2029-07-15,Yes,,,Permanent contract,9541.0,25140,No,1,,NA,1,Created
10896,2011-01-01,10896,Male,73,1938-09-21,0.0262,Married,2181,,2050-04-16,No,,,Retired,21967.0,791079,No,1,,NA,1,Created
10897,2011-01-01,10897,Male,53,1958-11-08,0.0033299999999999996,Married,2182,,2034-06-10,No,,,Flexible contract,893.0,77372,Yes,2,,NA,1,Created
10898,2011-01-01,10898,Female,54,1957-02-02,0.00313,Married,2267,,2041-12-06,No,,,Permanent contract,52268.0,153997,Yes,2,,NA,1,Created
10899,2011-01-01,10899,Male,1,2010-08-05,0.00056,Single,0,,,Yes,39.0,2049-08-28,Child,0.0,0,Yes,0,,NA,1,Created
10900,2011-01-01,10900,Female,36,1975-04-25,0.00049,Single,0,,,Yes,45.0,2020-12-28,Permanent contract,16292.0,279582,Yes,0,,NA,1,Created
10901,2011-01-01,10901,Male,61,1950-01-05,0.00747,Married,2183,,2031-09-26,No,,,Permanent contract,29484.0,-46396,No,1,,NA,1,Created
10902,2011-01-01,10902,Male,90,1921-02-05,0.16977,Married,2184,,2014-12-10,No,,,Retired,20100.0,3381,No,2,,NA,1,Created
10903,2011-01-01,10903,Male,26,1985-03-28,1.0,Single,0,,,Yes,41.0,2026-10-28,Permanent contract,6605.0,9940,No,0,,NA,1,Created
19310,2012-12-12,10903,Male,28,1985-03-28,1.0,Single,0,,,Yes,41,2026-10-28,Permanent contract,6605.0,9940,No,0,,NA,0,Life event: Deceased
10904,2011-01-01,10904,Female,50,1961-01-21,0.00225,Married,2268,,2037-09-11,No,,,Permanent contract,21007.0,101837,Yes,3,,NA,1,Created
10905,2011-01-01,10905,Male,70,1941-03-27,0.01932,Widowed,0,,,Yes,,,Retired,3384.0,-35581,Yes,0,,NA,1,Created
10906,2011-01-01,10906,Male,72,1939-11-24,0.02384,Married,2185,,2015-01-22,No,,,Retired,94911.0,-4230,Yes,2,,NA,1,Created
10907,2011-01-01,10907,Female,69,1942-02-13,0.0108,Married,2269,,2023-09-19,Yes,,,Retired,184281.0,491420,Yes,2,,NA,1,Created
10908,2011-01-01,10908,Female,46,1965-01-06,0.00134,Single,0,,,No,,,Flexible contract,17067.0,-25497,No,0,,NA,1,Created
10909,2011-01-01,10909,Male,3,2008-06-23,0.0002,Single,0,,,Yes,37.0,2045-11-24,Child,0.0,0,Yes,0,,NA,1,Created
10910,2011-01-01,10910,Female,62,1949-09-02,0.0057399999999999994,Married,2270,,2060-06-17,No,,,Flexible contract,15025.0,82102,No,1,,NA,1,Created
10911,2011-01-01,10911,Female,79,1932-03-31,0.03112,Widowed,0,,,Yes,,,Retired,6169.0,180694,No,0,,NA,1,Created
10912,2011-01-01,10912,Male,63,1948-11-22,0.00945,Married,2186,,2060-12-14,No,,,Entrepreneur without personnel,9134.0,-3912,No,1,,NA,1,Created
19269,2012-11-22,10912,Male,65,1948-11-22,0.00945,Married,2186,,2060-12-14,No,,,Retired,6393.799999999999,-3912,No,1,,NA,1,Life event: Retired
10913,2011-01-01,10913,Female,23,1988-04-29,0.0001,Single,0,,,Yes,99.0,2087-03-03,Permanent contract,33858.0,472794,Yes,0,26.0,2014-06-28,1,Created
10914,2011-01-01,10914,Female,32,1979-09-13,0.00041,Married,2271,,2046-01-19,No,,,Permanent contract,70.0,-7749,No,1,,NA,1,Created
10915,2011-01-01,10915,Female,62,1949-06-21,0.0057399999999999994,Married,2272,,2029-06-20,No,,,Flexible contract,9081.0,503774,No,2,,NA,1,Created
10916,2011-01-01,10916,Male,48,1963-07-28,0.0021100000000000003,Divorced,0,,,Yes,,,Entrepreneur without personnel,4569.0,-807,Yes,0,,NA,1,Created
10917,2011-01-01,10917,Male,69,1942-08-22,0.01804,Married,2187,,2015-11-19,Yes,,,Retired,16826.0,208001,Yes,2,,NA,1,Created
10918,2011-01-01,10918,Male,56,1955-10-28,0.0052,Single,0,,,No,,,Permanent contract,22206.0,-20983,Yes,0,,NA,1,Created
10919,2011-01-01,10919,Male,1,2010-12-02,0.00056,Single,0,,,No,,,Child,0.0,0,Yes,0,,NA,1,Created
10920,2011-01-01,10920,Male,40,1971-04-01,0.0009400000000000001,Single,0,,,Yes,26.0,,Permanent contract,29529.0,-874,Yes,0,,NA,1,Created
10921,2011-01-01,10921,Female,18,1993-06-01,0.00023999999999999998,Single,0,,,Yes,43.0,2036-10-07,Permanent contract,23989.0,37042,Yes,0,36.0,2029-10-25,1,Created
10922,2011-01-01,10922,Male,85,1926-01-19,0.10312,Widowed,0,,,No,,,Retired,38976.0,110477,No,0,,NA,1,Created
10923,2011-01-01,10923,Female,19,1992-09-19,0.00014,Single,0,,,Yes,51.0,2043-05-11,Permanent contract,87056.0,80722,Yes,0,29.0,2021-02-21,1,Created
10924,2011-01-01,10924,Male,70,1941-06-11,0.01932,Married,2188,,2023-10-26,Yes,,,Retired,47006.0,34976,No,3,,NA,1,Created
10925,2011-01-01,10925,Female,30,1981-06-08,0.00027,Single,0,,,No,,,Permanent contract,24131.0,71502,Yes,0,,NA,1,Created
10926,2011-01-01,10926,Male,4,2007-12-08,0.00011,Single,0,,,No,,,Child,0.0,0,No,0,,NA,1,Created
10927,2011-01-01,10927,Male,30,1981-07-12,0.00055,Divorced,0,,,Yes,,,Permanent contract,70477.0,420652,Yes,0,,NA,1,Created
10928,2011-01-01,10928,Female,36,1975-08-11,0.00049,Single,0,,,No,,,Permanent contract,20717.0,289724,Yes,0,,NA,1,Created
10929,2011-01-01,10929,Male,1,2010-03-01,0.00056,Single,0,,,Yes,32.0,2042-09-04,Child,0.0,0,No,0,,NA,1,Created
10930,2011-01-01,10930,Male,37,1974-09-04,0.00082,Single,0,,,Yes,33.0,,Permanent contract,49129.0,162993,Yes,0,,NA,1,Created
10931,2011-01-01,10931,Female,8,2003-11-11,2.9999999999999997e-05,Single,0,,,Yes,34.0,2037-06-11,Child,0.0,0,Yes,0,28.0,2031-07-22,1,Created
10932,2011-01-01,10932,Male,44,1967-03-23,0.0013599999999999999,Divorced,0,,,No,,,Permanent contract,8201.0,357746,Yes,0,,NA,1,Created
10933,2011-01-01,10933,Female,26,1985-08-04,1.0,Single,0,,,No,,,Permanent contract,36358.0,18468,Yes,0,28.0,2013-02-28,1,Created
18337,2011-12-21,10933,Female,27,1985-08-04,1.0,Single,0,,,No,,,Permanent contract,36358.0,18468,Yes,0,28,2013-02-28,0,Life event: Deceased
10934,2011-01-01,10934,Female,43,1968-05-27,0.0009699999999999999,Married,2273,,2026-01-01,No,,,Flexible contract,43989.0,498095,No,1,,NA,1,Created
10935,2011-01-01,10935,Female,62,1949-01-13,0.0057399999999999994,Single,0,,,Yes,46.0,,Entrepreneur without personnel,23615.0,55030,Yes,0,,NA,1,Created
10936,2011-01-01,10936,Male,2,2009-03-29,0.00021,Single,0,,,Yes,36.0,2045-03-20,Child,0.0,0,No,0,,NA,1,Created
10937,2011-01-01,10937,Female,33,1978-01-20,0.00035,Single,0,,,Yes,27.0,,Flexible contract,49827.0,59670,Yes,0,,NA,1,Created
10938,2011-01-01,10938,Female,78,1933-09-15,0.02817,Married,2274,,2022-11-12,No,,,Retired,10007.0,26435,Yes,1,,NA,1,Created
10939,2011-01-01,10939,Male,63,1948-11-01,0.00945,Married,2189,,2023-09-02,Yes,,,Flexible contract,11998.0,331268,Yes,3,,NA,1,Created
19208,2012-11-01,10939,Male,65,1948-11-01,0.00945,Married,2189,,2023-09-02,Yes,,,Retired,8398.6,331268,Yes,3,,NA,1,Life event: Retired
10940,2011-01-01,10940,Male,39,1972-02-16,0.0008699999999999999,Married,2190,,2053-02-03,No,,,Flexible contract,8312.0,-33851,Yes,2,,NA,1,Created
10941,2011-01-01,10941,Male,73,1938-03-30,0.0262,Married,2191,,2055-07-26,No,,,Retired,13917.0,-31488,No,2,,NA,1,Created
10942,2011-01-01,10942,Male,58,1953-02-19,0.00603,Single,0,,,No,,,Permanent contract,16711.0,546,Yes,0,,NA,1,Created
10943,2011-01-01,10943,Male,19,1992-01-01,0.00033,Single,0,,,No,,,Permanent contract,16076.0,262401,Yes,0,,NA,1,Created
10944,2011-01-01,10944,Female,31,1980-04-16,0.00029,Single,0,,,No,,,Entrepreneur with personel,35187.0,77572,Yes,0,,NA,1,Created
10945,2011-01-01,10945,Male,74,1937-01-21,0.0295,Married,2192,,2056-04-16,No,,,Retired,37521.0,999661,No,1,,NA,1,Created
10946,2011-01-01,10946,Female,6,2005-09-04,8e-05,Single,0,,,No,,,Child,0.0,0,No,0,32.0,2037-12-26,1,Created
10947,2011-01-01,10947,Male,18,1993-08-15,0.00032,Single,0,,,No,,,Permanent contract,85628.0,-34299,No,0,,NA,1,Created
10948,2011-01-01,10948,Female,27,1984-05-02,0.00025,Single,0,,,No,,,Permanent contract,183141.0,195384,No,0,34.0,2018-03-29,1,Created
10949,2011-01-01,10949,Male,62,1949-10-13,0.008409999999999999,Married,2193,,2030-10-01,No,,,Permanent contract,29843.0,-12638,Yes,1,,NA,1,Created
10950,2011-01-01,10950,Male,42,1969-09-18,0.00128,Married,2194,,2059-10-30,Yes,,,Permanent contract,30035.0,-47056,No,3,,NA,1,Created
10951,2011-01-01,10951,Male,39,1972-06-08,0.0008699999999999999,Married,2195,,2015-05-26,No,,,Permanent contract,7829.0,11720,Yes,1,,NA,1,Created
10952,2011-01-01,10952,Female,21,1990-07-02,0.00016,Single,0,,,No,,,Permanent contract,34375.0,100591,No,0,22.0,2012-06-10,1,Created
10953,2011-01-01,10953,Female,49,1962-08-04,0.00193,Married,2275,,2034-12-03,No,,,Permanent contract,31782.0,126004,No,1,,NA,1,Created
10954,2011-01-01,10954,Female,75,1936-11-11,0.01986,Widowed,0,,,Yes,,,Retired,31545.0,138842,Yes,0,,NA,1,Created
10955,2011-01-01,10955,Male,16,1995-02-17,0.00029,Single,0,,,Yes,49.0,2044-01-23,Child,0.0,0,No,0,,NA,1,Created
18527,2012-02-17,10955,Male,18,1995-02-17,0.00029,Single,0,,,No,,,Permanent contract,19670.0,5151,No,0,,NA,1,Life event: Adulthood
10956,2011-01-01,10956,Female,40,1971-08-16,0.0006900000000000001,Married,2276,,2046-01-01,Yes,,,Permanent contract,37685.0,480,Yes,2,,NA,1,Created
10957,2011-01-01,10957,Female,42,1969-08-19,0.001,Married,2277,,2018-11-03,Yes,,,Permanent contract,45008.0,3940387,No,1,,NA,1,Created
10958,2011-01-01,10958,Female,24,1987-02-22,0.00018999999999999998,Single,0,,,No,,,Permanent contract,35360.0,-191,Yes,0,29.0,2016-07-27,1,Created
10959,2011-01-01,10959,Female,72,1939-10-22,0.01411,Married,2278,,2016-08-06,Yes,,,Retired,86581.0,-121,Yes,3,,NA,1,Created
10960,2011-01-01,10960,Male,41,1970-04-05,0.0008900000000000001,Married,2196,,2011-05-16,No,,,Permanent contract,11031.0,186013,No,2,,NA,1,Created
17367,2011-05-16,10960,Male,42,1970-04-05,0.0008900000000000001,Divorced,2196,,2011-05-16,No,,,Permanent contract,11031.0,186013,No,2,,NA,1,Life event: Divorced
10961,2011-01-01,10961,Female,19,1992-08-07,0.00014,Single,0,,,No,,,Permanent contract,1234.0,48256,No,0,25.0,2017-12-27,1,Created
10962,2011-01-01,10962,Female,26,1985-03-21,1.0,Single,0,,,Yes,40.0,2025-10-16,Family business,3020.0,-47956,Yes,0,28.0,2013-02-09,1,Created
16746,2011-01-15,10962,Female,26,1985-03-21,1.0,Single,0,,,Yes,40,2025-10-16,Family business,3020.0,-47956,Yes,0,28,2013-02-09,0,Life event: Deceased
10963,2011-01-01,10963,Male,40,1971-08-09,0.0009400000000000001,Married,2197,,2020-10-22,No,,,Permanent contract,7535.0,185251,No,1,,NA,1,Created
10964,2011-01-01,10964,Female,41,1970-09-23,0.0007700000000000001,Married,2279,,2060-01-21,Yes,,,Family business,31367.0,240003,Yes,1,,NA,1,Created
10965,2011-01-01,10965,Male,66,1945-08-15,0.01401,Married,2198,,2038-07-29,No,,,Unemployed,31751.0,-4428,No,1,,NA,1,Created
17804,2011-08-15,10965,Male,67,1945-08-15,0.01401,Married,2198,,2038-07-29,No,,,Retired,22225.699999999997,-4428,No,1,,NA,1,Life event: Retired
10966,2011-01-01,10966,Female,24,1987-02-25,0.00018999999999999998,Single,0,,,Yes,54.0,2041-10-21,Permanent contract,49640.0,12630,No,0,34.0,2021-10-09,1,Created
10967,2011-01-01,10967,Male,65,1946-09-19,0.01141,Married,2199,,2027-01-28,No,,,Permanent contract,85503.0,662,No,1,,NA,1,Created
17949,2011-09-19,10967,Male,66,1946-09-19,0.01141,Married,2199,,2027-01-28,No,,,Retired,59852.1,662,No,1,,NA,1,Life event: Retired
10968,2011-01-01,10968,Male,30,1981-01-28,0.00055,Married,2200,,2039-07-03,No,,,Permanent contract,6500.0,-27274,Yes,1,,NA,1,Created
10969,2011-01-01,10969,Female,45,1966-10-01,0.00134,Married,2280,,2028-02-10,Yes,,,Permanent contract,26553.0,418100,No,1,,NA,1,Created
10970,2011-01-01,10970,Female,74,1937-04-29,0.0185,Married,2281,,2036-08-02,No,,,Retired,16894.0,587,Yes,1,,NA,1,Created
10971,2011-01-01,10971,Male,45,1966-05-13,0.0014199999999999998,Married,2201,,2011-05-05,No,,,Entrepreneur with personel,28664.0,2058955,No,2,,NA,1,Created
17304,2011-05-05,10971,Male,45,1966-05-13,0.0014199999999999998,Divorced,2201,,2011-05-05,No,,,Entrepreneur with personel,28664.0,2058955,No,2,,NA,1,Life event: Divorced
10972,2011-01-01,10972,Female,33,1978-01-24,0.00035,Single,0,,,No,,,Permanent contract,44289.0,-9473,No,0,37.0,2015-08-30,1,Created
10973,2011-01-01,10973,Female,45,1966-07-27,0.00134,Married,2282,,2044-11-27,Yes,,,Flexible contract,74344.0,-20488,No,2,,NA,1,Created
17417,2011-05-25,10973,Female,45,1966-07-27,0.00134,Widowed,2282,,2044-11-27,Yes,,,Flexible contract,74344.0,-20488,No,2,,NA,1,Life event: Widowed
10974,2011-01-01,10974,Female,3,2008-12-30,0.00013000000000000002,Single,0,,,Yes,25.0,2033-12-03,Child,0.0,0,Yes,0,29.0,2037-11-04,1,Created
10975,2011-01-01,10975,Male,57,1954-06-01,0.00572,Married,2202,,2046-06-11,Yes,,,Entrepreneur with personel,39.0,1220,No,1,,NA,1,Created
10976,2011-01-01,10976,Male,21,1990-02-21,0.00045,Single,0,,,No,,,Permanent contract,93380.0,5567,No,0,,NA,1,Created
10977,2011-01-01,10977,Male,56,1955-11-28,0.0052,Married,2203,,2021-11-13,Yes,,,Permanent contract,6428.0,106425,Yes,1,,NA,1,Created
10978,2011-01-01,10978,Male,13,1998-04-12,0.00014,Single,0,,,No,,,Child,0.0,0,No,0,,NA,1,Created
10979,2011-01-01,10979,Male,80,1931-04-06,0.05987000000000001,Widowed,0,,,No,,,Retired,32702.0,3774941,Yes,0,,NA,1,Created
10980,2011-01-01,10980,Male,12,1999-08-11,0.00011,Single,0,,,Yes,30.0,2029-08-31,Child,0.0,0,Yes,0,,NA,1,Created
10981,2011-01-01,10981,Male,8,2003-10-10,9e-05,Single,0,,,No,,,Child,0.0,0,No,0,,NA,1,Created
10982,2011-01-01,10982,Male,23,1988-04-18,0.00039,Married,2204,,2031-06-01,Yes,,,Flexible contract,57280.0,131943,No,2,,NA,1,Created
10983,2011-01-01,10983,Female,72,1939-03-22,0.01411,Single,0,,,Yes,21.0,,Retired,856.0,-48193,No,0,,NA,1,Created
10984,2011-01-01,10984,Female,54,1957-10-26,0.00313,Married,2283,,2033-05-29,Yes,,,Flexible contract,6951.0,789,Yes,1,,NA,1,Created
10985,2011-01-01,10985,Male,19,1992-02-20,0.00033,Single,0,,,No,,,Unemployed,21131.0,2959,Yes,0,,NA,1,Created
10986,2011-01-01,10986,Female,72,1939-05-16,0.01411,Divorced,0,,,No,,,Retired,24144.0,476693,No,0,,NA,1,Created
10987,2011-01-01,10987,Female,27,1984-10-22,0.00025,Single,0,,,No,,,Permanent contract,5901.0,393528,Yes,0,37.0,2021-03-05,1,Created
10988,2011-01-01,10988,Male,14,1997-01-12,0.00014,Single,0,,,No,,,Child,0.0,0,Yes,0,,NA,1,Created
10989,2011-01-01,10989,Male,1,2010-03-27,0.00056,Single,0,,,No,,,Child,0.0,0,Yes,0,,NA,1,Created
10990,2011-01-01,10990,Female,28,1983-08-24,0.00025,Married,2284,,2030-01-29,No,,,Permanent contract,17968.0,-26479,Yes,2,34.0,2017-02-07,1,Created
10991,2011-01-01,10991,Male,57,1954-12-09,0.00572,Married,2205,,2031-11-11,No,,,Permanent contract,6306.0,-32576,Yes,1,,NA,1,Created
10992,2011-01-01,10992,Female,30,1981-10-17,0.00027,Married,2285,,2054-08-04,No,,,Permanent contract,25330.0,28519,Yes,1,,NA,1,Created
10993,2011-01-01,10993,Female,2,2009-03-12,0.00015,Single,0,,,Yes,31.0,2040-03-24,Child,0.0,0,Yes,0,40.0,2049-01-24,1,Created
10994,2011-01-01,10994,Male,26,1985-06-17,1.0,Single,0,,,No,,,Unemployed,7897.0,2622,Yes,0,,NA,1,Created
10995,2011-01-01,10995,Female,49,1962-05-24,0.00193,Married,2286,,2021-06-26,No,,,Permanent contract,28333.0,32745,Yes,1,,NA,1,Created
10996,2011-01-01,10996,Male,37,1974-04-08,0.00082,Single,0,,,No,,,Unemployed,92981.0,3538,No,0,,NA,1,Created
10997,2011-01-01,10997,Male,70,1941-06-07,0.01932,Widowed,0,,,Yes,,,Retired,76392.0,-1632,No,0,,NA,1,Created
10998,2011-01-01,10998,Male,50,1961-11-05,0.00257,Married,2206,,2024-04-19,No,,,Flexible contract,86361.0,70276,No,2,,NA,1,Created
10999,2011-01-01,10999,Male,3,2008-02-24,0.0002,Single,0,,,No,,,Child,0.0,0,Yes,0,,NA,1,Created
11000,2011-01-01,11000,Female,24,1987-06-22,0.00018999999999999998,Single,0,,,No,,,Flexible contract,65673.0,177780,Yes,0,26.0,2013-04-29,1,Created
11001,2011-01-01,11001,Male,8,2003-05-18,9e-05,Single,0,,,No,,,Child,0.0,0,No,0,,NA,1,Created
11002,2011-01-01,11002,Female,104,1907-04-02,1.0,Widowed,0,,,Yes,,,Retired,25881.0,-28,No,0,,NA,1,Created
17002,2011-03-01,11002,Female,104,1907-04-02,1.0,Widowed,0,,,Yes,,,Retired,25881.0,-28,No,0,,NA,0,Life event: Deceased
11003,2011-01-01,11003,Female,49,1962-12-16,0.00193,Married,2287,,2037-06-19,Yes,,,Permanent contract,23529.0,25071,No,1,,NA,1,Created
11004,2011-01-01,11004,Male,55,1956-12-07,0.00419,Married,2207,,2061-10-03,Yes,,,Entrepreneur with personel,18611.0,-4027,No,1,,NA,1,Created
11005,2011-01-01,11005,Male,97,1914-08-08,0.30383000000000004,Widowed,0,,,No,,,Retired,22782.0,930,No,0,,NA,1,Created
11006,2011-01-01,11006,Male,27,1984-06-22,0.00044,Single,0,,,Yes,32.0,2016-12-09,Permanent contract,90778.0,394099,Yes,0,,NA,1,Created
11007,2011-01-01,11007,Male,45,1966-06-03,0.0014199999999999998,Single,0,,,Yes,55.0,2021-06-15,Permanent contract,30855.0,4729,Yes,0,,NA,1,Created
11008,2011-01-01,11008,Male,40,1971-08-23,0.0009400000000000001,Married,2208,,2059-06-24,Yes,,,Permanent contract,22950.0,8865,No,2,,NA,1,Created
11009,2011-01-01,11009,Male,26,1985-04-03,1.0,Single,0,,,No,,,Permanent contract,85281.0,409067,Yes,0,,NA,1,Created
17770,2011-08-09,11009,Male,27,1985-04-03,1.0,Single,0,,,No,,,Permanent contract,85281.0,409067,Yes,0,,NA,0,Life event: Deceased
11010,2011-01-01,11010,Female,70,1941-02-18,0.01252,Single,0,,,No,,,Retired,17586.0,-25785,No,0,,NA,1,Created
11011,2011-01-01,11011,Female,6,2005-09-12,8e-05,Single,0,,,No,,,Child,0.0,0,No,0,32.0,2037-10-23,1,Created
11012,2011-01-01,11012,Female,19,1992-08-06,0.00014,Single,0,,,Yes,50.0,2042-12-05,Permanent contract,14949.0,320759,No,0,39.0,2031-08-03,1,Created
11013,2011-01-01,11013,Male,51,1960-12-21,0.00301,Single,0,,,Yes,30.0,,Permanent contract,4185.0,784700,Yes,0,,NA,1,Created
11014,2011-01-01,11014,Female,11,2000-11-23,7e-05,Single,0,,,No,,,Child,0.0,0,Yes,0,34.0,2034-02-08,1,Created
11015,2011-01-01,11015,Male,3,2008-11-15,0.0002,Single,0,,,No,,,Child,0.0,0,No,0,,NA,1,Created
11016,2011-01-01,11016,Female,33,1978-11-25,0.00035,Single,0,,,Yes,62.0,2040-11-19,Permanent contract,4009.0,99007,Yes,0,37.0,2015-01-01,1,Created
11017,2011-01-01,11017,Male,28,1983-07-17,0.00045,Single,0,,,No,,,Flexible contract,3056.0,2325,Yes,0,,NA,1,Created
11018,2011-01-01,11018,Female,72,1939-05-11,0.01411,Married,2288,,2050-04-04,No,,,Retired,50923.0,355869,No,1,,NA,1,Created
11019,2011-01-01,11019,Male,12,1999-08-24,0.00011,Single,0,,,Yes,30.0,2029-04-20,Child,0.0,0,Yes,0,,NA,1,Created
11020,2011-01-01,11020,Female,26,1985-12-14,1.0,Married,2289,,2022-03-18,Yes,,,Permanent contract,43888.0,3003,No,2,31.0,2016-12-08,1,Created
18800,2012-05-30,11020,Female,27,1985-12-14,1.0,Married,2289,,2022-03-18,Yes,,,Permanent contract,43888.0,3003,No,2,31,2016-12-08,0,Life event: Deceased
11021,2011-01-01,11021,Male,7,2004-04-03,9e-05,Single,0,,,No,,,Child,0.0,0,No,0,,NA,1,Created
11022,2011-01-01,11022,Male,22,1989-10-11,0.00041,Single,0,,,No,,,Permanent contract,14242.0,36034,No,0,,NA,1,Created
11023,2011-01-01,11023,Female,33,1978-09-16,0.00035,Single,0,,,Yes,56.0,2034-12-26,Permanent contract,7245.0,410267,Yes,0,36.0,2014-02-26,1,Created
11024,2011-01-01,11024,Female,5,2006-09-02,4e-05,Single,0,,,No,,,Child,0.0,0,No,0,26.0,2032-05-29,1,Created
11025,2011-01-01,11025,Female,38,1973-02-06,0.00063,Single,0,,,Yes,26.0,,Unemployed,38216.0,32545,No,0,,NA,1,Created
11026,2011-01-01,11026,Female,55,1956-09-28,0.00372,Married,2290,,2035-10-12,No,,,Unemployed,33317.0,3205,Yes,2,,NA,1,Created
18400,2012-01-04,11026,Female,56,1956-09-28,0.00372,Widowed,2290,,2035-10-12,No,,,Unemployed,33317.0,3205,Yes,2,,NA,1,Life event: Widowed
11027,2011-01-01,11027,Female,77,1934-02-10,0.0259,Married,2291,,2031-05-23,Yes,,,Retired,2024.0,341981,Yes,2,,NA,1,Created
11028,2011-01-01,11028,Male,44,1967-08-23,0.0013599999999999999,Married,2209,,2069-11-28,No,,,Permanent contract,83644.0,18949,No,2,,NA,1,Created
11029,2011-01-01,11029,Male,65,1946-03-23,0.01141,Married,2210,,2054-12-24,No,,,Permanent contract,20815.0,66599,No,3,,NA,1,Created
17110,2011-03-23,11029,Male,66,1946-03-23,0.01141,Married,2210,,2054-12-24,No,,,Retired,14570.499999999998,66599,No,3,,NA,1,Life event: Retired
11030,2011-01-01,11030,Female,53,1958-03-27,0.00312,Married,2292,,2011-10-27,Yes,,,Permanent contract,11777.0,540464,Yes,2,,NA,1,Created
18104,2011-10-27,11030,Female,54,1958-03-27,0.00312,Divorced,2292,,2011-10-27,Yes,,,Permanent contract,11777.0,540464,Yes,2,,NA,1,Life event: Divorced
11031,2011-01-01,11031,Male,34,1977-12-23,0.00067,Single,0,,,No,,,Permanent contract,2976.0,12491,Yes,0,,NA,1,Created
11032,2011-01-01,11032,Female,40,1971-11-14,0.0006900000000000001,Married,2293,,2055-06-17,Yes,,,Permanent contract,10391.0,388462,No,2,,NA,1,Created
11033,2011-01-01,11033,Male,22,1989-01-28,0.00041,Single,0,,,Yes,52.0,2041-11-08,Flexible contract,13264.0,737,Yes,0,,NA,1,Created
11034,2011-01-01,11034,Male,80,1931-06-23,0.05987000000000001,Widowed,0,,,No,,,Retired,48127.0,-36664,No,0,,NA,1,Created
11035,2011-01-01,11035,Female,72,1939-07-02,0.01411,Married,2294,,2055-09-03,Yes,,,Retired,30885.0,1267577,No,3,,NA,1,Created
11036,2011-01-01,11036,Female,31,1980-10-22,0.00029,Married,2295,,2023-11-10,Yes,,,Permanent contract,84984.0,2139,Yes,1,,NA,1,Created
11037,2011-01-01,11037,Male,20,1991-09-18,0.00045,Single,0,,,Yes,45.0,2036-12-01,Permanent contract,43727.0,-31326,No,0,,NA,1,Created
11038,2011-01-01,11038,Female,44,1967-08-26,0.00107,Married,2296,,2047-08-12,Yes,,,Permanent contract,145014.0,1988,Yes,2,,NA,1,Created
11039,2011-01-01,11039,Male,52,1959-10-29,0.00314,Married,2211,,2045-01-28,Yes,,,Entrepreneur without personnel,41086.0,397522,Yes,1,,NA,1,Created
11040,2011-01-01,11040,Female,101,1910-09-30,1.0,Single,0,,,No,,,Retired,28511.0,285193,No,0,,NA,1,Created
18253,2011-12-02,11040,Female,102,1910-09-30,1.0,Single,0,,,No,,,Retired,28511.0,285193,No,0,,NA,0,Life event: Deceased
11041,2011-01-01,11041,Male,36,1975-01-17,0.0006,Married,2212,,2051-09-20,Yes,,,Flexible contract,28006.0,1758,No,2,,NA,1,Created
11042,2011-01-01,11042,Female,26,1985-10-20,1.0,Single,0,,,Yes,35.0,2020-09-06,Permanent contract,15390.0,89904,No,0,35.0,2020-10-12,1,Created
17429,2011-05-29,11042,Female,26,1985-10-20,1.0,Single,0,,,Yes,35,2020-09-06,Permanent contract,15390.0,89904,No,0,35,2020-10-12,0,Life event: Deceased
11043,2011-01-01,11043,Female,46,1965-08-21,0.00134,Single,0,,,Yes,51.0,2016-07-08,Permanent contract,41794.0,13872,Yes,0,,NA,1,Created
11044,2011-01-01,11044,Female,11,2000-12-02,7e-05,Single,0,,,Yes,26.0,2026-03-23,Child,0.0,0,Yes,0,31.0,2031-07-22,1,Created
11045,2011-01-01,11045,Male,22,1989-05-20,0.00041,Single,0,,,No,,,Entrepreneur without personnel,14707.0,35,No,0,,NA,1,Created
11046,2011-01-01,11046,Female,78,1933-10-02,0.02817,Married,2297,,2036-05-12,Yes,,,Retired,12666.0,757704,Yes,2,,NA,1,Created
11047,2011-01-01,11047,Female,71,1940-06-13,0.013009999999999999,Married,2298,,2039-10-30,Yes,,,Retired,36376.0,38134,No,2,,NA,1,Created
11048,2011-01-01,11048,Female,22,1989-08-15,0.00023999999999999998,Single,0,,,Yes,63.0,2052-04-07,Permanent contract,26404.0,8499,Yes,0,32.0,2021-08-29,1,Created
11049,2011-01-01,11049,Female,76,1935-07-12,0.02337,Married,2299,,2040-10-31,No,,,Retired,60259.0,808,Yes,1,,NA,1,Created
11050,2011-01-01,11050,Male,36,1975-05-09,0.0006,Single,0,,,Yes,36.0,2011-05-18,Unemployed,31121.0,1349310,Yes,0,,NA,1,Created
17382,2011-05-18,11050,Male,37,1975-05-09,0.0006,Married,3439,21,2032-03-11,Yes,36,2011-05-18,Unemployed,31121.0,1349310,Yes,0,,NA,1,Life event: Married
11051,2011-01-01,11051,Male,47,1964-01-30,0.00186,Married,2213,,2018-01-21,Yes,,,Flexible contract,11646.0,42080,Yes,1,,NA,1,Created
11052,2011-01-01,11052,Female,49,1962-05-25,0.00193,Married,2300,,2038-03-27,Yes,,,Entrepreneur with personel,16278.0,160110,No,3,,NA,1,Created
11053,2011-01-01,11053,Female,58,1953-06-05,0.00448,Married,2301,,2037-08-21,No,,,Unemployed,30143.0,62347,Yes,2,,NA,1,Created
18834,2012-06-12,11053,Female,60,1953-06-05,0.00448,Widowed,2301,,2037-08-21,No,,,Unemployed,30143.0,62347,Yes,2,,NA,1,Life event: Widowed
11054,2011-01-01,11054,Female,20,1991-05-19,0.00018,Single,0,,,No,,,Flexible contract,6378.0,924859,No,0,31.0,2022-11-23,1,Created
11055,2011-01-01,11055,Female,6,2005-10-08,8e-05,Single,0,,,Yes,24.0,2029-08-05,Child,0.0,0,No,0,31.0,2036-03-18,1,Created
11056,2011-01-01,11056,Female,42,1969-01-01,0.001,Single,0,,,No,,,Permanent contract,108.0,-2158,Yes,0,,NA,1,Created
11057,2011-01-01,11057,Female,4,2007-08-10,5.9999999999999995e-05,Single,0,,,No,,,Child,0.0,0,No,0,33.0,2040-08-03,1,Created
11058,2011-01-01,11058,Female,35,1976-07-09,0.00033999999999999997,Married,2302,,2047-10-20,Yes,,,Flexible contract,124935.0,407678,Yes,1,,NA,1,Created
11059,2011-01-01,11059,Female,7,2004-08-18,7e-05,Single,0,,,No,,,Child,0.0,0,No,0,41.0,2045-08-22,1,Created
11060,2011-01-01,11060,Male,58,1953-02-18,0.00603,Divorced,0,,,No,,,Flexible contract,5847.0,120876,Yes,0,,NA,1,Created
11061,2011-01-01,11061,Male,58,1953-09-05,0.00603,Married,2214,,2056-11-01,Yes,,,Permanent contract,85703.0,-19381,Yes,3,,NA,1,Created
11062,2011-01-01,11062,Male,66,1945-10-24,0.01401,Single,0,,,Yes,27.0,,Permanent contract,4360.0,217854,Yes,0,,NA,1,Created
18097,2011-10-24,11062,Male,67,1945-10-24,0.01401,Single,0,,,Yes,27,,Retired,3052.0,217854,Yes,0,,NA,1,Life event: Retired
11063,2011-01-01,11063,Female,76,1935-08-26,0.02337,Widowed,0,,,Yes,,,Retired,18015.0,496890,Yes,0,,NA,1,Created
11064,2011-01-01,11064,Female,12,1999-04-12,5e-05,Single,0,,,Yes,25.0,2024-12-19,Child,0.0,0,Yes,0,37.0,2036-05-22,1,Created
11065,2011-01-01,11065,Female,39,1972-11-11,0.00074,Married,2303,,2040-12-18,No,,,Entrepreneur without personnel,45933.0,72892,Yes,2,,NA,1,Created
11066,2011-01-01,11066,Male,9,2002-06-23,0.00014,Single,0,,,Yes,55.0,2057-04-02,Child,0.0,0,No,0,,NA,1,Created
11067,2011-01-01,11067,Female,4,2007-11-08,5.9999999999999995e-05,Single,0,,,No,,,Child,0.0,0,Yes,0,38.0,2045-08-14,1,Created
11068,2011-01-01,11068,Male,79,1932-07-06,0.05364,Married,2215,,2051-12-18,Yes,,,Retired,28237.0,3758,No,3,,NA,1,Created
11069,2011-01-01,11069,Male,59,1952-03-15,0.00717,Married,2216,,2029-09-18,No,,,Permanent contract,60134.0,4554,No,1,,NA,1,Created
11070,2011-01-01,11070,Female,9,2002-10-02,2.9999999999999997e-05,Single,0,,,No,,,Child,0.0,0,No,0,33.0,2035-04-20,1,Created
11071,2011-01-01,11071,Female,77,1934-11-03,0.0259,Married,2304,,2053-04-02,No,,,Retired,18987.0,485639,Yes,2,,NA,1,Created
11072,2011-01-01,11072,Female,36,1975-07-04,0.00049,Married,2305,,2022-03-21,Yes,,,Permanent contract,13145.0,180423,Yes,1,,NA,1,Created
11073,2011-01-01,11073,Female,74,1937-07-15,0.0185,Married,2306,,2013-08-28,No,,,Retired,5098.0,-2913,Yes,2,,NA,1,Created
11074,2011-01-01,11074,Female,13,1998-12-21,0.00011999999999999999,Single,0,,,Yes,29.0,2027-06-20,Child,0.0,0,Yes,0,33.0,2031-11-12,1,Created
11075,2011-01-01,11075,Male,39,1972-05-08,0.0008699999999999999,Married,2217,,2066-12-12,No,,,Permanent contract,47700.0,-43547,Yes,1,,NA,1,Created
11076,2011-01-01,11076,Male,62,1949-11-21,0.008409999999999999,Single,0,,,No,,,Flexible contract,56231.0,27191,Yes,0,,NA,1,Created
11077,2011-01-01,11077,Female,47,1964-05-13,0.00168,Married,2307,,2053-01-16,No,,,Permanent contract,17811.0,362289,Yes,2,,NA,1,Created
11078,2011-01-01,11078,Female,38,1973-11-18,0.00063,Married,2308,,2054-10-13,No,,,Flexible contract,15508.0,55,No,2,,NA,1,Created
11079,2011-01-01,11079,Female,20,1991-09-02,0.00018,Single,0,,,No,,,Flexible contract,6415.0,94924,Yes,0,41.0,2032-02-29,1,Created
11080,2011-01-01,11080,Male,46,1965-05-10,0.00172,Married,2218,,2073-12-27,No,,,Permanent contract,32987.0,165598,No,2,,NA,1,Created
11081,2011-01-01,11081,Male,52,1959-09-09,0.00314,Married,2219,,2079-01-05,No,,,Permanent contract,8410.0,34959,No,1,,NA,1,Created
11082,2011-01-01,11082,Female,61,1950-05-15,0.00562,Married,2309,,2047-02-09,Yes,,,Permanent contract,544.0,-31953,Yes,2,,NA,1,Created
11083,2011-01-01,11083,Male,38,1973-10-01,0.0009599999999999999,Single,0,,,No,,,Flexible contract,8416.0,80887,Yes,0,,NA,1,Created
11084,2011-01-01,11084,Male,60,1951-05-18,0.006840000000000001,Married,2220,,2028-12-14,Yes,,,Flexible contract,20439.0,8922,No,1,,NA,1,Created
11085,2011-01-01,11085,Female,40,1971-08-20,0.0006900000000000001,Married,2310,,2044-04-25,No,,,Permanent contract,5291.0,1619,Yes,1,,NA,1,Created
11086,2011-01-01,11086,Female,40,1971-06-12,0.0006900000000000001,Married,2311,,2030-09-24,No,,,Entrepreneur without personnel,42842.0,138941,No,1,,NA,1,Created
11087,2011-01-01,11087,Female,26,1985-10-29,1.0,Married,2312,,2039-06-06,No,,,Permanent contract,27042.0,4917,Yes,2,30.0,2015-06-17,1,Created
11088,2011-01-01,11088,Male,14,1997-05-30,0.00014,Single,0,,,No,,,Child,0.0,0,No,0,,NA,1,Created
11089,2011-01-01,11089,Female,37,1974-11-30,0.00057,Married,2313,,2012-04-04,No,,,Flexible contract,41218.0,336805,Yes,2,,NA,1,Created
18647,2012-04-04,11089,Female,38,1974-11-30,0.00057,Divorced,2313,,2012-04-04,No,,,Flexible contract,41218.0,336805,Yes,2,,NA,1,Life event: Divorced
11090,2011-01-01,11090,Male,49,1962-10-11,0.00242,Married,2221,,2071-12-25,No,,,Permanent contract,45074.0,413484,No,2,,NA,1,Created
11091,2011-01-01,11091,Female,56,1955-11-03,0.0041,Married,2314,,2043-05-15,No,,,Permanent contract,96848.0,4846,Yes,2,,NA,1,Created
11092,2011-01-01,11092,Female,8,2003-09-06,2.9999999999999997e-05,Single,0,,,No,,,Child,0.0,0,No,0,40.0,2043-09-12,1,Created
11093,2011-01-01,11093,Female,6,2005-09-20,8e-05,Single,0,,,No,,,Child,0.0,0,No,0,32.0,2037-07-27,1,Created
11094,2011-01-01,11094,Female,44,1967-08-19,0.00107,Married,2315,,2059-04-25,No,,,Flexible contract,33270.0,57317,Yes,2,,NA,1,Created
11095,2011-01-01,11095,Male,95,1916-03-20,0.25144,Widowed,0,,,Yes,,,Retired,23008.0,197258,Yes,0,,NA,1,Created
11096,2011-01-01,11096,Female,14,1997-09-03,9e-05,Single,0,,,No,,,Child,0.0,0,No,0,33.0,2030-02-01,1,Created
11097,2011-01-01,11097,Male,21,1990-02-08,0.00045,Single,0,,,Yes,39.0,2029-03-19,Unemployed,2958.0,155959,No,0,,NA,1,Created
11098,2011-01-01,11098,Female,69,1942-03-29,0.0108,Married,2316,,2022-01-21,No,,,Retired,2488.0,728,No,2,,NA,1,Created
11099,2011-01-01,11099,Female,50,1961-09-08,0.00225,Married,2317,,2015-03-06,Yes,,,Permanent contract,12479.0,11758,Yes,1,,NA,1,Created
11100,2011-01-01,11100,Male,4,2007-05-13,0.00011,Single,0,,,Yes,65.0,2072-02-23,Child,0.0,0,No,0,,NA,1,Created
11101,2011-01-01,11101,Male,11,2000-02-22,9e-05,Single,0,,,Yes,21.0,2021-11-28,Child,0.0,0,No,0,,NA,1,Created
11102,2011-01-01,11102,Female,45,1966-03-13,0.00134,Married,2318,,2049-02-28,No,,,Permanent contract,5550.0,166592,No,1,,NA,1,Created
11103,2011-01-01,11103,Female,19,1992-04-03,0.00014,Single,0,,,No,,,Permanent contract,21163.0,748,No,0,23.0,2015-01-03,1,Created
11104,2011-01-01,11104,Male,83,1928-06-04,0.08242999999999999,Married,2222,,2018-12-30,No,,,Retired,22899.0,415324,No,2,,NA,1,Created
11105,2011-01-01,11105,Female,5,2006-08-15,4e-05,Single,0,,,Yes,23.0,2029-08-28,Child,0.0,0,Yes,0,24.0,2030-08-23,1,Created
11106,2011-01-01,11106,Male,22,1989-10-09,0.00041,Single,0,,,No,,,Permanent contract,86338.0,182452,No,0,,NA,1,Created
11107,2011-01-01,11107,Male,79,1932-01-05,0.05364,Married,2223,,2060-06-02,No,,,Retired,26276.0,193787,Yes,2,,NA,1,Created
11108,2011-01-01,11108,Male,47,1964-03-30,0.00186,Married,2224,,2045-01-19,Yes,,,Flexible contract,15706.0,135330,No,2,,NA,1,Created
11109,2011-01-01,11109,Male,21,1990-04-21,0.00045,Single,0,,,No,,,Permanent contract,39240.0,2895046,Yes,0,,NA,1,Created
11110,2011-01-01,11110,Male,43,1968-07-29,0.00103,Single,0,,,Yes,34.0,,Permanent contract,5495.0,-35998,Yes,0,,NA,1,Created
11111,2011-01-01,11111,Male,43,1968-02-28,0.00103,Married,2225,,2013-01-20,No,,,Permanent contract,13858.0,-22991,No,2,,NA,1,Created
11112,2011-01-01,11112,Male,60,1951-03-14,0.006840000000000001,Married,2226,,2013-07-30,Yes,,,Permanent contract,35455.0,344336,No,1,,NA,1,Created
11113,2011-01-01,11113,Male,19,1992-10-10,0.00033,Single,0,,,Yes,52.0,2044-02-11,Flexible contract,42993.0,-34765,No,0,,NA,1,Created
11114,2011-01-01,11114,Male,0,2011-01-24,0.0036200000000000004,Single,0,,,No,,,Child,0.0,0,Yes,0,,NA,1,Created
11115,2011-01-01,11115,Male,29,1982-06-19,0.0005200000000000001,Married,2227,,2016-10-29,No,,,Permanent contract,97516.0,74375,No,2,,NA,1,Created
11116,2011-01-01,11116,Female,84,1927-10-19,0.06362999999999999,Widowed,0,,,Yes,,,Retired,5305.0,23030,Yes,0,,NA,1,Created
11117,2011-01-01,11117,Male,5,2006-12-08,9e-05,Single,0,,,No,,,Child,0.0,0,Yes,0,,NA,1,Created
11118,2011-01-01,11118,Male,46,1965-03-28,0.00172,Divorced,0,,,No,,,Permanent contract,32143.0,-4530,Yes,0,,NA,1,Created
11119,2011-01-01,11119,Male,25,1986-10-13,0.00033999999999999997,Single,0,,,No,,,Permanent contract,37062.0,61586,Yes,0,,NA,1,Created
11120,2011-01-01,11120,Female,1,2010-02-06,0.00033999999999999997,Single,0,,,No,,,Child,0.0,0,Yes,0,29.0,2039-11-20,1,Created
11121,2011-01-01,11121,Female,41,1970-08-03,0.0007700000000000001,Married,2319,,2031-08-17,Yes,,,Entrepreneur without personnel,30325.0,433452,No,1,,NA,1,Created
11122,2011-01-01,11122,Female,64,1947-04-17,0.00713,Divorced,0,,,No,,,Permanent contract,84297.0,473542,Yes,0,,NA,1,Created
17226,2011-04-17,11122,Female,65,1947-04-17,0.00713,Divorced,0,,,No,,,Retired,59007.899999999994,473542,Yes,0,,NA,1,Life event: Retired
11123,2011-01-01,11123,Female,36,1975-01-04,0.00049,Married,2320,,2029-07-12,No,,,Permanent contract,24965.0,185586,No,2,,NA,1,Created
11124,2011-01-01,11124,Female,10,2001-04-30,0.0001,Single,0,,,No,,,Child,0.0,0,Yes,0,39.0,2040-01-27,1,Created
11125,2011-01-01,11125,Female,18,1993-12-04,0.00023999999999999998,Single,0,,,Yes,49.0,2042-04-05,Entrepreneur without personnel,46755.0,198233,Yes,0,26.0,2019-11-03,1,Created
11126,2011-01-01,11126,Male,97,1914-01-09,0.30383000000000004,Widowed,0,,,Yes,,,Retired,108203.0,118111,Yes,0,,NA,1,Created
17546,2011-06-21,11126,Male,98,1914-01-09,0.30383000000000004,Widowed,0,,,Yes,,,Retired,108203.0,118111,Yes,0,,NA,0,Life event: Deceased
11127,2011-01-01,11127,Female,60,1951-10-04,0.00541,Widowed,0,,,Yes,,,Permanent contract,25069.0,314714,No,0,,NA,1,Created
11128,2011-01-01,11128,Male,74,1937-12-12,0.0295,Married,2228,,2034-01-21,Yes,,,Retired,25227.0,327449,Yes,2,,NA,1,Created
11129,2011-01-01,11129,Male,52,1959-08-23,0.00314,Divorced,0,,,No,,,Permanent contract,28453.0,8702,No,0,,NA,1,Created
11130,2011-01-01,11130,Male,73,1938-08-20,0.0262,Married,2229,,2049-06-14,No,,,Retired,94065.0,-25758,No,1,,NA,1,Created
11131,2011-01-01,11131,Male,4,2007-08-21,0.00011,Single,0,,,Yes,56.0,2063-05-12,Child,0.0,0,No,0,,NA,1,Created
11132,2011-01-01,11132,Female,62,1949-01-26,0.0057399999999999994,Divorced,0,,,No,,,Permanent contract,6025.0,7972,No,0,,NA,1,Created
11133,2011-01-01,11133,Female,42,1969-02-01,0.001,Married,2321,,2046-10-31,Yes,,,Permanent contract,30516.0,-14697,No,3,,NA,1,Created
11134,2011-01-01,11134,Female,36,1975-06-16,0.00049,Single,0,,,No,,,Permanent contract,31152.0,347760,Yes,0,,NA,1,Created
11135,2011-01-01,11135,Female,18,1993-10-31,0.00023999999999999998,Single,0,,,No,,,Permanent contract,2602.0,146041,No,0,28.0,2021-11-24,1,Created
11136,2011-01-01,11136,Male,46,1965-07-03,0.00172,Single,0,,,Yes,34.0,,Permanent contract,38089.0,-48349,No,0,,NA,1,Created
11137,2011-01-01,11137,Male,50,1961-10-07,0.00257,Married,2230,,2035-01-11,No,,,Permanent contract,3725.0,910666,Yes,1,,NA,1,Created
11138,2011-01-01,11138,Male,14,1997-05-17,0.00014,Single,0,,,Yes,52.0,2049-12-22,Child,0.0,0,Yes,0,,NA,1,Created
11139,2011-01-01,11139,Female,50,1961-11-06,0.00225,Widowed,0,,,No,,,Permanent contract,88837.0,16007,No,0,,NA,1,Created
11140,2011-01-01,11140,Female,41,1970-06-07,0.0007700000000000001,Single,0,,,No,,,Permanent contract,37899.0,621,No,0,,NA,1,Created
11141,2011-01-01,11141,Male,71,1940-03-14,0.02034,Widowed,0,,,No,,,Retired,34694.0,24572,No,0,,NA,1,Created
11142,2011-01-01,11142,Female,56,1955-08-10,0.0041,Married,2322,,2017-11-27,Yes,,,Permanent contract,7744.0,161218,No,1,,NA,1,Created
11143,2011-01-01,11143,Female,76,1935-09-15,0.02337,Married,2323,,2024-02-28,Yes,,,Retired,937.0,-21260,No,2,,NA,1,Created
11144,2011-01-01,11144,Male,17,1994-11-07,0.00022999999999999998,Single,0,,,Yes,27.0,2021-12-03,Child,0.0,0,Yes,0,,NA,1,Created
18143,2011-11-07,11144,Male,18,1994-11-07,0.00022999999999999998,Single,0,,,Yes,28,2021-08-30,Permanent contract,30537.0,494132,Yes,0,,NA,1,Life event: Adulthood
11145,2011-01-01,11145,Male,1,2010-08-27,0.00056,Single,0,,,Yes,33.0,2043-02-15,Child,0.0,0,Yes,0,,NA,1,Created
11146,2011-01-01,11146,Female,33,1978-07-22,0.00035,Single,0,,,Yes,42.0,2020-07-27,Permanent contract,20556.0,16959,Yes,0,,NA,1,Created
11147,2011-01-01,11147,Male,16,1995-08-15,0.00029,Single,0,,,No,,,Child,0.0,0,No,0,,NA,1,Created
19013,2012-08-15,11147,Male,18,1995-08-15,0.00029,Single,0,,,No,,,Unemployed,33673.0,122898,No,0,,NA,1,Life event: Adulthood
11148,2011-01-01,11148,Female,66,1945-07-08,0.009040000000000001,Married,2324,,2054-02-03,Yes,,,Permanent contract,72941.0,86845,Yes,2,,NA,1,Created
17618,2011-07-08,11148,Female,67,1945-07-08,0.009040000000000001,Married,2324,,2054-02-03,Yes,,,Retired,51058.7,86845,Yes,2,,NA,1,Life event: Retired
11149,2011-01-01,11149,Male,77,1934-09-27,0.0418,Widowed,0,,,No,,,Retired,45092.0,9899,Yes,0,,NA,1,Created
11150,2011-01-01,11150,Female,51,1960-12-19,0.0023899999999999998,Single,0,,,Yes,34.0,,Permanent contract,13941.0,158717,No,0,,NA,1,Created
11151,2011-01-01,11151,Male,31,1980-03-02,0.00041,Married,2231,,2033-06-02,No,,,Entrepreneur with personel,9855.0,5439,Yes,1,,NA,1,Created
11152,2011-01-01,11152,Male,38,1973-02-18,0.0009599999999999999,Married,2232,,2067-05-14,Yes,,,Flexible contract,27458.0,377,No,1,,NA,1,Created
11153,2011-01-01,11153,Male,72,1939-02-27,0.02384,Married,2233,,2071-01-28,Yes,,,Retired,21219.0,873027,Yes,1,,NA,1,Created
11154,2011-01-01,11154,Male,28,1983-09-18,0.00045,Single,0,,,No,,,Permanent contract,95477.0,-2381,No,0,,NA,1,Created
11155,2011-01-01,11155,Male,10,2001-12-27,0.00011999999999999999,Single,0,,,Yes,27.0,2028-06-03,Child,0.0,0,No,0,,NA,1,Created
11156,2011-01-01,11156,Male,17,1994-01-21,0.00022999999999999998,Single,0,,,No,,,Child,0.0,0,Yes,0,,NA,1,Created
16778,2011-01-21,11156,Male,18,1994-01-21,0.00022999999999999998,Single,0,,,Yes,31,2024-08-31,Permanent contract,4053.0,185641,Yes,0,,NA,1,Life event: Adulthood
11157,2011-01-01,11157,Female,26,1985-10-22,1.0,Single,0,,,Yes,39.0,2024-06-13,Permanent contract,40079.0,172,Yes,0,34.0,2019-05-07,1,Created
17603,2011-07-04,11157,Female,26,1985-10-22,1.0,Single,0,,,Yes,39,2024-06-13,Permanent contract,40079.0,172,Yes,0,34,2019-05-07,0,Life event: Deceased
11158,2011-01-01,11158,Female,52,1959-06-04,0.00268,Married,2325,,2031-09-15,No,,,Flexible contract,5112.0,935,Yes,3,,NA,1,Created
11159,2011-01-01,11159,Male,65,1946-12-15,0.01141,Widowed,0,,,No,,,Family business,6054.0,120565,No,0,,NA,1,Created
18301,2011-12-15,11159,Male,66,1946-12-15,0.01141,Widowed,0,,,No,,,Retired,4237.8,120565,No,0,,NA,1,Life event: Retired
11160,2011-01-01,11160,Male,65,1946-04-18,0.01141,Widowed,0,,,Yes,,,Permanent contract,4633.0,12500,Yes,0,,NA,1,Created
17232,2011-04-18,11160,Male,66,1946-04-18,0.01141,Widowed,0,,,Yes,,,Retired,3243.1,12500,Yes,0,,NA,1,Life event: Retired
11161,2011-01-01,11161,Female,0,2011-03-20,0.0028899999999999998,Single,0,,,Yes,23.0,2034-05-31,Child,0.0,0,Yes,0,34.0,2045-10-16,1,Created
11162,2011-01-01,11162,Female,13,1998-06-25,0.00011999999999999999,Single,0,,,No,,,Child,0.0,0,No,0,35.0,2033-01-07,1,Created
11163,2011-01-01,11163,Male,34,1977-04-05,0.00067,Single,0,,,Yes,21.0,,Flexible contract,91050.0,-46873,Yes,0,,NA,1,Created
11164,2011-01-01,11164,Female,19,1992-01-31,0.00014,Single,0,,,No,,,Flexible contract,24482.0,-32151,Yes,0,34.0,2026-02-19,1,Created
11165,2011-01-01,11165,Male,48,1963-08-04,0.0021100000000000003,Married,2234,,2029-03-06,Yes,,,Permanent contract,46275.0,32099,No,2,,NA,1,Created
11166,2011-01-01,11166,Female,65,1946-07-08,0.007559999999999999,Single,0,,,No,,,Permanent contract,11814.0,854069,No,0,,NA,1,Created
17619,2011-07-08,11166,Female,66,1946-07-08,0.007559999999999999,Single,0,,,No,,,Retired,8269.8,854069,No,0,,NA,1,Life event: Retired
11167,2011-01-01,11167,Female,27,1984-07-03,0.00025,Single,0,,,No,,,Entrepreneur without personnel,21339.0,-27860,Yes,0,30.0,2014-04-19,1,Created
11168,2011-01-01,11168,Male,12,1999-11-19,0.00011,Single,0,,,No,,,Child,0.0,0,Yes,0,,NA,1,Created
11169,2011-01-01,11169,Male,38,1973-03-31,0.0009599999999999999,Married,2235,,2055-05-23,Yes,,,Permanent contract,62445.0,2948,No,1,,NA,1,Created
11170,2011-01-01,11170,Female,44,1967-10-11,0.00107,Single,0,,,Yes,40.0,,Permanent contract,15438.0,6528,No,0,,NA,1,Created
11171,2011-01-01,11171,Male,61,1950-02-06,0.00747,Married,2236,,2026-02-18,No,,,Flexible contract,25323.0,224668,Yes,3,,NA,1,Created
11172,2011-01-01,11172,Male,40,1971-10-11,0.0009400000000000001,Married,2237,,2063-12-17,No,,,Entrepreneur without personnel,23404.0,25995,Yes,1,,NA,1,Created
11173,2011-01-01,11173,Female,102,1909-02-11,1.0,Widowed,0,,,No,,,Retired,22396.0,28386,No,0,,NA,1,Created
17821,2011-08-18,11173,Female,103,1909-02-11,1.0,Widowed,0,,,No,,,Retired,22396.0,28386,No,0,,NA,0,Life event: Deceased
11174,2011-01-01,11174,Female,18,1993-12-27,0.00023999999999999998,Single,0,,,Yes,25.0,2018-08-30,Entrepreneur without personnel,46735.0,15709,Yes,0,30.0,2023-12-15,1,Created
11175,2011-01-01,11175,Female,7,2004-05-09,7e-05,Single,0,,,Yes,29.0,2033-06-08,Child,0.0,0,No,0,30.0,2034-07-31,1,Created
11176,2011-01-01,11176,Male,36,1975-12-08,0.0006,Married,2238,,2013-03-31,No,,,Permanent contract,2748.0,-7310,Yes,1,,NA,1,Created
11177,2011-01-01,11177,Male,14,1997-04-22,0.00014,Single,0,,,Yes,39.0,2036-10-31,Child,0.0,0,No,0,,NA,1,Created
11178,2011-01-01,11178,Female,47,1964-03-24,0.00168,Married,2326,,2011-05-20,Yes,,,Permanent contract,41503.0,84733,No,3,,NA,1,Created
17396,2011-05-20,11178,Female,48,1964-03-24,0.00168,Divorced,2326,,2011-05-20,Yes,,,Permanent contract,41503.0,84733,No,3,,NA,1,Life event: Divorced
11179,2011-01-01,11179,Female,74,1937-03-11,0.0185,Married,2327,,2047-06-22,Yes,,,Retired,31320.0,72002,Yes,2,,NA,1,Created
11180,2011-01-01,11180,Male,62,1949-08-14,0.008409999999999999,Divorced,0,,,No,,,Unemployed,25234.0,28540,Yes,0,,NA,1,Created
11181,2011-01-01,11181,Male,11,2000-10-03,9e-05,Single,0,,,Yes,29.0,2029-10-13,Child,0.0,0,No,0,,NA,1,Created
11182,2011-01-01,11182,Male,11,2000-12-23,9e-05,Single,0,,,No,,,Child,0.0,0,Yes,0,,NA,1,Created
11183,2011-01-01,11183,Male,3,2008-02-15,0.0002,Single,0,,,Yes,35.0,2043-08-04,Child,0.0,0,Yes,0,,NA,1,Created
11184,2011-01-01,11184,Female,58,1953-01-13,0.00448,Married,2328,,2013-11-28,Yes,,,Permanent contract,22854.0,82187,No,2,,NA,1,Created
11185,2011-01-01,11185,Female,20,1991-04-04,0.00018,Single,0,,,Yes,27.0,2018-11-02,Permanent contract,9534.0,5463,Yes,0,28.0,2019-03-24,1,Created
11186,2011-01-01,11186,Male,101,1910-01-09,1.0,Single,0,,,Yes,35.0,,Retired,123840.0,-23081,Yes,0,,NA,1,Created
17790,2011-08-13,11186,Male,102,1910-01-09,1.0,Single,0,,,Yes,35,,Retired,123840.0,-23081,Yes,0,,NA,0,Life event: Deceased
11187,2011-01-01,11187,Female,53,1958-03-04,0.00312,Single,0,,,No,,,Permanent contract,24215.0,43545,No,0,,NA,1,Created
11188,2011-01-01,11188,Female,11,2000-09-21,7e-05,Single,0,,,No,,,Child,0.0,0,No,0,36.0,2036-08-31,1,Created
11189,2011-01-01,11189,Male,47,1964-01-07,0.00186,Married,2239,,2063-01-03,No,,,Permanent contract,10112.0,-40439,Yes,2,,NA,1,Created
11190,2011-01-01,11190,Male,37,1974-08-22,0.00082,Married,2240,,2028-05-14,No,,,Permanent contract,20791.0,160209,Yes,1,,NA,1,Created
11191,2011-01-01,11191,Male,13,1998-12-12,0.00014,Single,0,,,No,,,Child,0.0,0,Yes,0,,NA,1,Created
11192,2011-01-01,11192,Female,3,2008-09-08,0.00013000000000000002,Single,0,,,No,,,Child,0.0,0,No,0,28.0,2036-02-18,1,Created
11193,2011-01-01,11193,Female,36,1975-10-09,0.00049,Single,0,,,Yes,29.0,,Permanent contract,65948.0,-1778,No,0,37.0,2012-06-07,1,Created
11194,2011-01-01,11194,Female,59,1952-03-12,0.00479,Married,2329,,2019-12-14,Yes,,,Family business,48071.0,126311,Yes,1,,NA,1,Created
11195,2011-01-01,11195,Female,13,1998-12-09,0.00011999999999999999,Single,0,,,No,,,Child,0.0,0,Yes,0,27.0,2025-06-11,1,Created
11196,2011-01-01,11196,Male,12,1999-07-18,0.00011,Single,0,,,No,,,Child,0.0,0,No,0,,NA,1,Created
11197,2011-01-01,11197,Male,73,1938-02-09,0.0262,Married,2241,,2043-11-04,Yes,,,Retired,11826.0,769,No,1,,NA,1,Created
11198,2011-01-01,11198,Male,43,1968-11-07,0.00103,Divorced,0,,,Yes,,,Permanent contract,16221.0,2824,Yes,0,,NA,1,Created
11199,2011-01-01,11199,Female,44,1967-09-04,0.00107,Married,2330,,2033-08-24,Yes,,,Permanent contract,9334.0,-3454,Yes,1,,NA,1,Created
11200,2011-01-01,11200,Female,47,1964-09-19,0.00168,Married,2331,,2021-12-27,Yes,,,Permanent contract,29853.0,109532,Yes,2,,NA,1,Created
11201,2011-01-01,11201,Female,46,1965-10-22,0.00134,Single,0,,,Yes,37.0,,Entrepreneur without personnel,18210.0,-1504,Yes,0,,NA,1,Created
11202,2011-01-01,11202,Female,5,2006-04-09,4e-05,Single,0,,,Yes,38.0,2044-11-07,Child,0.0,0,Yes,0,41.0,2047-05-28,1,Created
11203,2011-01-01,11203,Male,0,2011-04-28,0.0036200000000000004,Single,0,,,No,,,Child,0.0,0,Yes,0,,NA,1,Created
11204,2011-01-01,11204,Female,52,1959-09-08,0.00268,Divorced,0,,,Yes,,,Permanent contract,6375.0,204989,Yes,0,,NA,1,Created
11205,2011-01-01,11205,Female,15,1996-12-13,8e-05,Single,0,,,Yes,27.0,2023-06-28,Child,0.0,0,No,0,33.0,2029-05-17,1,Created
11206,2011-01-01,11206,Male,20,1991-11-26,0.00045,Single,0,,,No,,,Permanent contract,2433.0,-6154,No,0,,NA,1,Created
11207,2011-01-01,11207,Female,53,1958-12-09,0.00312,Divorced,0,,,Yes,,,Permanent contract,35024.0,166269,Yes,0,,NA,1,Created
11208,2011-01-01,11208,Male,47,1964-07-27,0.00186,Married,2242,,2042-08-26,No,,,Permanent contract,39260.0,63018,Yes,1,,NA,1,Created
11209,2011-01-01,11209,Female,31,1980-03-22,0.00029,Single,0,,,Yes,33.0,2013-02-20,Permanent contract,35370.0,413892,No,0,,NA,1,Created
11210,2011-01-01,11210,Female,94,1917-08-20,0.20800000000000002,Divorced,0,,,Yes,,,Retired,7334.0,1926,No,0,,NA,1,Created
19354,2012-12-27,11210,Female,96,1917-08-20,0.20800000000000002,Divorced,0,,,Yes,,,Retired,7334.0,1926,No,0,,NA,0,Life event: Deceased
11211,2011-01-01,11211,Male,50,1961-06-20,0.00257,Single,0,,,No,,,Permanent contract,14231.0,-40420,Yes,0,,NA,1,Created
11212,2011-01-01,11212,Male,49,1962-10-21,0.00242,Married,2243,,2054-01-26,No,,,Flexible contract,14471.0,-38498,Yes,2,,NA,1,Created
11213,2011-01-01,11213,Female,35,1976-12-02,0.00033999999999999997,Married,2332,,2012-09-28,Yes,,,Permanent contract,6232.0,5751,Yes,1,,NA,1,Created
19127,2012-09-28,11213,Female,36,1976-12-02,0.00033999999999999997,Divorced,2332,,2012-09-28,Yes,,,Permanent contract,6232.0,5751,Yes,1,,NA,1,Life event: Divorced
11214,2011-01-01,11214,Male,65,1946-03-06,0.01141,Divorced,0,,,Yes,,,Permanent contract,42948.0,207123,No,0,,NA,1,Created
17028,2011-03-06,11214,Male,66,1946-03-06,0.01141,Divorced,0,,,Yes,,,Retired,30063.6,207123,No,0,,NA,1,Life event: Retired
11215,2011-01-01,11215,Male,51,1960-03-24,0.00301,Married,2244,,2021-05-26,No,,,Permanent contract,25195.0,545205,Yes,3,,NA,1,Created
11216,2011-01-01,11216,Male,26,1985-07-23,1.0,Single,0,,,No,,,Permanent contract,21141.0,518,No,0,,NA,1,Created
17566,2011-06-25,11216,Male,26,1985-07-23,1.0,Single,0,,,No,,,Permanent contract,21141.0,518,No,0,,NA,0,Life event: Deceased
11217,2011-01-01,11217,Male,96,1915-03-31,0.30168,Widowed,0,,,Yes,,,Retired,21323.0,955,No,0,,NA,1,Created
18314,2011-12-18,11217,Male,97,1915-03-31,0.30168,Widowed,0,,,Yes,,,Retired,21323.0,955,No,0,,NA,0,Life event: Deceased
11218,2011-01-01,11218,Male,24,1987-01-08,0.00047999999999999996,Single,0,,,Yes,33.0,2020-10-19,Permanent contract,67723.0,19504,No,0,,NA,1,Created
11219,2011-01-01,11219,Male,87,1924-05-05,0.12537,Widowed,0,,,No,,,Retired,9678.0,1233211,Yes,0,,NA,1,Created
11220,2011-01-01,11220,Male,40,1971-09-29,0.0009400000000000001,Married,2245,,2044-10-31,No,,,Permanent contract,43000.0,78437,Yes,2,,NA,1,Created
11221,2011-01-01,11221,Female,57,1954-08-21,0.00387,Married,2333,,2047-08-01,Yes,,,Permanent contract,39060.0,40131,No,1,,NA,1,Created
11222,2011-01-01,11222,Female,19,1992-07-20,0.00014,Single,0,,,Yes,49.0,2041-01-15,Permanent contract,49456.0,6490,Yes,0,30.0,2022-10-08,1,Created
11223,2011-01-01,11223,Female,101,1910-11-04,1.0,Widowed,0,,,Yes,,,Retired,2610.0,34103,Yes,0,,NA,1,Created
11224,2011-01-01,11224,Male,38,1973-10-03,0.0009599999999999999,Married,2246,,2056-07-04,No,,,Permanent contract,29222.0,-8442,No,1,,NA,1,Created
11225,2011-01-01,11225,Male,76,1935-06-27,0.0375,Married,2247,,2041-09-08,Yes,,,Retired,49166.0,147992,No,3,,NA,1,Created
11226,2011-01-01,11226,Male,44,1967-01-25,0.0013599999999999999,Married,2248,,2059-04-22,Yes,,,Entrepreneur without personnel,1924.0,790,No,1,,NA,1,Created
11227,2011-01-01,11227,Female,27,1984-08-26,0.00025,Single,0,,,Yes,30.0,2014-04-29,Entrepreneur without personnel,19382.0,30532,No,0,28.0,2012-04-03,1,Created
11228,2011-01-01,11228,Female,72,1939-12-14,0.01411,Single,0,,,No,,,Retired,17020.0,10789,Yes,0,,NA,1,Created
11229,2011-01-01,11229,Male,37,1974-10-28,0.00082,Single,0,,,No,,,Permanent contract,14395.0,438554,Yes,0,,NA,1,Created
11230,2011-01-01,11230,Male,8,2003-09-19,9e-05,Single,0,,,Yes,48.0,2051-10-29,Child,0.0,0,No,0,,NA,1,Created
11231,2011-01-01,11231,Male,32,1979-10-18,0.00059,Married,2249,,2039-01-09,No,,,Flexible contract,7086.0,2228,No,1,,NA,1,Created
11232,2011-01-01,11232,Male,44,1967-09-14,0.0013599999999999999,Single,0,,,Yes,32.0,,Permanent contract,12309.0,739,No,0,,NA,1,Created
11233,2011-01-01,11233,Male,44,1967-03-26,0.0013599999999999999,Married,2250,,2015-01-09,Yes,,,Permanent contract,15854.0,196640,Yes,2,,NA,1,Created
11234,2011-01-01,11234,Male,26,1985-05-16,1.0,Married,2251,,2014-09-27,No,,,Flexible contract,18086.0,2078480,Yes,1,,NA,1,Created
11235,2011-01-01,11235,Male,2,2009-04-28,0.00021,Single,0,,,No,,,Child,0.0,0,Yes,0,,NA,1,Created
11236,2011-01-01,11236,Female,57,1954-01-06,0.00387,Married,2334,,2016-02-26,Yes,,,Permanent contract,3240.0,12358,Yes,2,,NA,1,Created
11237,2011-01-01,11237,Male,63,1948-09-12,0.00945,Married,2252,,2025-11-04,Yes,,,Flexible contract,5045.0,63268,Yes,2,,NA,1,Created
16669,2011-01-03,11237,Male,63,1948-09-12,0.00945,Widowed,2252,,2025-11-04,Yes,,,Flexible contract,5045.0,63268,Yes,2,,NA,1,Life event: Widowed
19098,2012-09-12,11237,Male,65,1948-09-12,0.00945,Widowed,2252,,2025-11-04,Yes,,,Retired,3531.5,63268,Yes,2,,NA,1,Life event: Retired
11238,2011-01-01,11238,Male,57,1954-06-19,0.00572,Married,2253,,2049-10-19,No,,,Permanent contract,91576.0,59058,Yes,2,,NA,1,Created
11239,2011-01-01,11239,Male,21,1990-10-22,0.00045,Single,0,,,Yes,38.0,2028-08-01,Permanent contract,14289.0,4607,Yes,0,,NA,1,Created
11240,2011-01-01,11240,Female,49,1962-03-03,0.00193,Married,2335,,2039-12-08,Yes,,,Permanent contract,27220.0,28830,No,1,,NA,1,Created
11241,2011-01-01,11241,Female,80,1931-11-05,0.03682,Widowed,0,,,Yes,,,Retired,5147.0,252262,No,0,,NA,1,Created
11242,2011-01-01,11242,Male,63,1948-02-04,0.00945,Married,2254,,2017-08-01,No,,,Permanent contract,14216.0,-198,Yes,3,,NA,1,Created
17384,2011-05-18,11242,Male,64,1948-02-04,0.00945,Married,2254,,2017-08-01,No,,,Permanent contract,14216.0,-198,Yes,3,,NA,0,Life event: Deceased
11243,2011-01-01,11243,Male,85,1926-04-15,0.10312,Married,2255,,2053-06-05,No,,,Retired,19833.0,226300,Yes,2,,NA,1,Created
11244,2011-01-01,11244,Male,8,2003-08-30,9e-05,Single,0,,,Yes,36.0,2039-02-07,Child,0.0,0,No,0,,NA,1,Created
11245,2011-01-01,11245,Female,39,1972-11-30,0.00074,Single,0,,,No,,,Permanent contract,14269.0,10139,Yes,0,,NA,1,Created
11246,2011-01-01,11246,Female,39,1972-01-04,0.00074,Married,2336,,2037-06-11,Yes,,,Unemployed,89782.0,3285,Yes,2,,NA,1,Created
11247,2011-01-01,11247,Male,54,1957-09-02,0.00404,Married,2256,,2023-01-11,No,,,Permanent contract,31614.0,12929,Yes,1,,NA,1,Created
11248,2011-01-01,11248,Female,12,1999-10-12,5e-05,Single,0,,,No,,,Child,0.0,0,No,0,32.0,2031-10-20,1,Created
11249,2011-01-01,11249,Male,3,2008-06-10,0.0002,Single,0,,,Yes,36.0,2044-09-08,Child,0.0,0,Yes,0,,NA,1,Created
11250,2011-01-01,11250,Female,55,1956-03-30,0.00372,Married,2337,,2045-05-02,Yes,,,Permanent contract,22928.0,9752,Yes,2,,NA,1,Created
11251,2011-01-01,11251,Female,58,1953-10-29,0.00448,Married,2338,,2034-12-07,No,,,Entrepreneur with personel,27343.0,768,Yes,1,,NA,1,Created
11252,2011-01-01,11252,Male,48,1963-03-12,0.0021100000000000003,Married,2257,,2033-08-11,Yes,,,Flexible contract,18256.0,300406,No,1,,NA,1,Created
11253,2011-01-01,11253,Female,51,1960-10-10,0.0023899999999999998,Married,2339,,2051-07-19,No,,,Flexible contract,35380.0,642,No,2,,NA,1,Created
11254,2011-01-01,11254,Female,60,1951-07-08,0.00541,Married,2340,,2060-10-02,No,,,Permanent contract,18822.0,119601,No,3,,NA,1,Created
11255,2011-01-01,11255,Female,22,1989-03-20,0.00023999999999999998,Single,0,,,Yes,30.0,2019-03-09,Flexible contract,15251.0,-5441,Yes,0,,NA,1,Created
11256,2011-01-01,11256,Male,70,1941-05-27,0.01932,Married,2258,,2050-06-26,Yes,,,Retired,38612.0,433002,Yes,2,,NA,1,Created
11257,2011-01-01,11257,Male,68,1943-10-08,0.01522,Married,2259,,2037-02-28,No,,,Retired,18139.0,3423,Yes,1,,NA,1,Created
11258,2011-01-01,11258,Male,26,1985-07-08,1.0,Single,0,,,Yes,64.0,2049-01-25,Entrepreneur without personnel,1168.0,223611,Yes,0,,NA,1,Created
17274,2011-04-30,11258,Male,26,1985-07-08,1.0,Single,0,,,Yes,64,2049-01-25,Entrepreneur without personnel,1168.0,223611,Yes,0,,NA,0,Life event: Deceased
11259,2011-01-01,11259,Male,57,1954-02-21,0.00572,Married,2260,,2018-07-05,No,,,Flexible contract,25270.0,491921,No,3,,NA,1,Created
11260,2011-01-01,11260,Male,34,1977-10-19,0.00067,Married,2261,,2054-12-15,No,,,Unemployed,45655.0,15918,Yes,2,,NA,1,Created
11261,2011-01-01,11261,Male,67,1944-01-02,0.01396,Married,2262,,2024-08-18,No,,,Permanent contract,112180.0,161435,No,2,,NA,1,Created
16662,2011-01-02,11261,Male,68,1944-01-02,0.01396,Married,2262,,2024-08-18,No,,,Retired,78526.0,161435,No,2,,NA,1,Life event: Retired
18713,2012-05-01,11261,Male,69,1944-01-02,0.01396,Widowed,2262,,2024-08-18,No,,,Retired,78526.0,161435,No,2,,NA,1,Life event: Widowed
11262,2011-01-01,11262,Male,8,2003-04-21,9e-05,Single,0,,,No,,,Child,0.0,0,Yes,0,,NA,1,Created
11263,2011-01-01,11263,Female,20,1991-01-04,0.00018,Single,0,,,Yes,20.0,2011-06-29,Permanent contract,3887.0,36032,No,0,,NA,1,Created
17583,2011-06-29,11263,Female,21,1991-01-04,0.00018,Married,3443,18,2029-09-21,Yes,20,2011-06-29,Permanent contract,3887.0,36032,No,0,,NA,1,Life event: Married
11264,2011-01-01,11264,Male,41,1970-04-13,0.0008900000000000001,Married,2263,,2059-05-02,Yes,,,Permanent contract,16666.0,106219,No,1,,NA,1,Created
11265,2011-01-01,11265,Male,16,1995-08-06,0.00029,Single,0,,,Yes,46.0,2041-01-17,Child,0.0,0,Yes,0,,NA,1,Created
18987,2012-08-06,11265,Male,18,1995-08-06,0.00029,Single,0,,,Yes,27,2021-10-21,Permanent contract,31653.0,171982,Yes,0,,NA,1,Life event: Adulthood
11266,2011-01-01,11266,Male,56,1955-11-05,0.0052,Married,2264,,2032-01-19,No,,,Permanent contract,48221.0,2064,No,1,,NA,1,Created
11267,2011-01-01,11267,Male,40,1971-03-17,0.0009400000000000001,Married,2265,,2057-01-10,No,,,Permanent contract,22509.0,87542,Yes,1,,NA,1,Created
11268,2011-01-01,11268,Male,10,2001-02-14,0.00011999999999999999,Single,0,,,Yes,30.0,2031-07-02,Child,0.0,0,No,0,,NA,1,Created
11269,2011-01-01,11269,Male,41,1970-08-06,0.0008900000000000001,Single,0,,,No,,,Entrepreneur without personnel,8646.0,364,No,0,,NA,1,Created
11270,2011-01-01,11270,Female,38,1973-03-23,0.00063,Married,2341,,2041-04-26,No,,,Entrepreneur without personnel,6066.0,132975,No,3,40.0,2013-04-29,1,Created
18725,2012-05-05,11270,Female,40,1973-03-23,0.00063,Widowed,2341,,2041-04-26,No,,,Entrepreneur without personnel,6066.0,132975,No,3,40,2013-04-29,1,Life event: Widowed
11271,2011-01-01,11271,Male,75,1936-01-14,0.033710000000000004,Married,2266,,2029-07-15,No,,,Retired,17951.0,874,No,1,,NA,1,Created
11272,2011-01-01,11272,Female,31,1980-09-07,0.00029,Married,2342,,2049-03-18,No,,,Entrepreneur without personnel,35353.0,89791,No,1,,NA,1,Created
11273,2011-01-01,11273,Male,21,1990-10-04,0.00045,Single,0,,,Yes,30.0,2020-06-11,Flexible contract,79601.0,490131,Yes,0,,NA,1,Created
11274,2011-01-01,11274,Female,11,2000-05-13,7e-05,Single,0,,,Yes,25.0,2025-10-12,Child,0.0,0,Yes,0,31.0,2031-04-27,1,Created
11275,2011-01-01,11275,Female,59,1952-08-12,0.00479,Married,2343,,2059-02-06,No,,,Entrepreneur with personel,49564.0,315,Yes,1,,NA,1,Created
11276,2011-01-01,11276,Female,59,1952-03-21,0.00479,Married,2344,,2028-10-18,Yes,,,Permanent contract,6307.0,401114,Yes,3,,NA,1,Created
11277,2011-01-01,11277,Male,29,1982-11-01,0.0005200000000000001,Single,0,,,No,,,Permanent contract,58238.0,-28552,No,0,,NA,1,Created
11278,2011-01-01,11278,Female,41,1970-04-01,0.0007700000000000001,Single,0,,,Yes,41.0,2011-10-30,Permanent contract,38750.0,35383,Yes,0,,NA,1,Created
18114,2011-10-30,11278,Female,42,1970-04-01,0.0007700000000000001,Married,3464,57,2068-09-03,Yes,41,2011-10-30,Permanent contract,38750.0,35383,Yes,0,,NA,1,Life event: Married
11279,2011-01-01,11279,Female,32,1979-12-06,0.00041,Single,0,,,Yes,28.0,,Permanent contract,42276.0,5327,No,0,40.0,2019-06-26,1,Created
11280,2011-01-01,11280,Female,38,1973-04-14,0.00063,Single,0,,,No,,,Permanent contract,3397.0,460261,Yes,0,,NA,1,Created
11281,2011-01-01,11281,Female,12,1999-07-09,5e-05,Single,0,,,Yes,25.0,2024-01-05,Child,0.0,0,Yes,0,34.0,2033-08-16,1,Created
11282,2011-01-01,11282,Male,59,1952-05-30,0.00717,Married,2267,,2041-12-06,Yes,,,Flexible contract,21631.0,18628,Yes,2,,NA,1,Created
11283,2011-01-01,11283,Male,75,1936-11-23,0.033710000000000004,Married,2268,,2037-09-11,No,,,Retired,67186.0,247252,Yes,3,,NA,1,Created
11284,2011-01-01,11284,Female,19,1992-03-06,0.00014,Single,0,,,No,,,Flexible contract,8577.0,-43334,Yes,0,37.0,2029-08-20,1,Created
11285,2011-01-01,11285,Male,61,1950-02-16,0.00747,Married,2269,,2023-09-19,No,,,Permanent contract,20338.0,254622,Yes,2,,NA,1,Created
11286,2011-01-01,11286,Male,62,1949-05-27,0.008409999999999999,Married,2270,,2060-06-17,No,,,Permanent contract,21916.0,5676,No,1,,NA,1,Created
11287,2011-01-01,11287,Male,47,1964-12-13,0.00186,Married,2271,,2046-01-19,Yes,,,Flexible contract,27750.0,484176,No,1,,NA,1,Created
11288,2011-01-01,11288,Female,61,1950-05-02,0.00562,Widowed,0,,,No,,,Entrepreneur without personnel,32165.0,-35753,No,0,,NA,1,Created
11289,2011-01-01,11289,Female,48,1963-01-26,0.0018800000000000002,Married,2345,,2048-02-24,No,,,Permanent contract,12293.0,5124,No,2,,NA,1,Created
11290,2011-01-01,11290,Female,0,2011-11-02,0.0028899999999999998,Single,0,,,Yes,25.0,2036-07-29,Child,0.0,0,Yes,0,28.0,2039-12-03,1,Created
11291,2011-01-01,11291,Female,42,1969-12-09,0.001,Single,0,,,No,,,Permanent contract,23416.0,117531,Yes,0,,NA,1,Created
11292,2011-01-01,11292,Female,36,1975-06-18,0.00049,Married,2346,,2029-12-26,Yes,,,Permanent contract,78530.0,632979,Yes,1,,NA,1,Created
11293,2011-01-01,11293,Male,49,1962-03-22,0.00242,Married,2272,,2029-06-20,No,,,Permanent contract,12327.0,43734,No,2,,NA,1,Created
11294,2011-01-01,11294,Female,52,1959-12-04,0.00268,Married,2347,,2062-12-12,No,,,Permanent contract,33184.0,345412,Yes,2,,NA,1,Created
11295,2011-01-01,11295,Male,51,1960-10-07,0.00301,Married,2273,,2026-01-01,Yes,,,Permanent contract,20881.0,456947,No,1,,NA,1,Created
11296,2011-01-01,11296,Female,60,1951-08-22,0.00541,Divorced,0,,,Yes,,,Permanent contract,18676.0,153627,No,0,,NA,1,Created
11297,2011-01-01,11297,Female,34,1977-12-24,0.00037,Single,0,,,No,,,Permanent contract,39291.0,-5000,No,0,,NA,1,Created
11298,2011-01-01,11298,Male,21,1990-03-10,0.00045,Single,0,,,No,,,Permanent contract,18684.0,99444,No,0,,NA,1,Created
11299,2011-01-01,11299,Male,44,1967-06-25,0.0013599999999999999,Married,2274,,2022-11-12,No,,,Flexible contract,36579.0,71622,Yes,1,,NA,1,Created
11300,2011-01-01,11300,Male,5,2006-10-09,9e-05,Single,0,,,Yes,38.0,2044-08-02,Child,0.0,0,No,0,,NA,1,Created
11301,2011-01-01,11301,Female,59,1952-09-01,0.00479,Married,2348,,2033-08-13,No,,,Permanent contract,5146.0,4900,No,1,,NA,1,Created
11302,2011-01-01,11302,Male,6,2005-12-03,5.9999999999999995e-05,Single,0,,,Yes,33.0,2038-12-11,Child,0.0,0,No,0,,NA,1,Created
11303,2011-01-01,11303,Male,58,1953-01-04,0.00603,Married,2275,,2034-12-03,No,,,Permanent contract,29108.0,8660,No,1,,NA,1,Created
11304,2011-01-01,11304,Female,13,1998-05-27,0.00011999999999999999,Single,0,,,Yes,26.0,2024-02-25,Child,0.0,0,Yes,0,34.0,2032-09-07,1,Created
11305,2011-01-01,11305,Male,77,1934-05-12,0.0418,Widowed,0,,,No,,,Retired,6657.0,418939,No,0,,NA,1,Created
11306,2011-01-01,11306,Male,20,1991-06-03,0.00045,Single,0,,,No,,,Permanent contract,40380.0,370036,Yes,0,,NA,1,Created
11307,2011-01-01,11307,Female,62,1949-12-10,0.0057399999999999994,Married,2349,,2064-04-16,No,,,Entrepreneur without personnel,6844.0,509399,Yes,2,,NA,1,Created
11308,2011-01-01,11308,Female,103,1908-12-07,1.0,Widowed,0,,,Yes,,,Retired,19029.0,314107,No,0,,NA,1,Created
17452,2011-06-03,11308,Female,103,1908-12-07,1.0,Widowed,0,,,Yes,,,Retired,19029.0,314107,No,0,,NA,0,Life event: Deceased
11309,2011-01-01,11309,Male,35,1976-02-15,0.00055,Single,0,,,Yes,24.0,,Permanent contract,3508.0,58204,Yes,0,,NA,1,Created
11310,2011-01-01,11310,Female,30,1981-07-08,0.00027,Single,0,,,No,,,Permanent contract,18647.0,4436,Yes,0,33.0,2014-11-17,1,Created
11311,2011-01-01,11311,Female,4,2007-06-19,5.9999999999999995e-05,Single,0,,,No,,,Child,0.0,0,No,0,36.0,2043-07-22,1,Created
11312,2011-01-01,11312,Male,5,2006-05-26,9e-05,Single,0,,,Yes,40.0,2046-01-14,Child,0.0,0,Yes,0,,NA,1,Created
11313,2011-01-01,11313,Female,37,1974-04-12,0.00057,Single,0,,,No,,,Entrepreneur without personnel,10670.0,154359,Yes,0,,NA,1,Created
11314,2011-01-01,11314,Female,54,1957-01-18,0.00313,Married,2350,,2016-05-30,No,,,Permanent contract,1611.0,260910,No,3,,NA,1,Created
11315,2011-01-01,11315,Male,57,1954-06-15,0.00572,Married,2276,,2046-01-01,No,,,Permanent contract,96374.0,-43982,Yes,2,,NA,1,Created
11316,2011-01-01,11316,Male,49,1962-11-25,0.00242,Married,2277,,2018-11-03,Yes,,,Permanent contract,47318.0,3664,No,1,,NA,1,Created
11317,2011-01-01,11317,Female,33,1978-04-17,0.00035,Single,0,,,No,,,Permanent contract,16325.0,371,Yes,0,,NA,1,Created
11318,2011-01-01,11318,Male,29,1982-05-24,0.0005200000000000001,Single,0,,,No,,,Flexible contract,19108.0,3424,Yes,0,,NA,1,Created
11319,2011-01-01,11319,Male,96,1915-05-10,0.30168,Widowed,0,,,Yes,,,Retired,19451.0,14588,No,0,,NA,1,Created
11320,2011-01-01,11320,Female,63,1948-08-13,0.00672,Married,2351,,2040-02-13,Yes,,,Permanent contract,28941.0,-25229,No,1,,NA,1,Created
19002,2012-08-13,11320,Female,65,1948-08-13,0.00672,Married,2351,,2040-02-13,Yes,,,Retired,20258.699999999997,-25229,No,1,,NA,1,Life event: Retired
11321,2011-01-01,11321,Male,2,2009-12-29,0.00021,Single,0,,,No,,,Child,0.0,0,Yes,0,,NA,1,Created
11322,2011-01-01,11322,Male,43,1968-06-15,0.00103,Married,2278,,2016-08-06,No,,,Entrepreneur without personnel,33076.0,2818303,Yes,3,,NA,1,Created
11323,2011-01-01,11323,Female,26,1985-06-04,1.0,Single,0,,,Yes,53.0,2038-02-14,Permanent contract,1635.0,482267,No,0,29.0,2014-08-09,1,Created
18124,2011-11-01,11323,Female,27,1985-06-04,1.0,Single,0,,,Yes,53,2038-02-14,Permanent contract,1635.0,482267,No,0,29,2014-08-09,0,Life event: Deceased
11324,2011-01-01,11324,Male,45,1966-05-09,0.0014199999999999998,Divorced,0,,,No,,,Permanent contract,16338.0,15190,Yes,0,,NA,1,Created
11325,2011-01-01,11325,Female,40,1971-11-14,0.0006900000000000001,Single,0,,,Yes,57.0,2028-05-05,Permanent contract,1180.0,152213,No,0,,NA,1,Created
11326,2011-01-01,11326,Male,40,1971-10-01,0.0009400000000000001,Married,2279,,2060-01-21,Yes,,,Permanent contract,1500.0,106520,Yes,1,,NA,1,Created
11327,2011-01-01,11327,Female,27,1984-10-30,0.00025,Single,0,,,No,,,Unemployed,5790.0,2326,No,0,36.0,2020-06-28,1,Created
11328,2011-01-01,11328,Female,77,1934-01-09,0.0259,Married,2352,,2043-09-01,No,,,Retired,31462.0,108397,Yes,2,,NA,1,Created
11329,2011-01-01,11329,Female,23,1988-01-12,0.0001,Single,0,,,No,,,Permanent contract,2759.0,3843,No,0,28.0,2016-01-09,1,Created
11330,2011-01-01,11330,Male,80,1931-11-09,0.05987000000000001,Widowed,0,,,No,,,Retired,12294.0,-17425,Yes,0,,NA,1,Created
11331,2011-01-01,11331,Male,62,1949-03-13,0.008409999999999999,Married,2280,,2028-02-10,Yes,,,Entrepreneur without personnel,140079.0,144985,No,1,,NA,1,Created
11332,2011-01-01,11332,Male,20,1991-03-02,0.00045,Single,0,,,No,,,Permanent contract,38361.0,141227,Yes,0,,NA,1,Created
11333,2011-01-01,11333,Female,39,1972-02-04,0.00074,Married,2353,,2052-06-24,No,,,Unemployed,49830.0,45792,No,1,,NA,1,Created
11334,2011-01-01,11334,Female,3,2008-11-05,0.00013000000000000002,Single,0,,,No,,,Child,0.0,0,Yes,0,27.0,2035-08-20,1,Created
11335,2011-01-01,11335,Female,59,1952-09-12,0.00479,Married,2354,,2052-10-06,No,,,Permanent contract,77421.0,-36536,No,1,,NA,1,Created
11336,2011-01-01,11336,Female,60,1951-06-07,0.00541,Married,2355,,2012-05-21,Yes,,,Permanent contract,264.0,354475,No,2,,NA,1,Created
18771,2012-05-21,11336,Female,61,1951-06-07,0.00541,Divorced,2355,,2012-05-21,Yes,,,Permanent contract,264.0,354475,No,2,,NA,1,Life event: Divorced
11337,2011-01-01,11337,Male,55,1956-01-27,0.00419,Divorced,0,,,No,,,Permanent contract,10269.0,26385,No,0,,NA,1,Created
11338,2011-01-01,11338,Female,7,2004-04-02,7e-05,Single,0,,,No,,,Child,0.0,0,No,0,24.0,2028-01-10,1,Created
11339,2011-01-01,11339,Male,49,1962-12-24,0.00242,Divorced,0,,,Yes,,,Permanent contract,41658.0,35681,No,0,,NA,1,Created
11340,2011-01-01,11340,Male,30,1981-07-15,0.00055,Single,0,,,No,,,Entrepreneur without personnel,18126.0,48533,Yes,0,,NA,1,Created
11341,2011-01-01,11341,Female,2,2009-06-17,0.00015,Single,0,,,No,,,Child,0.0,0,No,0,38.0,2047-04-02,1,Created
11342,2011-01-01,11342,Male,63,1948-07-11,0.00945,Married,2281,,2036-08-02,No,,,Flexible contract,8386.0,-1563,Yes,1,,NA,1,Created
18916,2012-07-11,11342,Male,65,1948-07-11,0.00945,Married,2281,,2036-08-02,No,,,Retired,5870.2,-1563,Yes,1,,NA,1,Life event: Retired
11343,2011-01-01,11343,Female,25,1986-06-06,0.00022999999999999998,Single,0,,,No,,,Entrepreneur without personnel,35574.0,499327,No,0,30.0,2016-07-24,1,Created
11344,2011-01-01,11344,Male,80,1931-08-19,0.05987000000000001,Married,2282,,2044-11-27,No,,,Retired,13461.0,21945,No,2,,NA,1,Created
17416,2011-05-25,11344,Male,80,1931-08-19,0.05987000000000001,Married,2282,,2044-11-27,No,,,Retired,13461.0,21945,No,2,,NA,0,Life event: Deceased
11345,2011-01-01,11345,Female,56,1955-03-25,0.0041,Divorced,0,,,No,,,Permanent contract,38464.0,662,Yes,0,,NA,1,Created
11346,2011-01-01,11346,Female,7,2004-01-17,7e-05,Single,0,,,No,,,Child,0.0,0,Yes,0,30.0,2034-11-02,1,Created
11347,2011-01-01,11347,Female,5,2006-12-22,4e-05,Single,0,,,No,,,Child,0.0,0,Yes,0,31.0,2037-04-06,1,Created
11348,2011-01-01,11348,Male,28,1983-01-10,0.00045,Single,0,,,Yes,30.0,2013-05-21,Permanent contract,12910.0,366373,Yes,0,,NA,1,Created
11349,2011-01-01,11349,Male,52,1959-07-22,0.00314,Single,0,,,Yes,47.0,,Permanent contract,6422.0,-26107,Yes,0,,NA,1,Created
11350,2011-01-01,11350,Female,19,1992-09-18,0.00014,Single,0,,,Yes,28.0,2020-05-30,Flexible contract,10522.0,2626,Yes,0,33.0,2025-07-09,1,Created
11351,2011-01-01,11351,Male,61,1950-05-16,0.00747,Widowed,0,,,No,,,Flexible contract,37270.0,686,No,0,,NA,1,Created
11352,2011-01-01,11352,Male,25,1986-09-30,0.00033999999999999997,Single,0,,,Yes,29.0,2015-12-29,Permanent contract,3035.0,-28677,Yes,0,,NA,1,Created
11353,2011-01-01,11353,Male,90,1921-02-09,0.16977,Widowed,0,,,Yes,,,Retired,8188.0,134168,Yes,0,,NA,1,Created
17626,2011-07-09,11353,Male,91,1921-02-09,0.16977,Widowed,0,,,Yes,,,Retired,8188.0,134168,Yes,0,,NA,0,Life event: Deceased
11354,2011-01-01,11354,Male,57,1954-02-18,0.00572,Married,2283,,2033-05-29,No,,,Entrepreneur without personnel,15684.0,45778,Yes,1,,NA,1,Created
11355,2011-01-01,11355,Female,72,1939-08-07,0.01411,Widowed,0,,,Yes,,,Retired,9900.0,101654,No,0,,NA,1,Created
11356,2011-01-01,11356,Male,4,2007-02-22,0.00011,Single,0,,,Yes,48.0,2055-03-08,Child,0.0,0,Yes,0,,NA,1,Created
11357,2011-01-01,11357,Male,20,1991-01-10,0.00045,Single,0,,,No,,,Flexible contract,38222.0,87300,No,0,,NA,1,Created
11358,2011-01-01,11358,Female,29,1982-01-17,0.00032,Single,0,,,Yes,20.0,,Permanent contract,25360.0,11132,No,0,,NA,1,Created
11359,2011-01-01,11359,Male,0,2011-06-10,0.0036200000000000004,Single,0,,,No,,,Child,0.0,0,Yes,0,,NA,1,Created
11360,2011-01-01,11360,Male,19,1992-08-17,0.00033,Single,0,,,No,,,Permanent contract,7411.0,23959,No,0,,NA,1,Created
11361,2011-01-01,11361,Male,47,1964-01-07,0.00186,Married,2284,,2030-01-29,Yes,,,Permanent contract,29189.0,-43988,Yes,2,,NA,1,Created
11362,2011-01-01,11362,Female,4,2007-06-09,5.9999999999999995e-05,Single,0,,,No,,,Child,0.0,0,No,0,36.0,2043-12-19,1,Created
11363,2011-01-01,11363,Female,45,1966-08-11,0.00134,Married,2356,,2013-04-04,Yes,,,Permanent contract,21263.0,444646,No,2,,NA,1,Created
11364,2011-01-01,11364,Male,40,1971-11-26,0.0009400000000000001,Married,2285,,2054-08-04,Yes,,,Permanent contract,7484.0,3891,Yes,1,,NA,1,Created
11365,2011-01-01,11365,Female,62,1949-01-23,0.0057399999999999994,Single,0,,,Yes,40.0,,Permanent contract,96350.0,166234,Yes,0,,NA,1,Created
11366,2011-01-01,11366,Male,65,1946-12-10,0.01141,Married,2286,,2021-06-26,No,,,Permanent contract,18846.0,58065,Yes,1,,NA,1,Created
18282,2011-12-10,11366,Male,66,1946-12-10,0.01141,Married,2286,,2021-06-26,No,,,Retired,13192.199999999999,58065,Yes,1,,NA,1,Life event: Retired
11367,2011-01-01,11367,Female,79,1932-06-25,0.03112,Widowed,0,,,No,,,Retired,24146.0,361704,Yes,0,,NA,1,Created
11368,2011-01-01,11368,Male,30,1981-02-25,0.00055,Married,2287,,2037-06-19,No,,,Flexible contract,2894.0,2468,No,1,,NA,1,Created
11369,2011-01-01,11369,Male,71,1940-05-10,0.02034,Married,2288,,2050-04-04,Yes,,,Retired,9365.0,-26323,No,1,,NA,1,Created
11370,2011-01-01,11370,Female,28,1983-06-08,0.00025,Single,0,,,No,,,Unemployed,21913.0,-3289,Yes,0,32.0,2015-02-04,1,Created
11371,2011-01-01,11371,Female,21,1990-06-09,0.00016,Single,0,,,Yes,43.0,2033-06-05,Entrepreneur without personnel,30002.0,186462,No,0,32.0,2022-12-12,1,Created
11372,2011-01-01,11372,Male,22,1989-11-10,0.00041,Single,0,,,Yes,25.0,2014-03-05,Permanent contract,2847.0,146241,Yes,0,,NA,1,Created
11373,2011-01-01,11373,Male,59,1952-04-30,0.00717,Widowed,0,,,Yes,,,Permanent contract,642.0,148610,No,0,,NA,1,Created
11374,2011-01-01,11374,Male,99,1912-09-01,0.39916999999999997,Widowed,0,,,Yes,,,Retired,33083.0,358916,Yes,0,,NA,1,Created
18018,2011-10-06,11374,Male,100,1912-09-01,0.39916999999999997,Widowed,0,,,Yes,,,Retired,33083.0,358916,Yes,0,,NA,0,Life event: Deceased
11375,2011-01-01,11375,Male,45,1966-11-13,0.0014199999999999998,Single,0,,,Yes,39.0,,Permanent contract,2042.0,107917,Yes,0,,NA,1,Created
11376,2011-01-01,11376,Female,17,1994-04-11,0.0001,Single,0,,,No,,,Child,0.0,0,Yes,0,27.0,2021-01-15,1,Created
17201,2011-04-11,11376,Female,18,1994-04-11,0.0001,Single,0,,,Yes,29,2022-03-19,Permanent contract,36334.0,2634,Yes,0,27,2021-01-15,1,Life event: Adulthood
11377,2011-01-01,11377,Female,49,1962-10-12,0.00193,Married,2357,,2060-09-09,Yes,,,Permanent contract,41981.0,44105,Yes,1,,NA,1,Created
11378,2011-01-01,11378,Male,80,1931-12-31,0.05987000000000001,Widowed,0,,,No,,,Retired,45826.0,12332,Yes,0,,NA,1,Created
11379,2011-01-01,11379,Male,69,1942-06-14,0.01804,Married,2289,,2022-03-18,Yes,,,Retired,74128.0,-47676,No,2,,NA,1,Created
18801,2012-05-30,11379,Male,70,1942-06-14,0.01804,Widowed,2289,,2022-03-18,Yes,,,Retired,74128.0,-47676,No,2,,NA,1,Life event: Widowed
11380,2011-01-01,11380,Male,75,1936-08-27,0.033710000000000004,Married,2290,,2035-10-12,Yes,,,Retired,26675.0,95328,Yes,2,,NA,1,Created
18399,2012-01-04,11380,Male,76,1936-08-27,0.033710000000000004,Married,2290,,2035-10-12,Yes,,,Retired,26675.0,95328,Yes,2,,NA,0,Life event: Deceased
11381,2011-01-01,11381,Female,52,1959-10-21,0.00268,Married,2358,,2052-09-05,Yes,,,Entrepreneur without personnel,22212.0,-29049,No,2,,NA,1,Created
11382,2011-01-01,11382,Female,12,1999-01-27,5e-05,Single,0,,,No,,,Child,0.0,0,No,0,30.0,2029-05-28,1,Created
11383,2011-01-01,11383,Male,41,1970-06-20,0.0008900000000000001,Married,2291,,2031-05-23,No,,,Permanent contract,186.0,149278,Yes,2,,NA,1,Created
11384,2011-01-01,11384,Male,40,1971-10-15,0.0009400000000000001,Married,2292,,2011-10-27,Yes,,,Permanent contract,73401.0,57378,Yes,2,,NA,1,Created
18105,2011-10-27,11384,Male,41,1971-10-15,0.0009400000000000001,Divorced,2292,,2011-10-27,Yes,,,Permanent contract,73401.0,57378,Yes,2,,NA,1,Life event: Divorced
11385,2011-01-01,11385,Male,78,1933-05-10,0.04668,Widowed,0,,,Yes,,,Retired,9679.0,835,Yes,0,,NA,1,Created
11386,2011-01-01,11386,Female,0,2011-04-07,0.0028899999999999998,Single,0,,,No,,,Child,0.0,0,Yes,0,24.0,2035-01-14,1,Created
11387,2011-01-01,11387,Female,39,1972-02-10,0.00074,Married,2359,,2030-08-04,No,,,Permanent contract,23579.0,42950,No,1,,NA,1,Created
11388,2011-01-01,11388,Male,26,1985-11-02,1.0,Single,0,,,Yes,42.0,2027-05-17,Entrepreneur without personnel,10692.0,3970,No,0,,NA,1,Created
17715,2011-07-28,11388,Male,26,1985-11-02,1.0,Single,0,,,Yes,42,2027-05-17,Entrepreneur without personnel,10692.0,3970,No,0,,NA,0,Life event: Deceased
11389,2011-01-01,11389,Male,12,1999-05-16,0.00011,Single,0,,,No,,,Child,0.0,0,Yes,0,,NA,1,Created
11390,2011-01-01,11390,Female,7,2004-03-06,7e-05,Single,0,,,No,,,Child,0.0,0,Yes,0,27.0,2031-11-19,1,Created
11391,2011-01-01,11391,Male,48,1963-01-01,0.0021100000000000003,Married,2293,,2055-06-17,No,,,Flexible contract,36382.0,-4298,No,2,,NA,1,Created
11392,2011-01-01,11392,Female,44,1967-07-26,0.00107,Divorced,0,,,Yes,,,Permanent contract,30235.0,281793,No,0,,NA,1,Created
11393,2011-01-01,11393,Male,2,2009-01-04,0.00021,Single,0,,,Yes,23.0,2032-09-28,Child,0.0,0,No,0,,NA,1,Created
11394,2011-01-01,11394,Female,73,1938-03-13,0.01577,Widowed,0,,,Yes,,,Retired,15852.0,122501,No,0,,NA,1,Created
11395,2011-01-01,11395,Female,6,2005-12-13,8e-05,Single,0,,,Yes,30.0,2035-02-01,Child,0.0,0,Yes,0,30.0,2035-11-12,1,Created
11396,2011-01-01,11396,Male,9,2002-08-23,0.00014,Single,0,,,Yes,47.0,2049-07-27,Child,0.0,0,Yes,0,,NA,1,Created
11397,2011-01-01,11397,Female,81,1930-01-27,0.04307,Married,2360,,2043-08-09,Yes,,,Retired,168285.0,14368,Yes,2,,NA,1,Created
11398,2011-01-01,11398,Male,63,1948-10-14,0.00945,Married,2294,,2055-09-03,No,,,Permanent contract,27117.0,14062,No,3,,NA,1,Created
19160,2012-10-14,11398,Male,65,1948-10-14,0.00945,Married,2294,,2055-09-03,No,,,Retired,18981.899999999998,14062,No,3,,NA,1,Life event: Retired
11399,2011-01-01,11399,Male,56,1955-11-01,0.0052,Married,2295,,2023-11-10,Yes,,,Permanent contract,22501.0,76592,Yes,1,,NA,1,Created
11400,2011-01-01,11400,Male,39,1972-03-15,0.0008699999999999999,Married,2296,,2047-08-12,No,,,Entrepreneur with personel,25149.0,108,Yes,2,,NA,1,Created
11401,2011-01-01,11401,Female,0,2011-06-14,0.0028899999999999998,Single,0,,,Yes,32.0,2043-02-27,Child,0.0,0,No,0,26.0,2037-07-24,1,Created
11402,2011-01-01,11402,Female,13,1998-07-12,0.00011999999999999999,Single,0,,,Yes,28.0,2026-06-14,Child,0.0,0,No,0,31.0,2029-07-04,1,Created
11403,2011-01-01,11403,Female,51,1960-10-10,0.0023899999999999998,Married,2361,,2037-10-11,Yes,,,Flexible contract,25427.0,-1300,Yes,1,,NA,1,Created
11404,2011-01-01,11404,Female,60,1951-09-04,0.00541,Divorced,0,,,Yes,,,Permanent contract,1844.0,637,No,0,,NA,1,Created
11405,2011-01-01,11405,Female,23,1988-01-01,0.0001,Single,0,,,No,,,Permanent contract,6317.0,-3027,No,0,32.0,2020-11-10,1,Created
11406,2011-01-01,11406,Female,3,2008-08-26,0.00013000000000000002,Single,0,,,Yes,36.0,2044-07-30,Child,0.0,0,No,0,34.0,2042-12-14,1,Created
11407,2011-01-01,11407,Female,57,1954-03-24,0.00387,Married,2362,,2015-09-20,Yes,,,Permanent contract,2538.0,40772,Yes,1,,NA,1,Created
11408,2011-01-01,11408,Female,65,1946-01-21,0.007559999999999999,Married,2363,,2015-05-11,Yes,,,Permanent contract,93635.0,111675,Yes,1,,NA,1,Created
16779,2011-01-21,11408,Female,66,1946-01-21,0.007559999999999999,Married,2363,,2015-05-11,Yes,,,Retired,65544.5,111675,Yes,1,,NA,1,Life event: Retired
11409,2011-01-01,11409,Male,65,1946-05-03,0.01141,Married,2297,,2036-05-12,No,,,Permanent contract,32675.0,-11449,Yes,2,,NA,1,Created
17294,2011-05-03,11409,Male,66,1946-05-03,0.01141,Married,2297,,2036-05-12,No,,,Retired,22872.5,-11449,Yes,2,,NA,1,Life event: Retired
11410,2011-01-01,11410,Female,30,1981-11-10,0.00027,Single,0,,,No,,,Entrepreneur with personel,25754.0,326754,Yes,0,,NA,1,Created
11411,2011-01-01,11411,Female,4,2007-03-04,5.9999999999999995e-05,Single,0,,,No,,,Child,0.0,0,Yes,0,32.0,2039-03-13,1,Created
11412,2011-01-01,11412,Female,69,1942-11-15,0.0108,Married,2364,,2035-12-19,No,,,Retired,46998.0,212177,No,3,,NA,1,Created
11413,2011-01-01,11413,Female,63,1948-03-30,0.00672,Married,2365,,2014-10-02,Yes,,,Permanent contract,8754.0,75864,No,2,,NA,1,Created
18632,2012-03-30,11413,Female,65,1948-03-30,0.00672,Married,2365,,2014-10-02,Yes,,,Retired,6127.799999999999,75864,No,2,,NA,1,Life event: Retired
11414,2011-01-01,11414,Male,9,2002-01-08,0.00014,Single,0,,,Yes,28.0,2030-12-23,Child,0.0,0,No,0,,NA,1,Created
11415,2011-01-01,11415,Male,22,1989-02-13,0.00041,Single,0,,,No,,,Entrepreneur without personnel,42320.0,9396,Yes,0,,NA,1,Created
11416,2011-01-01,11416,Male,55,1956-02-22,0.00419,Married,2298,,2039-10-30,No,,,Permanent contract,24656.0,58535,No,2,,NA,1,Created
11417,2011-01-01,11417,Male,50,1961-08-16,0.00257,Married,2299,,2040-10-31,Yes,,,Permanent contract,9198.0,263904,Yes,1,,NA,1,Created
11418,2011-01-01,11418,Female,52,1959-10-26,0.00268,Married,2366,,2016-02-23,Yes,,,Flexible contract,18931.0,-39691,Yes,2,,NA,1,Created
11419,2011-01-01,11419,Male,63,1948-08-25,0.00945,Married,2300,,2038-03-27,No,,,Flexible contract,35523.0,114074,No,3,,NA,1,Created
19038,2012-08-25,11419,Male,65,1948-08-25,0.00945,Married,2300,,2038-03-27,No,,,Retired,24866.1,114074,No,3,,NA,1,Life event: Retired
11420,2011-01-01,11420,Female,75,1936-08-17,0.01986,Widowed,0,,,Yes,,,Retired,9270.0,17543,No,0,,NA,1,Created
11421,2011-01-01,11421,Male,28,1983-09-02,0.00045,Single,0,,,No,,,Entrepreneur without personnel,84170.0,200,No,0,,NA,1,Created
11422,2011-01-01,11422,Male,9,2002-08-05,0.00014,Single,0,,,No,,,Child,0.0,0,No,0,,NA,1,Created
11423,2011-01-01,11423,Female,24,1987-06-03,0.00018999999999999998,Single,0,,,Yes,50.0,2037-01-28,Permanent contract,5191.0,-44949,No,0,32.0,2019-04-14,1,Created
11424,2011-01-01,11424,Female,4,2007-10-04,5.9999999999999995e-05,Single,0,,,Yes,25.0,2032-11-17,Child,0.0,0,No,0,32.0,2039-07-24,1,Created
11425,2011-01-01,11425,Female,15,1996-12-04,8e-05,Single,0,,,No,,,Child,0.0,0,Yes,0,29.0,2025-05-04,1,Created
11426,2011-01-01,11426,Male,6,2005-10-30,5.9999999999999995e-05,Single,0,,,No,,,Child,0.0,0,No,0,,NA,1,Created
11427,2011-01-01,11427,Male,40,1971-04-04,0.0009400000000000001,Single,0,,,No,,,Entrepreneur without personnel,16695.0,1146,Yes,0,,NA,1,Created
11428,2011-01-01,11428,Male,13,1998-11-11,0.00014,Single,0,,,No,,,Child,0.0,0,Yes,0,,NA,1,Created
11429,2011-01-01,11429,Female,41,1970-01-09,0.0007700000000000001,Single,0,,,Yes,29.0,,Permanent contract,77769.0,58989,Yes,0,,NA,1,Created
11430,2011-01-01,11430,Female,4,2007-07-03,5.9999999999999995e-05,Single,0,,,Yes,91.0,2098-06-15,Child,0.0,0,Yes,0,26.0,2033-06-24,1,Created
11431,2011-01-01,11431,Male,20,1991-04-28,0.00045,Single,0,,,No,,,Permanent contract,75586.0,127191,Yes,0,,NA,1,Created
11432,2011-01-01,11432,Female,22,1989-02-26,0.00023999999999999998,Single,0,,,No,,,Permanent contract,19533.0,76838,Yes,0,26.0,2015-02-07,1,Created
11433,2011-01-01,11433,Female,59,1952-03-17,0.00479,Divorced,0,,,Yes,,,Permanent contract,16608.0,345784,Yes,0,,NA,1,Created
11434,2011-01-01,11434,Female,60,1951-01-15,0.00541,Divorced,0,,,No,,,Permanent contract,98377.0,-17471,No,0,,NA,1,Created
11435,2011-01-01,11435,Female,35,1976-07-10,0.00033999999999999997,Single,0,,,No,,,Permanent contract,9948.0,72667,No,0,35.0,2011-01-12,1,Created
11436,2011-01-01,11436,Female,30,1981-04-29,0.00027,Single,0,,,Yes,40.0,2021-04-10,Permanent contract,44323.0,176845,Yes,0,32.0,2013-06-09,1,Created
11437,2011-01-01,11437,Female,15,1996-08-02,8e-05,Single,0,,,No,,,Child,0.0,0,No,0,27.0,2023-01-25,1,Created
11438,2011-01-01,11438,Male,26,1985-05-22,1.0,Married,2301,,2037-08-21,No,,,Permanent contract,23182.0,955,Yes,2,,NA,1,Created
18833,2012-06-12,11438,Male,28,1985-05-22,1.0,Married,2301,,2037-08-21,No,,,Permanent contract,23182.0,955,Yes,2,,NA,0,Life event: Deceased
11439,2011-01-01,11439,Male,17,1994-08-27,0.00022999999999999998,Single,0,,,Yes,28.0,2022-11-06,Child,0.0,0,No,0,,NA,1,Created
17868,2011-08-27,11439,Male,18,1994-08-27,0.00022999999999999998,Single,0,,,Yes,38,2031-08-20,Flexible contract,11610.0,-24282,No,0,,NA,1,Life event: Adulthood
11440,2011-01-01,11440,Female,51,1960-01-17,0.0023899999999999998,Married,2367,,2037-07-17,No,,,Permanent contract,31648.0,25075,Yes,2,,NA,1,Created
11441,2011-01-01,11441,Male,58,1953-01-09,0.00603,Single,0,,,No,,,Permanent contract,43494.0,10872,No,0,,NA,1,Created
11442,2011-01-01,11442,Female,65,1946-05-02,0.007559999999999999,Married,2368,,2052-01-15,Yes,,,Entrepreneur without personnel,11650.0,-28828,Yes,1,,NA,1,Created
17288,2011-05-02,11442,Female,66,1946-05-02,0.007559999999999999,Married,2368,,2052-01-15,Yes,,,Retired,8154.999999999999,-28828,Yes,1,,NA,1,Life event: Retired
11443,2011-01-01,11443,Female,51,1960-08-17,0.0023899999999999998,Married,2369,,2053-07-01,No,,,Flexible contract,16175.0,2520,No,1,,NA,1,Created
11444,2011-01-01,11444,Female,45,1966-07-15,0.00134,Divorced,0,,,Yes,,,Permanent contract,27690.0,17436,No,0,,NA,1,Created
11445,2011-01-01,11445,Female,20,1991-12-24,0.00018,Single,0,,,No,,,Permanent contract,26152.0,481510,Yes,0,31.0,2022-01-15,1,Created
11446,2011-01-01,11446,Male,56,1955-07-20,0.0052,Married,2302,,2047-10-20,No,,,Permanent contract,19088.0,382914,Yes,1,,NA,1,Created
11447,2011-01-01,11447,Male,70,1941-05-14,0.01932,Married,2303,,2040-12-18,No,,,Retired,18248.0,163171,Yes,2,,NA,1,Created
11448,2011-01-01,11448,Male,80,1931-09-25,0.05987000000000001,Widowed,0,,,No,,,Retired,74282.0,257832,Yes,0,,NA,1,Created
11449,2011-01-01,11449,Female,65,1946-02-24,0.007559999999999999,Married,2370,,2061-10-22,No,,,Permanent contract,8580.0,44,Yes,2,,NA,1,Created
16971,2011-02-24,11449,Female,66,1946-02-24,0.007559999999999999,Married,2370,,2061-10-22,No,,,Retired,6006.0,44,Yes,2,,NA,1,Life event: Retired
11450,2011-01-01,11450,Male,20,1991-02-13,0.00045,Single,0,,,No,,,Permanent contract,12871.0,5878,Yes,0,,NA,1,Created
11451,2011-01-01,11451,Female,22,1989-03-13,0.00023999999999999998,Single,0,,,No,,,Permanent contract,37645.0,904589,Yes,0,28.0,2017-08-11,1,Created
11452,2011-01-01,11452,Female,17,1994-02-07,0.0001,Single,0,,,No,,,Child,0.0,0,No,0,34.0,2028-12-01,1,Created
16865,2011-02-07,11452,Female,18,1994-02-07,0.0001,Single,0,,,No,,,Permanent contract,15550.0,70659,No,0,34,2028-12-01,1,Life event: Adulthood
11453,2011-01-01,11453,Male,27,1984-11-24,0.00044,Married,2304,,2053-04-02,No,,,Permanent contract,16589.0,1425,Yes,2,,NA,1,Created
11454,2011-01-01,11454,Male,48,1963-09-28,0.0021100000000000003,Single,0,,,No,,,Permanent contract,17874.0,209651,No,0,,NA,1,Created
11455,2011-01-01,11455,Female,21,1990-10-17,0.00016,Single,0,,,No,,,Entrepreneur without personnel,32255.0,173099,No,0,40.0,2030-09-01,1,Created
11456,2011-01-01,11456,Male,37,1974-02-23,0.00082,Married,2305,,2022-03-21,No,,,Permanent contract,25585.0,56550,Yes,1,,NA,1,Created
11457,2011-01-01,11457,Male,10,2001-05-06,0.00011999999999999999,Single,0,,,No,,,Child,0.0,0,No,0,,NA,1,Created
11458,2011-01-01,11458,Female,26,1985-03-08,1.0,Married,2371,,2012-12-23,Yes,,,Entrepreneur without personnel,26784.0,-10528,Yes,1,31.0,2016-05-18,1,Created
18990,2012-08-08,11458,Female,28,1985-03-08,1.0,Married,2371,,2012-12-23,Yes,,,Entrepreneur without personnel,26784.0,-10528,Yes,1,31,2016-05-18,0,Life event: Deceased
11459,2011-01-01,11459,Female,18,1993-07-07,0.00023999999999999998,Single,0,,,No,,,Permanent contract,11015.0,-42916,No,0,27.0,2020-07-17,1,Created
11460,2011-01-01,11460,Female,20,1991-06-28,0.00018,Single,0,,,Yes,51.0,2042-08-02,Permanent contract,29947.0,155068,No,0,27.0,2018-09-08,1,Created
11461,2011-01-01,11461,Male,62,1949-03-11,0.008409999999999999,Married,2306,,2013-08-28,No,,,Permanent contract,6060.0,35585,Yes,2,,NA,1,Created
11462,2011-01-01,11462,Male,40,1971-08-01,0.0009400000000000001,Married,2307,,2053-01-16,Yes,,,Permanent contract,5800.0,204078,Yes,2,,NA,1,Created
11463,2011-01-01,11463,Female,65,1946-05-07,0.007559999999999999,Married,2372,,2015-11-01,Yes,,,Permanent contract,17795.0,-10245,Yes,2,,NA,1,Created
17320,2011-05-07,11463,Female,66,1946-05-07,0.007559999999999999,Married,2372,,2015-11-01,Yes,,,Retired,12456.5,-10245,Yes,2,,NA,1,Life event: Retired
11464,2011-01-01,11464,Female,34,1977-04-28,0.00037,Single,0,,,Yes,37.0,2014-12-08,Permanent contract,26416.0,24207,Yes,0,41.0,2018-08-16,1,Created
11465,2011-01-01,11465,Female,65,1946-11-14,0.007559999999999999,Married,2373,,2049-12-01,No,,,Permanent contract,15752.0,-21712,No,3,,NA,1,Created
18181,2011-11-14,11465,Female,66,1946-11-14,0.007559999999999999,Married,2373,,2049-12-01,No,,,Retired,11026.4,-21712,No,3,,NA,1,Life event: Retired
11466,2011-01-01,11466,Female,20,1991-04-02,0.00018,Single,0,,,No,,,Permanent contract,26988.0,12321,Yes,0,26.0,2017-04-19,1,Created
11467,2011-01-01,11467,Female,64,1947-09-09,0.00713,Widowed,0,,,Yes,,,Flexible contract,50709.0,-4821,Yes,0,,NA,1,Created
17906,2011-09-09,11467,Female,65,1947-09-09,0.00713,Widowed,0,,,Yes,,,Retired,35496.299999999996,-4821,Yes,0,,NA,1,Life event: Retired
11468,2011-01-01,11468,Female,40,1971-05-11,0.0006900000000000001,Married,2374,,2070-03-25,Yes,,,Permanent contract,13154.0,16028,Yes,2,,NA,1,Created
11469,2011-01-01,11469,Female,42,1969-10-15,0.001,Divorced,0,,,No,,,Permanent contract,42555.0,278515,No,0,,NA,1,Created
11470,2011-01-01,11470,Female,24,1987-10-27,0.00018999999999999998,Single,0,,,No,,,Family business,51166.0,8900,No,0,24.0,2011-05-11,1,Created
11471,2011-01-01,11471,Female,74,1937-10-23,0.0185,Married,2375,,2055-09-11,Yes,,,Retired,28646.0,41483,Yes,2,,NA,1,Created
11472,2011-01-01,11472,Female,18,1993-12-13,0.00023999999999999998,Single,0,,,Yes,27.0,2020-09-26,Entrepreneur without personnel,47238.0,42795,Yes,0,30.0,2023-06-15,1,Created
11473,2011-01-01,11473,Female,49,1962-04-26,0.00193,Married,2376,,2020-09-03,Yes,,,Flexible contract,30992.0,46190,No,2,,NA,1,Created
11474,2011-01-01,11474,Male,48,1963-07-27,0.0021100000000000003,Single,0,,,Yes,38.0,,Permanent contract,48972.0,-4945,No,0,,NA,1,Created
11475,2011-01-01,11475,Male,52,1959-12-10,0.00314,Single,0,,,Yes,30.0,,Entrepreneur without personnel,3282.0,33462,No,0,,NA,1,Created
11476,2011-01-01,11476,Female,63,1948-01-06,0.00672,Married,2377,,2014-12-03,No,,,Permanent contract,73553.0,3972,Yes,1,,NA,1,Created
18405,2012-01-06,11476,Female,65,1948-01-06,0.00672,Married,2377,,2014-12-03,No,,,Retired,51487.1,3972,Yes,1,,NA,1,Life event: Retired
11477,2011-01-01,11477,Male,34,1977-08-25,0.00067,Single,0,,,Yes,34.0,2011-05-15,Permanent contract,38288.0,5934,No,0,,NA,1,Created
17358,2011-05-15,11477,Male,34,1977-08-25,0.00067,Married,3437,23,2034-10-08,Yes,34,2011-05-15,Permanent contract,38288.0,5934,No,0,,NA,1,Life event: Married
11478,2011-01-01,11478,Male,9,2002-11-14,0.00014,Single,0,,,No,,,Child,0.0,0,Yes,0,,NA,1,Created
11479,2011-01-01,11479,Male,16,1995-06-01,0.00029,Single,0,,,Yes,50.0,2045-09-02,Child,0.0,0,Yes,0,,NA,1,Created
18806,2012-06-01,11479,Male,18,1995-06-01,0.00029,Single,0,,,No,,,Permanent contract,4423.0,-36116,Yes,0,,NA,1,Life event: Adulthood
11480,2011-01-01,11480,Male,16,1995-06-14,0.00029,Single,0,,,No,,,Child,0.0,0,Yes,0,,NA,1,Created
18844,2012-06-14,11480,Male,18,1995-06-14,0.00029,Single,0,,,No,,,Permanent contract,5415.0,-40903,Yes,0,,NA,1,Life event: Adulthood
11481,2011-01-01,11481,Female,49,1962-12-04,0.00193,Married,2378,,2024-07-21,Yes,,,Entrepreneur without personnel,44290.0,312215,No,2,,NA,1,Created
11482,2011-01-01,11482,Female,49,1962-08-29,0.00193,Married,2379,,2046-04-13,No,,,Permanent contract,28999.0,374182,No,2,,NA,1,Created
11483,2011-01-01,11483,Female,56,1955-12-06,0.0041,Divorced,0,,,Yes,,,Flexible contract,32030.0,3413,No,0,,NA,1,Created
11484,2011-01-01,11484,Male,41,1970-01-02,0.0008900000000000001,Single,0,,,Yes,29.0,,Unemployed,65214.0,19817,Yes,0,,NA,1,Created
11485,2011-01-01,11485,Female,12,1999-07-04,5e-05,Single,0,,,No,,,Child,0.0,0,No,0,38.0,2037-03-05,1,Created
11486,2011-01-01,11486,Male,47,1964-01-19,0.00186,Married,2308,,2054-10-13,No,,,Permanent contract,20620.0,3710,No,2,,NA,1,Created
11487,2011-01-01,11487,Female,21,1990-07-25,0.00016,Single,0,,,No,,,Entrepreneur without personnel,32071.0,34547,Yes,0,28.0,2018-11-10,1,Created
11488,2011-01-01,11488,Male,47,1964-05-01,0.00186,Married,2309,,2047-02-09,No,,,Permanent contract,14782.0,5014,Yes,2,,NA,1,Created
11489,2011-01-01,11489,Male,46,1965-08-19,0.00172,Single,0,,,No,,,Permanent contract,64356.0,142081,Yes,0,,NA,1,Created
11490,2011-01-01,11490,Female,19,1992-08-05,0.00014,Single,0,,,Yes,22.0,2014-02-08,Entrepreneur with personel,12479.0,292067,No,0,26.0,2018-10-08,1,Created
11491,2011-01-01,11491,Female,48,1963-06-08,0.0018800000000000002,Divorced,0,,,Yes,,,Entrepreneur without personnel,34373.0,172642,Yes,0,,NA,1,Created
11492,2011-01-01,11492,Male,40,1971-09-10,0.0009400000000000001,Single,0,,,No,,,Entrepreneur with personel,12374.0,345,Yes,0,,NA,1,Created
11493,2011-01-01,11493,Male,49,1962-02-04,0.00242,Single,0,,,Yes,76.0,2038-12-25,Permanent contract,13056.0,1126,No,0,,NA,1,Created
11494,2011-01-01,11494,Male,9,2002-09-22,0.00014,Single,0,,,Yes,27.0,2029-10-04,Child,0.0,0,No,0,,NA,1,Created
11495,2011-01-01,11495,Male,61,1950-10-26,0.00747,Married,2310,,2044-04-25,No,,,Permanent contract,22862.0,42507,Yes,1,,NA,1,Created
11496,2011-01-01,11496,Female,15,1996-09-06,8e-05,Single,0,,,No,,,Child,0.0,0,No,0,31.0,2027-08-06,1,Created
11497,2011-01-01,11497,Male,20,1991-08-30,0.00045,Single,0,,,No,,,Entrepreneur without personnel,18762.0,141,Yes,0,,NA,1,Created
11498,2011-01-01,11498,Male,60,1951-03-15,0.006840000000000001,Married,2311,,2030-09-24,Yes,,,Entrepreneur without personnel,28996.0,340857,No,1,,NA,1,Created
11499,2011-01-01,11499,Female,36,1975-02-26,0.00049,Divorced,0,,,No,,,Permanent contract,49111.0,1455,Yes,0,,NA,1,Created
11500,2011-01-01,11500,Female,42,1969-08-01,0.001,Married,2380,,2023-11-25,No,,,Permanent contract,7181.0,451537,No,3,,NA,1,Created
11501,2011-01-01,11501,Female,40,1971-06-12,0.0006900000000000001,Divorced,0,,,No,,,Flexible contract,5615.0,563,No,0,,NA,1,Created
11502,2011-01-01,11502,Female,44,1967-10-25,0.00107,Single,0,,,No,,,Flexible contract,17947.0,-32939,No,0,,NA,1,Created
11503,2011-01-01,11503,Female,35,1976-11-06,0.00033999999999999997,Single,0,,,No,,,Permanent contract,21860.0,-32111,Yes,0,37.0,2013-04-23,1,Created
11504,2011-01-01,11504,Female,49,1962-08-03,0.00193,Married,2381,,2016-04-24,No,,,Permanent contract,6116.0,7073,Yes,2,,NA,1,Created
11505,2011-01-01,11505,Male,48,1963-02-02,0.0021100000000000003,Married,2312,,2039-06-06,No,,,Permanent contract,44611.0,706,Yes,2,,NA,1,Created
11506,2011-01-01,11506,Female,40,1971-04-23,0.0006900000000000001,Single,0,,,Yes,22.0,,Permanent contract,5316.0,369220,Yes,0,,NA,1,Created
11507,2011-01-01,11507,Male,32,1979-06-09,0.00059,Married,2313,,2012-04-04,Yes,,,Unemployed,7080.0,478,Yes,2,,NA,1,Created
18648,2012-04-04,11507,Male,33,1979-06-09,0.00059,Divorced,2313,,2012-04-04,Yes,,,Unemployed,7080.0,478,Yes,2,,NA,1,Life event: Divorced
11508,2011-01-01,11508,Male,51,1960-04-29,0.00301,Married,2314,,2043-05-15,No,,,Permanent contract,36663.0,25526,Yes,2,,NA,1,Created
11509,2011-01-01,11509,Female,54,1957-09-24,0.00313,Married,2382,,2033-08-29,Yes,,,Entrepreneur without personnel,12842.0,8127,No,2,,NA,1,Created
11510,2011-01-01,11510,Male,55,1956-10-31,0.00419,Married,2315,,2059-04-25,Yes,,,Permanent contract,30407.0,147858,Yes,2,,NA,1,Created
11511,2011-01-01,11511,Female,65,1946-10-06,0.007559999999999999,Married,2383,,2037-01-01,No,,,Permanent contract,12199.0,804081,No,1,,NA,1,Created
18019,2011-10-06,11511,Female,66,1946-10-06,0.007559999999999999,Married,2383,,2037-01-01,No,,,Retired,8539.3,804081,No,1,,NA,1,Life event: Retired
11512,2011-01-01,11512,Female,5,2006-08-23,4e-05,Single,0,,,Yes,46.0,2052-01-18,Child,0.0,0,Yes,0,28.0,2034-09-20,1,Created
11513,2011-01-01,11513,Male,56,1955-09-27,0.0052,Married,2316,,2022-01-21,Yes,,,Permanent contract,23741.0,2711,No,2,,NA,1,Created
11514,2011-01-01,11514,Male,47,1964-04-30,0.00186,Divorced,0,,,No,,,Entrepreneur without personnel,34279.0,27065,Yes,0,,NA,1,Created
11515,2011-01-01,11515,Male,63,1948-09-01,0.00945,Married,2317,,2015-03-06,Yes,,,Permanent contract,32474.0,41157,Yes,1,,NA,1,Created
19060,2012-09-01,11515,Male,65,1948-09-01,0.00945,Married,2317,,2015-03-06,Yes,,,Retired,22731.8,41157,Yes,1,,NA,1,Life event: Retired
11516,2011-01-01,11516,Male,21,1990-02-12,0.00045,Single,0,,,Yes,58.0,2048-05-15,Entrepreneur without personnel,6472.0,-4031,No,0,,NA,1,Created
11517,2011-01-01,11517,Male,77,1934-10-02,0.0418,Married,2318,,2049-02-28,Yes,,,Retired,21026.0,40435,No,1,,NA,1,Created
11518,2011-01-01,11518,Female,75,1936-04-05,0.01986,Married,2384,,2019-11-02,Yes,,,Retired,5319.0,-41724,No,1,,NA,1,Created
11519,2011-01-01,11519,Female,46,1965-09-24,0.00134,Married,2385,,2055-07-19,No,,,Flexible contract,10732.0,40225,No,2,,NA,1,Created
11520,2011-01-01,11520,Male,27,1984-09-04,0.00044,Married,2319,,2031-08-17,No,,,Permanent contract,36940.0,383189,No,1,,NA,1,Created
11521,2011-01-01,11521,Female,48,1963-02-02,0.0018800000000000002,Divorced,0,,,Yes,,,Flexible contract,26244.0,4948,No,0,,NA,1,Created
11522,2011-01-01,11522,Female,16,1995-09-30,8e-05,Single,0,,,No,,,Child,0.0,0,No,0,30.0,2025-04-30,1,Created
19133,2012-09-30,11522,Female,18,1995-09-30,8e-05,Single,0,,,Yes,26,2020-08-18,Entrepreneur without personnel,632.0,4100876,No,0,30,2025-04-30,1,Life event: Adulthood
11523,2011-01-01,11523,Male,48,1963-04-29,0.0021100000000000003,Married,2320,,2029-07-12,No,,,Permanent contract,25094.0,100276,No,2,,NA,1,Created
11524,2011-01-01,11524,Female,44,1967-01-07,0.00107,Married,2386,,2018-11-30,No,,,Flexible contract,15307.0,-6513,Yes,2,,NA,1,Created
11525,2011-01-01,11525,Female,63,1948-11-26,0.00672,Married,2387,,2021-08-03,No,,,Flexible contract,84657.0,-32480,No,2,,NA,1,Created
19276,2012-11-26,11525,Female,65,1948-11-26,0.00672,Married,2387,,2021-08-03,No,,,Retired,59259.899999999994,-32480,No,2,,NA,1,Life event: Retired
11526,2011-01-01,11526,Female,25,1986-12-17,0.00022999999999999998,Single,0,,,Yes,22.0,,Permanent contract,46823.0,-2772,No,0,30.0,2016-04-30,1,Created
11527,2011-01-01,11527,Female,54,1957-09-02,0.00313,Divorced,0,,,Yes,,,Permanent contract,24561.0,78840,Yes,0,,NA,1,Created
11528,2011-01-01,11528,Male,98,1913-05-13,0.33792,Widowed,0,,,No,,,Retired,22382.0,3597,Yes,0,,NA,1,Created
11529,2011-01-01,11529,Male,7,2004-08-19,9e-05,Single,0,,,No,,,Child,0.0,0,No,0,,NA,1,Created
11530,2011-01-01,11530,Male,41,1970-01-15,0.0008900000000000001,Married,2321,,2046-10-31,Yes,,,Family business,42512.0,6344,No,3,,NA,1,Created
11531,2011-01-01,11531,Male,48,1963-11-12,0.0021100000000000003,Married,2322,,2017-11-27,Yes,,,Permanent contract,11854.0,459653,No,1,,NA,1,Created
11532,2011-01-01,11532,Male,27,1984-12-19,0.00044,Single,0,,,Yes,32.0,2016-08-02,Permanent contract,6762.0,486519,Yes,0,,NA,1,Created
11533,2011-01-01,11533,Female,65,1946-05-09,0.007559999999999999,Married,2388,,2032-08-24,No,,,Permanent contract,122905.0,403405,Yes,1,,NA,1,Created
17333,2011-05-09,11533,Female,66,1946-05-09,0.007559999999999999,Married,2388,,2032-08-24,No,,,Retired,86033.5,403405,Yes,1,,NA,1,Life event: Retired
11534,2011-01-01,11534,Male,58,1953-05-30,0.00603,Married,2323,,2024-02-28,No,,,Permanent contract,12229.0,192264,No,2,,NA,1,Created
11535,2011-01-01,11535,Male,66,1945-03-30,0.01401,Married,2324,,2054-02-03,Yes,,,Permanent contract,23852.0,-37640,Yes,2,,NA,1,Created
17144,2011-03-30,11535,Male,67,1945-03-30,0.01401,Married,2324,,2054-02-03,Yes,,,Retired,16696.399999999998,-37640,Yes,2,,NA,1,Life event: Retired
11536,2011-01-01,11536,Male,66,1945-09-19,0.01401,Married,2325,,2031-09-15,Yes,,,Permanent contract,7756.0,35663,Yes,3,,NA,1,Created
17950,2011-09-19,11536,Male,67,1945-09-19,0.01401,Married,2325,,2031-09-15,Yes,,,Retired,5429.2,35663,Yes,3,,NA,1,Life event: Retired
11537,2011-01-01,11537,Female,53,1958-11-28,0.00312,Married,2389,,2026-02-21,No,,,Permanent contract,4894.0,154901,No,2,,NA,1,Created
11538,2011-01-01,11538,Female,72,1939-02-16,0.01411,Married,2390,,2045-09-12,No,,,Retired,14225.0,35320,No,2,,NA,1,Created
11539,2011-01-01,11539,Male,56,1955-05-15,0.0052,Married,2326,,2011-05-20,No,,,Permanent contract,33696.0,179,No,3,,NA,1,Created
17397,2011-05-20,11539,Male,57,1955-05-15,0.0052,Divorced,2326,,2011-05-20,No,,,Permanent contract,33696.0,179,No,3,,NA,1,Life event: Divorced
11540,2011-01-01,11540,Female,69,1942-03-16,0.0108,Married,2391,,2015-08-13,Yes,,,Retired,91195.0,156,Yes,2,,NA,1,Created
11541,2011-01-01,11541,Female,45,1966-04-29,0.00134,Married,2392,,2011-09-16,No,,,Flexible contract,23848.0,155313,Yes,3,,NA,1,Created
17928,2011-09-16,11541,Female,46,1966-04-29,0.00134,Divorced,2392,,2011-09-16,No,,,Flexible contract,23848.0,155313,Yes,3,,NA,1,Life event: Divorced
11542,2011-01-01,11542,Male,62,1949-09-23,0.008409999999999999,Divorced,0,,,No,,,Permanent contract,46209.0,360194,No,0,,NA,1,Created
11543,2011-01-01,11543,Female,20,1991-10-31,0.00018,Single,0,,,Yes,26.0,2017-11-26,Entrepreneur with personel,17899.0,137689,Yes,0,34.0,2025-03-14,1,Created
11544,2011-01-01,11544,Female,36,1975-05-31,0.00049,Divorced,0,,,No,,,Permanent contract,36148.0,-1702,Yes,0,,NA,1,Created
11545,2011-01-01,11545,Male,48,1963-04-17,0.0021100000000000003,Married,2327,,2047-06-22,Yes,,,Permanent contract,13421.0,98566,Yes,2,,NA,1,Created
11546,2011-01-01,11546,Female,59,1952-07-19,0.00479,Married,2393,,2039-02-24,No,,,Permanent contract,22986.0,-34239,Yes,2,,NA,1,Created
11547,2011-01-01,11547,Female,46,1965-11-03,0.00134,Married,2394,,2041-11-13,No,,,Permanent contract,45300.0,23889,Yes,1,,NA,1,Created
19053,2012-08-30,11547,Female,47,1965-11-03,0.00134,Married,2394,,2041-11-13,No,,,Permanent contract,45300.0,23889,Yes,1,,NA,0,Life event: Deceased
11548,2011-01-01,11548,Male,25,1986-10-03,0.00033999999999999997,Single,0,,,Yes,33.0,2019-05-10,Permanent contract,14074.0,-17636,Yes,0,,NA,1,Created
11549,2011-01-01,11549,Male,67,1944-09-02,0.01396,Divorced,0,,,Yes,,,Permanent contract,23483.0,789,Yes,0,,NA,1,Created
17885,2011-09-02,11549,Male,68,1944-09-02,0.01396,Divorced,0,,,Yes,,,Retired,16438.1,789,Yes,0,,NA,1,Life event: Retired
11550,2011-01-01,11550,Female,8,2003-12-12,2.9999999999999997e-05,Single,0,,,Yes,64.0,2067-12-05,Child,0.0,0,Yes,0,29.0,2032-12-24,1,Created
11551,2011-01-01,11551,Female,42,1969-05-29,0.001,Divorced,0,,,No,,,Permanent contract,48871.0,3596,Yes,0,,NA,1,Created
11552,2011-01-01,11552,Female,26,1985-12-19,1.0,Single,0,,,Yes,46.0,2031-05-26,Permanent contract,21117.0,2507,Yes,0,,NA,1,Created
17962,2011-09-21,11552,Female,26,1985-12-19,1.0,Single,0,,,Yes,46,2031-05-26,Permanent contract,21117.0,2507,Yes,0,,NA,0,Life event: Deceased
11553,2011-01-01,11553,Female,29,1982-02-17,0.00032,Single,0,,,Yes,31.0,2013-04-17,Permanent contract,10010.0,43916,Yes,0,33.0,2015-11-18,1,Created
11554,2011-01-01,11554,Female,4,2007-02-08,5.9999999999999995e-05,Single,0,,,No,,,Child,0.0,0,Yes,0,38.0,2045-05-14,1,Created
11555,2011-01-01,11555,Male,60,1951-06-27,0.006840000000000001,Divorced,0,,,No,,,Permanent contract,3306.0,51785,No,0,,NA,1,Created
11556,2011-01-01,11556,Male,49,1962-05-27,0.00242,Married,2328,,2013-11-28,Yes,,,Permanent contract,1115.0,2072709,No,2,,NA,1,Created
11557,2011-01-01,11557,Female,20,1991-06-22,0.00018,Single,0,,,Yes,37.0,2028-04-17,Permanent contract,26516.0,359307,Yes,0,37.0,2028-06-15,1,Created
11558,2011-01-01,11558,Female,69,1942-08-20,0.0108,Widowed,0,,,No,,,Retired,17946.0,555,Yes,0,,NA,1,Created
11559,2011-01-01,11559,Male,60,1951-06-08,0.006840000000000001,Married,2329,,2019-12-14,Yes,,,Permanent contract,26805.0,-39545,Yes,1,,NA,1,Created
11560,2011-01-01,11560,Male,58,1953-07-11,0.00603,Divorced,0,,,No,,,Permanent contract,161101.0,422239,No,0,,NA,1,Created
11561,2011-01-01,11561,Female,52,1959-08-25,0.00268,Single,0,,,No,,,Entrepreneur without personnel,25793.0,-16656,No,0,,NA,1,Created
11562,2011-01-01,11562,Female,39,1972-12-13,0.00074,Single,0,,,Yes,34.0,,Permanent contract,79183.0,528,Yes,0,,NA,1,Created
11563,2011-01-01,11563,Female,65,1946-06-12,0.007559999999999999,Married,2395,,2034-10-14,Yes,,,Permanent contract,41432.0,85829,Yes,1,,NA,1,Created
17499,2011-06-12,11563,Female,66,1946-06-12,0.007559999999999999,Married,2395,,2034-10-14,Yes,,,Retired,29002.399999999998,85829,Yes,1,,NA,1,Life event: Retired
11564,2011-01-01,11564,Female,26,1985-07-03,1.0,Single,0,,,No,,,Entrepreneur without personnel,47537.0,296636,No,0,,NA,1,Created
16874,2011-02-08,11564,Female,26,1985-07-03,1.0,Single,0,,,No,,,Entrepreneur without personnel,47537.0,296636,No,0,,NA,0,Life event: Deceased
11565,2011-01-01,11565,Male,20,1991-07-25,0.00045,Single,0,,,No,,,Flexible contract,10458.0,14830,Yes,0,,NA,1,Created
11566,2011-01-01,11566,Female,57,1954-11-22,0.00387,Married,2396,,2013-09-08,No,,,Permanent contract,7487.0,9345,Yes,3,,NA,1,Created
11567,2011-01-01,11567,Male,56,1955-09-19,0.0052,Married,2330,,2033-08-24,No,,,Permanent contract,16163.0,353466,Yes,1,,NA,1,Created
11568,2011-01-01,11568,Male,79,1932-09-04,0.05364,Married,2331,,2021-12-27,No,,,Retired,7347.0,151995,Yes,2,,NA,1,Created
11569,2011-01-01,11569,Male,16,1995-11-16,0.00029,Single,0,,,No,,,Child,0.0,0,Yes,0,,NA,1,Created
19248,2012-11-16,11569,Male,18,1995-11-16,0.00029,Single,0,,,No,,,Flexible contract,510.0,-15634,Yes,0,,NA,1,Life event: Adulthood
11570,2011-01-01,11570,Male,71,1940-05-03,0.02034,Single,0,,,No,,,Retired,2783.0,4897,Yes,0,,NA,1,Created
11571,2011-01-01,11571,Female,47,1964-11-08,0.00168,Divorced,0,,,No,,,Permanent contract,15793.0,-43566,No,0,,NA,1,Created
11572,2011-01-01,11572,Male,72,1939-02-07,0.02384,Married,2332,,2012-09-28,Yes,,,Retired,1036.0,156075,Yes,1,,NA,1,Created
19128,2012-09-28,11572,Male,74,1939-02-07,0.02384,Divorced,2332,,2012-09-28,Yes,,,Retired,1036.0,156075,Yes,1,,NA,1,Life event: Divorced
11573,2011-01-01,11573,Male,28,1983-11-09,0.00045,Single,0,,,No,,,Flexible contract,20419.0,280588,Yes,0,,NA,1,Created
11574,2011-01-01,11574,Female,7,2004-05-07,7e-05,Single,0,,,Yes,29.0,2033-05-31,Child,0.0,0,No,0,32.0,2036-11-21,1,Created
11575,2011-01-01,11575,Male,57,1954-08-24,0.00572,Widowed,0,,,No,,,Permanent contract,2248.0,1398,Yes,0,,NA,1,Created
11576,2011-01-01,11576,Male,56,1955-04-11,0.0052,Married,2333,,2047-08-01,Yes,,,Permanent contract,52499.0,861,No,1,,NA,1,Created
11577,2011-01-01,11577,Female,78,1933-08-30,0.02817,Married,2397,,2051-02-12,Yes,,,Retired,56630.0,497643,No,2,,NA,1,Created
17386,2011-05-18,11577,Female,78,1933-08-30,0.02817,Married,2397,,2051-02-12,Yes,,,Retired,56630.0,497643,No,2,,NA,0,Life event: Deceased
11578,2011-01-01,11578,Male,54,1957-05-13,0.00404,Married,2334,,2016-02-26,No,,,Permanent contract,14189.0,-3786,Yes,2,,NA,1,Created
11579,2011-01-01,11579,Male,66,1945-05-08,0.01401,Widowed,0,,,No,,,Permanent contract,11830.0,-35732,Yes,0,,NA,1,Created
17326,2011-05-08,11579,Male,67,1945-05-08,0.01401,Widowed,0,,,No,,,Retired,8281.0,-35732,Yes,0,,NA,1,Life event: Retired
11580,2011-01-01,11580,Female,14,1997-07-17,9e-05,Single,0,,,No,,,Child,0.0,0,Yes,0,25.0,2022-12-10,1,Created
11581,2011-01-01,11581,Female,57,1954-02-06,0.00387,Married,2398,,2032-07-22,Yes,,,Entrepreneur without personnel,4585.0,131353,No,2,,NA,1,Created
11582,2011-01-01,11582,Male,16,1995-01-21,0.00029,Single,0,,,No,,,Child,0.0,0,No,0,,NA,1,Created
18455,2012-01-21,11582,Male,18,1995-01-21,0.00029,Single,0,,,Yes,34,2028-01-26,Permanent contract,31761.0,-29567,No,0,,NA,1,Life event: Adulthood
11583,2011-01-01,11583,Female,11,2000-04-05,7e-05,Single,0,,,Yes,27.0,2027-04-02,Child,0.0,0,Yes,0,42.0,2042-11-20,1,Created
11584,2011-01-01,11584,Female,11,2000-02-21,7e-05,Single,0,,,Yes,43.0,2043-12-23,Child,0.0,0,No,0,32.0,2032-12-22,1,Created
11585,2011-01-01,11585,Male,10,2001-12-09,0.00011999999999999999,Single,0,,,Yes,45.0,2046-06-06,Child,0.0,0,No,0,,NA,1,Created
11586,2011-01-01,11586,Female,31,1980-02-10,0.00029,Married,2399,,2053-05-01,Yes,,,Flexible contract,35978.0,24107,Yes,2,,NA,1,Created
11587,2011-01-01,11587,Male,50,1961-01-23,0.00257,Married,2335,,2039-12-08,No,,,Permanent contract,39959.0,417469,No,1,,NA,1,Created
11588,2011-01-01,11588,Female,53,1958-11-19,0.00312,Married,2400,,2043-12-27,No,,,Unemployed,19928.0,-6511,No,2,,NA,1,Created
11589,2011-01-01,11589,Male,43,1968-12-10,0.00103,Divorced,0,,,No,,,Permanent contract,43472.0,36958,Yes,0,,NA,1,Created
11590,2011-01-01,11590,Female,69,1942-10-23,0.0108,Married,2401,,2063-04-17,Yes,,,Retired,90839.0,4219,No,2,,NA,1,Created
11591,2011-01-01,11591,Female,27,1984-01-03,0.00025,Single,0,,,No,,,Permanent contract,5657.0,5437,Yes,0,38.0,2022-05-01,1,Created
11592,2011-01-01,11592,Male,29,1982-01-14,0.0005200000000000001,Single,0,,,Yes,27.0,,Entrepreneur with personel,27459.0,-16192,Yes,0,,NA,1,Created
11593,2011-01-01,11593,Male,68,1943-10-08,0.01522,Married,2336,,2037-06-11,No,,,Retired,12008.0,-25033,Yes,2,,NA,1,Created
11594,2011-01-01,11594,Male,9,2002-04-07,0.00014,Single,0,,,No,,,Child,0.0,0,No,0,,NA,1,Created
11595,2011-01-01,11595,Male,59,1952-11-26,0.00717,Married,2337,,2045-05-02,No,,,Permanent contract,3916.0,131080,Yes,2,,NA,1,Created
11596,2011-01-01,11596,Female,12,1999-12-17,5e-05,Single,0,,,Yes,29.0,2028-10-10,Child,0.0,0,Yes,0,31.0,2030-09-14,1,Created
11597,2011-01-01,11597,Female,50,1961-02-15,0.00225,Married,2402,,2060-03-08,Yes,,,Permanent contract,19244.0,1589,Yes,2,,NA,1,Created
11598,2011-01-01,11598,Male,72,1939-06-19,0.02384,Married,2338,,2034-12-07,No,,,Retired,13630.0,750,Yes,1,,NA,1,Created
11599,2011-01-01,11599,Male,34,1977-12-04,0.00067,Single,0,,,Yes,34.0,2011-03-02,Unemployed,22087.0,25102,Yes,0,,NA,1,Created
17007,2011-03-02,11599,Male,34,1977-12-04,0.00067,Married,3427,21,2032-02-08,Yes,34,2011-03-02,Unemployed,22087.0,25102,Yes,0,,NA,1,Life event: Married
11600,2011-01-01,11600,Female,1,2010-07-05,0.00033999999999999997,Single,0,,,No,,,Child,0.0,0,Yes,0,30.0,2040-09-18,1,Created
11601,2011-01-01,11601,Male,73,1938-08-25,0.0262,Married,2339,,2051-07-19,Yes,,,Retired,22806.0,883328,No,2,,NA,1,Created
11602,2011-01-01,11602,Female,63,1948-06-16,0.00672,Married,2403,,2019-04-23,No,,,Permanent contract,6762.0,141872,No,2,,NA,1,Created
18851,2012-06-16,11602,Female,65,1948-06-16,0.00672,Married,2403,,2019-04-23,No,,,Retired,4733.4,141872,No,2,,NA,1,Life event: Retired
11603,2011-01-01,11603,Male,9,2002-03-06,0.00014,Single,0,,,Yes,29.0,2031-06-09,Child,0.0,0,Yes,0,,NA,1,Created
11604,2011-01-01,11604,Female,47,1964-07-01,0.00168,Married,2404,,2022-12-26,No,,,Flexible contract,45220.0,369,Yes,1,,NA,1,Created
11605,2011-01-01,11605,Female,24,1987-10-10,0.00018999999999999998,Single,0,,,No,,,Permanent contract,2215.0,156285,Yes,0,30.0,2017-06-03,1,Created
11606,2011-01-01,11606,Male,32,1979-08-04,0.00059,Married,2340,,2060-10-02,No,,,Permanent contract,23276.0,630702,No,3,,NA,1,Created
11607,2011-01-01,11607,Male,46,1965-08-24,0.00172,Divorced,0,,,No,,,Flexible contract,11737.0,123019,Yes,0,,NA,1,Created
11608,2011-01-01,11608,Female,33,1978-01-30,0.00035,Single,0,,,Yes,30.0,,Permanent contract,55422.0,10259,No,0,,NA,1,Created
11609,2011-01-01,11609,Male,77,1934-05-08,0.0418,Married,2341,,2041-04-26,No,,,Retired,31925.0,38682,No,3,,NA,1,Created
18724,2012-05-05,11609,Male,78,1934-05-08,0.0418,Married,2341,,2041-04-26,No,,,Retired,31925.0,38682,No,3,,NA,0,Life event: Deceased
11610,2011-01-01,11610,Female,40,1971-11-24,0.0006900000000000001,Married,2405,,2035-10-10,Yes,,,Permanent contract,37668.0,-25827,Yes,2,,NA,1,Created
11611,2011-01-01,11611,Male,56,1955-03-07,0.0052,Married,2342,,2049-03-18,No,,,Permanent contract,184711.0,-3641,No,1,,NA,1,Created
11612,2011-01-01,11612,Male,21,1990-04-13,0.00045,Single,0,,,Yes,30.0,2020-11-23,Permanent contract,497.0,19831,Yes,0,,NA,1,Created
11613,2011-01-01,11613,Female,65,1946-07-21,0.007559999999999999,Married,2406,,2023-03-21,Yes,,,Flexible contract,9544.0,476129,Yes,2,,NA,1,Created
17686,2011-07-21,11613,Female,66,1946-07-21,0.007559999999999999,Married,2406,,2023-03-21,Yes,,,Retired,6680.799999999999,476129,Yes,2,,NA,1,Life event: Retired
11614,2011-01-01,11614,Male,53,1958-04-08,0.0033299999999999996,Married,2343,,2059-02-06,Yes,,,Permanent contract,27215.0,-34044,Yes,1,,NA,1,Created
11615,2011-01-01,11615,Male,58,1953-05-26,0.00603,Married,2344,,2028-10-18,Yes,,,Permanent contract,21232.0,346,Yes,3,,NA,1,Created
11616,2011-01-01,11616,Male,17,1994-03-05,0.00022999999999999998,Single,0,,,Yes,20.0,2014-12-09,Child,0.0,0,Yes,0,,NA,1,Created
17022,2011-03-05,11616,Male,18,1994-03-05,0.00022999999999999998,Single,0,,,No,,,Entrepreneur without personnel,38539.0,21809,Yes,0,,NA,1,Life event: Adulthood
11617,2011-01-01,11617,Female,28,1983-09-07,0.00025,Married,2407,,2014-12-23,Yes,,,Permanent contract,15605.0,3805,No,3,34.0,2017-06-01,1,Created
11618,2011-01-01,11618,Male,64,1947-09-09,0.01097,Married,2345,,2048-02-24,Yes,,,Permanent contract,25655.0,155728,No,2,,NA,1,Created
17907,2011-09-09,11618,Male,65,1947-09-09,0.01097,Married,2345,,2048-02-24,Yes,,,Retired,17958.5,155728,No,2,,NA,1,Life event: Retired
11619,2011-01-01,11619,Female,21,1990-09-14,0.00016,Married,2408,,2029-01-01,No,,,Permanent contract,35251.0,358664,No,1,30.0,2020-02-26,1,Created
11620,2011-01-01,11620,Male,46,1965-07-15,0.00172,Widowed,0,,,No,,,Permanent contract,24787.0,7897,No,0,,NA,1,Created
11621,2011-01-01,11621,Female,36,1975-05-25,0.00049,Single,0,,,No,,,Family business,19255.0,64331,No,0,,NA,1,Created
11622,2011-01-01,11622,Male,65,1946-02-15,0.01141,Married,2346,,2029-12-26,Yes,,,Permanent contract,20926.0,-46699,Yes,1,,NA,1,Created
16917,2011-02-15,11622,Male,66,1946-02-15,0.01141,Married,2346,,2029-12-26,Yes,,,Retired,14648.199999999999,-46699,Yes,1,,NA,1,Life event: Retired
11623,2011-01-01,11623,Female,65,1946-10-03,0.007559999999999999,Married,2409,,2045-10-26,Yes,,,Flexible contract,30192.0,89330,No,1,,NA,1,Created
18002,2011-10-03,11623,Female,66,1946-10-03,0.007559999999999999,Married,2409,,2045-10-26,Yes,,,Retired,21134.399999999998,89330,No,1,,NA,1,Life event: Retired
11624,2011-01-01,11624,Female,41,1970-03-05,0.0007700000000000001,Single,0,,,No,,,Permanent contract,21674.0,6242,Yes,0,,NA,1,Created
11625,2011-01-01,11625,Male,84,1927-09-12,0.09176000000000001,Married,2347,,2062-12-12,No,,,Retired,38722.0,113399,Yes,2,,NA,1,Created
11626,2011-01-01,11626,Female,80,1931-09-07,0.03682,Married,2410,,2021-01-16,No,,,Retired,40884.0,153218,Yes,3,,NA,1,Created
11627,2011-01-01,11627,Male,54,1957-02-10,0.00404,Divorced,0,,,Yes,,,Permanent contract,47679.0,261701,No,0,,NA,1,Created
11628,2011-01-01,11628,Female,29,1982-11-09,0.00032,Single,0,,,No,,,Permanent contract,4409.0,214085,Yes,0,35.0,2017-02-22,1,Created
11629,2011-01-01,11629,Male,22,1989-03-02,0.00041,Single,0,,,Yes,30.0,2019-12-14,Permanent contract,46859.0,327788,Yes,0,,NA,1,Created
11630,2011-01-01,11630,Male,25,1986-03-24,0.00033999999999999997,Single,0,,,No,,,Permanent contract,13753.0,15615,Yes,0,,NA,1,Created
11631,2011-01-01,11631,Female,26,1985-07-18,1.0,Single,0,,,No,,,Permanent contract,12345.0,142289,Yes,0,38.0,2023-01-06,1,Created
17355,2011-05-14,11631,Female,26,1985-07-18,1.0,Single,0,,,No,,,Permanent contract,12345.0,142289,Yes,0,38,2023-01-06,0,Life event: Deceased
11632,2011-01-01,11632,Female,9,2002-10-09,2.9999999999999997e-05,Single,0,,,No,,,Child,0.0,0,Yes,0,30.0,2032-11-28,1,Created
11633,2011-01-01,11633,Female,49,1962-04-03,0.00193,Married,2411,,2061-02-07,No,,,Permanent contract,30138.0,-14926,Yes,3,,NA,1,Created
11634,2011-01-01,11634,Female,65,1946-01-11,0.007559999999999999,Married,2412,,2048-09-19,Yes,,,Permanent contract,7035.0,-15988,Yes,2,,NA,1,Created
16720,2011-01-11,11634,Female,66,1946-01-11,0.007559999999999999,Married,2412,,2048-09-19,Yes,,,Retired,4924.5,-15988,Yes,2,,NA,1,Life event: Retired
11635,2011-01-01,11635,Male,46,1965-08-23,0.00172,Divorced,0,,,Yes,,,Permanent contract,20295.0,12011,No,0,,NA,1,Created
11636,2011-01-01,11636,Male,45,1966-05-07,0.0014199999999999998,Married,2348,,2033-08-13,Yes,,,Permanent contract,46612.0,39843,No,1,,NA,1,Created
11637,2011-01-01,11637,Female,55,1956-03-23,0.00372,Married,2413,,2046-10-18,Yes,,,Entrepreneur without personnel,27187.0,238,No,1,,NA,1,Created
11638,2011-01-01,11638,Female,80,1931-07-21,0.03682,Widowed,0,,,No,,,Retired,83846.0,345582,No,0,,NA,1,Created
11639,2011-01-01,11639,Male,89,1922-10-08,0.16272,Married,2349,,2064-04-16,No,,,Retired,96471.0,401136,Yes,2,,NA,1,Created
11640,2011-01-01,11640,Female,24,1987-12-21,0.00018999999999999998,Single,0,,,No,,,Entrepreneur without personnel,13986.0,460972,Yes,0,34.0,2021-10-16,1,Created
11641,2011-01-01,11641,Female,35,1976-08-13,0.00033999999999999997,Married,2414,,2042-10-31,No,,,Permanent contract,14332.0,44248,No,1,,NA,1,Created
11642,2011-01-01,11642,Male,40,1971-04-11,0.0009400000000000001,Married,2350,,2016-05-30,Yes,,,Unemployed,26959.0,102621,No,3,,NA,1,Created
11643,2011-01-01,11643,Female,63,1948-08-04,0.00672,Married,2415,,2055-03-16,Yes,,,Permanent contract,21029.0,146391,Yes,1,,NA,1,Created
18984,2012-08-04,11643,Female,65,1948-08-04,0.00672,Married,2415,,2055-03-16,Yes,,,Retired,14720.3,146391,Yes,1,,NA,1,Life event: Retired
11644,2011-01-01,11644,Male,25,1986-03-17,0.00033999999999999997,Single,0,,,No,,,Permanent contract,1604.0,47776,Yes,0,,NA,1,Created
11645,2011-01-01,11645,Male,53,1958-01-26,0.0033299999999999996,Single,0,,,Yes,26.0,,Entrepreneur without personnel,26158.0,3639039,Yes,0,,NA,1,Created
11646,2011-01-01,11646,Female,3,2008-07-16,0.00013000000000000002,Single,0,,,Yes,29.0,2037-10-20,Child,0.0,0,No,0,31.0,2039-06-07,1,Created
11647,2011-01-01,11647,Male,39,1972-09-15,0.0008699999999999999,Married,2351,,2040-02-13,Yes,,,Permanent contract,43760.0,19078,No,1,,NA,1,Created
11648,2011-01-01,11648,Female,78,1933-11-07,0.02817,Married,2416,,2042-03-26,No,,,Retired,1345.0,81096,No,2,,NA,1,Created
11649,2011-01-01,11649,Female,73,1938-06-12,0.01577,Married,2417,,2051-05-21,Yes,,,Retired,11116.0,-39723,Yes,3,,NA,1,Created
11650,2011-01-01,11650,Male,56,1955-03-03,0.0052,Divorced,0,,,Yes,,,Flexible contract,79739.0,-40564,Yes,0,,NA,1,Created
11651,2011-01-01,11651,Female,46,1965-04-03,0.00134,Married,2418,,2018-07-18,No,,,Unemployed,12547.0,111222,Yes,2,,NA,1,Created
11652,2011-01-01,11652,Male,61,1950-12-20,0.00747,Married,2352,,2043-09-01,No,,,Flexible contract,35169.0,37294,Yes,2,,NA,1,Created
11653,2011-01-01,11653,Female,3,2008-01-04,0.00013000000000000002,Single,0,,,No,,,Child,0.0,0,Yes,0,29.0,2037-04-04,1,Created
11654,2011-01-01,11654,Female,15,1996-09-02,8e-05,Single,0,,,Yes,10.0,,Child,0.0,0,Yes,0,31.0,2027-02-12,1,Created
11655,2011-01-01,11655,Male,32,1979-12-03,0.00059,Married,2353,,2052-06-24,Yes,,,Flexible contract,8475.0,4922636,No,1,,NA,1,Created
11656,2011-01-01,11656,Male,30,1981-08-11,0.00055,Single,0,,,Yes,20.0,,Permanent contract,11880.0,23532,No,0,,NA,1,Created
11657,2011-01-01,11657,Female,55,1956-02-01,0.00372,Married,2419,,2020-12-26,No,,,Permanent contract,52599.0,18697,Yes,2,,NA,1,Created
11658,2011-01-01,11658,Male,69,1942-10-29,0.01804,Married,2354,,2052-10-06,No,,,Retired,44261.0,629,No,1,,NA,1,Created
11659,2011-01-01,11659,Male,53,1958-12-14,0.0033299999999999996,Married,2355,,2012-05-21,No,,,Permanent contract,37677.0,326589,No,2,,NA,1,Created
18772,2012-05-21,11659,Male,54,1958-12-14,0.0033299999999999996,Divorced,2355,,2012-05-21,No,,,Permanent contract,37677.0,326589,No,2,,NA,1,Life event: Divorced
11660,2011-01-01,11660,Male,76,1935-04-15,0.0375,Widowed,0,,,No,,,Retired,5189.0,109986,No,0,,NA,1,Created
11661,2011-01-01,11661,Female,2,2009-03-29,0.00015,Single,0,,,Yes,21.0,2030-01-28,Child,0.0,0,No,0,28.0,2037-01-30,1,Created
11662,2011-01-01,11662,Male,1,2010-12-12,0.00056,Single,0,,,Yes,43.0,2053-07-18,Child,0.0,0,No,0,,NA,1,Created
11663,2011-01-01,11663,Female,8,2003-04-26,2.9999999999999997e-05,Single,0,,,Yes,27.0,2030-12-31,Child,0.0,0,Yes,0,31.0,2034-12-16,1,Created
11664,2011-01-01,11664,Male,27,1984-09-05,0.00044,Single,0,,,No,,,Permanent contract,493.0,226175,Yes,0,,NA,1,Created
11665,2011-01-01,11665,Male,97,1914-05-23,0.30383000000000004,Widowed,0,,,Yes,,,Retired,1696.0,474737,No,0,,NA,1,Created
11666,2011-01-01,11666,Female,49,1962-12-19,0.00193,Married,2420,,2037-11-28,No,,,Permanent contract,19330.0,137440,Yes,2,,NA,1,Created
11667,2011-01-01,11667,Female,35,1976-01-25,0.00033999999999999997,Single,0,,,No,,,Permanent contract,9724.0,341357,Yes,0,,NA,1,Created
11668,2011-01-01,11668,Female,17,1994-02-12,0.0001,Single,0,,,No,,,Child,0.0,0,Yes,0,34.0,2028-03-28,1,Created
16898,2011-02-12,11668,Female,18,1994-02-12,0.0001,Single,0,,,No,,,Unemployed,11950.0,-990,Yes,0,34,2028-03-28,1,Life event: Adulthood
11669,2011-01-01,11669,Male,49,1962-04-18,0.00242,Divorced,0,,,No,,,Permanent contract,20201.0,-44435,Yes,0,,NA,1,Created
11670,2011-01-01,11670,Male,94,1917-06-23,0.2512,Widowed,0,,,Yes,,,Retired,11497.0,414272,No,0,,NA,1,Created
17289,2011-05-02,11670,Male,94,1917-06-23,0.2512,Widowed,0,,,Yes,,,Retired,11497.0,414272,No,0,,NA,0,Life event: Deceased
11671,2011-01-01,11671,Female,20,1991-04-09,0.00018,Single,0,,,Yes,40.0,2031-08-11,Entrepreneur with personel,7310.0,504183,No,0,24.0,2015-03-15,1,Created
11672,2011-01-01,11672,Female,99,1912-10-26,0.34497,Widowed,0,,,Yes,,,Retired,52377.0,504427,No,0,,NA,1,Created
18581,2012-03-09,11672,Female,100,1912-10-26,0.34497,Widowed,0,,,Yes,,,Retired,52377.0,504427,No,0,,NA,0,Life event: Deceased
11673,2011-01-01,11673,Male,25,1986-07-15,0.00033999999999999997,Married,2356,,2013-04-04,No,,,Permanent contract,9660.0,96700,No,2,,NA,1,Created
11674,2011-01-01,11674,Female,25,1986-11-23,0.00022999999999999998,Single,0,,,No,,,Permanent contract,14005.0,300780,No,0,29.0,2015-11-30,1,Created
11675,2011-01-01,11675,Male,39,1972-10-25,0.0008699999999999999,Married,2357,,2060-09-09,Yes,,,Permanent contract,29653.0,4971,Yes,1,,NA,1,Created
11676,2011-01-01,11676,Female,9,2002-01-21,2.9999999999999997e-05,Single,0,,,No,,,Child,0.0,0,No,0,31.0,2033-12-09,1,Created
11677,2011-01-01,11677,Female,32,1979-10-01,0.00041,Single,0,,,No,,,Permanent contract,43288.0,67874,Yes,0,,NA,1,Created
11678,2011-01-01,11678,Male,59,1952-02-20,0.00717,Divorced,0,,,Yes,,,Permanent contract,10442.0,-20768,No,0,,NA,1,Created
11679,2011-01-01,11679,Female,59,1952-02-18,0.00479,Married,2421,,2038-09-10,Yes,,,Permanent contract,5371.0,282986,No,1,,NA,1,Created
11680,2011-01-01,11680,Male,80,1931-07-12,0.05987000000000001,Widowed,0,,,Yes,,,Retired,17796.0,116927,Yes,0,,NA,1,Created
11681,2011-01-01,11681,Male,76,1935-01-02,0.0375,Widowed,0,,,No,,,Retired,19376.0,401982,Yes,0,,NA,1,Created
11682,2011-01-01,11682,Female,20,1991-01-23,0.00018,Single,0,,,Yes,22.0,2013-04-08,Unemployed,88265.0,305495,No,0,30.0,2021-03-08,1,Created
11683,2011-01-01,11683,Female,77,1934-01-02,0.0259,Widowed,0,,,No,,,Retired,11995.0,987431,Yes,0,,NA,1,Created
11684,2011-01-01,11684,Female,63,1948-06-22,0.00672,Divorced,0,,,Yes,,,Entrepreneur with personel,277951.0,6195,No,0,,NA,1,Created
18874,2012-06-22,11684,Female,65,1948-06-22,0.00672,Divorced,0,,,Yes,,,Retired,194565.69999999998,6195,No,0,,NA,1,Life event: Retired
11685,2011-01-01,11685,Male,20,1991-07-15,0.00045,Single,0,,,Yes,27.0,2018-06-29,Entrepreneur without personnel,66521.0,44605,Yes,0,,NA,1,Created
11686,2011-01-01,11686,Male,66,1945-03-03,0.01401,Married,2358,,2052-09-05,Yes,,,Entrepreneur without personnel,23681.0,-27292,No,2,,NA,1,Created
17018,2011-03-03,11686,Male,67,1945-03-03,0.01401,Married,2358,,2052-09-05,Yes,,,Retired,16576.7,-27292,No,2,,NA,1,Life event: Retired
11687,2011-01-01,11687,Male,39,1972-12-23,0.0008699999999999999,Married,2359,,2030-08-04,Yes,,,Flexible contract,21660.0,79364,No,1,,NA,1,Created
11688,2011-01-01,11688,Female,62,1949-09-05,0.0057399999999999994,Widowed,0,,,Yes,,,Permanent contract,86326.0,123800,No,0,,NA,1,Created
11689,2011-01-01,11689,Female,13,1998-09-08,0.00011999999999999999,Single,0,,,No,,,Child,0.0,0,No,0,37.0,2035-11-26,1,Created
11690,2011-01-01,11690,Female,61,1950-03-24,0.00562,Married,2422,,2052-05-14,No,,,Permanent contract,22162.0,479882,No,1,,NA,1,Created
11691,2011-01-01,11691,Male,20,1991-12-31,0.00045,Single,0,,,No,,,Permanent contract,40353.0,253976,No,0,,NA,1,Created
11692,2011-01-01,11692,Male,26,1985-01-13,1.0,Single,0,,,Yes,54.0,2039-10-13,Permanent contract,11643.0,1587,Yes,0,,NA,1,Created
11693,2011-01-01,11693,Female,80,1931-04-07,0.03682,Widowed,0,,,Yes,,,Retired,17063.0,499202,No,0,,NA,1,Created
11694,2011-01-01,11694,Male,53,1958-02-12,0.0033299999999999996,Married,2360,,2043-08-09,Yes,,,Permanent contract,8611.0,17686,Yes,2,,NA,1,Created
11695,2011-01-01,11695,Female,18,1993-08-18,0.00023999999999999998,Single,0,,,Yes,20.0,2013-01-06,Permanent contract,30615.0,-25092,Yes,0,27.0,2020-09-19,1,Created
11696,2011-01-01,11696,Male,48,1963-05-15,0.0021100000000000003,Married,2361,,2037-10-11,No,,,Permanent contract,5285.0,1525,Yes,1,,NA,1,Created
11697,2011-01-01,11697,Female,62,1949-12-02,0.0057399999999999994,Married,2423,,2017-10-31,No,,,Flexible contract,23483.0,13091,Yes,1,,NA,1,Created
11698,2011-01-01,11698,Female,2,2009-02-03,0.00015,Single,0,,,Yes,35.0,2044-03-28,Child,0.0,0,No,0,21.0,2030-03-10,1,Created
11699,2011-01-01,11699,Male,7,2004-04-15,9e-05,Single,0,,,No,,,Child,0.0,0,No,0,,NA,1,Created
11700,2011-01-01,11700,Female,72,1939-05-14,0.01411,Married,2424,,2046-09-26,Yes,,,Retired,2142.0,272824,No,2,,NA,1,Created
11701,2011-01-01,11701,Male,47,1964-11-30,0.00186,Married,2362,,2015-09-20,Yes,,,Permanent contract,65390.0,258,Yes,1,,NA,1,Created
11702,2011-01-01,11702,Female,36,1975-02-03,0.00049,Single,0,,,No,,,Flexible contract,9247.0,-23206,Yes,0,,NA,1,Created
11703,2011-01-01,11703,Female,58,1953-03-21,0.00448,Widowed,0,,,Yes,,,Permanent contract,11435.0,66840,No,0,,NA,1,Created
11704,2011-01-01,11704,Male,53,1958-08-13,0.0033299999999999996,Married,2363,,2015-05-11,No,,,Flexible contract,25389.0,115289,Yes,1,,NA,1,Created
11705,2011-01-01,11705,Female,28,1983-01-07,0.00025,Married,2425,,2052-04-15,Yes,,,Unemployed,15652.0,138244,No,2,29.0,2012-01-20,1,Created
18452,2012-01-20,11705,Female,30,1983-01-07,0.00025,Married,2425,,2052-04-15,Yes,,,Unemployed,15652.0,138244,No,3,29,2012-01-20,1,Life event: Children born
11706,2011-01-01,11706,Female,25,1986-04-10,0.00022999999999999998,Married,2426,,2018-11-05,Yes,,,Entrepreneur without personnel,26601.0,-827,No,1,32.0,2018-05-12,1,Created
11707,2011-01-01,11707,Male,51,1960-09-08,0.00301,Divorced,0,,,Yes,,,Permanent contract,85593.0,38498,Yes,0,,NA,1,Created
11708,2011-01-01,11708,Female,64,1947-05-21,0.00713,Widowed,0,,,No,,,Permanent contract,88073.0,285526,No,0,,NA,1,Created
17404,2011-05-21,11708,Female,65,1947-05-21,0.00713,Widowed,0,,,No,,,Retired,61651.1,285526,No,0,,NA,1,Life event: Retired
11709,2011-01-01,11709,Female,57,1954-01-31,0.00387,Married,2427,,2013-11-12,Yes,,,Permanent contract,30411.0,717586,No,2,,NA,1,Created
11710,2011-01-01,11710,Male,0,2011-07-12,0.0036200000000000004,Single,0,,,No,,,Child,0.0,0,Yes,0,,NA,1,Created
11711,2011-01-01,11711,Female,49,1962-11-07,0.00193,Married,2428,,2038-10-06,Yes,,,Flexible contract,51835.0,324330,Yes,3,,NA,1,Created
16730,2011-01-13,11711,Female,49,1962-11-07,0.00193,Widowed,2428,,2038-10-06,Yes,,,Flexible contract,51835.0,324330,Yes,3,,NA,1,Life event: Widowed
11712,2011-01-01,11712,Female,77,1934-11-01,0.0259,Married,2429,,2032-10-06,No,,,Retired,9886.0,44226,Yes,2,,NA,1,Created
18845,2012-06-14,11712,Female,78,1934-11-01,0.0259,Married,2429,,2032-10-06,No,,,Retired,9886.0,44226,Yes,2,,NA,0,Life event: Deceased
11713,2011-01-01,11713,Male,43,1968-10-23,0.00103,Married,2364,,2035-12-19,No,,,Permanent contract,22561.0,3454270,No,3,,NA,1,Created
11714,2011-01-01,11714,Male,27,1984-02-02,0.00044,Single,0,,,No,,,Permanent contract,38909.0,16522,Yes,0,,NA,1,Created
11715,2011-01-01,11715,Female,5,2006-12-31,4e-05,Single,0,,,No,,,Child,0.0,0,Yes,0,30.0,2036-06-26,1,Created
11716,2011-01-01,11716,Female,34,1977-05-04,0.00037,Married,2430,,2016-07-08,Yes,,,Permanent contract,8951.0,1196,No,2,35.0,2012-04-03,1,Created
18642,2012-04-03,11716,Female,35,1977-05-04,0.00037,Married,2430,,2016-07-08,Yes,,,Permanent contract,8951.0,1196,No,3,35,2012-04-03,1,Life event: Children born
11717,2011-01-01,11717,Male,99,1912-09-28,0.39916999999999997,Single,0,,,No,,,Retired,16244.0,390181,Yes,0,,NA,1,Created
18992,2012-08-08,11717,Male,100,1912-09-28,0.39916999999999997,Single,0,,,No,,,Retired,16244.0,390181,Yes,0,,NA,0,Life event: Deceased
11718,2011-01-01,11718,Male,63,1948-07-14,0.00945,Married,2365,,2014-10-02,Yes,,,Flexible contract,9935.0,265610,No,2,,NA,1,Created
18929,2012-07-14,11718,Male,65,1948-07-14,0.00945,Married,2365,,2014-10-02,Yes,,,Retired,6954.5,265610,No,2,,NA,1,Life event: Retired
11719,2011-01-01,11719,Female,47,1964-07-31,0.00168,Single,0,,,No,,,Flexible contract,21743.0,1399839,Yes,0,,NA,1,Created
11720,2011-01-01,11720,Female,32,1979-11-05,0.00041,Married,2431,,2019-05-29,Yes,,,Permanent contract,18301.0,4392,Yes,1,32.0,2011-08-29,1,Created
17872,2011-08-29,11720,Female,32,1979-11-05,0.00041,Married,2431,,2019-05-29,Yes,,,Permanent contract,18301.0,4392,Yes,1,32,2011-08-29,1,Life event: Children born
11721,2011-01-01,11721,Male,23,1988-07-10,0.00039,Single,0,,,No,,,Permanent contract,21237.0,65598,Yes,0,,NA,1,Created
11722,2011-01-01,11722,Male,34,1977-03-23,0.00067,Single,0,,,No,,,Permanent contract,17203.0,11156,Yes,0,,NA,1,Created
11723,2011-01-01,11723,Female,22,1989-03-15,0.00023999999999999998,Single,0,,,No,,,Permanent contract,10609.0,3242246,No,0,22.0,2011-02-23,1,Created
11724,2011-01-01,11724,Male,68,1943-10-09,0.01522,Divorced,0,,,Yes,,,Retired,19758.0,90420,Yes,0,,NA,1,Created
11725,2011-01-01,11725,Male,33,1978-08-01,0.00047999999999999996,Single,0,,,No,,,Unemployed,5592.0,580628,Yes,0,,NA,1,Created
11726,2011-01-01,11726,Female,41,1970-06-02,0.0007700000000000001,Married,2432,,2040-10-16,Yes,,,Permanent contract,3354.0,-36613,No,2,,NA,1,Created
11727,2011-01-01,11727,Female,19,1992-01-11,0.00014,Single,0,,,No,,,Flexible contract,38823.0,25952,No,0,30.0,2022-09-11,1,Created
11728,2011-01-01,11728,Male,47,1964-03-15,0.00186,Single,0,,,No,,,Permanent contract,17101.0,-4644,Yes,0,,NA,1,Created
11729,2011-01-01,11729,Male,42,1969-03-06,0.00128,Married,2366,,2016-02-23,Yes,,,Entrepreneur without personnel,37898.0,444425,Yes,2,,NA,1,Created
11730,2011-01-01,11730,Male,4,2007-02-17,0.00011,Single,0,,,Yes,55.0,2062-02-13,Child,0.0,0,No,0,,NA,1,Created
11731,2011-01-01,11731,Female,49,1962-07-26,0.00193,Married,2433,,2058-10-28,No,,,Permanent contract,24039.0,-47408,Yes,3,,NA,1,Created
11732,2011-01-01,11732,Male,81,1930-06-05,0.06966,Widowed,0,,,Yes,,,Retired,20448.0,116598,Yes,0,,NA,1,Created
11733,2011-01-01,11733,Male,5,2006-03-05,9e-05,Single,0,,,No,,,Child,0.0,0,Yes,0,,NA,1,Created
11734,2011-01-01,11734,Female,55,1956-06-26,0.00372,Married,2434,,2013-12-08,No,,,Permanent contract,62499.0,2036,No,3,,NA,1,Created
11735,2011-01-01,11735,Male,46,1965-02-03,0.00172,Married,2367,,2037-07-17,No,,,Permanent contract,12662.0,-41073,Yes,2,,NA,1,Created
11736,2011-01-01,11736,Female,42,1969-06-15,0.001,Single,0,,,No,,,Permanent contract,19487.0,317,Yes,0,,NA,1,Created
11737,2011-01-01,11737,Male,59,1952-05-21,0.00717,Divorced,0,,,No,,,Unemployed,53419.0,775,No,0,,NA,1,Created
11738,2011-01-01,11738,Female,46,1965-12-06,0.00134,Married,2435,,2021-05-09,Yes,,,Permanent contract,25939.0,-3910,No,1,,NA,1,Created
11739,2011-01-01,11739,Male,20,1991-11-03,0.00045,Single,0,,,No,,,Permanent contract,13770.0,768323,Yes,0,,NA,1,Created
11740,2011-01-01,11740,Female,43,1968-11-19,0.0009699999999999999,Married,2436,,2028-09-19,Yes,,,Flexible contract,19726.0,662,No,2,,NA,1,Created
11741,2011-01-01,11741,Female,62,1949-12-09,0.0057399999999999994,Divorced,0,,,Yes,,,Permanent contract,38187.0,466995,No,0,,NA,1,Created
11742,2011-01-01,11742,Male,22,1989-01-20,0.00041,Single,0,,,No,,,Permanent contract,32553.0,730355,No,0,,NA,1,Created
11743,2011-01-01,11743,Male,59,1952-01-17,0.00717,Divorced,0,,,No,,,Flexible contract,28703.0,357347,No,0,,NA,1,Created
11744,2011-01-01,11744,Male,46,1965-09-17,0.00172,Married,2368,,2052-01-15,Yes,,,Permanent contract,10091.0,589,Yes,1,,NA,1,Created
11745,2011-01-01,11745,Female,20,1991-12-06,0.00018,Single,0,,,Yes,30.0,2021-12-10,Permanent contract,13628.0,4711,No,0,27.0,2018-03-01,1,Created
11746,2011-01-01,11746,Male,52,1959-06-15,0.00314,Married,2369,,2053-07-01,Yes,,,Permanent contract,18077.0,-43196,No,1,,NA,1,Created
11747,2011-01-01,11747,Female,52,1959-02-15,0.00268,Married,2437,,2055-12-29,Yes,,,Permanent contract,30147.0,131394,Yes,2,,NA,1,Created
11748,2011-01-01,11748,Female,37,1974-05-27,0.00057,Single,0,,,Yes,34.0,,Permanent contract,93590.0,15614,No,0,37.0,2011-05-15,1,Created
11749,2011-01-01,11749,Male,14,1997-09-20,0.00014,Single,0,,,Yes,60.0,2057-06-07,Child,0.0,0,Yes,0,,NA,1,Created
11750,2011-01-01,11750,Female,78,1933-10-17,0.02817,Married,2438,,2064-03-03,No,,,Retired,18330.0,19022,No,3,,NA,1,Created
11751,2011-01-01,11751,Female,65,1946-06-12,0.007559999999999999,Married,2439,,2053-11-01,No,,,Entrepreneur with personel,11508.0,200348,Yes,3,,NA,1,Created
17500,2011-06-12,11751,Female,66,1946-06-12,0.007559999999999999,Married,2439,,2053-11-01,No,,,Retired,8055.599999999999,200348,Yes,3,,NA,1,Life event: Retired
11752,2011-01-01,11752,Female,60,1951-06-14,0.00541,Married,2440,,2055-09-30,Yes,,,Permanent contract,31201.0,16684,No,1,,NA,1,Created
11753,2011-01-01,11753,Female,53,1958-06-01,0.00312,Married,2441,,2052-12-09,Yes,,,Flexible contract,34882.0,1924,No,1,,NA,1,Created
11754,2011-01-01,11754,Male,47,1964-11-10,0.00186,Married,2370,,2061-10-22,Yes,,,Entrepreneur without personnel,21423.0,290909,Yes,2,,NA,1,Created
11755,2011-01-01,11755,Male,29,1982-01-13,0.0005200000000000001,Married,2371,,2012-12-23,Yes,,,Permanent contract,6598.0,82665,Yes,1,,NA,1,Created
18991,2012-08-08,11755,Male,31,1982-01-13,0.0005200000000000001,Widowed,2371,,2012-12-23,Yes,,,Permanent contract,6598.0,82665,Yes,1,,NA,1,Life event: Widowed
19348,2012-12-23,11755,Male,31,1982-01-13,0.0005200000000000001,Divorced,2371,,2012-12-23,Yes,,,Permanent contract,6598.0,82665,Yes,1,,NA,1,Life event: Divorced
11756,2011-01-01,11756,Female,17,1994-06-23,0.0001,Single,0,,,Yes,22.0,2016-12-22,Child,0.0,0,No,0,31.0,2025-06-07,1,Created
17554,2011-06-23,11756,Female,18,1994-06-23,0.0001,Single,0,,,Yes,56,2049-12-26,Entrepreneur without personnel,36445.0,404217,No,0,31,2025-06-07,1,Life event: Adulthood
11757,2011-01-01,11757,Male,20,1991-05-15,0.00045,Single,0,,,No,,,Permanent contract,11577.0,43417,Yes,0,,NA,1,Created
11758,2011-01-01,11758,Female,1,2010-04-01,0.00033999999999999997,Single,0,,,No,,,Child,0.0,0,Yes,0,31.0,2041-08-29,1,Created
11759,2011-01-01,11759,Female,51,1960-06-05,0.0023899999999999998,Married,2442,,2063-04-17,No,,,Permanent contract,12686.0,248390,Yes,2,,NA,1,Created
11760,2011-01-01,11760,Female,96,1915-03-23,0.24602,Widowed,0,,,Yes,,,Retired,20034.0,3650113,Yes,0,,NA,1,Created
11761,2011-01-01,11761,Female,54,1957-03-17,0.00313,Married,2443,,2058-04-07,Yes,,,Permanent contract,45455.0,59068,Yes,2,,NA,1,Created
11762,2011-01-01,11762,Male,25,1986-10-29,0.00033999999999999997,Single,0,,,No,,,Permanent contract,14193.0,-3839,No,0,,NA,1,Created
11763,2011-01-01,11763,Male,56,1955-11-06,0.0052,Married,2372,,2015-11-01,Yes,,,Permanent contract,299.0,342365,Yes,2,,NA,1,Created
11764,2011-01-01,11764,Female,6,2005-08-27,8e-05,Single,0,,,No,,,Child,0.0,0,No,0,27.0,2032-06-30,1,Created
11765,2011-01-01,11765,Male,51,1960-05-20,0.00301,Single,0,,,Yes,57.0,2017-06-06,Permanent contract,41139.0,4884,No,0,,NA,1,Created
11766,2011-01-01,11766,Male,57,1954-11-12,0.00572,Married,2373,,2049-12-01,Yes,,,Permanent contract,9929.0,37458,No,3,,NA,1,Created
11767,2011-01-01,11767,Female,54,1957-09-25,0.00313,Single,0,,,Yes,35.0,,Entrepreneur with personel,76081.0,-28580,No,0,,NA,1,Created
11768,2011-01-01,11768,Male,65,1946-03-21,0.01141,Divorced,0,,,Yes,,,Permanent contract,39213.0,672746,No,0,,NA,1,Created
17101,2011-03-21,11768,Male,66,1946-03-21,0.01141,Divorced,0,,,Yes,,,Retired,27449.1,672746,No,0,,NA,1,Life event: Retired
11769,2011-01-01,11769,Male,76,1935-11-13,0.0375,Single,0,,,Yes,35.0,,Retired,946.0,44267,Yes,0,,NA,1,Created
11770,2011-01-01,11770,Female,51,1960-01-04,0.0023899999999999998,Married,2444,,2024-09-18,Yes,,,Permanent contract,3698.0,-3135,Yes,3,,NA,1,Created
11771,2011-01-01,11771,Female,52,1959-07-28,0.00268,Married,2445,,2046-09-16,No,,,Permanent contract,37060.0,10253,No,1,,NA,1,Created
11772,2011-01-01,11772,Male,53,1958-08-03,0.0033299999999999996,Married,2374,,2070-03-25,No,,,Permanent contract,43801.0,444256,Yes,2,,NA,1,Created
11773,2011-01-01,11773,Female,44,1967-04-07,0.00107,Single,0,,,Yes,31.0,,Permanent contract,25264.0,849,Yes,0,,NA,1,Created
11774,2011-01-01,11774,Female,11,2000-06-08,7e-05,Single,0,,,No,,,Child,0.0,0,Yes,0,25.0,2025-01-11,1,Created
11775,2011-01-01,11775,Male,23,1988-04-17,0.00039,Single,0,,,No,,,Permanent contract,19710.0,6338,Yes,0,,NA,1,Created
11776,2011-01-01,11776,Female,38,1973-10-16,0.00063,Divorced,0,,,Yes,,,Permanent contract,13788.0,92017,Yes,0,,NA,1,Created
11777,2011-01-01,11777,Male,68,1943-11-29,0.01522,Married,2375,,2055-09-11,Yes,,,Retired,0.0,419648,Yes,2,,NA,1,Created
11778,2011-01-01,11778,Male,34,1977-03-14,0.00067,Married,2376,,2020-09-03,Yes,,,Entrepreneur with personel,63214.0,-4980,No,2,,NA,1,Created
11779,2011-01-01,11779,Male,45,1966-06-23,0.0014199999999999998,Married,2377,,2014-12-03,No,,,Unemployed,14416.0,2403,Yes,1,,NA,1,Created
11780,2011-01-01,11780,Female,43,1968-06-15,0.0009699999999999999,Single,0,,,No,,,Permanent contract,69538.0,5725,Yes,0,,NA,1,Created
11781,2011-01-01,11781,Male,51,1960-10-05,0.00301,Single,0,,,No,,,Flexible contract,18678.0,686,Yes,0,,NA,1,Created
11782,2011-01-01,11782,Male,40,1971-04-13,0.0009400000000000001,Married,2378,,2024-07-21,No,,,Permanent contract,22994.0,328723,No,2,,NA,1,Created
11783,2011-01-01,11783,Male,36,1975-01-17,0.0006,Single,0,,,No,,,Permanent contract,7191.0,564,Yes,0,,NA,1,Created
11784,2011-01-01,11784,Male,80,1931-06-28,0.05987000000000001,Married,2379,,2046-04-13,Yes,,,Retired,33758.0,25349,No,2,,NA,1,Created
11785,2011-01-01,11785,Male,10,2001-03-02,0.00011999999999999999,Single,0,,,Yes,30.0,2031-09-03,Child,0.0,0,Yes,0,,NA,1,Created
11786,2011-01-01,11786,Male,10,2001-03-01,0.00011999999999999999,Single,0,,,No,,,Child,0.0,0,Yes,0,,NA,1,Created
11787,2011-01-01,11787,Male,78,1933-07-06,0.04668,Widowed,0,,,No,,,Retired,25186.0,427237,No,0,,NA,1,Created
11788,2011-01-01,11788,Male,67,1944-05-16,0.01396,Married,2380,,2023-11-25,Yes,,,Permanent contract,86871.0,108736,No,3,,NA,1,Created
17368,2011-05-16,11788,Male,68,1944-05-16,0.01396,Married,2380,,2023-11-25,Yes,,,Retired,60809.7,108736,No,3,,NA,1,Life event: Retired
11789,2011-01-01,11789,Male,24,1987-08-21,0.00047999999999999996,Single,0,,,Yes,37.0,2024-11-05,Entrepreneur without personnel,29402.0,88652,No,0,,NA,1,Created
11790,2011-01-01,11790,Female,44,1967-07-19,0.00107,Married,2446,,2014-11-23,Yes,,,Permanent contract,12584.0,358369,Yes,2,,NA,1,Created
11791,2011-01-01,11791,Female,57,1954-03-16,0.00387,Married,2447,,2043-01-06,No,,,Permanent contract,29768.0,21666,No,2,,NA,1,Created
11792,2011-01-01,11792,Female,26,1985-11-09,1.0,Married,2448,,2067-07-02,Yes,,,Permanent contract,19746.0,172935,Yes,3,36.0,2021-01-13,1,Created
17682,2011-07-20,11792,Female,26,1985-11-09,1.0,Married,2448,,2067-07-02,Yes,,,Permanent contract,19746.0,172935,Yes,3,36,2021-01-13,0,Life event: Deceased
11793,2011-01-01,11793,Male,23,1988-11-13,0.00039,Single,0,,,No,,,Permanent contract,21121.0,447457,No,0,,NA,1,Created
11794,2011-01-01,11794,Male,47,1964-08-24,0.00186,Married,2381,,2016-04-24,Yes,,,Permanent contract,4304.0,33698,Yes,2,,NA,1,Created
11795,2011-01-01,11795,Male,35,1976-06-29,0.00055,Married,2382,,2033-08-29,No,,,Permanent contract,21337.0,537710,No,2,,NA,1,Created
11796,2011-01-01,11796,Female,51,1960-02-13,0.0023899999999999998,Married,2449,,2040-12-16,No,,,Permanent contract,27115.0,-3205,Yes,2,,NA,1,Created
11797,2011-01-01,11797,Female,60,1951-02-24,0.00541,Widowed,0,,,No,,,Flexible contract,46362.0,-17585,Yes,0,,NA,1,Created
11798,2011-01-01,11798,Female,30,1981-01-07,0.00027,Single,0,,,No,,,Unemployed,34994.0,1425,Yes,0,37.0,2018-10-06,1,Created
11799,2011-01-01,11799,Male,78,1933-02-27,0.04668,Married,2383,,2037-01-01,No,,,Retired,146044.0,368561,No,1,,NA,1,Created
11800,2011-01-01,11800,Male,51,1960-11-08,0.00301,Married,2384,,2019-11-02,Yes,,,Permanent contract,38834.0,14943,No,1,,NA,1,Created
11801,2011-01-01,11801,Female,56,1955-03-04,0.0041,Married,2450,,2063-12-04,Yes,,,Unemployed,53108.0,415522,Yes,2,,NA,1,Created
11802,2011-01-01,11802,Male,41,1970-12-08,0.0008900000000000001,Married,2385,,2055-07-19,Yes,,,Permanent contract,79747.0,-114,No,2,,NA,1,Created
11803,2011-01-01,11803,Male,48,1963-06-21,0.0021100000000000003,Married,2386,,2018-11-30,Yes,,,Permanent contract,99242.0,812,Yes,2,,NA,1,Created
11804,2011-01-01,11804,Male,56,1955-10-22,0.0052,Divorced,0,,,Yes,,,Flexible contract,5574.0,44161,No,0,,NA,1,Created
11805,2011-01-01,11805,Female,79,1932-11-01,0.03112,Married,2451,,2024-07-17,Yes,,,Retired,48336.0,43926,No,2,,NA,1,Created
11806,2011-01-01,11806,Female,49,1962-09-07,0.00193,Married,2452,,2059-06-06,No,,,Permanent contract,63253.0,170709,Yes,1,,NA,1,Created
11807,2011-01-01,11807,Female,25,1986-07-26,0.00022999999999999998,Single,0,,,Yes,39.0,2025-05-18,Permanent contract,31714.0,3451522,Yes,0,33.0,2019-09-10,1,Created
11808,2011-01-01,11808,Male,76,1935-04-17,0.0375,Widowed,0,,,Yes,,,Retired,8889.0,-16343,Yes,0,,NA,1,Created
11809,2011-01-01,11809,Male,64,1947-05-12,0.01097,Single,0,,,No,,,Flexible contract,17251.0,3739,Yes,0,,NA,1,Created
17351,2011-05-12,11809,Male,65,1947-05-12,0.01097,Single,0,,,No,,,Retired,12075.699999999999,3739,Yes,0,,NA,1,Life event: Retired
11810,2011-01-01,11810,Male,60,1951-01-25,0.006840000000000001,Married,2387,,2021-08-03,Yes,,,Permanent contract,32663.0,179532,No,2,,NA,1,Created
11811,2011-01-01,11811,Female,78,1933-03-14,0.02817,Widowed,0,,,Yes,,,Retired,13779.0,25547,Yes,0,,NA,1,Created
11812,2011-01-01,11812,Male,36,1975-11-25,0.0006,Married,2388,,2032-08-24,No,,,Permanent contract,19765.0,-18079,Yes,1,,NA,1,Created
11813,2011-01-01,11813,Female,32,1979-01-09,0.00041,Single,0,,,Yes,53.0,2032-11-29,Permanent contract,10752.0,181127,Yes,0,41.0,2020-04-01,1,Created
11814,2011-01-01,11814,Female,1,2010-06-22,0.00033999999999999997,Single,0,,,No,,,Child,0.0,0,No,0,39.0,2049-09-08,1,Created
11815,2011-01-01,11815,Male,1,2010-11-16,0.00056,Single,0,,,Yes,27.0,2037-07-03,Child,0.0,0,No,0,,NA,1,Created
11816,2011-01-01,11816,Male,15,1996-06-12,0.00015,Single,0,,,Yes,51.0,2047-07-14,Child,0.0,0,No,0,,NA,1,Created
11817,2011-01-01,11817,Male,35,1976-12-07,0.00055,Single,0,,,Yes,48.0,2024-07-09,Permanent contract,61818.0,9771,Yes,0,,NA,1,Created
11818,2011-01-01,11818,Female,5,2006-01-30,4e-05,Single,0,,,No,,,Child,0.0,0,No,0,19.0,2025-07-21,1,Created
11819,2011-01-01,11819,Male,57,1954-06-09,0.00572,Married,2389,,2026-02-21,No,,,Permanent contract,4807.0,11828,No,2,,NA,1,Created
11820,2011-01-01,11820,Male,41,1970-08-11,0.0008900000000000001,Married,2390,,2045-09-12,Yes,,,Flexible contract,6046.0,246389,No,2,,NA,1,Created
11821,2011-01-01,11821,Male,36,1975-10-28,0.0006,Married,2391,,2015-08-13,No,,,Permanent contract,99711.0,-1971,Yes,2,,NA,1,Created
11822,2011-01-01,11822,Female,1,2010-02-05,0.00033999999999999997,Single,0,,,No,,,Child,0.0,0,Yes,0,24.0,2034-12-03,1,Created
11823,2011-01-01,11823,Female,40,1971-01-10,0.0006900000000000001,Single,0,,,Yes,33.0,,Permanent contract,24511.0,-33031,No,0,,NA,1,Created
11824,2011-01-01,11824,Female,41,1970-12-27,0.0007700000000000001,Married,2453,,2038-10-21,Yes,,,Unemployed,49260.0,540270,Yes,1,,NA,1,Created
11825,2011-01-01,11825,Male,20,1991-06-30,0.00045,Single,0,,,No,,,Permanent contract,12649.0,76178,Yes,0,,NA,1,Created
11826,2011-01-01,11826,Male,18,1993-04-21,0.00032,Single,0,,,No,,,Permanent contract,39750.0,81768,Yes,0,,NA,1,Created
11827,2011-01-01,11827,Male,64,1947-11-10,0.01097,Divorced,0,,,Yes,,,Flexible contract,15789.0,66142,No,0,,NA,1,Created
18166,2011-11-10,11827,Male,65,1947-11-10,0.01097,Divorced,0,,,Yes,,,Retired,11052.3,66142,No,0,,NA,1,Life event: Retired
11828,2011-01-01,11828,Female,57,1954-09-29,0.00387,Married,2454,,2043-10-25,No,,,Permanent contract,66329.0,-46846,Yes,1,,NA,1,Created
11829,2011-01-01,11829,Female,80,1931-12-13,0.03682,Married,2455,,2029-08-07,Yes,,,Retired,69011.0,398288,No,2,,NA,1,Created
11830,2011-01-01,11830,Female,65,1946-07-18,0.007559999999999999,Married,2456,,2012-07-16,No,,,Permanent contract,9998.0,246983,No,2,,NA,1,Created
17671,2011-07-18,11830,Female,66,1946-07-18,0.007559999999999999,Married,2456,,2012-07-16,No,,,Retired,6998.599999999999,246983,No,2,,NA,1,Life event: Retired
18936,2012-07-16,11830,Female,66,1946-07-18,0.007559999999999999,Divorced,2456,,2012-07-16,No,,,Retired,6998.599999999999,246983,No,2,,NA,1,Life event: Divorced
11831,2011-01-01,11831,Female,65,1946-11-07,0.007559999999999999,Married,2457,,2046-09-26,No,,,Permanent contract,23721.0,487083,No,2,,NA,1,Created
18144,2011-11-07,11831,Female,66,1946-11-07,0.007559999999999999,Married,2457,,2046-09-26,No,,,Retired,16604.7,487083,No,2,,NA,1,Life event: Retired
11832,2011-01-01,11832,Male,50,1961-02-21,0.00257,Married,2392,,2011-09-16,Yes,,,Permanent contract,19980.0,199621,Yes,3,,NA,1,Created
17929,2011-09-16,11832,Male,51,1961-02-21,0.00257,Divorced,2392,,2011-09-16,Yes,,,Permanent contract,19980.0,199621,Yes,3,,NA,1,Life event: Divorced
11833,2011-01-01,11833,Female,76,1935-04-11,0.02337,Married,2458,,2041-10-12,No,,,Retired,9457.0,-39670,Yes,1,,NA,1,Created
11834,2011-01-01,11834,Male,9,2002-11-10,0.00014,Single,0,,,No,,,Child,0.0,0,Yes,0,,NA,1,Created
11835,2011-01-01,11835,Male,35,1976-08-10,0.00055,Single,0,,,No,,,Entrepreneur without personnel,15010.0,181686,No,0,,NA,1,Created
11836,2011-01-01,11836,Female,22,1989-12-11,0.00023999999999999998,Single,0,,,No,,,Permanent contract,19727.0,281743,No,0,25.0,2014-08-21,1,Created
11837,2011-01-01,11837,Male,4,2007-02-09,0.00011,Single,0,,,Yes,48.0,2055-04-06,Child,0.0,0,Yes,0,,NA,1,Created
11838,2011-01-01,11838,Female,10,2001-09-12,0.0001,Single,0,,,No,,,Child,0.0,0,Yes,0,29.0,2030-04-17,1,Created
11839,2011-01-01,11839,Male,50,1961-06-21,0.00257,Married,2393,,2039-02-24,Yes,,,Permanent contract,27189.0,151974,Yes,2,,NA,1,Created
11840,2011-01-01,11840,Female,36,1975-03-08,0.00049,Married,2459,,2012-11-12,Yes,,,Permanent contract,35591.0,390309,No,3,,NA,1,Created
19238,2012-11-12,11840,Female,38,1975-03-08,0.00049,Divorced,2459,,2012-11-12,Yes,,,Permanent contract,35591.0,390309,No,3,,NA,1,Life event: Divorced
11841,2011-01-01,11841,Female,9,2002-11-28,2.9999999999999997e-05,Single,0,,,Yes,35.0,2037-09-23,Child,0.0,0,No,0,31.0,2033-12-20,1,Created
11842,2011-01-01,11842,Female,60,1951-10-12,0.00541,Married,2460,,2025-03-04,No,,,Entrepreneur with personel,33725.0,343378,No,1,,NA,1,Created
11843,2011-01-01,11843,Male,7,2004-06-16,9e-05,Single,0,,,No,,,Child,0.0,0,Yes,0,,NA,1,Created
11844,2011-01-01,11844,Male,63,1948-04-22,0.00945,Married,2394,,2041-11-13,Yes,,,Flexible contract,18874.0,-29744,Yes,1,,NA,1,Created
18692,2012-04-22,11844,Male,65,1948-04-22,0.00945,Married,2394,,2041-11-13,Yes,,,Retired,13211.8,-29744,Yes,1,,NA,1,Life event: Retired
19054,2012-08-30,11844,Male,65,1948-04-22,0.00945,Widowed,2394,,2041-11-13,Yes,,,Retired,13211.8,-29744,Yes,1,,NA,1,Life event: Widowed
11845,2011-01-01,11845,Male,9,2002-02-11,0.00014,Single,0,,,Yes,33.0,2035-07-06,Child,0.0,0,No,0,,NA,1,Created
11846,2011-01-01,11846,Female,52,1959-07-07,0.00268,Married,2461,,2047-06-16,No,,,Permanent contract,33596.0,364164,No,2,,NA,1,Created
18747,2012-05-13,11846,Female,53,1959-07-07,0.00268,Married,2461,,2047-06-16,No,,,Permanent contract,33596.0,364164,No,2,,NA,0,Life event: Deceased
11847,2011-01-01,11847,Male,32,1979-03-07,0.00059,Married,2395,,2034-10-14,Yes,,,Permanent contract,17622.0,21966,Yes,1,,NA,1,Created
11848,2011-01-01,11848,Male,20,1991-05-23,0.00045,Single,0,,,No,,,Flexible contract,17864.0,816825,No,0,,NA,1,Created
11849,2011-01-01,11849,Female,73,1938-10-13,0.01577,Married,2462,,2027-09-27,No,,,Retired,36434.0,-49317,No,2,,NA,1,Created
11850,2011-01-01,11850,Female,14,1997-06-04,9e-05,Single,0,,,Yes,34.0,2031-10-30,Child,0.0,0,No,0,24.0,2021-05-25,1,Created
11851,2011-01-01,11851,Male,50,1961-12-19,0.00257,Divorced,0,,,No,,,Permanent contract,14829.0,27275,No,0,,NA,1,Created
11852,2011-01-01,11852,Female,40,1971-10-17,0.0006900000000000001,Single,0,,,No,,,Permanent contract,21777.0,-21567,Yes,0,40.0,2011-12-11,1,Created
11853,2011-01-01,11853,Female,62,1949-01-18,0.0057399999999999994,Married,2463,,2018-11-25,Yes,,,Permanent contract,40148.0,1436,No,1,,NA,1,Created
11854,2011-01-01,11854,Male,23,1988-04-08,0.00039,Single,0,,,No,,,Entrepreneur without personnel,1269.0,156552,Yes,0,,NA,1,Created
11855,2011-01-01,11855,Male,13,1998-02-27,0.00014,Single,0,,,Yes,27.0,2025-04-10,Child,0.0,0,Yes,0,,NA,1,Created
11856,2011-01-01,11856,Female,78,1933-09-03,0.02817,Married,2464,,2038-10-17,Yes,,,Retired,28859.0,387880,No,1,,NA,1,Created
11857,2011-01-01,11857,Male,66,1945-11-06,0.01401,Divorced,0,,,No,,,Flexible contract,7518.0,291005,No,0,,NA,1,Created
16998,2011-02-28,11857,Male,66,1945-11-06,0.01401,Divorced,0,,,No,,,Flexible contract,7518.0,291005,No,0,,NA,0,Life event: Deceased
11858,2011-01-01,11858,Female,62,1949-09-17,0.0057399999999999994,Single,0,,,Yes,33.0,,Flexible contract,38618.0,-38756,Yes,0,,NA,1,Created
11859,2011-01-01,11859,Male,5,2006-08-29,9e-05,Single,0,,,Yes,43.0,2049-12-04,Child,0.0,0,No,0,,NA,1,Created
11860,2011-01-01,11860,Male,37,1974-08-12,0.00082,Married,2396,,2013-09-08,Yes,,,Permanent contract,11805.0,7250,Yes,3,,NA,1,Created
11861,2011-01-01,11861,Male,22,1989-02-21,0.00041,Single,0,,,No,,,Permanent contract,3130.0,160372,No,0,,NA,1,Created
11862,2011-01-01,11862,Male,53,1958-01-24,0.0033299999999999996,Single,0,,,No,,,Permanent contract,77692.0,-47711,No,0,,NA,1,Created
11863,2011-01-01,11863,Male,17,1994-03-21,0.00022999999999999998,Single,0,,,Yes,30.0,2024-09-16,Child,0.0,0,No,0,,NA,1,Created
17102,2011-03-21,11863,Male,18,1994-03-21,0.00022999999999999998,Single,0,,,No,,,Permanent contract,1194.0,-24202,No,0,,NA,1,Life event: Adulthood
11864,2011-01-01,11864,Female,71,1940-04-27,0.013009999999999999,Divorced,0,,,No,,,Retired,38036.0,35898,No,0,,NA,1,Created
11865,2011-01-01,11865,Female,45,1966-07-09,0.00134,Single,0,,,Yes,32.0,,Permanent contract,14116.0,148741,Yes,0,,NA,1,Created
11866,2011-01-01,11866,Male,39,1972-12-30,0.0008699999999999999,Married,2397,,2051-02-12,Yes,,,Permanent contract,39194.0,191607,No,2,,NA,1,Created
17387,2011-05-18,11866,Male,39,1972-12-30,0.0008699999999999999,Widowed,2397,,2051-02-12,Yes,,,Permanent contract,39194.0,191607,No,2,,NA,1,Life event: Widowed
11867,2011-01-01,11867,Female,78,1933-10-24,0.02817,Single,0,,,Yes,33.0,,Retired,87115.0,913,Yes,0,,NA,1,Created
11868,2011-01-01,11868,Female,36,1975-12-25,0.00049,Married,2465,,2052-01-25,No,,,Permanent contract,7607.0,468021,Yes,1,40.0,2015-10-03,1,Created
11869,2011-01-01,11869,Female,4,2007-02-12,5.9999999999999995e-05,Single,0,,,Yes,27.0,2034-06-25,Child,0.0,0,Yes,0,24.0,2031-02-27,1,Created
11870,2011-01-01,11870,Male,65,1946-04-24,0.01141,Married,2398,,2032-07-22,No,,,Permanent contract,13078.0,912781,No,2,,NA,1,Created
17254,2011-04-24,11870,Male,66,1946-04-24,0.01141,Married,2398,,2032-07-22,No,,,Retired,9154.599999999999,912781,No,2,,NA,1,Life event: Retired
11871,2011-01-01,11871,Female,103,1908-06-20,1.0,Widowed,0,,,Yes,,,Retired,17822.0,27,Yes,0,,NA,1,Created
18305,2011-12-16,11871,Female,104,1908-06-20,1.0,Widowed,0,,,Yes,,,Retired,17822.0,27,Yes,0,,NA,0,Life event: Deceased
11872,2011-01-01,11872,Male,91,1920-02-05,0.18929,Married,2399,,2053-05-01,Yes,,,Retired,23295.0,-5312,Yes,2,,NA,1,Created
11873,2011-01-01,11873,Male,65,1946-10-18,0.01141,Married,2400,,2043-12-27,No,,,Permanent contract,10348.0,-7333,No,2,,NA,1,Created
18069,2011-10-18,11873,Male,66,1946-10-18,0.01141,Married,2400,,2043-12-27,No,,,Retired,7243.599999999999,-7333,No,2,,NA,1,Life event: Retired
11874,2011-01-01,11874,Female,56,1955-02-21,0.0041,Married,2466,,2060-04-19,No,,,Permanent contract,10863.0,1795,No,2,,NA,1,Created
11875,2011-01-01,11875,Male,28,1983-02-17,0.00045,Single,0,,,No,,,Permanent contract,29524.0,66568,No,0,,NA,1,Created
11876,2011-01-01,11876,Female,19,1992-05-31,0.00014,Single,0,,,Yes,47.0,2039-09-01,Unemployed,6352.0,13416,Yes,0,32.0,2024-04-07,1,Created
11877,2011-01-01,11877,Male,35,1976-10-28,0.00055,Single,0,,,No,,,Permanent contract,36943.0,2925,No,0,,NA,1,Created
11878,2011-01-01,11878,Female,67,1944-05-08,0.00974,Married,2467,,2025-05-21,No,,,Permanent contract,43273.0,47551,Yes,1,,NA,1,Created
17327,2011-05-08,11878,Female,68,1944-05-08,0.00974,Married,2467,,2025-05-21,No,,,Retired,30291.1,47551,Yes,1,,NA,1,Life event: Retired
18602,2012-03-19,11878,Female,68,1944-05-08,0.00974,Married,2467,,2025-05-21,No,,,Retired,30291.1,47551,Yes,1,,NA,0,Life event: Deceased
11879,2011-01-01,11879,Female,3,2008-09-04,0.00013000000000000002,Single,0,,,No,,,Child,0.0,0,Yes,0,36.0,2044-07-08,1,Created
11880,2011-01-01,11880,Female,61,1950-05-08,0.00562,Married,2468,,2034-07-30,Yes,,,Flexible contract,16945.0,39188,No,2,,NA,1,Created
11881,2011-01-01,11881,Female,78,1933-05-02,0.02817,Divorced,0,,,No,,,Retired,7225.0,-32459,No,0,,NA,1,Created
11882,2011-01-01,11882,Female,12,1999-07-16,5e-05,Single,0,,,Yes,34.0,2033-08-08,Child,0.0,0,No,0,30.0,2029-03-23,1,Created
11883,2011-01-01,11883,Male,13,1998-12-12,0.00014,Single,0,,,Yes,85.0,2083-02-27,Child,0.0,0,No,0,,NA,1,Created
11884,2011-01-01,11884,Female,45,1966-03-07,0.00134,Married,2469,,2027-02-04,No,,,Permanent contract,86670.0,83959,No,1,,NA,1,Created
11885,2011-01-01,11885,Female,35,1976-02-13,0.00033999999999999997,Married,2470,,2026-04-13,Yes,,,Entrepreneur without personnel,14506.0,14185,No,2,,NA,1,Created
11886,2011-01-01,11886,Female,65,1946-08-19,0.007559999999999999,Married,2471,,2026-04-30,No,,,Flexible contract,13539.0,12204,Yes,1,,NA,1,Created
17828,2011-08-19,11886,Female,66,1946-08-19,0.007559999999999999,Married,2471,,2026-04-30,No,,,Retired,9477.3,12204,Yes,1,,NA,1,Life event: Retired
11887,2011-01-01,11887,Female,30,1981-05-13,0.00027,Single,0,,,Yes,21.0,,Flexible contract,39384.0,3985,No,0,,NA,1,Created
11888,2011-01-01,11888,Male,52,1959-09-16,0.00314,Married,2401,,2063-04-17,No,,,Permanent contract,24429.0,-1475,No,2,,NA,1,Created
11889,2011-01-01,11889,Male,53,1958-06-10,0.0033299999999999996,Married,2402,,2060-03-08,No,,,Permanent contract,11625.0,209813,Yes,2,,NA,1,Created
11890,2011-01-01,11890,Male,58,1953-12-15,0.00603,Single,0,,,Yes,39.0,,Permanent contract,24875.0,348183,No,0,,NA,1,Created
11891,2011-01-01,11891,Female,46,1965-06-12,0.00134,Married,2472,,2052-03-15,Yes,,,Permanent contract,37893.0,198292,Yes,1,,NA,1,Created
11892,2011-01-01,11892,Female,47,1964-11-12,0.00168,Married,2473,,2033-12-07,No,,,Permanent contract,9721.0,82375,Yes,1,,NA,1,Created
11893,2011-01-01,11893,Male,19,1992-08-15,0.00033,Single,0,,,No,,,Permanent contract,55825.0,75945,Yes,0,,NA,1,Created
11894,2011-01-01,11894,Female,26,1985-05-14,1.0,Single,0,,,No,,,Permanent contract,21306.0,386,No,0,35.0,2020-08-17,1,Created
17334,2011-05-09,11894,Female,26,1985-05-14,1.0,Single,0,,,No,,,Permanent contract,21306.0,386,No,0,35,2020-08-17,0,Life event: Deceased
11895,2011-01-01,11895,Female,19,1992-01-04,0.00014,Single,0,,,Yes,29.0,2021-09-27,Entrepreneur without personnel,17917.0,895,Yes,0,35.0,2027-12-25,1,Created
11896,2011-01-01,11896,Female,9,2002-02-04,2.9999999999999997e-05,Single,0,,,No,,,Child,0.0,0,Yes,0,33.0,2035-09-05,1,Created
11897,2011-01-01,11897,Female,33,1978-11-10,0.00035,Single,0,,,Yes,53.0,2031-03-08,Flexible contract,64108.0,82691,Yes,0,37.0,2015-09-29,1,Created
11898,2011-01-01,11898,Female,18,1993-11-21,0.00023999999999999998,Single,0,,,Yes,30.0,2023-08-09,Permanent contract,730.0,48827,No,0,27.0,2020-03-26,1,Created
11899,2011-01-01,11899,Male,59,1952-02-20,0.00717,Married,2403,,2019-04-23,No,,,Entrepreneur without personnel,26119.0,6738,No,2,,NA,1,Created
11900,2011-01-01,11900,Male,20,1991-07-10,0.00045,Single,0,,,No,,,Permanent contract,44421.0,271840,Yes,0,,NA,1,Created
11901,2011-01-01,11901,Female,36,1975-03-22,0.00049,Married,2474,,2051-04-01,No,,,Permanent contract,28320.0,160583,Yes,2,,NA,1,Created
11902,2011-01-01,11902,Male,69,1942-04-19,0.01804,Widowed,0,,,Yes,,,Retired,41916.0,59111,Yes,0,,NA,1,Created
11903,2011-01-01,11903,Female,63,1948-04-08,0.00672,Single,0,,,No,,,Unemployed,20654.0,63557,Yes,0,,NA,1,Created
18656,2012-04-08,11903,Female,65,1948-04-08,0.00672,Single,0,,,No,,,Retired,14457.8,63557,Yes,0,,NA,1,Life event: Retired
11904,2011-01-01,11904,Female,48,1963-06-29,0.0018800000000000002,Married,2475,,2018-03-24,Yes,,,Permanent contract,8775.0,-1136,No,1,,NA,1,Created
11905,2011-01-01,11905,Female,12,1999-08-26,5e-05,Single,0,,,No,,,Child,0.0,0,Yes,0,33.0,2032-08-18,1,Created
11906,2011-01-01,11906,Male,28,1983-04-30,0.00045,Single,0,,,No,,,Permanent contract,18668.0,4842,No,0,,NA,1,Created
11907,2011-01-01,11907,Male,53,1958-07-02,0.0033299999999999996,Married,2404,,2022-12-26,No,,,Permanent contract,48604.0,11609,Yes,1,,NA,1,Created
11908,2011-01-01,11908,Male,26,1985-12-30,1.0,Single,0,,,No,,,Permanent contract,38048.0,-9485,No,0,,NA,1,Created
16701,2011-01-08,11908,Male,26,1985-12-30,1.0,Single,0,,,No,,,Permanent contract,38048.0,-9485,No,0,,NA,0,Life event: Deceased
11909,2011-01-01,11909,Male,61,1950-05-29,0.00747,Married,2405,,2035-10-10,No,,,Entrepreneur with personel,44379.0,118934,Yes,2,,NA,1,Created
11910,2011-01-01,11910,Male,0,2011-11-24,0.0036200000000000004,Single,0,,,No,,,Child,0.0,0,Yes,0,,NA,1,Created
11911,2011-01-01,11911,Male,74,1937-06-13,0.0295,Married,2406,,2023-03-21,No,,,Retired,41083.0,21904,Yes,2,,NA,1,Created
11912,2011-01-01,11912,Female,1,2010-06-07,0.00033999999999999997,Single,0,,,No,,,Child,0.0,0,No,0,20.0,2030-08-06,1,Created
11913,2011-01-01,11913,Male,95,1916-07-04,0.25144,Widowed,0,,,No,,,Retired,175902.0,186562,Yes,0,,NA,1,Created
11914,2011-01-01,11914,Male,37,1974-12-14,0.00082,Married,2407,,2014-12-23,Yes,,,Entrepreneur without personnel,14027.0,12057,No,3,,NA,1,Created
11915,2011-01-01,11915,Female,46,1965-09-12,0.00134,Single,0,,,Yes,54.0,2019-04-09,Permanent contract,18036.0,16996,No,0,,NA,1,Created
11916,2011-01-01,11916,Male,30,1981-03-13,0.00055,Single,0,,,Yes,34.0,2015-07-10,Permanent contract,35053.0,461160,No,0,,NA,1,Created
11917,2011-01-01,11917,Female,62,1949-04-19,0.0057399999999999994,Married,2476,,2036-08-09,No,,,Entrepreneur without personnel,22425.0,11864,Yes,2,,NA,1,Created
11918,2011-01-01,11918,Male,59,1952-01-20,0.00717,Married,2408,,2029-01-01,Yes,,,Entrepreneur without personnel,39536.0,318427,No,1,,NA,1,Created
11919,2011-01-01,11919,Male,10,2001-03-31,0.00011999999999999999,Single,0,,,No,,,Child,0.0,0,Yes,0,,NA,1,Created
11920,2011-01-01,11920,Male,76,1935-01-16,0.0375,Widowed,0,,,Yes,,,Retired,21165.0,5487,No,0,,NA,1,Created
11921,2011-01-01,11921,Female,21,1990-12-21,0.00016,Single,0,,,Yes,32.0,2022-05-22,Permanent contract,31856.0,135453,No,0,26.0,2016-12-20,1,Created
11922,2011-01-01,11922,Male,47,1964-05-04,0.00186,Married,2409,,2045-10-26,Yes,,,Entrepreneur without personnel,10645.0,-17809,No,1,,NA,1,Created
11923,2011-01-01,11923,Female,56,1955-11-28,0.0041,Married,2477,,2016-02-28,No,,,Flexible contract,8414.0,139952,No,1,,NA,1,Created
11924,2011-01-01,11924,Female,37,1974-02-24,0.00057,Married,2478,,2054-11-18,No,,,Permanent contract,152067.0,-6702,Yes,2,,NA,1,Created
18858,2012-06-18,11924,Female,39,1974-02-24,0.00057,Widowed,2478,,2054-11-18,No,,,Permanent contract,152067.0,-6702,Yes,2,,NA,1,Life event: Widowed
11925,2011-01-01,11925,Female,72,1939-06-26,0.01411,Widowed,0,,,No,,,Retired,47180.0,9416,No,0,,NA,1,Created
11926,2011-01-01,11926,Female,49,1962-06-11,0.00193,Married,2479,,2012-12-18,Yes,,,Permanent contract,4685.0,393695,No,1,,NA,1,Created
19332,2012-12-18,11926,Female,51,1962-06-11,0.00193,Divorced,2479,,2012-12-18,Yes,,,Permanent contract,4685.0,393695,No,1,,NA,1,Life event: Divorced
11927,2011-01-01,11927,Female,54,1957-10-20,0.00313,Married,2480,,2020-06-17,No,,,Entrepreneur with personel,7048.0,325,No,1,,NA,1,Created
11928,2011-01-01,11928,Male,76,1935-03-22,0.0375,Married,2410,,2021-01-16,Yes,,,Retired,21284.0,364041,Yes,3,,NA,1,Created
11929,2011-01-01,11929,Male,44,1967-11-07,0.0013599999999999999,Divorced,0,,,Yes,,,Unemployed,20470.0,91652,No,0,,NA,1,Created
11930,2011-01-01,11930,Female,3,2008-02-04,0.00013000000000000002,Single,0,,,Yes,24.0,2032-11-18,Child,0.0,0,Yes,0,28.0,2036-03-30,1,Created
11931,2011-01-01,11931,Male,59,1952-02-23,0.00717,Married,2411,,2061-02-07,No,,,Permanent contract,12780.0,38027,Yes,3,,NA,1,Created
11932,2011-01-01,11932,Male,45,1966-03-11,0.0014199999999999998,Single,0,,,Yes,32.0,,Permanent contract,35461.0,19996,No,0,,NA,1,Created
11933,2011-01-01,11933,Female,97,1914-01-20,0.27028,Widowed,0,,,Yes,,,Retired,23883.0,626298,Yes,0,,NA,1,Created
11934,2011-01-01,11934,Male,65,1946-08-26,0.01141,Married,2412,,2048-09-19,Yes,,,Unemployed,49895.0,778,Yes,2,,NA,1,Created
17860,2011-08-26,11934,Male,66,1946-08-26,0.01141,Married,2412,,2048-09-19,Yes,,,Retired,34926.5,778,Yes,2,,NA,1,Life event: Retired
11935,2011-01-01,11935,Female,50,1961-05-26,0.00225,Married,2481,,2018-10-10,No,,,Permanent contract,16984.0,1367,No,2,,NA,1,Created
11936,2011-01-01,11936,Female,45,1966-01-14,0.00134,Married,2482,,2048-06-27,No,,,Unemployed,3776.0,2698,Yes,2,,NA,1,Created
11937,2011-01-01,11937,Female,34,1977-09-24,0.00037,Married,2483,,2045-05-04,Yes,,,Flexible contract,42523.0,21546,Yes,1,,NA,1,Created
11938,2011-01-01,11938,Male,24,1987-10-10,0.00047999999999999996,Single,0,,,No,,,Unemployed,99316.0,3441196,Yes,0,,NA,1,Created
11939,2011-01-01,11939,Female,67,1944-02-21,0.00974,Widowed,0,,,No,,,Permanent contract,28110.0,4759,Yes,0,,NA,1,Created
16948,2011-02-21,11939,Female,68,1944-02-21,0.00974,Widowed,0,,,No,,,Retired,19677.0,4759,Yes,0,,NA,1,Life event: Retired
11940,2011-01-01,11940,Male,7,2004-03-20,9e-05,Single,0,,,No,,,Child,0.0,0,Yes,0,,NA,1,Created
11941,2011-01-01,11941,Male,33,1978-05-03,0.00047999999999999996,Single,0,,,Yes,30.0,,Permanent contract,9036.0,424071,Yes,0,,NA,1,Created
11942,2011-01-01,11942,Male,37,1974-08-29,0.00082,Married,2413,,2046-10-18,No,,,Permanent contract,19550.0,124400,No,1,,NA,1,Created
11943,2011-01-01,11943,Male,15,1996-09-16,0.00015,Single,0,,,No,,,Child,0.0,0,Yes,0,,NA,1,Created
11944,2011-01-01,11944,Male,30,1981-07-22,0.00055,Married,2414,,2042-10-31,No,,,Flexible contract,48626.0,-31265,No,1,,NA,1,Created
11945,2011-01-01,11945,Male,46,1965-05-27,0.00172,Married,2415,,2055-03-16,No,,,Entrepreneur without personnel,21759.0,-33387,Yes,1,,NA,1,Created
11946,2011-01-01,11946,Female,5,2006-10-16,4e-05,Single,0,,,No,,,Child,0.0,0,No,0,24.0,2030-07-06,1,Created
11947,2011-01-01,11947,Female,25,1986-08-21,0.00022999999999999998,Single,0,,,No,,,Entrepreneur without personnel,30422.0,61346,Yes,0,33.0,2019-11-16,1,Created
11948,2011-01-01,11948,Male,12,1999-06-28,0.00011,Single,0,,,No,,,Child,0.0,0,Yes,0,,NA,1,Created
11949,2011-01-01,11949,Male,72,1939-08-30,0.02384,Married,2416,,2042-03-26,No,,,Retired,58994.0,309123,No,2,,NA,1,Created
11950,2011-01-01,11950,Female,79,1932-11-25,0.03112,Married,2484,,2012-09-28,Yes,,,Retired,31648.0,42966,Yes,1,,NA,1,Created
19129,2012-09-28,11950,Female,80,1932-11-25,0.03112,Divorced,2484,,2012-09-28,Yes,,,Retired,31648.0,42966,Yes,1,,NA,1,Life event: Divorced
11951,2011-01-01,11951,Female,59,1952-10-14,0.00479,Married,2485,,2012-06-28,Yes,,,Permanent contract,122.0,260260,No,2,,NA,1,Created
18890,2012-06-28,11951,Female,60,1952-10-14,0.00479,Divorced,2485,,2012-06-28,Yes,,,Permanent contract,122.0,260260,No,2,,NA,1,Life event: Divorced
11952,2011-01-01,11952,Male,59,1952-06-14,0.00717,Married,2417,,2051-05-21,No,,,Permanent contract,276.0,25034,Yes,3,,NA,1,Created
11953,2011-01-01,11953,Female,11,2000-08-17,7e-05,Single,0,,,Yes,37.0,2037-02-15,Child,0.0,0,Yes,0,24.0,2024-09-17,1,Created
11954,2011-01-01,11954,Female,76,1935-03-12,0.02337,Married,2486,,2032-11-06,No,,,Retired,72337.0,10164,No,1,,NA,1,Created
11955,2011-01-01,11955,Male,23,1988-10-06,0.00039,Single,0,,,No,,,Entrepreneur without personnel,68682.0,143958,Yes,0,,NA,1,Created
11956,2011-01-01,11956,Male,22,1989-07-22,0.00041,Single,0,,,No,,,Permanent contract,16889.0,20986,Yes,0,,NA,1,Created
11957,2011-01-01,11957,Male,35,1976-01-01,0.00055,Single,0,,,Yes,31.0,,Permanent contract,8969.0,41044,No,0,,NA,1,Created
11958,2011-01-01,11958,Male,25,1986-08-09,0.00033999999999999997,Single,0,,,No,,,Permanent contract,39175.0,923,Yes,0,,NA,1,Created
11959,2011-01-01,11959,Male,32,1979-08-10,0.00059,Married,2418,,2018-07-18,No,,,Flexible contract,77511.0,-3170,Yes,2,,NA,1,Created
11960,2011-01-01,11960,Female,51,1960-12-23,0.0023899999999999998,Married,2487,,2043-12-28,No,,,Unemployed,56653.0,88355,Yes,2,,NA,1,Created
19249,2012-11-16,11960,Female,52,1960-12-23,0.0023899999999999998,Married,2487,,2043-12-28,No,,,Unemployed,56653.0,88355,Yes,2,,NA,0,Life event: Deceased
11961,2011-01-01,11961,Female,64,1947-06-12,0.00713,Married,2488,,2037-01-14,No,,,Permanent contract,37286.0,-29182,Yes,1,,NA,1,Created
17501,2011-06-12,11961,Female,65,1947-06-12,0.00713,Married,2488,,2037-01-14,No,,,Retired,26100.199999999997,-29182,Yes,1,,NA,1,Life event: Retired
11962,2011-01-01,11962,Male,60,1951-07-31,0.006840000000000001,Married,2419,,2020-12-26,Yes,,,Flexible contract,1353.0,100266,Yes,2,,NA,1,Created
11963,2011-01-01,11963,Female,55,1956-03-19,0.00372,Married,2489,,2061-08-05,Yes,,,Flexible contract,33868.0,273898,Yes,2,,NA,1,Created
11964,2011-01-01,11964,Male,11,2000-09-05,9e-05,Single,0,,,No,,,Child,0.0,0,Yes,0,,NA,1,Created
11965,2011-01-01,11965,Female,53,1958-03-08,0.00312,Divorced,0,,,No,,,Flexible contract,12931.0,839861,Yes,0,,NA,1,Created
11966,2011-01-01,11966,Male,32,1979-12-18,0.00059,Married,2420,,2037-11-28,No,,,Flexible contract,54851.0,342001,Yes,2,,NA,1,Created
11967,2011-01-01,11967,Female,69,1942-09-14,0.0108,Married,2490,,2062-12-20,No,,,Retired,25808.0,27914,No,2,,NA,1,Created
11968,2011-01-01,11968,Female,17,1994-06-15,0.0001,Single,0,,,No,,,Child,0.0,0,No,0,26.0,2020-07-23,1,Created
17516,2011-06-15,11968,Female,18,1994-06-15,0.0001,Single,0,,,No,,,Flexible contract,13215.0,12374,No,0,26,2020-07-23,1,Life event: Adulthood
11969,2011-01-01,11969,Male,47,1964-05-29,0.00186,Married,2421,,2038-09-10,No,,,Flexible contract,25538.0,104046,No,1,,NA,1,Created
11970,2011-01-01,11970,Female,64,1947-03-10,0.00713,Married,2491,,2044-01-26,Yes,,,Entrepreneur without personnel,45241.0,-10828,Yes,1,,NA,1,Created
17040,2011-03-10,11970,Female,65,1947-03-10,0.00713,Married,2491,,2044-01-26,Yes,,,Retired,31668.699999999997,-10828,Yes,1,,NA,1,Life event: Retired
11971,2011-01-01,11971,Male,54,1957-12-11,0.00404,Widowed,0,,,No,,,Entrepreneur without personnel,44871.0,-16880,No,0,,NA,1,Created
11972,2011-01-01,11972,Female,49,1962-03-21,0.00193,Single,0,,,No,,,Entrepreneur without personnel,22281.0,185752,Yes,0,,NA,1,Created
11973,2011-01-01,11973,Female,53,1958-06-30,0.00312,Married,2492,,2028-09-28,No,,,Entrepreneur without personnel,11386.0,308,Yes,1,,NA,1,Created
11974,2011-01-01,11974,Male,17,1994-01-13,0.00022999999999999998,Single,0,,,No,,,Child,0.0,0,No,0,,NA,1,Created
16728,2011-01-13,11974,Male,18,1994-01-13,0.00022999999999999998,Single,0,,,No,,,Permanent contract,44503.0,2016335,No,0,,NA,1,Life event: Adulthood
11975,2011-01-01,11975,Male,49,1962-10-04,0.00242,Single,0,,,Yes,99.0,2061-03-07,Flexible contract,38192.0,425237,No,0,,NA,1,Created
11976,2011-01-01,11976,Male,78,1933-02-26,0.04668,Married,2422,,2052-05-14,No,,,Retired,1033.0,-40867,No,1,,NA,1,Created
11977,2011-01-01,11977,Female,28,1983-08-28,0.00025,Single,0,,,Yes,39.0,2022-10-21,Permanent contract,8501.0,105660,No,0,30.0,2013-11-17,1,Created
11978,2011-01-01,11978,Female,66,1945-08-01,0.009040000000000001,Married,2493,,2022-12-22,Yes,,,Permanent contract,19945.0,624243,No,2,,NA,1,Created
17732,2011-08-01,11978,Female,67,1945-08-01,0.009040000000000001,Married,2493,,2022-12-22,Yes,,,Retired,13961.5,624243,No,2,,NA,1,Life event: Retired
11979,2011-01-01,11979,Male,40,1971-01-19,0.0009400000000000001,Married,2423,,2017-10-31,No,,,Unemployed,15616.0,-14147,Yes,1,,NA,1,Created
11980,2011-01-01,11980,Female,31,1980-02-25,0.00029,Married,2494,,2058-12-13,No,,,Entrepreneur without personnel,31714.0,-19303,Yes,1,42.0,2022-06-21,1,Created
11981,2011-01-01,11981,Female,43,1968-10-11,0.0009699999999999999,Married,2495,,2033-06-08,Yes,,,Flexible contract,30490.0,249159,No,1,,NA,1,Created
11982,2011-01-01,11982,Male,50,1961-12-10,0.00257,Married,2424,,2046-09-26,Yes,,,Permanent contract,40858.0,-2679,No,2,,NA,1,Created
11983,2011-01-01,11983,Female,66,1945-12-24,0.009040000000000001,Married,2496,,2049-11-08,Yes,,,Entrepreneur without personnel,18998.0,-33052,No,1,,NA,1,Created
18355,2011-12-24,11983,Female,67,1945-12-24,0.009040000000000001,Married,2496,,2049-11-08,Yes,,,Retired,13298.599999999999,-33052,No,1,,NA,1,Life event: Retired
11984,2011-01-01,11984,Female,26,1985-08-28,1.0,Single,0,,,No,,,Permanent contract,5290.0,48759,No,0,28.0,2013-08-14,1,Created
18497,2012-02-05,11984,Female,27,1985-08-28,1.0,Single,0,,,No,,,Permanent contract,5290.0,48759,No,0,28,2013-08-14,0,Life event: Deceased
11985,2011-01-01,11985,Female,104,1907-07-05,1.0,Widowed,0,,,Yes,,,Retired,16308.0,490487,Yes,0,,NA,1,Created
19130,2012-09-28,11985,Female,106,1907-07-05,1.0,Widowed,0,,,Yes,,,Retired,16308.0,490487,Yes,0,,NA,0,Life event: Deceased
11986,2011-01-01,11986,Female,7,2004-06-16,7e-05,Single,0,,,No,,,Child,0.0,0,No,0,34.0,2038-08-28,1,Created
11987,2011-01-01,11987,Female,28,1983-07-30,0.00025,Single,0,,,Yes,37.0,2020-10-21,Permanent contract,15743.0,58197,Yes,0,,NA,1,Created
11988,2011-01-01,11988,Male,66,1945-06-08,0.01401,Married,2425,,2052-04-15,Yes,,,Permanent contract,36352.0,138350,No,2,,NA,1,Created
17473,2011-06-08,11988,Male,67,1945-06-08,0.01401,Married,2425,,2052-04-15,Yes,,,Retired,25446.399999999998,138350,No,2,,NA,1,Life event: Retired
11989,2011-01-01,11989,Male,20,1991-06-23,0.00045,Single,0,,,Yes,27.0,2018-06-18,Permanent contract,3989.0,686783,No,0,,NA,1,Created
11990,2011-01-01,11990,Male,42,1969-06-12,0.00128,Married,2426,,2018-11-05,No,,,Permanent contract,42628.0,649278,No,1,,NA,1,Created
11991,2011-01-01,11991,Female,65,1946-11-24,0.007559999999999999,Married,2497,,2052-11-23,No,,,Permanent contract,9203.0,965,No,3,,NA,1,Created
18220,2011-11-24,11991,Female,66,1946-11-24,0.007559999999999999,Married,2497,,2052-11-23,No,,,Retired,6442.099999999999,965,No,3,,NA,1,Life event: Retired
11992,2011-01-01,11992,Male,47,1964-02-14,0.00186,Married,2427,,2013-11-12,Yes,,,Permanent contract,39574.0,8128,No,2,,NA,1,Created
11993,2011-01-01,11993,Female,30,1981-05-01,0.00027,Single,0,,,No,,,Permanent contract,63702.0,-4172,No,0,37.0,2018-03-30,1,Created
11994,2011-01-01,11994,Female,28,1983-07-03,0.00025,Single,0,,,No,,,Flexible contract,89850.0,-1386,No,0,,NA,1,Created
11995,2011-01-01,11995,Male,10,2001-02-15,0.00011999999999999999,Single,0,,,No,,,Child,0.0,0,No,0,,NA,1,Created
11996,2011-01-01,11996,Female,45,1966-01-09,0.00134,Married,2498,,2050-09-07,Yes,,,Flexible contract,7878.0,4169,Yes,1,,NA,1,Created
11997,2011-01-01,11997,Male,13,1998-12-18,0.00014,Single,0,,,Yes,34.0,2032-05-13,Child,0.0,0,No,0,,NA,1,Created
11998,2011-01-01,11998,Female,60,1951-03-04,0.00541,Married,2499,,2024-02-29,Yes,,,Permanent contract,39708.0,-2297,Yes,1,,NA,1,Created
11999,2011-01-01,11999,Female,89,1922-10-05,0.11775999999999999,Widowed,0,,,No,,,Retired,39445.0,-41466,Yes,0,,NA,1,Created
19071,2012-09-02,11999,Female,90,1922-10-05,0.11775999999999999,Widowed,0,,,No,,,Retired,39445.0,-41466,Yes,0,,NA,0,Life event: Deceased
12000,2011-01-01,12000,Female,68,1943-08-24,0.00983,Married,2500,,2029-07-27,No,,,Retired,29731.0,188664,Yes,1,,NA,1,Created
12001,2011-01-01,12001,Female,59,1952-01-18,0.00479,Married,2501,,2012-07-26,No,,,Permanent contract,17776.0,33909,No,1,,NA,1,Created
18964,2012-07-26,12001,Female,61,1952-01-18,0.00479,Divorced,2501,,2012-07-26,No,,,Permanent contract,17776.0,33909,No,1,,NA,1,Life event: Divorced
12002,2011-01-01,12002,Female,45,1966-10-08,0.00134,Married,2502,,2039-11-15,No,,,Flexible contract,15675.0,887578,No,1,,NA,1,Created
12003,2011-01-01,12003,Female,31,1980-06-08,0.00029,Married,2503,,2068-12-16,No,,,Entrepreneur with personel,18471.0,15632,Yes,1,,NA,1,Created
12004,2011-01-01,12004,Male,62,1949-03-03,0.008409999999999999,Married,2428,,2038-10-06,Yes,,,Permanent contract,35352.0,385475,Yes,3,,NA,1,Created
16729,2011-01-13,12004,Male,62,1949-03-03,0.008409999999999999,Married,2428,,2038-10-06,Yes,,,Permanent contract,35352.0,385475,Yes,3,,NA,0,Life event: Deceased
12005,2011-01-01,12005,Female,50,1961-07-07,0.00225,Married,2504,,2027-04-14,Yes,,,Flexible contract,39424.0,204068,No,3,,NA,1,Created
12006,2011-01-01,12006,Male,50,1961-04-11,0.00257,Single,0,,,No,,,Entrepreneur without personnel,36375.0,-4186,No,0,,NA,1,Created
12007,2011-01-01,12007,Female,39,1972-11-12,0.00074,Single,0,,,Yes,25.0,,Permanent contract,91238.0,82624,Yes,0,,NA,1,Created
12008,2011-01-01,12008,Female,94,1917-04-01,0.20800000000000002,Widowed,0,,,No,,,Retired,20127.0,178895,No,0,,NA,1,Created
18732,2012-05-08,12008,Female,96,1917-04-01,0.20800000000000002,Widowed,0,,,No,,,Retired,20127.0,178895,No,0,,NA,0,Life event: Deceased
12009,2011-01-01,12009,Male,39,1972-07-09,0.0008699999999999999,Married,2429,,2032-10-06,No,,,Entrepreneur without personnel,14472.0,2338,Yes,2,,NA,1,Created
18846,2012-06-14,12009,Male,40,1972-07-09,0.0008699999999999999,Widowed,2429,,2032-10-06,No,,,Entrepreneur without personnel,14472.0,2338,Yes,2,,NA,1,Life event: Widowed
12010,2011-01-01,12010,Male,75,1936-08-19,0.033710000000000004,Married,2430,,2016-07-08,Yes,,,Retired,72902.0,830,No,2,,NA,1,Created
12011,2011-01-01,12011,Female,38,1973-03-04,0.00063,Single,0,,,No,,,Entrepreneur without personnel,41619.0,818676,No,0,,NA,1,Created
12012,2011-01-01,12012,Male,35,1976-03-07,0.00055,Married,2431,,2019-05-29,No,,,Permanent contract,1925.0,1434,Yes,1,,NA,1,Created
12013,2011-01-01,12013,Female,60,1951-11-08,0.00541,Married,2505,,2060-12-05,No,,,Permanent contract,12955.0,-3651,No,1,,NA,1,Created
12014,2011-01-01,12014,Female,99,1912-10-10,0.34497,Widowed,0,,,No,,,Retired,22057.0,-46614,Yes,0,,NA,1,Created
19072,2012-09-02,12014,Female,100,1912-10-10,0.34497,Widowed,0,,,No,,,Retired,22057.0,-46614,Yes,0,,NA,0,Life event: Deceased
12015,2011-01-01,12015,Female,24,1987-11-26,0.00018999999999999998,Single,0,,,No,,,Permanent contract,1041.0,140213,Yes,0,,NA,1,Created
12016,2011-01-01,12016,Male,34,1977-03-10,0.00067,Married,2432,,2040-10-16,Yes,,,Permanent contract,41792.0,67646,No,2,,NA,1,Created
12017,2011-01-01,12017,Female,5,2006-07-19,4e-05,Single,0,,,No,,,Child,0.0,0,No,0,28.0,2034-08-22,1,Created
12018,2011-01-01,12018,Female,49,1962-10-17,0.00193,Divorced,0,,,Yes,,,Flexible contract,3191.0,47677,Yes,0,,NA,1,Created
12019,2011-01-01,12019,Female,78,1933-11-02,0.02817,Married,2506,,2057-03-12,Yes,,,Retired,19384.0,85320,No,1,,NA,1,Created
12020,2011-01-01,12020,Female,1,2010-01-12,0.00033999999999999997,Single,0,,,No,,,Child,0.0,0,Yes,0,33.0,2043-07-16,1,Created
12021,2011-01-01,12021,Female,42,1969-07-26,0.001,Married,2507,,2053-10-31,Yes,,,Permanent contract,24042.0,230974,Yes,1,,NA,1,Created
12022,2011-01-01,12022,Female,9,2002-08-29,2.9999999999999997e-05,Single,0,,,No,,,Child,0.0,0,No,0,26.0,2028-08-24,1,Created
12023,2011-01-01,12023,Male,29,1982-04-17,0.0005200000000000001,Single,0,,,No,,,Permanent contract,27793.0,-17113,No,0,,NA,1,Created
12024,2011-01-01,12024,Female,6,2005-02-03,8e-05,Single,0,,,No,,,Child,0.0,0,No,0,37.0,2042-09-10,1,Created
12025,2011-01-01,12025,Male,67,1944-07-22,0.01396,Married,2433,,2058-10-28,No,,,Entrepreneur with personel,18627.0,-40682,Yes,3,,NA,1,Created
17689,2011-07-22,12025,Male,68,1944-07-22,0.01396,Married,2433,,2058-10-28,No,,,Retired,13038.9,-40682,Yes,3,,NA,1,Life event: Retired
12026,2011-01-01,12026,Male,39,1972-07-06,0.0008699999999999999,Single,0,,,No,,,Permanent contract,37826.0,38292,No,0,,NA,1,Created
12027,2011-01-01,12027,Male,52,1959-01-12,0.00314,Divorced,0,,,No,,,Entrepreneur without personnel,18075.0,687,Yes,0,,NA,1,Created
12028,2011-01-01,12028,Female,60,1951-09-27,0.00541,Married,2508,,2021-08-04,No,,,Unemployed,9845.0,7692,Yes,2,,NA,1,Created
12029,2011-01-01,12029,Female,80,1931-11-11,0.03682,Married,2509,,2023-07-17,No,,,Retired,39897.0,-4582,No,2,,NA,1,Created
12030,2011-01-01,12030,Female,79,1932-06-26,0.03112,Married,2510,,2019-09-06,Yes,,,Retired,1164.0,-23818,No,2,,NA,1,Created
12031,2011-01-01,12031,Female,21,1990-06-27,0.00016,Single,0,,,No,,,Flexible contract,50312.0,141229,No,0,36.0,2026-06-04,1,Created
12032,2011-01-01,12032,Male,30,1981-08-02,0.00055,Married,2434,,2013-12-08,No,,,Flexible contract,47487.0,171592,No,3,,NA,1,Created
12033,2011-01-01,12033,Male,81,1930-07-11,0.06966,Married,2435,,2021-05-09,Yes,,,Retired,66097.0,6794,No,1,,NA,1,Created
12034,2011-01-01,12034,Female,54,1957-11-14,0.00313,Married,2511,,2024-11-24,No,,,Permanent contract,1836.0,-45929,Yes,1,,NA,1,Created
12035,2011-01-01,12035,Male,13,1998-06-18,0.00014,Single,0,,,Yes,32.0,2030-05-16,Child,0.0,0,Yes,0,,NA,1,Created
12036,2011-01-01,12036,Female,40,1971-03-22,0.0006900000000000001,Divorced,0,,,No,,,Flexible contract,86351.0,-28031,No,0,,NA,1,Created
12037,2011-01-01,12037,Male,0,2011-11-04,0.0036200000000000004,Single,0,,,Yes,28.0,2039-04-24,Child,0.0,0,No,0,,NA,1,Created
12038,2011-01-01,12038,Male,28,1983-04-07,0.00045,Single,0,,,No,,,Flexible contract,106785.0,149505,Yes,0,,NA,1,Created
12039,2011-01-01,12039,Female,27,1984-12-28,0.00025,Married,2512,,2055-10-28,No,,,Permanent contract,10800.0,38132,Yes,2,33.0,2017-11-13,1,Created
12040,2011-01-01,12040,Male,24,1987-05-22,0.00047999999999999996,Single,0,,,No,,,Unemployed,7108.0,2584,Yes,0,,NA,1,Created
12041,2011-01-01,12041,Male,19,1992-05-19,0.00033,Single,0,,,Yes,45.0,2037-02-04,Permanent contract,6000.0,145028,Yes,0,,NA,1,Created
12042,2011-01-01,12042,Male,56,1955-03-29,0.0052,Married,2436,,2028-09-19,Yes,,,Permanent contract,41801.0,2237222,No,2,,NA,1,Created
12043,2011-01-01,12043,Female,64,1947-08-18,0.00713,Married,2513,,2031-05-26,No,,,Permanent contract,9663.0,3382597,Yes,3,,NA,1,Created
17822,2011-08-18,12043,Female,65,1947-08-18,0.00713,Married,2513,,2031-05-26,No,,,Retired,6764.099999999999,3382597,Yes,3,,NA,1,Life event: Retired
12044,2011-01-01,12044,Female,59,1952-05-14,0.00479,Married,2514,,2024-08-07,No,,,Permanent contract,5381.0,-43553,Yes,1,,NA,1,Created
12045,2011-01-01,12045,Female,61,1950-11-27,0.00562,Married,2515,,2014-10-02,Yes,,,Permanent contract,12964.0,589,Yes,1,,NA,1,Created
12046,2011-01-01,12046,Female,20,1991-10-26,0.00018,Single,0,,,No,,,Permanent contract,19175.0,84440,No,0,42.0,2033-12-13,1,Created
12047,2011-01-01,12047,Female,50,1961-06-26,0.00225,Single,0,,,Yes,24.0,,Permanent contract,10639.0,21618,Yes,0,,NA,1,Created
12048,2011-01-01,12048,Female,35,1976-05-24,0.00033999999999999997,Married,2516,,2032-04-02,No,,,Entrepreneur without personnel,62392.0,11598,No,2,,NA,1,Created
12049,2011-01-01,12049,Female,74,1937-07-25,0.0185,Married,2517,,2024-07-26,No,,,Retired,11372.0,385733,Yes,1,,NA,1,Created
12050,2011-01-01,12050,Female,48,1963-12-18,0.0018800000000000002,Married,2518,,2054-03-17,Yes,,,Flexible contract,17497.0,151390,Yes,3,,NA,1,Created
12051,2011-01-01,12051,Male,66,1945-05-07,0.01401,Married,2437,,2055-12-29,Yes,,,Flexible contract,11388.0,-24042,Yes,2,,NA,1,Created
17321,2011-05-07,12051,Male,67,1945-05-07,0.01401,Married,2437,,2055-12-29,Yes,,,Retired,7971.599999999999,-24042,Yes,2,,NA,1,Life event: Retired
12052,2011-01-01,12052,Female,20,1991-01-27,0.00018,Single,0,,,Yes,55.0,2046-07-28,Permanent contract,1720.0,165891,No,0,33.0,2024-04-08,1,Created
12053,2011-01-01,12053,Female,59,1952-05-03,0.00479,Married,2519,,2016-04-06,No,,,Permanent contract,22930.0,215937,No,3,,NA,1,Created
12054,2011-01-01,12054,Female,33,1978-05-08,0.00035,Single,0,,,Yes,35.0,2013-09-11,Flexible contract,10574.0,35090,No,0,,NA,1,Created
12055,2011-01-01,12055,Male,40,1971-04-10,0.0009400000000000001,Married,2438,,2064-03-03,Yes,,,Flexible contract,16634.0,1361,No,3,,NA,1,Created
12056,2011-01-01,12056,Female,57,1954-09-26,0.00387,Married,2520,,2014-09-29,Yes,,,Permanent contract,12505.0,38474,No,1,,NA,1,Created
12057,2011-01-01,12057,Male,5,2006-09-29,9e-05,Single,0,,,Yes,41.0,2047-07-11,Child,0.0,0,Yes,0,,NA,1,Created
12058,2011-01-01,12058,Female,16,1995-11-01,8e-05,Single,0,,,Yes,37.0,2032-01-12,Child,0.0,0,Yes,0,29.0,2024-07-16,1,Created
19209,2012-11-01,12058,Female,18,1995-11-01,8e-05,Single,0,,,No,,,Flexible contract,93795.0,144496,Yes,0,29,2024-07-16,1,Life event: Adulthood
12059,2011-01-01,12059,Male,71,1940-12-28,0.02034,Single,0,,,No,,,Retired,18474.0,1460,Yes,0,,NA,1,Created
12060,2011-01-01,12060,Female,10,2001-12-31,0.0001,Single,0,,,No,,,Child,0.0,0,Yes,0,34.0,2035-12-07,1,Created
12061,2011-01-01,12061,Male,40,1971-02-22,0.0009400000000000001,Married,2439,,2053-11-01,Yes,,,Permanent contract,4599.0,8188,Yes,3,,NA,1,Created
12062,2011-01-01,12062,Female,5,2006-08-02,4e-05,Single,0,,,No,,,Child,0.0,0,No,0,28.0,2034-03-14,1,Created
12063,2011-01-01,12063,Male,61,1950-11-23,0.00747,Married,2440,,2055-09-30,Yes,,,Permanent contract,105.0,660797,No,1,,NA,1,Created
12064,2011-01-01,12064,Female,13,1998-09-17,0.00011999999999999999,Single,0,,,Yes,20.0,2018-09-15,Child,0.0,0,Yes,0,33.0,2031-12-17,1,Created
12065,2011-01-01,12065,Female,61,1950-10-27,0.00562,Married,2521,,2023-12-18,No,,,Permanent contract,17334.0,14986,Yes,2,,NA,1,Created
12066,2011-01-01,12066,Male,49,1962-01-18,0.00242,Married,2441,,2052-12-09,No,,,Flexible contract,7776.0,18352,No,1,,NA,1,Created
12067,2011-01-01,12067,Male,79,1932-09-11,0.05364,Married,2442,,2063-04-17,Yes,,,Retired,28283.0,-44985,Yes,2,,NA,1,Created
12068,2011-01-01,12068,Male,64,1947-08-13,0.01097,Married,2443,,2058-04-07,No,,,Permanent contract,8259.0,319990,Yes,2,,NA,1,Created
17791,2011-08-13,12068,Male,65,1947-08-13,0.01097,Married,2443,,2058-04-07,No,,,Retired,5781.299999999999,319990,Yes,2,,NA,1,Life event: Retired
12069,2011-01-01,12069,Male,60,1951-03-04,0.006840000000000001,Married,2444,,2024-09-18,No,,,Permanent contract,5419.0,4060,Yes,3,,NA,1,Created
12070,2011-01-01,12070,Male,18,1993-01-29,0.00032,Single,0,,,No,,,Entrepreneur without personnel,24693.0,151101,Yes,0,,NA,1,Created
12071,2011-01-01,12071,Male,58,1953-12-12,0.00603,Married,2445,,2046-09-16,No,,,Entrepreneur without personnel,12990.0,22249,No,1,,NA,1,Created
12072,2011-01-01,12072,Male,2,2009-09-03,0.00021,Single,0,,,No,,,Child,0.0,0,No,0,,NA,1,Created
12073,2011-01-01,12073,Male,20,1991-11-14,0.00045,Single,0,,,No,,,Permanent contract,44629.0,1072,No,0,,NA,1,Created
12074,2011-01-01,12074,Male,58,1953-04-01,0.00603,Married,2446,,2014-11-23,No,,,Permanent contract,131380.0,-46679,Yes,2,,NA,1,Created
12075,2011-01-01,12075,Male,46,1965-09-23,0.00172,Married,2447,,2043-01-06,Yes,,,Permanent contract,20717.0,1847,No,2,,NA,1,Created
12076,2011-01-01,12076,Male,24,1987-10-21,0.00047999999999999996,Single,0,,,Yes,29.0,2016-04-23,Permanent contract,24277.0,820596,No,0,,NA,1,Created
12077,2011-01-01,12077,Female,33,1978-08-11,0.00035,Married,2522,,2025-06-01,Yes,,,Flexible contract,33657.0,-27842,Yes,2,35.0,2013-04-21,1,Created
12078,2011-01-01,12078,Female,71,1940-10-21,0.013009999999999999,Married,2523,,2019-06-07,No,,,Retired,71409.0,-42268,Yes,3,,NA,1,Created
12079,2011-01-01,12079,Female,1,2010-03-28,0.00033999999999999997,Single,0,,,Yes,30.0,2040-02-25,Child,0.0,0,Yes,0,26.0,2036-11-03,1,Created
12080,2011-01-01,12080,Male,69,1942-03-11,0.01804,Married,2448,,2067-07-02,No,,,Retired,4029.0,761399,Yes,3,,NA,1,Created
17683,2011-07-20,12080,Male,70,1942-03-11,0.01804,Widowed,2448,,2067-07-02,No,,,Retired,4029.0,761399,Yes,3,,NA,1,Life event: Widowed
12081,2011-01-01,12081,Male,18,1993-07-04,0.00032,Single,0,,,Yes,56.0,2049-04-10,Permanent contract,7518.0,843412,Yes,0,,NA,1,Created
12082,2011-01-01,12082,Male,52,1959-08-16,0.00314,Married,2449,,2040-12-16,No,,,Permanent contract,277.0,838398,Yes,2,,NA,1,Created
12083,2011-01-01,12083,Female,30,1981-08-21,0.00027,Single,0,,,No,,,Permanent contract,24334.0,94225,Yes,0,,NA,1,Created
12084,2011-01-01,12084,Male,9,2002-04-10,0.00014,Single,0,,,No,,,Child,0.0,0,Yes,0,,NA,1,Created
12085,2011-01-01,12085,Male,41,1970-11-30,0.0008900000000000001,Single,0,,,No,,,Entrepreneur without personnel,32826.0,7255,Yes,0,,NA,1,Created
12086,2011-01-01,12086,Female,19,1992-02-13,0.00014,Single,0,,,No,,,Permanent contract,37391.0,131565,No,0,33.0,2025-12-20,1,Created
12087,2011-01-01,12087,Male,49,1962-07-21,0.00242,Single,0,,,Yes,30.0,,Permanent contract,16838.0,158345,Yes,0,,NA,1,Created
12088,2011-01-01,12088,Female,46,1965-02-09,0.00134,Divorced,0,,,Yes,,,Entrepreneur without personnel,14293.0,608,No,0,,NA,1,Created
12089,2011-01-01,12089,Female,28,1983-11-24,0.00025,Married,2524,,2070-01-02,Yes,,,Unemployed,18345.0,-18836,Yes,3,,NA,1,Created
12090,2011-01-01,12090,Male,29,1982-03-19,0.0005200000000000001,Married,2450,,2063-12-04,Yes,,,Family business,16393.0,457873,Yes,2,,NA,1,Created
12091,2011-01-01,12091,Male,15,1996-04-22,0.00015,Single,0,,,Yes,33.0,2029-11-15,Child,0.0,0,Yes,0,,NA,1,Created
12092,2011-01-01,12092,Female,28,1983-10-30,0.00025,Single,0,,,No,,,Permanent contract,43322.0,831726,Yes,0,33.0,2016-05-27,1,Created
12093,2011-01-01,12093,Male,19,1992-10-03,0.00033,Single,0,,,Yes,28.0,2020-01-08,Entrepreneur without personnel,31389.0,268,No,0,,NA,1,Created
12094,2011-01-01,12094,Female,11,2000-04-18,7e-05,Single,0,,,No,,,Child,0.0,0,No,0,31.0,2031-04-18,1,Created
12095,2011-01-01,12095,Female,0,2011-05-04,0.0028899999999999998,Single,0,,,Yes,40.0,2051-12-04,Child,0.0,0,Yes,0,34.0,2045-01-22,1,Created
12096,2011-01-01,12096,Male,14,1997-10-18,0.00014,Single,0,,,Yes,29.0,2026-05-26,Child,0.0,0,No,0,,NA,1,Created
12097,2011-01-01,12097,Female,60,1951-04-07,0.00541,Married,2525,,2042-11-20,Yes,,,Permanent contract,13792.0,2333,Yes,1,,NA,1,Created
12098,2011-01-01,12098,Male,6,2005-08-02,5.9999999999999995e-05,Single,0,,,Yes,63.0,2068-06-16,Child,0.0,0,Yes,0,,NA,1,Created
12099,2011-01-01,12099,Male,50,1961-11-30,0.00257,Divorced,0,,,Yes,,,Permanent contract,73630.0,487744,Yes,0,,NA,1,Created
12100,2011-01-01,12100,Female,33,1978-11-05,0.00035,Married,2526,,2047-08-03,Yes,,,Entrepreneur without personnel,37628.0,-41594,No,1,,NA,1,Created
12101,2011-01-01,12101,Male,45,1966-07-27,0.0014199999999999998,Divorced,0,,,Yes,,,Entrepreneur without personnel,40569.0,737090,Yes,0,,NA,1,Created
12102,2011-01-01,12102,Female,30,1981-05-28,0.00027,Single,0,,,No,,,Flexible contract,40645.0,6568,No,0,32.0,2013-12-29,1,Created
12103,2011-01-01,12103,Male,51,1960-02-15,0.00301,Married,2451,,2024-07-17,No,,,Permanent contract,34187.0,253471,No,2,,NA,1,Created
12104,2011-01-01,12104,Male,19,1992-04-13,0.00033,Single,0,,,Yes,20.0,2012-05-30,Flexible contract,67025.0,128578,No,0,,NA,1,Created
18802,2012-05-30,12104,Male,21,1992-04-13,0.00033,Married,3484,35,2047-05-12,Yes,20,2012-05-30,Flexible contract,67025.0,128578,No,0,,NA,1,Life event: Married
12105,2011-01-01,12105,Female,58,1953-08-27,0.00448,Married,2527,,2018-12-06,Yes,,,Permanent contract,24467.0,2541,No,1,,NA,1,Created
12106,2011-01-01,12106,Male,34,1977-10-02,0.00067,Married,2452,,2059-06-06,Yes,,,Permanent contract,29456.0,136812,Yes,1,,NA,1,Created
12107,2011-01-01,12107,Male,74,1937-07-15,0.0295,Married,2453,,2038-10-21,No,,,Retired,95887.0,151530,Yes,1,,NA,1,Created
12108,2011-01-01,12108,Male,30,1981-07-15,0.00055,Single,0,,,No,,,Permanent contract,40171.0,909,Yes,0,,NA,1,Created
12109,2011-01-01,12109,Male,59,1952-03-11,0.00717,Married,2454,,2043-10-25,Yes,,,Permanent contract,878.0,3564,Yes,1,,NA,1,Created
12110,2011-01-01,12110,Female,31,1980-11-09,0.00029,Married,2528,,2062-06-28,No,,,Permanent contract,47269.0,54227,No,1,,NA,1,Created
12111,2011-01-01,12111,Female,11,2000-02-17,7e-05,Single,0,,,Yes,42.0,2042-07-03,Child,0.0,0,Yes,0,23.0,2023-07-12,1,Created
12112,2011-01-01,12112,Male,72,1939-05-09,0.02384,Divorced,0,,,Yes,,,Retired,2901.0,14750,No,0,,NA,1,Created
12113,2011-01-01,12113,Female,47,1964-07-27,0.00168,Married,2529,,2048-05-05,Yes,,,Permanent contract,19145.0,229465,No,2,,NA,1,Created
12114,2011-01-01,12114,Female,79,1932-04-02,0.03112,Widowed,0,,,No,,,Retired,6666.0,30449,Yes,0,,NA,1,Created
12115,2011-01-01,12115,Female,82,1929-09-22,0.0493,Married,2530,,2065-09-26,Yes,,,Retired,27426.0,226388,Yes,3,,NA,1,Created
12116,2011-01-01,12116,Female,65,1946-06-26,0.007559999999999999,Married,2531,,2049-12-29,No,,,Permanent contract,26808.0,6167,No,1,,NA,1,Created
17573,2011-06-26,12116,Female,66,1946-06-26,0.007559999999999999,Married,2531,,2049-12-29,No,,,Retired,18765.6,6167,No,1,,NA,1,Life event: Retired
12117,2011-01-01,12117,Female,63,1948-07-28,0.00672,Married,2532,,2015-04-22,No,,,Permanent contract,36564.0,-13551,Yes,2,,NA,1,Created
18568,2012-03-05,12117,Female,64,1948-07-28,0.00672,Married,2532,,2015-04-22,No,,,Permanent contract,36564.0,-13551,Yes,2,,NA,0,Life event: Deceased
12118,2011-01-01,12118,Female,63,1948-07-16,0.00672,Married,2533,,2064-12-04,Yes,,,Permanent contract,44898.0,1150,Yes,1,,NA,1,Created
18937,2012-07-16,12118,Female,65,1948-07-16,0.00672,Married,2533,,2064-12-04,Yes,,,Retired,31428.6,1150,Yes,1,,NA,1,Life event: Retired
12119,2011-01-01,12119,Female,26,1985-09-20,1.0,Married,2534,,2045-10-27,No,,,Flexible contract,31577.0,34352,No,2,33.0,2018-12-14,1,Created
19085,2012-09-07,12119,Female,27,1985-09-20,1.0,Married,2534,,2045-10-27,No,,,Flexible contract,31577.0,34352,No,2,33,2018-12-14,0,Life event: Deceased
12120,2011-01-01,12120,Male,27,1984-11-07,0.00044,Married,2455,,2029-08-07,No,,,Permanent contract,25623.0,230037,No,2,,NA,1,Created
12121,2011-01-01,12121,Female,9,2002-08-01,2.9999999999999997e-05,Single,0,,,Yes,30.0,2032-07-23,Child,0.0,0,No,0,33.0,2035-01-09,1,Created
12122,2011-01-01,12122,Male,33,1978-01-27,0.00047999999999999996,Married,2456,,2012-07-16,Yes,,,Flexible contract,32522.0,30706,No,2,,NA,1,Created
18938,2012-07-16,12122,Male,35,1978-01-27,0.00047999999999999996,Divorced,2456,,2012-07-16,Yes,,,Flexible contract,32522.0,30706,No,2,,NA,1,Life event: Divorced
12123,2011-01-01,12123,Female,4,2007-09-22,5.9999999999999995e-05,Single,0,,,No,,,Child,0.0,0,No,0,39.0,2046-09-28,1,Created
12124,2011-01-01,12124,Male,15,1996-09-30,0.00015,Single,0,,,No,,,Child,0.0,0,Yes,0,,NA,1,Created
12125,2011-01-01,12125,Male,34,1977-01-29,0.00067,Single,0,,,No,,,Entrepreneur without personnel,4078.0,93862,Yes,0,,NA,1,Created
12126,2011-01-01,12126,Female,24,1987-11-28,0.00018999999999999998,Single,0,,,Yes,35.0,2022-06-09,Flexible contract,24916.0,475790,Yes,0,25.0,2012-10-16,1,Created
12127,2011-01-01,12127,Male,46,1965-04-27,0.00172,Married,2457,,2046-09-26,Yes,,,Permanent contract,17809.0,821217,No,2,,NA,1,Created
12128,2011-01-01,12128,Male,27,1984-04-10,0.00044,Single,0,,,Yes,30.0,2014-03-23,Family business,79347.0,-1941,Yes,0,,NA,1,Created
12129,2011-01-01,12129,Female,35,1976-04-03,0.00033999999999999997,Married,2535,,2055-12-26,No,,,Permanent contract,45330.0,2447,No,1,,NA,1,Created
12130,2011-01-01,12130,Male,27,1984-08-18,0.00044,Single,0,,,No,,,Flexible contract,55569.0,-14213,No,0,,NA,1,Created
12131,2011-01-01,12131,Male,35,1976-11-10,0.00055,Single,0,,,No,,,Entrepreneur with personel,4018.0,427641,Yes,0,,NA,1,Created
12132,2011-01-01,12132,Female,49,1962-05-19,0.00193,Married,2536,,2052-02-01,No,,,Permanent contract,5699.0,138352,No,3,,NA,1,Created
12133,2011-01-01,12133,Female,81,1930-01-28,0.04307,Married,2537,,2032-08-25,Yes,,,Retired,17555.0,122887,No,2,,NA,1,Created
12134,2011-01-01,12134,Female,61,1950-11-11,0.00562,Married,2538,,2042-07-28,No,,,Permanent contract,32226.0,380184,No,3,,NA,1,Created
12135,2011-01-01,12135,Female,75,1936-04-05,0.01986,Married,2539,,2040-01-27,No,,,Retired,26766.0,1951,Yes,2,,NA,1,Created
12136,2011-01-01,12136,Female,10,2001-07-03,0.0001,Single,0,,,No,,,Child,0.0,0,Yes,0,23.0,2024-04-20,1,Created
12137,2011-01-01,12137,Male,34,1977-05-27,0.00067,Single,0,,,No,,,Permanent contract,5085.0,-38186,No,0,,NA,1,Created
12138,2011-01-01,12138,Male,20,1991-10-07,0.00045,Single,0,,,No,,,Permanent contract,35182.0,9753,Yes,0,,NA,1,Created
12139,2011-01-01,12139,Male,42,1969-12-07,0.00128,Married,2458,,2041-10-12,No,,,Permanent contract,31650.0,418686,Yes,1,,NA,1,Created
12140,2011-01-01,12140,Female,14,1997-05-13,9e-05,Single,0,,,Yes,30.0,2027-08-23,Child,0.0,0,No,0,34.0,2031-02-03,1,Created
12141,2011-01-01,12141,Female,50,1961-05-17,0.00225,Married,2540,,2012-03-26,Yes,,,Permanent contract,9054.0,-42583,Yes,1,,NA,1,Created
18621,2012-03-26,12141,Female,51,1961-05-17,0.00225,Divorced,2540,,2012-03-26,Yes,,,Permanent contract,9054.0,-42583,Yes,1,,NA,1,Life event: Divorced
12142,2011-01-01,12142,Female,63,1948-09-25,0.00672,Married,2541,,2053-01-05,No,,,Permanent contract,17815.0,137819,Yes,2,,NA,1,Created
19122,2012-09-25,12142,Female,65,1948-09-25,0.00672,Married,2541,,2053-01-05,No,,,Retired,12470.5,137819,Yes,2,,NA,1,Life event: Retired
12143,2011-01-01,12143,Male,53,1958-01-21,0.0033299999999999996,Married,2459,,2012-11-12,Yes,,,Permanent contract,12931.0,8456,No,3,,NA,1,Created
19239,2012-11-12,12143,Male,55,1958-01-21,0.0033299999999999996,Divorced,2459,,2012-11-12,Yes,,,Permanent contract,12931.0,8456,No,3,,NA,1,Life event: Divorced
12144,2011-01-01,12144,Female,30,1981-07-31,0.00027,Divorced,0,,,No,,,Unemployed,18756.0,355177,Yes,0,34.0,2015-09-08,1,Created
12145,2011-01-01,12145,Male,40,1971-07-11,0.0009400000000000001,Married,2460,,2025-03-04,Yes,,,Entrepreneur without personnel,24043.0,15545,No,1,,NA,1,Created
12146,2011-01-01,12146,Female,60,1951-03-01,0.00541,Married,2542,,2046-05-01,No,,,Permanent contract,6980.0,105291,Yes,1,,NA,1,Created
12147,2011-01-01,12147,Male,29,1982-02-03,0.0005200000000000001,Single,0,,,No,,,Permanent contract,10649.0,9789,Yes,0,,NA,1,Created
12148,2011-01-01,12148,Female,20,1991-09-02,0.00018,Single,0,,,No,,,Permanent contract,14649.0,101492,No,0,29.0,2020-02-20,1,Created
12149,2011-01-01,12149,Male,50,1961-12-11,0.00257,Single,0,,,Yes,38.0,,Permanent contract,28046.0,-20002,Yes,0,,NA,1,Created
12150,2011-01-01,12150,Male,20,1991-10-11,0.00045,Single,0,,,No,,,Permanent contract,34314.0,26936,No,0,,NA,1,Created
12151,2011-01-01,12151,Male,46,1965-04-14,0.00172,Married,2461,,2047-06-16,No,,,Flexible contract,106.0,134409,No,2,,NA,1,Created
18748,2012-05-13,12151,Male,48,1965-04-14,0.00172,Widowed,2461,,2047-06-16,No,,,Flexible contract,106.0,134409,No,2,,NA,1,Life event: Widowed
12152,2011-01-01,12152,Male,51,1960-10-04,0.00301,Married,2462,,2027-09-27,No,,,Permanent contract,31744.0,14393,No,2,,NA,1,Created
12153,2011-01-01,12153,Female,41,1970-07-08,0.0007700000000000001,Married,2543,,2045-07-24,No,,,Flexible contract,18124.0,2237,Yes,2,,NA,1,Created
12154,2011-01-01,12154,Female,38,1973-11-16,0.00063,Divorced,0,,,No,,,Permanent contract,7006.0,27626,No,0,,NA,1,Created
12155,2011-01-01,12155,Male,4,2007-01-05,0.00011,Single,0,,,Yes,28.0,2035-08-29,Child,0.0,0,Yes,0,,NA,1,Created
12156,2011-01-01,12156,Male,46,1965-11-18,0.00172,Married,2463,,2018-11-25,No,,,Permanent contract,24342.0,133486,No,1,,NA,1,Created
12157,2011-01-01,12157,Male,55,1956-09-11,0.00419,Single,0,,,No,,,Entrepreneur with personel,18627.0,47858,Yes,0,,NA,1,Created
12158,2011-01-01,12158,Female,62,1949-08-19,0.0057399999999999994,Married,2544,,2011-03-11,Yes,,,Permanent contract,29051.0,461,No,2,,NA,1,Created
17045,2011-03-11,12158,Female,62,1949-08-19,0.0057399999999999994,Divorced,2544,,2011-03-11,Yes,,,Permanent contract,29051.0,461,No,2,,NA,1,Life event: Divorced
12159,2011-01-01,12159,Female,50,1961-01-12,0.00225,Single,0,,,Yes,49.0,,Permanent contract,43395.0,299795,Yes,0,,NA,1,Created
12160,2011-01-01,12160,Male,41,1970-02-20,0.0008900000000000001,Divorced,0,,,Yes,,,Permanent contract,14486.0,2669,No,0,,NA,1,Created
12161,2011-01-01,12161,Female,25,1986-03-18,0.00022999999999999998,Single,0,,,Yes,37.0,2023-03-15,Entrepreneur with personel,94714.0,2055,Yes,0,29.0,2015-06-18,1,Created
12162,2011-01-01,12162,Female,0,2011-06-21,0.0028899999999999998,Single,0,,,Yes,45.0,2056-08-03,Child,0.0,0,No,0,33.0,2044-07-24,1,Created
12163,2011-01-01,12163,Female,54,1957-03-12,0.00313,Married,2545,,2033-03-24,No,,,Permanent contract,30427.0,11070,Yes,1,,NA,1,Created
18904,2012-07-07,12163,Female,56,1957-03-12,0.00313,Married,2545,,2033-03-24,No,,,Permanent contract,30427.0,11070,Yes,1,,NA,0,Life event: Deceased
12164,2011-01-01,12164,Male,29,1982-03-06,0.0005200000000000001,Single,0,,,Yes,55.0,2037-04-30,Flexible contract,61124.0,370941,Yes,0,,NA,1,Created
12165,2011-01-01,12165,Male,32,1979-11-12,0.00059,Married,2464,,2038-10-17,Yes,,,Flexible contract,6010.0,154442,No,1,,NA,1,Created
12166,2011-01-01,12166,Female,2,2009-05-17,0.00015,Single,0,,,No,,,Child,0.0,0,Yes,0,29.0,2038-05-30,1,Created
12167,2011-01-01,12167,Female,9,2002-07-03,2.9999999999999997e-05,Single,0,,,No,,,Child,0.0,0,No,0,26.0,2028-08-29,1,Created
12168,2011-01-01,12168,Male,18,1993-07-30,0.00032,Single,0,,,No,,,Flexible contract,40849.0,-12048,No,0,,NA,1,Created
12169,2011-01-01,12169,Female,0,2011-07-14,0.0028899999999999998,Single,0,,,Yes,23.0,2034-01-30,Child,0.0,0,Yes,0,37.0,2048-08-09,1,Created
12170,2011-01-01,12170,Female,51,1960-04-22,0.0023899999999999998,Married,2546,,2051-04-02,No,,,Flexible contract,84563.0,2891,No,2,,NA,1,Created
12171,2011-01-01,12171,Female,55,1956-02-06,0.00372,Divorced,0,,,No,,,Permanent contract,88529.0,988,Yes,0,,NA,1,Created
12172,2011-01-01,12172,Female,38,1973-05-23,0.00063,Married,2547,,2023-11-13,Yes,,,Permanent contract,24021.0,-1904,Yes,2,,NA,1,Created
12173,2011-01-01,12173,Male,40,1971-07-24,0.0009400000000000001,Single,0,,,Yes,56.0,2027-07-22,Permanent contract,14622.0,255803,Yes,0,,NA,1,Created
12174,2011-01-01,12174,Male,2,2009-09-29,0.00021,Single,0,,,Yes,29.0,2038-05-12,Child,0.0,0,No,0,,NA,1,Created
12175,2011-01-01,12175,Male,74,1937-09-28,0.0295,Widowed,0,,,No,,,Retired,70337.0,5039,No,0,,NA,1,Created
12176,2011-01-01,12176,Female,28,1983-10-16,0.00025,Single,0,,,Yes,30.0,2013-07-09,Unemployed,97323.0,39755,Yes,0,32.0,2015-01-15,1,Created
12177,2011-01-01,12177,Female,7,2004-02-29,7e-05,Single,0,,,Yes,54.0,2058-01-01,Child,0.0,0,Yes,0,31.0,2035-12-08,1,Created
12178,2011-01-01,12178,Male,65,1946-02-02,0.01141,Married,2465,,2052-01-25,No,,,Permanent contract,37128.0,9072,Yes,1,,NA,1,Created
16838,2011-02-02,12178,Male,66,1946-02-02,0.01141,Married,2465,,2052-01-25,No,,,Retired,25989.6,9072,Yes,1,,NA,1,Life event: Retired
12179,2011-01-01,12179,Male,17,1994-12-04,0.00022999999999999998,Single,0,,,No,,,Child,0.0,0,No,0,,NA,1,Created
18260,2011-12-04,12179,Male,18,1994-12-04,0.00022999999999999998,Single,0,,,No,,,Unemployed,85777.0,7198,No,0,,NA,1,Life event: Adulthood
12180,2011-01-01,12180,Male,36,1975-11-13,0.0006,Married,2466,,2060-04-19,No,,,Flexible contract,43131.0,64664,No,2,,NA,1,Created
12181,2011-01-01,12181,Female,57,1954-02-16,0.00387,Married,2548,,2037-02-23,No,,,Permanent contract,48958.0,30993,Yes,1,,NA,1,Created
12182,2011-01-01,12182,Male,0,2011-11-30,0.0036200000000000004,Single,0,,,No,,,Child,0.0,0,No,0,,NA,1,Created
12183,2011-01-01,12183,Female,2,2009-08-12,0.00015,Single,0,,,Yes,29.0,2038-07-03,Child,0.0,0,No,0,32.0,2041-02-09,1,Created
12184,2011-01-01,12184,Male,58,1953-12-27,0.00603,Married,2467,,2025-05-21,No,,,Permanent contract,16586.0,609047,Yes,1,,NA,1,Created
18603,2012-03-19,12184,Male,59,1953-12-27,0.00603,Widowed,2467,,2025-05-21,No,,,Permanent contract,16586.0,609047,Yes,1,,NA,1,Life event: Widowed
12185,2011-01-01,12185,Female,5,2006-01-15,4e-05,Single,0,,,Yes,27.0,2033-11-02,Child,0.0,0,No,0,30.0,2036-08-23,1,Created
12186,2011-01-01,12186,Male,50,1961-11-26,0.00257,Divorced,0,,,No,,,Permanent contract,6052.0,236,No,0,,NA,1,Created
12187,2011-01-01,12187,Male,27,1984-05-17,0.00044,Single,0,,,No,,,Entrepreneur with personel,80400.0,124887,Yes,0,,NA,1,Created
12188,2011-01-01,12188,Male,1,2010-05-30,0.00056,Single,0,,,Yes,25.0,2035-12-15,Child,0.0,0,No,0,,NA,1,Created
12189,2011-01-01,12189,Female,40,1971-05-06,0.0006900000000000001,Married,2549,,2077-12-31,Yes,,,Permanent contract,11989.0,4954142,No,1,41.0,2012-01-04,1,Created
18401,2012-01-04,12189,Female,41,1971-05-06,0.0006900000000000001,Married,2549,,2077-12-31,Yes,,,Permanent contract,11989.0,4954142,No,1,41,2012-01-04,1,Life event: Children born
12190,2011-01-01,12190,Male,48,1963-06-11,0.0021100000000000003,Married,2468,,2034-07-30,Yes,,,Permanent contract,23249.0,560703,No,2,,NA,1,Created
12191,2011-01-01,12191,Male,16,1995-10-18,0.00029,Single,0,,,Yes,29.0,2024-10-21,Child,0.0,0,No,0,,NA,1,Created
19170,2012-10-18,12191,Male,18,1995-10-18,0.00029,Single,0,,,No,,,Permanent contract,96850.0,167,No,0,,NA,1,Life event: Adulthood
12192,2011-01-01,12192,Female,0,2011-06-15,0.0028899999999999998,Single,0,,,Yes,27.0,2038-07-23,Child,0.0,0,No,0,39.0,2050-01-26,1,Created
12193,2011-01-01,12193,Male,56,1955-04-05,0.0052,Married,2469,,2027-02-04,No,,,Permanent contract,20298.0,-33340,No,1,,NA,1,Created
12194,2011-01-01,12194,Male,4,2007-10-11,0.00011,Single,0,,,No,,,Child,0.0,0,Yes,0,,NA,1,Created
12195,2011-01-01,12195,Female,48,1963-07-31,0.0018800000000000002,Single,0,,,Yes,41.0,,Entrepreneur without personnel,3268.0,318118,No,0,,NA,1,Created
12196,2011-01-01,12196,Male,58,1953-10-24,0.00603,Widowed,0,,,Yes,,,Flexible contract,21574.0,31325,No,0,,NA,1,Created
12197,2011-01-01,12197,Male,5,2006-07-04,9e-05,Single,0,,,Yes,53.0,2059-08-24,Child,0.0,0,Yes,0,,NA,1,Created
12198,2011-01-01,12198,Female,42,1969-03-08,0.001,Married,2550,,2033-07-18,No,,,Flexible contract,17758.0,162064,Yes,1,,NA,1,Created
12199,2011-01-01,12199,Male,25,1986-01-08,0.00033999999999999997,Single,0,,,No,,,Permanent contract,98582.0,16731,Yes,0,,NA,1,Created
12200,2011-01-01,12200,Male,62,1949-04-24,0.008409999999999999,Married,2470,,2026-04-13,No,,,Permanent contract,73252.0,-23078,No,2,,NA,1,Created
12201,2011-01-01,12201,Male,102,1909-01-08,1.0,Widowed,0,,,No,,,Retired,16508.0,-19679,Yes,0,,NA,1,Created
17159,2011-04-02,12201,Male,103,1909-01-08,1.0,Widowed,0,,,No,,,Retired,16508.0,-19679,Yes,0,,NA,0,Life event: Deceased
12202,2011-01-01,12202,Female,72,1939-05-13,0.01411,Divorced,0,,,No,,,Retired,3027.0,118765,Yes,0,,NA,1,Created
12203,2011-01-01,12203,Male,60,1951-02-08,0.006840000000000001,Married,2471,,2026-04-30,No,,,Permanent contract,73628.0,-21495,Yes,1,,NA,1,Created
12204,2011-01-01,12204,Female,63,1948-06-25,0.00672,Married,2551,,2014-10-27,Yes,,,Flexible contract,15056.0,405947,No,2,,NA,1,Created
18884,2012-06-25,12204,Female,65,1948-06-25,0.00672,Married,2551,,2014-10-27,Yes,,,Retired,10539.199999999999,405947,No,2,,NA,1,Life event: Retired
12205,2011-01-01,12205,Male,40,1971-07-07,0.0009400000000000001,Single,0,,,No,,,Flexible contract,1991.0,175571,Yes,0,,NA,1,Created
12206,2011-01-01,12206,Male,32,1979-01-11,0.00059,Married,2472,,2052-03-15,No,,,Permanent contract,26987.0,423061,Yes,1,,NA,1,Created
12207,2011-01-01,12207,Male,60,1951-01-14,0.006840000000000001,Married,2473,,2033-12-07,No,,,Entrepreneur without personnel,48284.0,470722,Yes,1,,NA,1,Created
12208,2011-01-01,12208,Female,43,1968-07-12,0.0009699999999999999,Married,2552,,2059-09-03,No,,,Permanent contract,40099.0,42279,Yes,2,,NA,1,Created
12209,2011-01-01,12209,Male,2,2009-12-15,0.00021,Single,0,,,No,,,Child,0.0,0,No,0,,NA,1,Created
12210,2011-01-01,12210,Female,31,1980-11-09,0.00029,Married,2553,,2045-10-21,Yes,,,Flexible contract,15715.0,-25079,No,3,37.0,2017-08-22,1,Created
12211,2011-01-01,12211,Male,53,1958-06-10,0.0033299999999999996,Married,2474,,2051-04-01,Yes,,,Entrepreneur without personnel,62449.0,145380,Yes,2,,NA,1,Created
12212,2011-01-01,12212,Male,98,1913-03-16,0.33792,Widowed,0,,,No,,,Retired,36142.0,-37245,No,0,,NA,1,Created
16906,2011-02-13,12212,Male,98,1913-03-16,0.33792,Widowed,0,,,No,,,Retired,36142.0,-37245,No,0,,NA,0,Life event: Deceased
12213,2011-01-01,12213,Male,52,1959-05-29,0.00314,Married,2475,,2018-03-24,No,,,Permanent contract,28472.0,2143,No,1,,NA,1,Created
12214,2011-01-01,12214,Male,1,2010-11-16,0.00056,Single,0,,,No,,,Child,0.0,0,Yes,0,,NA,1,Created
12215,2011-01-01,12215,Male,51,1960-07-29,0.00301,Married,2476,,2036-08-09,No,,,Permanent contract,21573.0,154547,Yes,2,,NA,1,Created
12216,2011-01-01,12216,Male,101,1910-02-28,1.0,Widowed,0,,,Yes,,,Retired,13692.0,413458,Yes,0,,NA,1,Created
16670,2011-01-03,12216,Male,101,1910-02-28,1.0,Widowed,0,,,Yes,,,Retired,13692.0,413458,Yes,0,,NA,0,Life event: Deceased
12217,2011-01-01,12217,Male,35,1976-12-07,0.00055,Single,0,,,Yes,12.0,,Entrepreneur without personnel,14894.0,27345,Yes,0,,NA,1,Created
12218,2011-01-01,12218,Male,19,1992-11-26,0.00033,Single,0,,,Yes,44.0,2036-12-26,Permanent contract,3183.0,4226,Yes,0,,NA,1,Created
12219,2011-01-01,12219,Male,31,1980-05-05,0.00041,Single,0,,,Yes,33.0,2013-09-27,Unemployed,29949.0,411929,Yes,0,,NA,1,Created
12220,2011-01-01,12220,Female,55,1956-05-20,0.00372,Married,2554,,2046-06-30,Yes,,,Entrepreneur without personnel,91016.0,139818,Yes,2,,NA,1,Created
12221,2011-01-01,12221,Female,28,1983-01-07,0.00025,Married,2555,,2016-01-18,No,,,Family business,21105.0,89462,No,3,39.0,2022-07-31,1,Created
12222,2011-01-01,12222,Female,67,1944-08-04,0.00974,Married,2556,,2024-12-09,Yes,,,Permanent contract,42446.0,874,Yes,2,,NA,1,Created
17740,2011-08-04,12222,Female,68,1944-08-04,0.00974,Married,2556,,2024-12-09,Yes,,,Retired,29712.199999999997,874,Yes,2,,NA,1,Life event: Retired
12223,2011-01-01,12223,Female,60,1951-02-14,0.00541,Married,2557,,2052-09-27,No,,,Permanent contract,33865.0,14590,Yes,2,,NA,1,Created
12224,2011-01-01,12224,Male,30,1981-05-02,0.00055,Single,0,,,Yes,49.0,2030-12-12,Permanent contract,13908.0,7060,No,0,,NA,1,Created
12225,2011-01-01,12225,Male,54,1957-01-27,0.00404,Married,2477,,2016-02-28,No,,,Permanent contract,84324.0,257358,No,1,,NA,1,Created
12226,2011-01-01,12226,Female,55,1956-04-15,0.00372,Married,2558,,2034-10-04,Yes,,,Family business,26577.0,34063,Yes,1,,NA,1,Created
12227,2011-01-01,12227,Female,100,1911-03-11,1.0,Widowed,0,,,No,,,Retired,17654.0,175088,Yes,0,,NA,1,Created
17504,2011-06-13,12227,Female,101,1911-03-11,1.0,Widowed,0,,,No,,,Retired,17654.0,175088,Yes,0,,NA,0,Life event: Deceased
12228,2011-01-01,12228,Female,6,2005-10-18,8e-05,Single,0,,,Yes,24.0,2029-06-18,Child,0.0,0,No,0,29.0,2034-06-04,1,Created
12229,2011-01-01,12229,Female,0,2011-11-12,0.0028899999999999998,Single,0,,,Yes,30.0,2041-05-09,Child,0.0,0,Yes,0,28.0,2039-12-01,1,Created
12230,2011-01-01,12230,Male,18,1993-09-12,0.00032,Single,0,,,No,,,Permanent contract,70656.0,118800,No,0,,NA,1,Created
12231,2011-01-01,12231,Female,60,1951-01-15,0.00541,Married,2559,,2063-07-07,No,,,Unemployed,19383.0,-850,Yes,2,,NA,1,Created
12232,2011-01-01,12232,Male,47,1964-12-13,0.00186,Divorced,0,,,No,,,Permanent contract,77333.0,269767,No,0,,NA,1,Created
12233,2011-01-01,12233,Female,2,2009-03-30,0.00015,Single,0,,,No,,,Child,0.0,0,Yes,0,40.0,2049-11-24,1,Created
12234,2011-01-01,12234,Male,47,1964-07-13,0.00186,Single,0,,,Yes,28.0,,Permanent contract,9221.0,34,Yes,0,,NA,1,Created
12235,2011-01-01,12235,Male,76,1935-03-04,0.0375,Married,2478,,2054-11-18,No,,,Retired,29350.0,14417,Yes,2,,NA,1,Created
18857,2012-06-18,12235,Male,78,1935-03-04,0.0375,Married,2478,,2054-11-18,No,,,Retired,29350.0,14417,Yes,2,,NA,0,Life event: Deceased
12236,2011-01-01,12236,Female,102,1909-06-14,1.0,Married,2560,,2035-07-28,No,,,Retired,1112.0,177538,No,2,,NA,1,Created
12237,2011-01-01,12237,Male,33,1978-03-04,0.00047999999999999996,Married,2479,,2012-12-18,Yes,,,Flexible contract,10268.0,7923,No,1,,NA,1,Created
19333,2012-12-18,12237,Male,35,1978-03-04,0.00047999999999999996,Divorced,2479,,2012-12-18,Yes,,,Flexible contract,10268.0,7923,No,1,,NA,1,Life event: Divorced
12238,2011-01-01,12238,Female,5,2006-11-21,4e-05,Single,0,,,No,,,Child,0.0,0,Yes,0,34.0,2040-11-02,1,Created
12239,2011-01-01,12239,Male,47,1964-01-31,0.00186,Married,2480,,2020-06-17,No,,,Flexible contract,106656.0,190711,No,1,,NA,1,Created
12240,2011-01-01,12240,Female,35,1976-12-05,0.00033999999999999997,Married,2561,,2055-10-27,Yes,,,Unemployed,22360.0,889985,No,1,,NA,1,Created
12241,2011-01-01,12241,Male,42,1969-04-28,0.00128,Married,2481,,2018-10-10,No,,,Permanent contract,1215.0,391302,No,2,,NA,1,Created
12242,2011-01-01,12242,Male,50,1961-09-06,0.00257,Married,2482,,2048-06-27,No,,,Permanent contract,52109.0,147599,Yes,2,,NA,1,Created
12243,2011-01-01,12243,Female,94,1917-09-23,0.20800000000000002,Widowed,0,,,Yes,,,Retired,40869.0,473,Yes,0,,NA,1,Created
12244,2011-01-01,12244,Male,55,1956-08-31,0.00419,Married,2483,,2045-05-04,Yes,,,Permanent contract,33515.0,420752,Yes,1,,NA,1,Created
12245,2011-01-01,12245,Male,60,1951-09-03,0.006840000000000001,Married,2484,,2012-09-28,Yes,,,Permanent contract,9379.0,8077,Yes,1,,NA,1,Created
19131,2012-09-28,12245,Male,62,1951-09-03,0.006840000000000001,Divorced,2484,,2012-09-28,Yes,,,Permanent contract,9379.0,8077,Yes,1,,NA,1,Life event: Divorced
12246,2011-01-01,12246,Female,6,2005-08-25,8e-05,Single,0,,,No,,,Child,0.0,0,Yes,0,31.0,2036-11-17,1,Created
12247,2011-01-01,12247,Female,2,2009-01-29,0.00015,Single,0,,,No,,,Child,0.0,0,No,0,31.0,2040-01-05,1,Created
12248,2011-01-01,12248,Female,39,1972-06-03,0.00074,Married,2562,,2047-01-15,Yes,,,Permanent contract,21974.0,384247,Yes,3,39.0,2011-04-19,1,Created
17238,2011-04-19,12248,Female,39,1972-06-03,0.00074,Married,2562,,2047-01-15,Yes,,,Permanent contract,21974.0,384247,Yes,3,39,2011-04-19,1,Life event: Children born
12249,2011-01-01,12249,Male,62,1949-12-29,0.008409999999999999,Married,2485,,2012-06-28,Yes,,,Entrepreneur without personnel,19157.0,-45902,No,2,,NA,1,Created
18891,2012-06-28,12249,Male,63,1949-12-29,0.008409999999999999,Divorced,2485,,2012-06-28,Yes,,,Entrepreneur without personnel,19157.0,-45902,No,2,,NA,1,Life event: Divorced
12250,2011-01-01,12250,Female,72,1939-10-26,0.01411,Single,0,,,No,,,Retired,12272.0,4184850,No,0,,NA,1,Created
12251,2011-01-01,12251,Female,48,1963-11-04,0.0018800000000000002,Married,2563,,2025-06-19,Yes,,,Entrepreneur with personel,48843.0,705,No,1,,NA,1,Created
12252,2011-01-01,12252,Male,49,1962-01-04,0.00242,Married,2486,,2032-11-06,Yes,,,Flexible contract,81939.0,153039,No,1,,NA,1,Created
12253,2011-01-01,12253,Male,35,1976-10-01,0.00055,Single,0,,,Yes,32.0,,Flexible contract,13444.0,1187511,No,0,,NA,1,Created
12254,2011-01-01,12254,Female,18,1993-06-27,0.00023999999999999998,Single,0,,,No,,,Permanent contract,16147.0,677,Yes,0,29.0,2022-02-20,1,Created
12255,2011-01-01,12255,Male,35,1976-03-28,0.00055,Single,0,,,No,,,Permanent contract,26519.0,108494,No,0,,NA,1,Created
12256,2011-01-01,12256,Male,48,1963-06-25,0.0021100000000000003,Single,0,,,Yes,31.0,,Permanent contract,42836.0,41,Yes,0,,NA,1,Created
12257,2011-01-01,12257,Male,45,1966-05-02,0.0014199999999999998,Single,0,,,No,,,Unemployed,3418.0,15334,No,0,,NA,1,Created
12258,2011-01-01,12258,Male,57,1954-03-17,0.00572,Married,2487,,2043-12-28,Yes,,,Permanent contract,29744.0,2307431,Yes,2,,NA,1,Created
19250,2012-11-16,12258,Male,59,1954-03-17,0.00572,Widowed,2487,,2043-12-28,Yes,,,Permanent contract,29744.0,2307431,Yes,2,,NA,1,Life event: Widowed
12259,2011-01-01,12259,Female,50,1961-03-24,0.00225,Married,2564,,2012-06-27,No,,,Permanent contract,17099.0,90327,Yes,1,,NA,1,Created
18887,2012-06-27,12259,Female,52,1961-03-24,0.00225,Divorced,2564,,2012-06-27,No,,,Permanent contract,17099.0,90327,Yes,1,,NA,1,Life event: Divorced
12260,2011-01-01,12260,Female,40,1971-12-07,0.0006900000000000001,Married,2565,,2027-06-23,No,,,Permanent contract,37185.0,17771,Yes,1,,NA,1,Created
12261,2011-01-01,12261,Male,20,1991-08-20,0.00045,Single,0,,,No,,,Permanent contract,118230.0,478568,No,0,,NA,1,Created
12262,2011-01-01,12262,Female,50,1961-09-24,0.00225,Divorced,0,,,No,,,Entrepreneur without personnel,8451.0,-29474,No,0,,NA,1,Created
12263,2011-01-01,12263,Male,59,1952-05-10,0.00717,Widowed,0,,,No,,,Entrepreneur without personnel,4639.0,103,Yes,0,,NA,1,Created
12264,2011-01-01,12264,Female,65,1946-07-31,0.007559999999999999,Widowed,0,,,Yes,,,Permanent contract,36652.0,405282,Yes,0,,NA,1,Created
17730,2011-07-31,12264,Female,66,1946-07-31,0.007559999999999999,Widowed,0,,,Yes,,,Retired,25656.399999999998,405282,Yes,0,,NA,1,Life event: Retired
12265,2011-01-01,12265,Female,65,1946-11-07,0.007559999999999999,Married,2566,,2046-08-31,Yes,,,Flexible contract,4516.0,54,No,2,,NA,1,Created
18145,2011-11-07,12265,Female,66,1946-11-07,0.007559999999999999,Married,2566,,2046-08-31,Yes,,,Retired,3161.2,54,No,2,,NA,1,Life event: Retired
12266,2011-01-01,12266,Male,68,1943-05-22,0.01522,Married,2488,,2037-01-14,Yes,,,Retired,11378.0,647058,Yes,1,,NA,1,Created
12267,2011-01-01,12267,Male,65,1946-06-24,0.01141,Married,2489,,2061-08-05,No,,,Permanent contract,23895.0,-44269,Yes,2,,NA,1,Created
17561,2011-06-24,12267,Male,66,1946-06-24,0.01141,Married,2489,,2061-08-05,No,,,Retired,16726.5,-44269,Yes,2,,NA,1,Life event: Retired
12268,2011-01-01,12268,Male,27,1984-12-28,0.00044,Single,0,,,Yes,39.0,2023-02-09,Permanent contract,7188.0,177077,No,0,,NA,1,Created
12269,2011-01-01,12269,Female,28,1983-04-15,0.00025,Single,0,,,No,,,Permanent contract,26007.0,474726,Yes,0,28.0,2011-11-24,1,Created
12270,2011-01-01,12270,Female,48,1963-02-25,0.0018800000000000002,Divorced,0,,,No,,,Permanent contract,22287.0,108636,Yes,0,,NA,1,Created
12271,2011-01-01,12271,Female,35,1976-05-19,0.00033999999999999997,Single,0,,,No,,,Permanent contract,1166.0,15905,Yes,0,,NA,1,Created
12272,2011-01-01,12272,Female,75,1936-10-22,0.01986,Widowed,0,,,Yes,,,Retired,46304.0,226260,No,0,,NA,1,Created
12273,2011-01-01,12273,Female,8,2003-09-30,2.9999999999999997e-05,Single,0,,,No,,,Child,0.0,0,Yes,0,30.0,2033-06-14,1,Created
12274,2011-01-01,12274,Female,60,1951-06-29,0.00541,Divorced,0,,,Yes,,,Unemployed,4519.0,-955,Yes,0,,NA,1,Created
12275,2011-01-01,12275,Male,65,1946-06-04,0.01141,Married,2490,,2062-12-20,Yes,,,Flexible contract,24442.0,373004,No,2,,NA,1,Created
17456,2011-06-04,12275,Male,66,1946-06-04,0.01141,Married,2490,,2062-12-20,Yes,,,Retired,17109.399999999998,373004,No,2,,NA,1,Life event: Retired
12276,2011-01-01,12276,Male,67,1944-08-23,0.01396,Married,2491,,2044-01-26,Yes,,,Permanent contract,26290.0,-27888,Yes,1,,NA,1,Created
17849,2011-08-23,12276,Male,68,1944-08-23,0.01396,Married,2491,,2044-01-26,Yes,,,Retired,18403.0,-27888,Yes,1,,NA,1,Life event: Retired
12277,2011-01-01,12277,Male,58,1953-10-25,0.00603,Married,2492,,2028-09-28,No,,,Permanent contract,4910.0,-25164,Yes,1,,NA,1,Created
12278,2011-01-01,12278,Female,23,1988-10-28,0.0001,Single,0,,,Yes,35.0,2023-06-14,Permanent contract,22591.0,99010,Yes,0,28.0,2016-05-03,1,Created
12279,2011-01-01,12279,Female,32,1979-02-19,0.00041,Married,2567,,2032-12-30,No,,,Permanent contract,32138.0,-109,No,2,36.0,2015-05-16,1,Created
12280,2011-01-01,12280,Female,61,1950-04-05,0.00562,Married,2568,,2021-02-01,Yes,,,Entrepreneur with personel,2775.0,-1042,Yes,3,,NA,1,Created
12281,2011-01-01,12281,Female,20,1991-07-22,0.00018,Single,0,,,Yes,31.0,2022-01-16,Permanent contract,83992.0,4111,Yes,0,25.0,2016-08-08,1,Created
12282,2011-01-01,12282,Female,44,1967-08-22,0.00107,Married,2569,,2040-06-12,No,,,Flexible contract,43336.0,35857,Yes,1,,NA,1,Created
17173,2011-04-04,12282,Female,44,1967-08-22,0.00107,Widowed,2569,,2040-06-12,No,,,Flexible contract,43336.0,35857,Yes,1,,NA,1,Life event: Widowed
12283,2011-01-01,12283,Female,100,1911-03-10,1.0,Married,2570,,2044-02-27,Yes,,,Retired,16839.0,-41246,Yes,2,,NA,1,Created
17081,2011-03-17,12283,Female,101,1911-03-10,1.0,Married,2570,,2044-02-27,Yes,,,Retired,16839.0,-41246,Yes,2,,NA,0,Life event: Deceased
12284,2011-01-01,12284,Female,53,1958-03-06,0.00312,Married,2571,,2014-12-04,No,,,Permanent contract,43304.0,4625,Yes,1,,NA,1,Created
12285,2011-01-01,12285,Male,76,1935-10-26,0.0375,Widowed,0,,,Yes,,,Retired,42482.0,82344,Yes,0,,NA,1,Created
18327,2011-12-20,12285,Male,77,1935-10-26,0.0375,Widowed,0,,,Yes,,,Retired,42482.0,82344,Yes,0,,NA,0,Life event: Deceased
12286,2011-01-01,12286,Male,65,1946-12-18,0.01141,Widowed,0,,,No,,,Permanent contract,10836.0,1311,No,0,,NA,1,Created
18315,2011-12-18,12286,Male,66,1946-12-18,0.01141,Widowed,0,,,No,,,Retired,7585.2,1311,No,0,,NA,1,Life event: Retired
12287,2011-01-01,12287,Male,43,1968-05-21,0.00103,Single,0,,,Yes,31.0,,Flexible contract,38311.0,915,Yes,0,,NA,1,Created
12288,2011-01-01,12288,Male,58,1953-07-11,0.00603,Single,0,,,Yes,33.0,,Permanent contract,35239.0,169573,Yes,0,,NA,1,Created
12289,2011-01-01,12289,Male,35,1976-07-05,0.00055,Single,0,,,No,,,Flexible contract,22702.0,99921,Yes,0,,NA,1,Created
12290,2011-01-01,12290,Female,64,1947-11-09,0.00713,Widowed,0,,,Yes,,,Permanent contract,27980.0,213420,No,0,,NA,1,Created
18160,2011-11-09,12290,Female,65,1947-11-09,0.00713,Widowed,0,,,Yes,,,Retired,19586.0,213420,No,0,,NA,1,Life event: Retired
12291,2011-01-01,12291,Female,4,2007-10-05,5.9999999999999995e-05,Single,0,,,No,,,Child,0.0,0,No,0,26.0,2033-08-29,1,Created
12292,2011-01-01,12292,Male,67,1944-02-26,0.01396,Married,2493,,2022-12-22,Yes,,,Permanent contract,35035.0,-20043,No,2,,NA,1,Created
16982,2011-02-26,12292,Male,68,1944-02-26,0.01396,Married,2493,,2022-12-22,Yes,,,Retired,24524.5,-20043,No,2,,NA,1,Life event: Retired
12293,2011-01-01,12293,Male,44,1967-10-24,0.0013599999999999999,Single,0,,,No,,,Permanent contract,14467.0,111037,Yes,0,,NA,1,Created
12294,2011-01-01,12294,Female,1,2010-02-09,0.00033999999999999997,Single,0,,,No,,,Child,0.0,0,Yes,0,37.0,2047-01-12,1,Created
12295,2011-01-01,12295,Female,0,2011-04-23,0.0028899999999999998,Single,0,,,Yes,25.0,2036-12-23,Child,0.0,0,Yes,0,28.0,2039-06-29,1,Created
12296,2011-01-01,12296,Male,97,1914-03-20,0.30383000000000004,Widowed,0,,,Yes,,,Retired,10590.0,107452,Yes,0,,NA,1,Created
18319,2011-12-19,12296,Male,98,1914-03-20,0.30383000000000004,Widowed,0,,,Yes,,,Retired,10590.0,107452,Yes,0,,NA,0,Life event: Deceased
12297,2011-01-01,12297,Female,61,1950-11-17,0.00562,Divorced,0,,,No,,,Permanent contract,28086.0,-21354,No,0,,NA,1,Created
12298,2011-01-01,12298,Male,78,1933-11-24,0.04668,Widowed,0,,,Yes,,,Retired,10126.0,673,Yes,0,,NA,1,Created
12299,2011-01-01,12299,Male,44,1967-01-14,0.0013599999999999999,Single,0,,,Yes,26.0,,Permanent contract,24125.0,49864,Yes,0,,NA,1,Created
12300,2011-01-01,12300,Male,49,1962-02-07,0.00242,Single,0,,,Yes,41.0,,Permanent contract,104903.0,9451,Yes,0,,NA,1,Created
12301,2011-01-01,12301,Male,46,1965-02-27,0.00172,Single,0,,,Yes,55.0,2020-05-26,Permanent contract,4638.0,324163,No,0,,NA,1,Created
12302,2011-01-01,12302,Female,5,2006-03-16,4e-05,Single,0,,,Yes,28.0,2034-08-24,Child,0.0,0,Yes,0,33.0,2039-10-17,1,Created
12303,2011-01-01,12303,Female,60,1951-03-12,0.00541,Widowed,0,,,No,,,Permanent contract,27608.0,21409,No,0,,NA,1,Created
12304,2011-01-01,12304,Female,37,1974-07-08,0.00057,Married,2572,,2028-07-21,Yes,,,Unemployed,21220.0,-1826,No,2,,NA,1,Created
12305,2011-01-01,12305,Female,74,1937-07-23,0.0185,Married,2573,,2067-08-06,No,,,Retired,32249.0,-3116,Yes,2,,NA,1,Created
12306,2011-01-01,12306,Female,65,1946-09-07,0.007559999999999999,Married,2574,,2017-05-19,No,,,Unemployed,18894.0,6035,Yes,1,,NA,1,Created
17898,2011-09-07,12306,Female,66,1946-09-07,0.007559999999999999,Married,2574,,2017-05-19,No,,,Retired,13225.8,6035,Yes,1,,NA,1,Life event: Retired
12307,2011-01-01,12307,Male,35,1976-06-11,0.00055,Single,0,,,Yes,82.0,2058-06-12,Permanent contract,18107.0,335050,No,0,,NA,1,Created
12308,2011-01-01,12308,Male,83,1928-08-19,0.08242999999999999,Married,2494,,2058-12-13,No,,,Retired,3012.0,904,Yes,1,,NA,1,Created
12309,2011-01-01,12309,Male,42,1969-06-04,0.00128,Married,2495,,2033-06-08,Yes,,,Entrepreneur without personnel,58964.0,406,No,1,,NA,1,Created
12310,2011-01-01,12310,Female,29,1982-08-13,0.00032,Married,2575,,2041-02-12,No,,,Entrepreneur without personnel,48484.0,-23646,Yes,2,31.0,2013-04-16,1,Created
12311,2011-01-01,12311,Male,53,1958-08-15,0.0033299999999999996,Married,2496,,2049-11-08,Yes,,,Permanent contract,83832.0,75335,No,1,,NA,1,Created
12312,2011-01-01,12312,Male,78,1933-12-11,0.04668,Married,2497,,2052-11-23,No,,,Retired,13404.0,242,No,3,,NA,1,Created
12313,2011-01-01,12313,Male,40,1971-12-04,0.0009400000000000001,Married,2498,,2050-09-07,Yes,,,Permanent contract,92230.0,192817,Yes,1,,NA,1,Created
12314,2011-01-01,12314,Female,48,1963-01-28,0.0018800000000000002,Married,2576,,2054-08-13,No,,,Flexible contract,9073.0,36290,No,2,,NA,1,Created
12315,2011-01-01,12315,Female,20,1991-01-16,0.00018,Single,0,,,Yes,47.0,2038-06-07,Permanent contract,74058.0,3124,No,0,25.0,2016-10-19,1,Created
12316,2011-01-01,12316,Male,30,1981-07-15,0.00055,Single,0,,,No,,,Permanent contract,25731.0,-18728,Yes,0,,NA,1,Created
12317,2011-01-01,12317,Male,20,1991-08-07,0.00045,Single,0,,,Yes,35.0,2026-07-08,Permanent contract,5174.0,-9446,Yes,0,,NA,1,Created
12318,2011-01-01,12318,Female,61,1950-01-20,0.00562,Married,2577,,2025-02-01,No,,,Permanent contract,12105.0,992687,Yes,2,,NA,1,Created
12319,2011-01-01,12319,Female,32,1979-02-04,0.00041,Married,2578,,2035-10-16,No,,,Flexible contract,19982.0,279,Yes,2,37.0,2016-07-05,1,Created
12320,2011-01-01,12320,Male,22,1989-06-24,0.00041,Single,0,,,No,,,Permanent contract,78212.0,174816,Yes,0,,NA,1,Created
12321,2011-01-01,12321,Female,78,1933-01-31,0.02817,Widowed,0,,,No,,,Retired,62530.0,5568,No,0,,NA,1,Created
12322,2011-01-01,12322,Female,59,1952-04-06,0.00479,Divorced,0,,,No,,,Unemployed,35868.0,4094,No,0,,NA,1,Created
12323,2011-01-01,12323,Male,0,2011-06-16,0.0036200000000000004,Single,0,,,Yes,37.0,2048-01-14,Child,0.0,0,Yes,0,,NA,1,Created
12324,2011-01-01,12324,Male,54,1957-10-15,0.00404,Single,0,,,Yes,43.0,,Unemployed,42170.0,248339,Yes,0,,NA,1,Created
12325,2011-01-01,12325,Female,35,1976-09-11,0.00033999999999999997,Married,2579,,2044-01-24,Yes,,,Flexible contract,6395.0,586,Yes,2,,NA,1,Created
12326,2011-01-01,12326,Female,16,1995-01-02,8e-05,Single,0,,,No,,,Child,0.0,0,Yes,0,32.0,2027-11-03,1,Created
18395,2012-01-02,12326,Female,18,1995-01-02,8e-05,Single,0,,,No,,,Unemployed,48318.0,31754,Yes,0,32,2027-11-03,1,Life event: Adulthood
12327,2011-01-01,12327,Male,13,1998-09-27,0.00014,Single,0,,,Yes,82.0,2080-04-18,Child,0.0,0,No,0,,NA,1,Created
12328,2011-01-01,12328,Male,20,1991-09-01,0.00045,Single,0,,,No,,,Flexible contract,10485.0,279773,No,0,,NA,1,Created
12329,2011-01-01,12329,Female,12,1999-07-11,5e-05,Single,0,,,No,,,Child,0.0,0,Yes,0,27.0,2026-04-01,1,Created
12330,2011-01-01,12330,Female,54,1957-11-20,0.00313,Married,2580,,2034-06-25,No,,,Permanent contract,873.0,8434,No,3,,NA,1,Created
12331,2011-01-01,12331,Female,60,1951-07-21,0.00541,Married,2581,,2021-11-14,Yes,,,Permanent contract,6707.0,121570,Yes,1,,NA,1,Created
12332,2011-01-01,12332,Female,42,1969-02-21,0.001,Married,2582,,2013-03-16,Yes,,,Flexible contract,21009.0,538566,No,1,,NA,1,Created
12333,2011-01-01,12333,Male,84,1927-05-07,0.09176000000000001,Married,2499,,2024-02-29,No,,,Retired,6052.0,156359,Yes,1,,NA,1,Created
12334,2011-01-01,12334,Female,37,1974-12-03,0.00057,Single,0,,,No,,,Permanent contract,17277.0,841891,Yes,0,,NA,1,Created
12335,2011-01-01,12335,Female,19,1992-01-26,0.00014,Single,0,,,No,,,Entrepreneur without personnel,11645.0,-9031,Yes,0,41.0,2033-11-10,1,Created
12336,2011-01-01,12336,Female,20,1991-05-10,0.00018,Single,0,,,Yes,35.0,2026-01-18,Permanent contract,44.0,44327,No,0,41.0,2032-03-27,1,Created
12337,2011-01-01,12337,Female,60,1951-07-12,0.00541,Married,2583,,2011-08-30,Yes,,,Entrepreneur without personnel,33810.0,1572567,Yes,3,,NA,1,Created
17877,2011-08-30,12337,Female,61,1951-07-12,0.00541,Divorced,2583,,2011-08-30,Yes,,,Entrepreneur without personnel,33810.0,1572567,Yes,3,,NA,1,Life event: Divorced
12338,2011-01-01,12338,Female,31,1980-09-09,0.00029,Divorced,0,,,Yes,,,Permanent contract,94105.0,932931,No,0,35.0,2015-03-03,1,Created
12339,2011-01-01,12339,Female,40,1971-04-28,0.0006900000000000001,Married,2584,,2013-01-29,Yes,,,Permanent contract,15740.0,3799557,Yes,3,,NA,1,Created
12340,2011-01-01,12340,Male,27,1984-02-03,0.00044,Married,2500,,2029-07-27,No,,,Permanent contract,7832.0,247,Yes,1,,NA,1,Created
12341,2011-01-01,12341,Female,41,1970-09-06,0.0007700000000000001,Married,2585,,2029-06-01,No,,,Entrepreneur without personnel,37414.0,-5796,No,1,,NA,1,Created
12342,2011-01-01,12342,Female,52,1959-06-14,0.00268,Married,2586,,2042-02-06,Yes,,,Permanent contract,5561.0,-3120,Yes,1,,NA,1,Created
12343,2011-01-01,12343,Male,53,1958-10-26,0.0033299999999999996,Single,0,,,Yes,29.0,,Permanent contract,28843.0,173628,No,0,,NA,1,Created
12344,2011-01-01,12344,Male,62,1949-06-22,0.008409999999999999,Married,2501,,2012-07-26,Yes,,,Permanent contract,17412.0,2886,No,1,,NA,1,Created
18965,2012-07-26,12344,Male,64,1949-06-22,0.008409999999999999,Divorced,2501,,2012-07-26,Yes,,,Permanent contract,17412.0,2886,No,1,,NA,1,Life event: Divorced
12345,2011-01-01,12345,Female,34,1977-12-27,0.00037,Married,2587,,2035-10-10,No,,,Unemployed,27479.0,30338,Yes,2,,NA,1,Created
12346,2011-01-01,12346,Female,20,1991-06-11,0.00018,Single,0,,,Yes,22.0,2013-09-04,Permanent contract,17361.0,179872,Yes,0,26.0,2017-09-10,1,Created
12347,2011-01-01,12347,Female,58,1953-08-05,0.00448,Single,0,,,Yes,39.0,,Permanent contract,4199.0,518912,Yes,0,,NA,1,Created
12348,2011-01-01,12348,Female,18,1993-04-30,0.00023999999999999998,Single,0,,,No,,,Flexible contract,37804.0,219108,No,0,33.0,2026-01-25,1,Created
12349,2011-01-01,12349,Male,73,1938-02-08,0.0262,Married,2502,,2039-11-15,No,,,Retired,73068.0,3538,No,1,,NA,1,Created
12350,2011-01-01,12350,Female,40,1971-09-03,0.0006900000000000001,Married,2588,,2056-10-09,No,,,Entrepreneur without personnel,41351.0,-36183,Yes,1,,NA,1,Created
12351,2011-01-01,12351,Male,68,1943-04-13,0.01522,Married,2503,,2068-12-16,Yes,,,Retired,82485.0,1764335,Yes,1,,NA,1,Created
12352,2011-01-01,12352,Male,33,1978-02-26,0.00047999999999999996,Single,0,,,Yes,27.0,,Permanent contract,7949.0,961213,Yes,0,,NA,1,Created
12353,2011-01-01,12353,Female,19,1992-05-26,0.00014,Single,0,,,No,,,Permanent contract,47939.0,933821,Yes,0,36.0,2028-02-12,1,Created
12354,2011-01-01,12354,Female,23,1988-02-07,0.0001,Single,0,,,Yes,35.0,2023-06-14,Entrepreneur without personnel,8647.0,-49533,Yes,0,33.0,2021-01-21,1,Created
12355,2011-01-01,12355,Male,36,1975-09-05,0.0006,Married,2504,,2027-04-14,No,,,Permanent contract,27541.0,441697,No,3,,NA,1,Created
12356,2011-01-01,12356,Male,43,1968-06-11,0.00103,Married,2505,,2060-12-05,Yes,,,Permanent contract,15030.0,887,No,1,,NA,1,Created
12357,2011-01-01,12357,Female,49,1962-02-03,0.00193,Married,2589,,2041-08-27,Yes,,,Permanent contract,16249.0,306722,No,1,,NA,1,Created
12358,2011-01-01,12358,Male,60,1951-05-06,0.006840000000000001,Married,2506,,2057-03-12,Yes,,,Permanent contract,59928.0,274950,No,1,,NA,1,Created
12359,2011-01-01,12359,Female,33,1978-05-23,0.00035,Single,0,,,Yes,48.0,2026-04-28,Unemployed,13861.0,79300,No,0,33.0,2011-04-27,1,Created
12360,2011-01-01,12360,Female,38,1973-02-13,0.00063,Married,2590,,2019-08-07,Yes,,,Permanent contract,22450.0,614529,Yes,1,,NA,1,Created
12361,2011-01-01,12361,Female,75,1936-07-18,0.01986,Married,2591,,2012-09-11,Yes,,,Retired,25041.0,198704,Yes,1,,NA,1,Created
19094,2012-09-11,12361,Female,77,1936-07-18,0.01986,Divorced,2591,,2012-09-11,Yes,,,Retired,25041.0,198704,Yes,1,,NA,1,Life event: Divorced
12362,2011-01-01,12362,Female,14,1997-03-24,9e-05,Single,0,,,Yes,26.0,2023-05-16,Child,0.0,0,Yes,0,34.0,2031-05-08,1,Created
12363,2011-01-01,12363,Male,38,1973-07-18,0.0009599999999999999,Single,0,,,No,,,Permanent contract,56523.0,169188,Yes,0,,NA,1,Created
12364,2011-01-01,12364,Female,76,1935-09-22,0.02337,Married,2592,,2055-06-16,Yes,,,Retired,11223.0,2876,Yes,1,,NA,1,Created
12365,2011-01-01,12365,Male,50,1961-08-07,0.00257,Married,2507,,2053-10-31,No,,,Unemployed,19234.0,160726,Yes,1,,NA,1,Created
12366,2011-01-01,12366,Female,103,1908-06-08,1.0,Single,0,,,No,,,Retired,35233.0,89735,No,0,,NA,1,Created
12367,2011-01-01,12367,Male,47,1964-08-18,0.00186,Widowed,0,,,Yes,,,Entrepreneur without personnel,16720.0,248737,Yes,0,,NA,1,Created
12368,2011-01-01,12368,Male,46,1965-07-31,0.00172,Married,2508,,2021-08-04,No,,,Permanent contract,48127.0,33656,Yes,2,,NA,1,Created
12369,2011-01-01,12369,Male,0,2011-07-02,0.0036200000000000004,Single,0,,,No,,,Child,0.0,0,No,0,,NA,1,Created
12370,2011-01-01,12370,Male,67,1944-02-25,0.01396,Married,2509,,2023-07-17,Yes,,,Permanent contract,491.0,409471,No,2,,NA,1,Created
16978,2011-02-25,12370,Male,68,1944-02-25,0.01396,Married,2509,,2023-07-17,Yes,,,Retired,343.7,409471,No,2,,NA,1,Life event: Retired
12371,2011-01-01,12371,Female,52,1959-10-25,0.00268,Married,2593,,2059-08-16,No,,,Entrepreneur without personnel,3783.0,242662,Yes,1,,NA,1,Created
12372,2011-01-01,12372,Male,22,1989-01-20,0.00041,Single,0,,,No,,,Entrepreneur without personnel,19737.0,1925791,Yes,0,,NA,1,Created
12373,2011-01-01,12373,Female,43,1968-12-09,0.0009699999999999999,Married,2594,,2027-12-18,No,,,Permanent contract,9991.0,499,Yes,1,,NA,1,Created
12374,2011-01-01,12374,Male,52,1959-05-29,0.00314,Divorced,0,,,Yes,,,Entrepreneur with personel,10515.0,49624,Yes,0,,NA,1,Created
12375,2011-01-01,12375,Male,60,1951-10-15,0.006840000000000001,Married,2510,,2019-09-06,No,,,Permanent contract,39947.0,24074,No,2,,NA,1,Created
12376,2011-01-01,12376,Male,44,1967-09-11,0.0013599999999999999,Married,2511,,2024-11-24,No,,,Permanent contract,25292.0,37942,Yes,1,,NA,1,Created
12377,2011-01-01,12377,Male,28,1983-06-04,0.00045,Single,0,,,No,,,Permanent contract,23185.0,-16001,Yes,0,,NA,1,Created
12378,2011-01-01,12378,Male,31,1980-07-22,0.00041,Married,2512,,2055-10-28,No,,,Entrepreneur with personel,8513.0,-1353,Yes,2,,NA,1,Created
12379,2011-01-01,12379,Male,28,1983-02-10,0.00045,Married,2513,,2031-05-26,No,,,Flexible contract,24509.0,7762,Yes,3,,NA,1,Created
12380,2011-01-01,12380,Male,52,1959-11-06,0.00314,Married,2514,,2024-08-07,Yes,,,Entrepreneur with personel,5568.0,83883,Yes,1,,NA,1,Created
12381,2011-01-01,12381,Male,50,1961-12-30,0.00257,Married,2515,,2014-10-02,No,,,Flexible contract,75874.0,38451,Yes,1,,NA,1,Created
12382,2011-01-01,12382,Female,62,1949-03-11,0.0057399999999999994,Married,2595,,2023-01-02,Yes,,,Entrepreneur without personnel,19125.0,69724,Yes,1,,NA,1,Created
12383,2011-01-01,12383,Female,26,1985-09-24,1.0,Single,0,,,Yes,21.0,,Permanent contract,42713.0,441425,No,0,37.0,2022-12-10,1,Created
18498,2012-02-05,12383,Female,27,1985-09-24,1.0,Single,0,,,Yes,21,,Permanent contract,42713.0,441425,No,0,37,2022-12-10,0,Life event: Deceased
12384,2011-01-01,12384,Female,86,1925-07-28,0.08317000000000001,Married,2596,,2036-03-04,No,,,Retired,18538.0,99723,No,1,,NA,1,Created
12385,2011-01-01,12385,Male,97,1914-07-13,0.30383000000000004,Widowed,0,,,Yes,,,Retired,75931.0,4650,No,0,,NA,1,Created
12386,2011-01-01,12386,Female,9,2002-09-20,2.9999999999999997e-05,Single,0,,,Yes,27.0,2029-01-19,Child,0.0,0,No,0,37.0,2039-07-05,1,Created
12387,2011-01-01,12387,Male,59,1952-09-05,0.00717,Divorced,0,,,Yes,,,Permanent contract,15675.0,3321151,Yes,0,,NA,1,Created
12388,2011-01-01,12388,Female,1,2010-01-24,0.00033999999999999997,Single,0,,,No,,,Child,0.0,0,Yes,0,32.0,2042-10-28,1,Created
12389,2011-01-01,12389,Female,52,1959-10-19,0.00268,Married,2597,,2017-03-08,Yes,,,Permanent contract,22904.0,572,Yes,1,,NA,1,Created
12390,2011-01-01,12390,Male,10,2001-06-04,0.00011999999999999999,Single,0,,,Yes,47.0,2048-04-22,Child,0.0,0,No,0,,NA,1,Created
12391,2011-01-01,12391,Female,51,1960-07-09,0.0023899999999999998,Married,2598,,2018-11-09,No,,,Permanent contract,37089.0,73673,No,1,,NA,1,Created
12392,2011-01-01,12392,Female,4,2007-11-25,5.9999999999999995e-05,Single,0,,,Yes,30.0,2037-01-31,Child,0.0,0,Yes,0,31.0,2038-06-21,1,Created
12393,2011-01-01,12393,Male,1,2010-06-12,0.00056,Single,0,,,Yes,20.0,2030-11-27,Child,0.0,0,No,0,,NA,1,Created
12394,2011-01-01,12394,Male,60,1951-02-04,0.006840000000000001,Married,2516,,2032-04-02,No,,,Permanent contract,8183.0,183,No,2,,NA,1,Created
12395,2011-01-01,12395,Male,33,1978-09-03,0.00047999999999999996,Married,2517,,2024-07-26,No,,,Permanent contract,15494.0,289736,Yes,1,,NA,1,Created
12396,2011-01-01,12396,Male,19,1992-12-05,0.00033,Single,0,,,Yes,28.0,2020-01-31,Permanent contract,17768.0,91928,No,0,,NA,1,Created
12397,2011-01-01,12397,Female,5,2006-08-28,4e-05,Single,0,,,No,,,Child,0.0,0,Yes,0,26.0,2032-01-29,1,Created
12398,2011-01-01,12398,Male,3,2008-06-14,0.0002,Single,0,,,Yes,36.0,2044-07-22,Child,0.0,0,Yes,0,,NA,1,Created
12399,2011-01-01,12399,Male,7,2004-02-09,9e-05,Single,0,,,Yes,23.0,2027-04-23,Child,0.0,0,Yes,0,,NA,1,Created
12400,2011-01-01,12400,Male,33,1978-07-15,0.00047999999999999996,Divorced,0,,,No,,,Permanent contract,19764.0,48895,No,0,,NA,1,Created
12401,2011-01-01,12401,Male,85,1926-01-12,0.10312,Widowed,0,,,Yes,,,Retired,4896.0,40360,Yes,0,,NA,1,Created
12402,2011-01-01,12402,Female,37,1974-06-18,0.00057,Single,0,,,Yes,28.0,,Permanent contract,15179.0,-24869,Yes,0,,NA,1,Created
12403,2011-01-01,12403,Female,40,1971-04-20,0.0006900000000000001,Married,2599,,2031-01-28,Yes,,,Permanent contract,26622.0,-27980,Yes,1,,NA,1,Created
12404,2011-01-01,12404,Female,11,2000-04-17,7e-05,Single,0,,,Yes,39.0,2039-10-17,Child,0.0,0,No,0,36.0,2036-07-07,1,Created
12405,2011-01-01,12405,Male,47,1964-01-20,0.00186,Married,2518,,2054-03-17,No,,,Unemployed,60201.0,-48128,Yes,3,,NA,1,Created
12406,2011-01-01,12406,Female,37,1974-09-15,0.00057,Single,0,,,Yes,40.0,2014-12-18,Entrepreneur without personnel,17761.0,-817,No,0,,NA,1,Created
12407,2011-01-01,12407,Female,76,1935-12-22,0.02337,Married,2600,,2040-09-20,Yes,,,Retired,28589.0,398998,Yes,1,,NA,1,Created
12408,2011-01-01,12408,Male,31,1980-12-27,0.00041,Single,0,,,No,,,Permanent contract,20932.0,4979,No,0,,NA,1,Created
12409,2011-01-01,12409,Female,11,2000-01-28,7e-05,Single,0,,,Yes,30.0,2030-12-04,Child,0.0,0,Yes,0,23.0,2023-11-26,1,Created
12410,2011-01-01,12410,Male,40,1971-05-09,0.0009400000000000001,Single,0,,,Yes,50.0,2021-05-31,Permanent contract,9194.0,-12945,Yes,0,,NA,1,Created
12411,2011-01-01,12411,Female,40,1971-06-21,0.0006900000000000001,Single,0,,,Yes,31.0,,Permanent contract,13194.0,424128,Yes,0,,NA,1,Created
12412,2011-01-01,12412,Male,65,1946-06-24,0.01141,Married,2519,,2016-04-06,Yes,,,Permanent contract,14851.0,472862,No,3,,NA,1,Created
17562,2011-06-24,12412,Male,66,1946-06-24,0.01141,Married,2519,,2016-04-06,Yes,,,Retired,10395.699999999999,472862,No,3,,NA,1,Life event: Retired
12413,2011-01-01,12413,Male,5,2006-09-19,9e-05,Single,0,,,No,,,Child,0.0,0,Yes,0,,NA,1,Created
12414,2011-01-01,12414,Male,6,2005-12-08,5.9999999999999995e-05,Single,0,,,Yes,70.0,2075-10-10,Child,0.0,0,Yes,0,,NA,1,Created
12415,2011-01-01,12415,Female,12,1999-04-09,5e-05,Single,0,,,No,,,Child,0.0,0,Yes,0,31.0,2030-10-16,1,Created
12416,2011-01-01,12416,Female,45,1966-03-31,0.00134,Married,2601,,2022-05-02,Yes,,,Permanent contract,10371.0,15802,Yes,1,,NA,1,Created
12417,2011-01-01,12417,Male,53,1958-01-15,0.0033299999999999996,Married,2520,,2014-09-29,No,,,Permanent contract,40567.0,1902720,No,1,,NA,1,Created
12418,2011-01-01,12418,Male,28,1983-09-17,0.00045,Single,0,,,Yes,32.0,2015-01-10,Flexible contract,17122.0,44942,Yes,0,,NA,1,Created
12419,2011-01-01,12419,Male,53,1958-10-30,0.0033299999999999996,Single,0,,,No,,,Permanent contract,27089.0,12127,Yes,0,,NA,1,Created
12420,2011-01-01,12420,Male,70,1941-08-21,0.01932,Single,0,,,No,,,Retired,38129.0,199642,No,0,,NA,1,Created
12421,2011-01-01,12421,Female,35,1976-06-14,0.00033999999999999997,Married,2602,,2017-04-05,Yes,,,Permanent contract,96136.0,628,Yes,1,35.0,2011-04-27,1,Created
17266,2011-04-27,12421,Female,35,1976-06-14,0.00033999999999999997,Married,2602,,2017-04-05,Yes,,,Permanent contract,96136.0,628,Yes,3,35,2011-04-27,1,Life event: Children born
12422,2011-01-01,12422,Female,11,2000-02-07,7e-05,Single,0,,,Yes,54.0,2054-06-08,Child,0.0,0,Yes,0,19.0,2019-12-23,1,Created
12423,2011-01-01,12423,Male,105,1906-10-27,1.0,Single,0,,,Yes,88.0,,Retired,48469.0,2591,Yes,0,,NA,1,Created
17610,2011-07-05,12423,Male,105,1906-10-27,1.0,Single,0,,,Yes,88,,Retired,48469.0,2591,Yes,0,,NA,0,Life event: Deceased
12424,2011-01-01,12424,Male,4,2007-03-31,0.00011,Single,0,,,No,,,Child,0.0,0,Yes,0,,NA,1,Created
12425,2011-01-01,12425,Male,43,1968-03-19,0.00103,Married,2521,,2023-12-18,No,,,Unemployed,12533.0,4377388,Yes,2,,NA,1,Created
12426,2011-01-01,12426,Female,45,1966-01-01,0.00134,Married,2603,,2033-08-16,Yes,,,Entrepreneur without personnel,40063.0,372241,No,1,,NA,1,Created
12427,2011-01-01,12427,Female,49,1962-05-05,0.00193,Single,0,,,Yes,60.0,2022-09-29,Flexible contract,13895.0,70038,Yes,0,,NA,1,Created
12428,2011-01-01,12428,Female,15,1996-06-05,8e-05,Single,0,,,Yes,31.0,2027-01-13,Child,0.0,0,Yes,0,27.0,2023-12-24,1,Created
12429,2011-01-01,12429,Male,43,1968-02-16,0.00103,Married,2522,,2025-06-01,No,,,Permanent contract,87055.0,199768,Yes,2,,NA,1,Created
12430,2011-01-01,12430,Male,24,1987-07-11,0.00047999999999999996,Single,0,,,Yes,25.0,2012-08-30,Permanent contract,35820.0,18455,Yes,0,,NA,1,Created
19055,2012-08-30,12430,Male,26,1987-07-11,0.00047999999999999996,Married,3492,9,2021-08-09,Yes,25,2012-08-30,Permanent contract,35820.0,18455,Yes,0,,NA,1,Life event: Married
12431,2011-01-01,12431,Female,56,1955-02-18,0.0041,Married,2604,,2023-07-16,No,,,Permanent contract,30507.0,143287,No,3,,NA,1,Created
12432,2011-01-01,12432,Male,0,2011-11-17,0.0036200000000000004,Single,0,,,No,,,Child,0.0,0,Yes,0,,NA,1,Created
12433,2011-01-01,12433,Female,33,1978-05-14,0.00035,Single,0,,,Yes,44.0,2022-12-25,Permanent contract,1425.0,16101,Yes,0,,NA,1,Created
12434,2011-01-01,12434,Female,66,1945-06-29,0.009040000000000001,Widowed,0,,,Yes,,,Flexible contract,24384.0,187618,No,0,,NA,1,Created
17585,2011-06-29,12434,Female,67,1945-06-29,0.009040000000000001,Widowed,0,,,Yes,,,Retired,17068.8,187618,No,0,,NA,1,Life event: Retired
12435,2011-01-01,12435,Male,40,1971-08-16,0.0009400000000000001,Married,2523,,2019-06-07,Yes,,,Flexible contract,19018.0,967950,Yes,3,,NA,1,Created
12436,2011-01-01,12436,Female,41,1970-06-30,0.0007700000000000001,Divorced,0,,,No,,,Permanent contract,2164.0,2206,Yes,0,,NA,1,Created
12437,2011-01-01,12437,Female,50,1961-05-27,0.00225,Widowed,0,,,Yes,,,Permanent contract,32756.0,765,No,0,,NA,1,Created
12438,2011-01-01,12438,Female,50,1961-06-12,0.00225,Married,2605,,2055-04-15,Yes,,,Permanent contract,31404.0,18189,No,2,,NA,1,Created
12439,2011-01-01,12439,Female,47,1964-01-28,0.00168,Single,0,,,No,,,Permanent contract,34338.0,-38593,Yes,0,,NA,1,Created
12440,2011-01-01,12440,Male,10,2001-09-10,0.00011999999999999999,Single,0,,,No,,,Child,0.0,0,Yes,0,,NA,1,Created
12441,2011-01-01,12441,Female,28,1983-04-04,0.00025,Single,0,,,Yes,39.0,2022-03-02,Flexible contract,62575.0,392350,No,0,34.0,2017-04-27,1,Created
12442,2011-01-01,12442,Male,50,1961-01-28,0.00257,Married,2524,,2070-01-02,No,,,Permanent contract,42852.0,179961,Yes,3,,NA,1,Created
12443,2011-01-01,12443,Female,12,1999-03-15,5e-05,Single,0,,,No,,,Child,0.0,0,Yes,0,31.0,2030-02-15,1,Created
12444,2011-01-01,12444,Male,72,1939-01-11,0.02384,Married,2525,,2042-11-20,No,,,Retired,15618.0,3183,Yes,1,,NA,1,Created
12445,2011-01-01,12445,Female,8,2003-10-25,2.9999999999999997e-05,Single,0,,,No,,,Child,0.0,0,Yes,0,27.0,2030-04-19,1,Created
12446,2011-01-01,12446,Male,5,2006-01-10,9e-05,Single,0,,,No,,,Child,0.0,0,No,0,,NA,1,Created
12447,2011-01-01,12447,Female,67,1944-07-07,0.00974,Married,2606,,2013-12-16,No,,,Permanent contract,49463.0,465561,No,2,,NA,1,Created
17615,2011-07-07,12447,Female,68,1944-07-07,0.00974,Married,2606,,2013-12-16,No,,,Retired,34624.1,465561,No,2,,NA,1,Life event: Retired
12448,2011-01-01,12448,Female,23,1988-10-06,0.0001,Single,0,,,Yes,35.0,2023-11-28,Entrepreneur with personel,34424.0,-4759,Yes,0,42.0,2030-01-10,1,Created
12449,2011-01-01,12449,Female,42,1969-08-01,0.001,Married,2607,,2057-02-22,Yes,,,Entrepreneur without personnel,9417.0,445734,No,1,,NA,1,Created
12450,2011-01-01,12450,Male,3,2008-06-29,0.0002,Single,0,,,No,,,Child,0.0,0,Yes,0,,NA,1,Created
12451,2011-01-01,12451,Male,60,1951-04-15,0.006840000000000001,Single,0,,,No,,,Family business,26011.0,1305,Yes,0,,NA,1,Created
12452,2011-01-01,12452,Male,20,1991-04-06,0.00045,Single,0,,,No,,,Permanent contract,41242.0,403555,No,0,,NA,1,Created
12453,2011-01-01,12453,Male,58,1953-07-10,0.00603,Married,2526,,2047-08-03,Yes,,,Flexible contract,83603.0,328192,No,1,,NA,1,Created
12454,2011-01-01,12454,Male,12,1999-03-22,0.00011,Single,0,,,No,,,Child,0.0,0,Yes,0,,NA,1,Created
12455,2011-01-01,12455,Male,44,1967-09-30,0.0013599999999999999,Single,0,,,No,,,Entrepreneur without personnel,1331.0,-3078,Yes,0,,NA,1,Created
12456,2011-01-01,12456,Female,7,2004-09-06,7e-05,Single,0,,,Yes,32.0,2036-09-14,Child,0.0,0,Yes,0,27.0,2031-08-20,1,Created
12457,2011-01-01,12457,Male,11,2000-04-09,9e-05,Single,0,,,Yes,45.0,2045-08-03,Child,0.0,0,Yes,0,,NA,1,Created
12458,2011-01-01,12458,Male,29,1982-10-04,0.0005200000000000001,Single,0,,,No,,,Permanent contract,46452.0,195353,No,0,,NA,1,Created
12459,2011-01-01,12459,Female,15,1996-05-13,8e-05,Single,0,,,Yes,43.0,2039-05-27,Child,0.0,0,No,0,33.0,2029-07-21,1,Created
12460,2011-01-01,12460,Male,37,1974-07-13,0.00082,Married,2527,,2018-12-06,No,,,Unemployed,4412.0,-3255,No,1,,NA,1,Created
12461,2011-01-01,12461,Female,27,1984-01-03,0.00025,Single,0,,,Yes,29.0,2013-11-03,Permanent contract,73120.0,2379,Yes,0,35.0,2019-12-12,1,Created
12462,2011-01-01,12462,Female,20,1991-06-11,0.00018,Single,0,,,No,,,Permanent contract,33882.0,274416,Yes,0,28.0,2019-12-22,1,Created
12463,2011-01-01,12463,Female,40,1971-10-19,0.0006900000000000001,Married,2608,,2057-04-25,No,,,Permanent contract,145070.0,374490,No,1,,NA,1,Created
12464,2011-01-01,12464,Female,41,1970-07-05,0.0007700000000000001,Married,2609,,2064-05-11,Yes,,,Permanent contract,24744.0,126234,Yes,2,,NA,1,Created
12465,2011-01-01,12465,Female,44,1967-12-12,0.00107,Married,2610,,2040-11-13,Yes,,,Flexible contract,55048.0,926,Yes,1,,NA,1,Created
12466,2011-01-01,12466,Female,15,1996-08-04,8e-05,Single,0,,,No,,,Child,0.0,0,No,0,36.0,2032-09-15,1,Created
12467,2011-01-01,12467,Male,7,2004-08-12,9e-05,Single,0,,,Yes,21.0,2025-12-14,Child,0.0,0,Yes,0,,NA,1,Created
12468,2011-01-01,12468,Female,25,1986-01-24,0.00022999999999999998,Single,0,,,Yes,50.0,2036-11-02,Permanent contract,14633.0,4206,No,0,32.0,2018-08-26,1,Created
12469,2011-01-01,12469,Female,5,2006-01-08,4e-05,Single,0,,,No,,,Child,0.0,0,No,0,32.0,2038-04-10,1,Created
12470,2011-01-01,12470,Male,82,1929-06-29,0.07771,Widowed,0,,,Yes,,,Retired,49534.0,-4631,No,0,,NA,1,Created
12471,2011-01-01,12471,Male,63,1948-08-14,0.00945,Married,2528,,2062-06-28,Yes,,,Permanent contract,352.0,108415,No,1,,NA,1,Created
19007,2012-08-14,12471,Male,65,1948-08-14,0.00945,Married,2528,,2062-06-28,Yes,,,Retired,246.39999999999998,108415,No,1,,NA,1,Life event: Retired
12472,2011-01-01,12472,Female,0,2011-11-03,0.0028899999999999998,Single,0,,,No,,,Child,0.0,0,No,0,35.0,2046-11-06,1,Created
12473,2011-01-01,12473,Male,39,1972-06-01,0.0008699999999999999,Married,2529,,2048-05-05,No,,,Permanent contract,3150.0,458,No,2,,NA,1,Created
12474,2011-01-01,12474,Male,64,1947-08-22,0.01097,Married,2530,,2065-09-26,No,,,Permanent contract,13329.0,3133,Yes,3,,NA,1,Created
17839,2011-08-22,12474,Male,65,1947-08-22,0.01097,Married,2530,,2065-09-26,No,,,Retired,9330.3,3133,Yes,3,,NA,1,Life event: Retired
12475,2011-01-01,12475,Female,35,1976-12-30,0.00033999999999999997,Married,2611,,2069-05-05,No,,,Permanent contract,2072.0,-31041,No,2,,NA,1,Created
12476,2011-01-01,12476,Female,12,1999-12-25,5e-05,Single,0,,,No,,,Child,0.0,0,Yes,0,37.0,2036-10-07,1,Created
12477,2011-01-01,12477,Male,42,1969-01-03,0.00128,Married,2531,,2049-12-29,No,,,Flexible contract,20143.0,-15938,No,1,,NA,1,Created
12478,2011-01-01,12478,Female,73,1938-04-18,0.01577,Married,2612,,2030-08-15,No,,,Retired,11323.0,415122,No,3,,NA,1,Created
12479,2011-01-01,12479,Male,15,1996-11-16,0.00015,Single,0,,,No,,,Child,0.0,0,No,0,,NA,1,Created
12480,2011-01-01,12480,Female,9,2002-11-22,2.9999999999999997e-05,Single,0,,,Yes,32.0,2034-01-10,Child,0.0,0,Yes,0,41.0,2043-07-20,1,Created
12481,2011-01-01,12481,Female,69,1942-09-08,0.0108,Married,2613,,2030-09-12,No,,,Retired,14636.0,1982,No,2,,NA,1,Created
12482,2011-01-01,12482,Male,65,1946-12-05,0.01141,Divorced,0,,,Yes,,,Permanent contract,34379.0,15688,No,0,,NA,1,Created
18268,2011-12-05,12482,Male,66,1946-12-05,0.01141,Divorced,0,,,Yes,,,Retired,24065.3,15688,No,0,,NA,1,Life event: Retired
12483,2011-01-01,12483,Male,35,1976-01-02,0.00055,Married,2532,,2015-04-22,No,,,Unemployed,24934.0,-29923,Yes,2,,NA,1,Created
18569,2012-03-05,12483,Male,37,1976-01-02,0.00055,Widowed,2532,,2015-04-22,No,,,Unemployed,24934.0,-29923,Yes,2,,NA,1,Life event: Widowed
12484,2011-01-01,12484,Male,46,1965-06-30,0.00172,Married,2533,,2064-12-04,No,,,Permanent contract,48887.0,-44813,Yes,1,,NA,1,Created
12485,2011-01-01,12485,Male,57,1954-10-17,0.00572,Married,2534,,2045-10-27,Yes,,,Permanent contract,21606.0,416463,No,2,,NA,1,Created
19086,2012-09-07,12485,Male,58,1954-10-17,0.00572,Widowed,2534,,2045-10-27,Yes,,,Permanent contract,21606.0,416463,No,2,,NA,1,Life event: Widowed
12486,2011-01-01,12486,Male,32,1979-09-06,0.00059,Single,0,,,Yes,36.0,2015-03-24,Permanent contract,40529.0,1763,Yes,0,,NA,1,Created
12487,2011-01-01,12487,Male,35,1976-11-22,0.00055,Married,2535,,2055-12-26,No,,,Permanent contract,15210.0,-4879,No,1,,NA,1,Created
12488,2011-01-01,12488,Female,36,1975-08-21,0.00049,Single,0,,,No,,,Permanent contract,14738.0,65559,Yes,0,40.0,2015-10-27,1,Created
12489,2011-01-01,12489,Female,12,1999-08-31,5e-05,Single,0,,,No,,,Child,0.0,0,No,0,37.0,2036-10-07,1,Created
12490,2011-01-01,12490,Male,23,1988-03-12,0.00039,Single,0,,,Yes,34.0,2022-03-16,Permanent contract,36454.0,7790,Yes,0,,NA,1,Created
12491,2011-01-01,12491,Male,78,1933-01-03,0.04668,Married,2536,,2052-02-01,No,,,Retired,43723.0,438781,No,3,,NA,1,Created
12492,2011-01-01,12492,Female,15,1996-07-17,8e-05,Single,0,,,Yes,38.0,2034-04-15,Child,0.0,0,No,0,35.0,2031-08-19,1,Created
12493,2011-01-01,12493,Female,58,1953-05-06,0.00448,Married,2614,,2038-07-14,Yes,,,Permanent contract,78085.0,167329,Yes,3,,NA,1,Created
12494,2011-01-01,12494,Male,81,1930-01-07,0.06966,Widowed,0,,,No,,,Retired,26387.0,183546,No,0,,NA,1,Created
12495,2011-01-01,12495,Female,69,1942-12-31,0.0108,Married,2615,,2014-12-20,Yes,,,Retired,29625.0,-422,No,3,,NA,1,Created
12496,2011-01-01,12496,Female,38,1973-04-09,0.00063,Single,0,,,Yes,48.0,2021-04-09,Unemployed,44735.0,60156,Yes,0,,NA,1,Created
12497,2011-01-01,12497,Female,57,1954-12-29,0.00387,Married,2616,,2036-02-28,No,,,Flexible contract,21953.0,260892,No,3,,NA,1,Created
12498,2011-01-01,12498,Female,40,1971-04-20,0.0006900000000000001,Married,2617,,2022-01-15,Yes,,,Permanent contract,44364.0,-14153,Yes,2,,NA,1,Created
12499,2011-01-01,12499,Female,33,1978-04-13,0.00035,Single,0,,,No,,,Permanent contract,1348.0,-4860,Yes,0,36.0,2014-05-31,1,Created
12500,2011-01-01,12500,Female,14,1997-02-19,9e-05,Single,0,,,No,,,Child,0.0,0,No,0,27.0,2024-11-28,1,Created
12501,2011-01-01,12501,Male,57,1954-05-15,0.00572,Married,2537,,2032-08-25,No,,,Permanent contract,11435.0,243862,No,2,,NA,1,Created
12502,2011-01-01,12502,Female,35,1976-11-18,0.00033999999999999997,Married,2618,,2020-04-02,Yes,,,Permanent contract,15149.0,64748,No,1,,NA,1,Created
12503,2011-01-01,12503,Female,5,2006-03-24,4e-05,Single,0,,,No,,,Child,0.0,0,Yes,0,32.0,2038-09-15,1,Created
12504,2011-01-01,12504,Female,41,1970-05-31,0.0007700000000000001,Single,0,,,Yes,28.0,,Unemployed,29289.0,-924,Yes,0,,NA,1,Created
12505,2011-01-01,12505,Female,16,1995-05-28,8e-05,Single,0,,,No,,,Child,0.0,0,No,0,31.0,2026-11-19,1,Created
18793,2012-05-28,12505,Female,18,1995-05-28,8e-05,Single,0,,,No,,,Permanent contract,43452.0,10624,No,0,31,2026-11-19,1,Life event: Adulthood
12506,2011-01-01,12506,Female,87,1924-11-22,0.09331,Widowed,0,,,No,,,Retired,29986.0,39575,Yes,0,,NA,1,Created
19101,2012-09-14,12506,Female,88,1924-11-22,0.09331,Widowed,0,,,No,,,Retired,29986.0,39575,Yes,0,,NA,0,Life event: Deceased
12507,2011-01-01,12507,Female,41,1970-06-19,0.0007700000000000001,Single,0,,,No,,,Permanent contract,36118.0,84118,No,0,,NA,1,Created
12508,2011-01-01,12508,Male,0,2011-05-21,0.0036200000000000004,Single,0,,,Yes,45.0,2056-08-29,Child,0.0,0,No,0,,NA,1,Created
12509,2011-01-01,12509,Male,14,1997-02-16,0.00014,Single,0,,,No,,,Child,0.0,0,No,0,,NA,1,Created
12510,2011-01-01,12510,Female,50,1961-11-04,0.00225,Married,2619,,2047-12-08,No,,,Permanent contract,19303.0,-128,No,1,,NA,1,Created
12511,2011-01-01,12511,Female,60,1951-09-22,0.00541,Married,2620,,2034-12-06,No,,,Entrepreneur with personel,26133.0,29100,Yes,3,,NA,1,Created
12512,2011-01-01,12512,Male,28,1983-12-30,0.00045,Single,0,,,Yes,33.0,2016-06-20,Flexible contract,33712.0,-954,Yes,0,,NA,1,Created
12513,2011-01-01,12513,Female,20,1991-02-09,0.00018,Single,0,,,No,,,Flexible contract,98294.0,809,Yes,0,32.0,2023-09-06,1,Created
12514,2011-01-01,12514,Male,69,1942-10-28,0.01804,Married,2538,,2042-07-28,Yes,,,Retired,9168.0,161095,No,3,,NA,1,Created
12515,2011-01-01,12515,Female,36,1975-08-08,0.00049,Divorced,0,,,No,,,Entrepreneur without personnel,28290.0,29029,Yes,0,41.0,2016-07-19,1,Created
12516,2011-01-01,12516,Male,46,1965-05-19,0.00172,Divorced,0,,,No,,,Unemployed,25397.0,-34061,Yes,0,,NA,1,Created
12517,2011-01-01,12517,Male,31,1980-05-07,0.00041,Married,2539,,2040-01-27,No,,,Flexible contract,39931.0,38522,Yes,2,,NA,1,Created
12518,2011-01-01,12518,Female,53,1958-02-08,0.00312,Married,2621,,2047-02-01,Yes,,,Flexible contract,11607.0,-23350,Yes,1,,NA,1,Created
12519,2011-01-01,12519,Female,49,1962-05-08,0.00193,Married,2622,,2021-08-27,No,,,Flexible contract,38369.0,714455,No,2,,NA,1,Created
12520,2011-01-01,12520,Male,73,1938-03-06,0.0262,Divorced,0,,,Yes,,,Retired,3469.0,-4024,No,0,,NA,1,Created
12521,2011-01-01,12521,Female,69,1942-02-21,0.0108,Married,2623,,2027-09-25,No,,,Retired,2316.0,86494,Yes,1,,NA,1,Created
12522,2011-01-01,12522,Female,48,1963-04-16,0.0018800000000000002,Married,2624,,2059-10-31,No,,,Permanent contract,9792.0,26552,No,1,,NA,1,Created
12523,2011-01-01,12523,Male,71,1940-01-17,0.02034,Married,2540,,2012-03-26,No,,,Retired,2694.0,9470,Yes,1,,NA,1,Created
18622,2012-03-26,12523,Male,73,1940-01-17,0.02034,Divorced,2540,,2012-03-26,No,,,Retired,2694.0,9470,Yes,1,,NA,1,Life event: Divorced
12524,2011-01-01,12524,Female,39,1972-11-26,0.00074,Single,0,,,Yes,28.0,,Entrepreneur without personnel,51654.0,46662,Yes,0,,NA,1,Created
12525,2011-01-01,12525,Female,25,1986-09-05,0.00022999999999999998,Single,0,,,No,,,Permanent contract,44956.0,-32672,Yes,0,,NA,1,Created
12526,2011-01-01,12526,Female,40,1971-08-28,0.0006900000000000001,Married,2625,,2019-05-13,No,,,Permanent contract,15185.0,-16168,No,1,,NA,1,Created
12527,2011-01-01,12527,Male,12,1999-07-14,0.00011,Single,0,,,Yes,26.0,2025-01-08,Child,0.0,0,Yes,0,,NA,1,Created
12528,2011-01-01,12528,Female,48,1963-12-06,0.0018800000000000002,Married,2626,,2037-07-15,No,,,Entrepreneur without personnel,39362.0,3125,Yes,2,,NA,1,Created
12529,2011-01-01,12529,Male,64,1947-04-25,0.01097,Married,2541,,2053-01-05,Yes,,,Permanent contract,19260.0,188858,Yes,2,,NA,1,Created
17260,2011-04-25,12529,Male,65,1947-04-25,0.01097,Married,2541,,2053-01-05,Yes,,,Retired,13482.0,188858,Yes,2,,NA,1,Life event: Retired
12530,2011-01-01,12530,Male,45,1966-09-18,0.0014199999999999998,Married,2542,,2046-05-01,No,,,Unemployed,21123.0,465,Yes,1,,NA,1,Created
12531,2011-01-01,12531,Male,55,1956-12-18,0.00419,Divorced,0,,,Yes,,,Flexible contract,36692.0,18812,Yes,0,,NA,1,Created
12532,2011-01-01,12532,Female,49,1962-05-22,0.00193,Divorced,0,,,No,,,Permanent contract,24252.0,877846,No,0,,NA,1,Created
12533,2011-01-01,12533,Male,61,1950-01-03,0.00747,Married,2543,,2045-07-24,No,,,Permanent contract,47113.0,261565,Yes,2,,NA,1,Created
12534,2011-01-01,12534,Female,21,1990-03-25,0.00016,Single,0,,,Yes,46.0,2036-07-04,Permanent contract,3254.0,37576,No,0,26.0,2016-03-02,1,Created
12535,2011-01-01,12535,Female,70,1941-03-02,0.01252,Married,2627,,2038-03-30,Yes,,,Retired,12060.0,22593,No,2,,NA,1,Created
12536,2011-01-01,12536,Male,27,1984-09-24,0.00044,Single,0,,,No,,,Permanent contract,32027.0,765,Yes,0,,NA,1,Created
12537,2011-01-01,12537,Female,20,1991-04-01,0.00018,Single,0,,,No,,,Permanent contract,28900.0,-14499,No,0,38.0,2029-02-08,1,Created
12538,2011-01-01,12538,Female,7,2004-05-16,7e-05,Single,0,,,Yes,43.0,2047-01-26,Child,0.0,0,No,0,35.0,2039-09-05,1,Created
12539,2011-01-01,12539,Female,52,1959-11-21,0.00268,Married,2628,,2028-01-23,No,,,Permanent contract,39815.0,14134,Yes,2,,NA,1,Created
12540,2011-01-01,12540,Female,20,1991-08-12,0.00018,Single,0,,,No,,,Flexible contract,20591.0,26870,No,0,33.0,2024-03-04,1,Created
12541,2011-01-01,12541,Female,51,1960-05-20,0.0023899999999999998,Single,0,,,Yes,45.0,,Permanent contract,6605.0,456375,Yes,0,,NA,1,Created
12542,2011-01-01,12542,Male,47,1964-08-21,0.00186,Married,2544,,2011-03-11,Yes,,,Permanent contract,15024.0,1251429,No,2,,NA,1,Created
17046,2011-03-11,12542,Male,47,1964-08-21,0.00186,Divorced,2544,,2011-03-11,Yes,,,Permanent contract,15024.0,1251429,No,2,,NA,1,Life event: Divorced
12543,2011-01-01,12543,Male,65,1946-05-09,0.01141,Married,2545,,2033-03-24,No,,,Permanent contract,344.0,30197,Yes,1,,NA,1,Created
17335,2011-05-09,12543,Male,66,1946-05-09,0.01141,Married,2545,,2033-03-24,No,,,Retired,240.79999999999998,30197,Yes,1,,NA,1,Life event: Retired
18905,2012-07-07,12543,Male,67,1946-05-09,0.01141,Widowed,2545,,2033-03-24,No,,,Retired,240.79999999999998,30197,Yes,1,,NA,1,Life event: Widowed
12544,2011-01-01,12544,Female,27,1984-05-31,0.00025,Single,0,,,Yes,53.0,2037-05-06,Permanent contract,21615.0,1726,Yes,0,34.0,2018-10-18,1,Created
12545,2011-01-01,12545,Male,43,1968-04-10,0.00103,Single,0,,,No,,,Permanent contract,16983.0,146090,No,0,,NA,1,Created
12546,2011-01-01,12546,Male,40,1971-01-24,0.0009400000000000001,Divorced,0,,,No,,,Permanent contract,41763.0,20696,No,0,,NA,1,Created
12547,2011-01-01,12547,Male,42,1969-09-02,0.00128,Married,2546,,2051-04-02,No,,,Permanent contract,212146.0,24468,No,2,,NA,1,Created
12548,2011-01-01,12548,Female,16,1995-05-17,8e-05,Single,0,,,No,,,Child,0.0,0,Yes,0,27.0,2022-01-11,1,Created
18760,2012-05-17,12548,Female,18,1995-05-17,8e-05,Single,0,,,Yes,28,2022-11-01,Flexible contract,24417.0,149760,Yes,0,27,2022-01-11,1,Life event: Adulthood
12549,2011-01-01,12549,Male,29,1982-09-06,0.0005200000000000001,Married,2547,,2023-11-13,Yes,,,Permanent contract,20247.0,105985,Yes,2,,NA,1,Created
12550,2011-01-01,12550,Male,60,1951-01-26,0.006840000000000001,Married,2548,,2037-02-23,Yes,,,Flexible contract,103481.0,-34444,Yes,1,,NA,1,Created
12551,2011-01-01,12551,Male,2,2009-11-17,0.00021,Single,0,,,No,,,Child,0.0,0,Yes,0,,NA,1,Created
12552,2011-01-01,12552,Male,3,2008-04-02,0.0002,Single,0,,,No,,,Child,0.0,0,Yes,0,,NA,1,Created
12553,2011-01-01,12553,Female,52,1959-09-25,0.00268,Divorced,0,,,No,,,Entrepreneur with personel,35908.0,5738,No,0,,NA,1,Created
12554,2011-01-01,12554,Female,65,1946-04-02,0.007559999999999999,Married,2629,,2040-01-07,Yes,,,Permanent contract,9569.0,78396,Yes,3,,NA,1,Created
17160,2011-04-02,12554,Female,66,1946-04-02,0.007559999999999999,Married,2629,,2040-01-07,Yes,,,Retired,6698.299999999999,78396,Yes,3,,NA,1,Life event: Retired
12555,2011-01-01,12555,Female,64,1947-01-14,0.00713,Married,2630,,2051-08-19,No,,,Permanent contract,31086.0,-12624,Yes,1,,NA,1,Created
16739,2011-01-14,12555,Female,65,1947-01-14,0.00713,Married,2630,,2051-08-19,No,,,Retired,21760.199999999997,-12624,Yes,1,,NA,1,Life event: Retired
12556,2011-01-01,12556,Female,5,2006-01-12,4e-05,Single,0,,,No,,,Child,0.0,0,Yes,0,39.0,2045-11-20,1,Created
12557,2011-01-01,12557,Male,17,1994-05-21,0.00022999999999999998,Single,0,,,No,,,Child,0.0,0,Yes,0,,NA,1,Created
17405,2011-05-21,12557,Male,18,1994-05-21,0.00022999999999999998,Single,0,,,No,,,Permanent contract,41462.0,67111,Yes,0,,NA,1,Life event: Adulthood
12558,2011-01-01,12558,Male,34,1977-04-23,0.00067,Married,2549,,2077-12-31,No,,,Permanent contract,39129.0,812569,No,1,,NA,1,Created
12559,2011-01-01,12559,Male,20,1991-12-15,0.00045,Single,0,,,Yes,91.0,2082-07-12,Permanent contract,16677.0,2046192,No,0,,NA,1,Created
12560,2011-01-01,12560,Female,64,1947-09-29,0.00713,Married,2631,,2034-10-24,No,,,Entrepreneur without personnel,25434.0,-636,Yes,3,,NA,1,Created
17988,2011-09-29,12560,Female,65,1947-09-29,0.00713,Married,2631,,2034-10-24,No,,,Retired,17803.8,-636,Yes,3,,NA,1,Life event: Retired
12561,2011-01-01,12561,Female,34,1977-08-30,0.00037,Single,0,,,Yes,40.0,2017-01-22,Entrepreneur without personnel,33382.0,58627,No,0,36.0,2013-10-11,1,Created
12562,2011-01-01,12562,Male,43,1968-04-08,0.00103,Single,0,,,No,,,Entrepreneur without personnel,4233.0,360379,No,0,,NA,1,Created
12563,2011-01-01,12563,Female,53,1958-12-30,0.00312,Married,2632,,2028-04-25,No,,,Permanent contract,7044.0,27078,Yes,1,,NA,1,Created
12564,2011-01-01,12564,Female,38,1973-07-17,0.00063,Single,0,,,Yes,38.0,2011-07-24,Permanent contract,37388.0,434439,No,0,,NA,1,Created
17699,2011-07-24,12564,Female,39,1973-07-17,0.00063,Married,3447,30,2041-10-11,Yes,38,2011-07-24,Permanent contract,37388.0,434439,No,0,,NA,1,Life event: Married
12565,2011-01-01,12565,Male,40,1971-02-21,0.0009400000000000001,Married,2550,,2033-07-18,Yes,,,Permanent contract,7511.0,592,Yes,1,,NA,1,Created
12566,2011-01-01,12566,Male,58,1953-07-24,0.00603,Married,2551,,2014-10-27,Yes,,,Permanent contract,18655.0,63717,No,2,,NA,1,Created
12567,2011-01-01,12567,Male,6,2005-06-05,5.9999999999999995e-05,Single,0,,,No,,,Child,0.0,0,Yes,0,,NA,1,Created
12568,2011-01-01,12568,Female,13,1998-02-27,0.00011999999999999999,Single,0,,,Yes,28.0,2026-12-24,Child,0.0,0,Yes,0,24.0,2022-11-21,1,Created
12569,2011-01-01,12569,Female,0,2011-10-30,0.0028899999999999998,Single,0,,,No,,,Child,0.0,0,No,0,30.0,2041-02-22,1,Created
12570,2011-01-01,12570,Male,42,1969-01-04,0.00128,Single,0,,,Yes,48.0,2017-12-04,Permanent contract,13545.0,23200,Yes,0,,NA,1,Created
12571,2011-01-01,12571,Male,95,1916-05-07,0.25144,Widowed,0,,,No,,,Retired,6776.0,102,No,0,,NA,1,Created
12572,2011-01-01,12572,Male,3,2008-02-22,0.0002,Single,0,,,Yes,20.0,2028-08-21,Child,0.0,0,Yes,0,,NA,1,Created
12573,2011-01-01,12573,Male,62,1949-11-08,0.008409999999999999,Widowed,0,,,No,,,Permanent contract,32218.0,-1304,No,0,,NA,1,Created
12574,2011-01-01,12574,Male,20,1991-04-26,0.00045,Single,0,,,No,,,Permanent contract,23987.0,19570,No,0,,NA,1,Created
12575,2011-01-01,12575,Male,17,1994-05-31,0.00022999999999999998,Single,0,,,No,,,Child,0.0,0,Yes,0,,NA,1,Created
17435,2011-05-31,12575,Male,18,1994-05-31,0.00022999999999999998,Single,0,,,No,,,Permanent contract,23693.0,-9150,Yes,0,,NA,1,Life event: Adulthood
12576,2011-01-01,12576,Female,29,1982-03-12,0.00032,Single,0,,,Yes,45.0,2027-04-16,Permanent contract,7517.0,73929,No,0,,NA,1,Created
12577,2011-01-01,12577,Male,30,1981-07-18,0.00055,Married,2552,,2059-09-03,No,,,Permanent contract,23464.0,196563,Yes,2,,NA,1,Created
12578,2011-01-01,12578,Female,23,1988-12-29,0.0001,Single,0,,,No,,,Unemployed,24026.0,-38394,No,0,34.0,2022-01-01,1,Created
12579,2011-01-01,12579,Male,27,1984-08-12,0.00044,Married,2553,,2045-10-21,Yes,,,Permanent contract,29934.0,9648,No,3,,NA,1,Created
12580,2011-01-01,12580,Female,34,1977-10-01,0.00037,Single,0,,,No,,,Permanent contract,20003.0,28683,Yes,0,,NA,1,Created
12581,2011-01-01,12581,Female,33,1978-05-19,0.00035,Single,0,,,No,,,Entrepreneur without personnel,86202.0,10394,Yes,0,,NA,1,Created
12582,2011-01-01,12582,Male,63,1948-07-09,0.00945,Married,2554,,2046-06-30,No,,,Permanent contract,20470.0,379227,Yes,2,,NA,1,Created
18910,2012-07-09,12582,Male,65,1948-07-09,0.00945,Married,2554,,2046-06-30,No,,,Retired,14329.0,379227,Yes,2,,NA,1,Life event: Retired
12583,2011-01-01,12583,Female,20,1991-10-01,0.00018,Single,0,,,No,,,Permanent contract,25410.0,397780,No,0,24.0,2015-10-23,1,Created
12584,2011-01-01,12584,Male,7,2004-04-01,9e-05,Single,0,,,No,,,Child,0.0,0,No,0,,NA,1,Created
12585,2011-01-01,12585,Male,42,1969-02-10,0.00128,Married,2555,,2016-01-18,Yes,,,Permanent contract,3445.0,-3879,No,3,,NA,1,Created
12586,2011-01-01,12586,Female,15,1996-09-01,8e-05,Single,0,,,Yes,33.0,2029-01-11,Child,0.0,0,Yes,0,37.0,2033-06-28,1,Created
12587,2011-01-01,12587,Male,23,1988-10-22,0.00039,Single,0,,,No,,,Permanent contract,86106.0,131997,No,0,,NA,1,Created
12588,2011-01-01,12588,Male,65,1946-05-23,0.01141,Single,0,,,Yes,20.0,,Flexible contract,21377.0,402202,No,0,,NA,1,Created
17411,2011-05-23,12588,Male,66,1946-05-23,0.01141,Single,0,,,Yes,20,,Retired,14963.9,402202,No,0,,NA,1,Life event: Retired
12589,2011-01-01,12589,Female,16,1995-06-13,8e-05,Single,0,,,No,,,Child,0.0,0,Yes,0,28.0,2023-07-01,1,Created
18840,2012-06-13,12589,Female,18,1995-06-13,8e-05,Single,0,,,Yes,43,2037-08-16,Flexible contract,18021.0,1619,Yes,0,28,2023-07-01,1,Life event: Adulthood
12590,2011-01-01,12590,Female,33,1978-01-09,0.00035,Married,2633,,2036-10-15,No,,,Entrepreneur without personnel,11215.0,282740,Yes,1,,NA,1,Created
12591,2011-01-01,12591,Female,11,2000-02-22,7e-05,Single,0,,,Yes,31.0,2031-03-13,Child,0.0,0,No,0,34.0,2034-08-10,1,Created
12592,2011-01-01,12592,Male,20,1991-01-31,0.00045,Single,0,,,Yes,44.0,2035-04-29,Permanent contract,7317.0,-15993,Yes,0,,NA,1,Created
12593,2011-01-01,12593,Female,39,1972-04-25,0.00074,Married,2634,,2036-07-05,Yes,,,Permanent contract,14044.0,23365,No,3,39.0,2011-03-25,1,Created
17119,2011-03-25,12593,Female,39,1972-04-25,0.00074,Married,2634,,2036-07-05,Yes,,,Permanent contract,14044.0,23365,No,2,39,2011-03-25,1,Life event: Children born
12594,2011-01-01,12594,Male,60,1951-09-06,0.006840000000000001,Widowed,0,,,Yes,,,Permanent contract,10895.0,857339,Yes,0,,NA,1,Created
12595,2011-01-01,12595,Female,70,1941-08-17,0.01252,Widowed,0,,,Yes,,,Retired,31792.0,790,Yes,0,,NA,1,Created
12596,2011-01-01,12596,Male,46,1965-02-10,0.00172,Married,2556,,2024-12-09,No,,,Unemployed,25293.0,480081,Yes,2,,NA,1,Created
12597,2011-01-01,12597,Female,71,1940-03-26,0.013009999999999999,Divorced,0,,,Yes,,,Retired,4702.0,13344,Yes,0,,NA,1,Created
12598,2011-01-01,12598,Female,6,2005-07-05,8e-05,Single,0,,,Yes,40.0,2045-08-06,Child,0.0,0,Yes,0,24.0,2029-05-23,1,Created
12599,2011-01-01,12599,Male,60,1951-01-25,0.006840000000000001,Married,2557,,2052-09-27,Yes,,,Entrepreneur with personel,26429.0,25296,Yes,2,,NA,1,Created
12600,2011-01-01,12600,Female,48,1963-06-22,0.0018800000000000002,Married,2635,,2042-11-08,Yes,,,Flexible contract,757.0,26167,Yes,1,,NA,1,Created
12601,2011-01-01,12601,Female,51,1960-11-14,0.0023899999999999998,Married,2636,,2051-06-24,No,,,Flexible contract,15784.0,383133,No,2,,NA,1,Created
12602,2011-01-01,12602,Male,38,1973-01-04,0.0009599999999999999,Married,2558,,2034-10-04,Yes,,,Permanent contract,3463.0,650,Yes,1,,NA,1,Created
12603,2011-01-01,12603,Female,55,1956-05-11,0.00372,Married,2637,,2056-08-02,Yes,,,Permanent contract,4876.0,483,No,2,,NA,1,Created
18117,2011-10-30,12603,Female,56,1956-05-11,0.00372,Widowed,2637,,2056-08-02,Yes,,,Permanent contract,4876.0,483,No,2,,NA,1,Life event: Widowed
12604,2011-01-01,12604,Male,52,1959-09-26,0.00314,Married,2559,,2063-07-07,Yes,,,Entrepreneur without personnel,4253.0,509682,Yes,2,,NA,1,Created
12605,2011-01-01,12605,Male,16,1995-06-06,0.00029,Single,0,,,No,,,Child,0.0,0,No,0,,NA,1,Created
18818,2012-06-06,12605,Male,18,1995-06-06,0.00029,Single,0,,,No,,,Unemployed,23030.0,555696,No,0,,NA,1,Life event: Adulthood
12606,2011-01-01,12606,Male,30,1981-03-09,0.00055,Single,0,,,Yes,43.0,2024-04-18,Permanent contract,95708.0,64984,Yes,0,,NA,1,Created
12607,2011-01-01,12607,Female,42,1969-03-26,0.001,Single,0,,,No,,,Family business,13822.0,1342,No,0,,NA,1,Created
12608,2011-01-01,12608,Male,11,2000-04-09,9e-05,Single,0,,,No,,,Child,0.0,0,Yes,0,,NA,1,Created
12609,2011-01-01,12609,Male,22,1989-04-15,0.00041,Single,0,,,Yes,43.0,2032-06-23,Permanent contract,23415.0,589449,Yes,0,,NA,1,Created
12610,2011-01-01,12610,Male,25,1986-03-21,0.00033999999999999997,Single,0,,,No,,,Permanent contract,1751.0,80224,Yes,0,,NA,1,Created
12611,2011-01-01,12611,Male,47,1964-10-24,0.00186,Divorced,0,,,Yes,,,Permanent contract,33578.0,260086,Yes,0,,NA,1,Created
12612,2011-01-01,12612,Male,44,1967-10-19,0.0013599999999999999,Married,2560,,2035-07-28,Yes,,,Permanent contract,86217.0,722,No,2,,NA,1,Created
12613,2011-01-01,12613,Male,6,2005-04-14,5.9999999999999995e-05,Single,0,,,Yes,32.0,2037-12-25,Child,0.0,0,Yes,0,,NA,1,Created
12614,2011-01-01,12614,Male,61,1950-04-12,0.00747,Married,2561,,2055-10-27,No,,,Permanent contract,11769.0,648442,No,1,,NA,1,Created
12615,2011-01-01,12615,Male,68,1943-06-30,0.01522,Widowed,0,,,No,,,Retired,19388.0,70460,No,0,,NA,1,Created
12616,2011-01-01,12616,Female,4,2007-10-18,5.9999999999999995e-05,Single,0,,,No,,,Child,0.0,0,No,0,37.0,2044-12-28,1,Created
12617,2011-01-01,12617,Male,21,1990-01-12,0.00045,Single,0,,,Yes,30.0,2020-02-12,Entrepreneur without personnel,50941.0,6967,No,0,,NA,1,Created
12618,2011-01-01,12618,Male,52,1959-10-16,0.00314,Single,0,,,Yes,29.0,,Permanent contract,19086.0,75338,No,0,,NA,1,Created
12619,2011-01-01,12619,Male,58,1953-02-18,0.00603,Married,2562,,2047-01-15,Yes,,,Permanent contract,1459.0,-9226,Yes,3,,NA,1,Created
12620,2011-01-01,12620,Female,55,1956-08-02,0.00372,Single,0,,,No,,,Permanent contract,12248.0,-1105,Yes,0,,NA,1,Created
12621,2011-01-01,12621,Female,4,2007-09-30,5.9999999999999995e-05,Single,0,,,No,,,Child,0.0,0,Yes,0,31.0,2038-01-06,1,Created
12622,2011-01-01,12622,Male,0,2011-03-23,0.0036200000000000004,Single,0,,,No,,,Child,0.0,0,No,0,,NA,1,Created
12623,2011-01-01,12623,Male,45,1966-07-01,0.0014199999999999998,Married,2563,,2025-06-19,No,,,Permanent contract,31909.0,18,No,1,,NA,1,Created
12624,2011-01-01,12624,Male,6,2005-10-04,5.9999999999999995e-05,Single,0,,,No,,,Child,0.0,0,No,0,,NA,1,Created
12625,2011-01-01,12625,Male,78,1933-03-17,0.04668,Married,2564,,2012-06-27,No,,,Retired,26519.0,248103,Yes,1,,NA,1,Created
18888,2012-06-27,12625,Male,80,1933-03-17,0.04668,Divorced,2564,,2012-06-27,No,,,Retired,26519.0,248103,Yes,1,,NA,1,Life event: Divorced
12626,2011-01-01,12626,Male,73,1938-02-07,0.0262,Divorced,0,,,Yes,,,Retired,38069.0,94779,Yes,0,,NA,1,Created
12627,2011-01-01,12627,Female,20,1991-08-24,0.00018,Single,0,,,No,,,Permanent contract,21124.0,-22891,No,0,33.0,2024-12-26,1,Created
12628,2011-01-01,12628,Female,44,1967-07-11,0.00107,Married,2638,,2029-03-19,No,,,Permanent contract,29670.0,-22004,Yes,1,,NA,1,Created
12629,2011-01-01,12629,Male,66,1945-02-12,0.01401,Married,2565,,2027-06-23,Yes,,,Permanent contract,26954.0,149448,Yes,1,,NA,1,Created
16899,2011-02-12,12629,Male,67,1945-02-12,0.01401,Married,2565,,2027-06-23,Yes,,,Retired,18867.8,149448,Yes,1,,NA,1,Life event: Retired
12630,2011-01-01,12630,Female,20,1991-10-20,0.00018,Single,0,,,Yes,29.0,2020-01-12,Flexible contract,10898.0,2078,No,0,37.0,2028-05-30,1,Created
12631,2011-01-01,12631,Female,97,1914-06-26,0.27028,Widowed,0,,,Yes,,,Retired,9611.0,-4470,No,0,,NA,1,Created
12632,2011-01-01,12632,Male,11,2000-05-06,9e-05,Single,0,,,No,,,Child,0.0,0,No,0,,NA,1,Created
12633,2011-01-01,12633,Male,74,1937-07-21,0.0295,Widowed,0,,,No,,,Retired,37733.0,118214,No,0,,NA,1,Created
12634,2011-01-01,12634,Female,58,1953-06-25,0.00448,Married,2639,,2037-03-17,Yes,,,Permanent contract,11930.0,-33550,No,1,,NA,1,Created
12635,2011-01-01,12635,Female,41,1970-10-01,0.0007700000000000001,Single,0,,,No,,,Permanent contract,18539.0,25941,No,0,,NA,1,Created
12636,2011-01-01,12636,Male,51,1960-02-22,0.00301,Married,2566,,2046-08-31,Yes,,,Flexible contract,18233.0,155729,No,2,,NA,1,Created
12637,2011-01-01,12637,Female,30,1981-10-18,0.00027,Single,0,,,Yes,21.0,,Flexible contract,9206.0,-12596,Yes,0,33.0,2014-03-02,1,Created
12638,2011-01-01,12638,Female,40,1971-09-28,0.0006900000000000001,Married,2640,,2069-05-25,No,,,Permanent contract,11082.0,27,No,2,,NA,1,Created
12639,2011-01-01,12639,Male,19,1992-03-31,0.00033,Single,0,,,No,,,Flexible contract,12250.0,381602,No,0,,NA,1,Created
12640,2011-01-01,12640,Female,29,1982-10-22,0.00032,Single,0,,,No,,,Permanent contract,3295.0,9568,No,0,36.0,2018-02-17,1,Created
12641,2011-01-01,12641,Female,79,1932-08-29,0.03112,Married,2641,,2059-03-17,No,,,Retired,44710.0,2033,Yes,1,,NA,1,Created
12642,2011-01-01,12642,Female,32,1979-08-14,0.00041,Single,0,,,Yes,57.0,2036-08-11,Permanent contract,3907.0,320133,No,0,34.0,2013-03-02,1,Created
12643,2011-01-01,12643,Male,35,1976-01-24,0.00055,Single,0,,,No,,,Entrepreneur without personnel,25455.0,10037,No,0,,NA,1,Created
12644,2011-01-01,12644,Female,76,1935-04-03,0.02337,Married,2642,,2046-08-14,Yes,,,Retired,45926.0,425257,Yes,2,,NA,1,Created
12645,2011-01-01,12645,Female,37,1974-02-10,0.00057,Married,2643,,2045-07-31,Yes,,,Permanent contract,31528.0,6980,No,2,,NA,1,Created
12646,2011-01-01,12646,Male,45,1966-12-07,0.0014199999999999998,Single,0,,,No,,,Permanent contract,49890.0,902216,Yes,0,,NA,1,Created
12647,2011-01-01,12647,Male,52,1959-09-24,0.00314,Married,2567,,2032-12-30,Yes,,,Entrepreneur with personel,33294.0,-28326,No,2,,NA,1,Created
12648,2011-01-01,12648,Male,9,2002-04-14,0.00014,Single,0,,,No,,,Child,0.0,0,Yes,0,,NA,1,Created
12649,2011-01-01,12649,Female,45,1966-05-27,0.00134,Married,2644,,2031-08-28,Yes,,,Permanent contract,36781.0,5737,No,1,,NA,1,Created
12650,2011-01-01,12650,Female,63,1948-11-28,0.00672,Married,2645,,2047-04-02,Yes,,,Flexible contract,26917.0,35445,Yes,2,,NA,1,Created
19280,2012-11-28,12650,Female,65,1948-11-28,0.00672,Married,2645,,2047-04-02,Yes,,,Retired,18841.899999999998,35445,Yes,2,,NA,1,Life event: Retired
12651,2011-01-01,12651,Female,1,2010-12-13,0.00033999999999999997,Single,0,,,Yes,33.0,2043-08-12,Child,0.0,0,Yes,0,21.0,2031-03-27,1,Created
12652,2011-01-01,12652,Male,55,1956-01-23,0.00419,Divorced,0,,,Yes,,,Flexible contract,52965.0,-2040,Yes,0,,NA,1,Created
12653,2011-01-01,12653,Female,29,1982-06-06,0.00032,Married,2646,,2061-10-22,No,,,Unemployed,44941.0,413499,Yes,1,,NA,1,Created
12654,2011-01-01,12654,Male,36,1975-05-11,0.0006,Single,0,,,No,,,Flexible contract,35547.0,438761,Yes,0,,NA,1,Created
12655,2011-01-01,12655,Male,14,1997-05-17,0.00014,Single,0,,,Yes,35.0,2032-03-01,Child,0.0,0,Yes,0,,NA,1,Created
12656,2011-01-01,12656,Female,64,1947-11-20,0.00713,Divorced,0,,,No,,,Permanent contract,13656.0,8006,No,0,,NA,1,Created
18201,2011-11-20,12656,Female,65,1947-11-20,0.00713,Divorced,0,,,No,,,Retired,9559.199999999999,8006,No,0,,NA,1,Life event: Retired
12657,2011-01-01,12657,Male,13,1998-05-24,0.00014,Single,0,,,Yes,25.0,2023-02-07,Child,0.0,0,No,0,,NA,1,Created
12658,2011-01-01,12658,Male,86,1925-08-09,0.1126,Widowed,0,,,Yes,,,Retired,47743.0,131307,Yes,0,,NA,1,Created
12659,2011-01-01,12659,Female,65,1946-06-24,0.007559999999999999,Married,2647,,2068-09-29,No,,,Permanent contract,28204.0,-8701,Yes,2,,NA,1,Created
17563,2011-06-24,12659,Female,66,1946-06-24,0.007559999999999999,Married,2647,,2068-09-29,No,,,Retired,19742.8,-8701,Yes,2,,NA,1,Life event: Retired
12660,2011-01-01,12660,Male,51,1960-06-11,0.00301,Single,0,,,Yes,23.0,,Flexible contract,465.0,687,No,0,,NA,1,Created
12661,2011-01-01,12661,Female,35,1976-11-20,0.00033999999999999997,Married,2648,,2024-10-06,Yes,,,Permanent contract,4941.0,448814,Yes,1,,NA,1,Created
12662,2011-01-01,12662,Male,37,1974-08-26,0.00082,Single,0,,,No,,,Entrepreneur with personel,620.0,-47088,Yes,0,,NA,1,Created
12663,2011-01-01,12663,Female,61,1950-04-20,0.00562,Married,2649,,2042-04-28,No,,,Permanent contract,41837.0,-45375,No,1,,NA,1,Created
12664,2011-01-01,12664,Male,6,2005-08-02,5.9999999999999995e-05,Single,0,,,Yes,32.0,2037-01-18,Child,0.0,0,Yes,0,,NA,1,Created
12665,2011-01-01,12665,Male,29,1982-01-21,0.0005200000000000001,Married,2568,,2021-02-01,Yes,,,Permanent contract,8328.0,-48070,Yes,3,,NA,1,Created
12666,2011-01-01,12666,Male,17,1994-01-13,0.00022999999999999998,Single,0,,,No,,,Child,0.0,0,No,0,,NA,1,Created
16731,2011-01-13,12666,Male,18,1994-01-13,0.00022999999999999998,Single,0,,,No,,,Permanent contract,19501.0,-5133,No,0,,NA,1,Life event: Adulthood
12667,2011-01-01,12667,Male,77,1934-08-23,0.0418,Married,2569,,2040-06-12,Yes,,,Retired,27378.0,272799,Yes,1,,NA,1,Created
17172,2011-04-04,12667,Male,77,1934-08-23,0.0418,Married,2569,,2040-06-12,Yes,,,Retired,27378.0,272799,Yes,1,,NA,0,Life event: Deceased
12668,2011-01-01,12668,Female,38,1973-09-29,0.00063,Single,0,,,No,,,Permanent contract,83548.0,45509,No,0,,NA,1,Created
12669,2011-01-01,12669,Male,65,1946-05-01,0.01141,Widowed,0,,,Yes,,,Entrepreneur without personnel,7247.0,-472,Yes,0,,NA,1,Created
17281,2011-05-01,12669,Male,66,1946-05-01,0.01141,Widowed,0,,,Yes,,,Retired,5072.9,-472,Yes,0,,NA,1,Life event: Retired
12670,2011-01-01,12670,Female,11,2000-06-21,7e-05,Single,0,,,No,,,Child,0.0,0,Yes,0,28.0,2028-05-10,1,Created
12671,2011-01-01,12671,Male,21,1990-04-10,0.00045,Single,0,,,No,,,Flexible contract,78841.0,61636,Yes,0,,NA,1,Created
12672,2011-01-01,12672,Female,36,1975-08-06,0.00049,Single,0,,,No,,,Permanent contract,25092.0,243,Yes,0,,NA,1,Created
12673,2011-01-01,12673,Male,6,2005-01-17,5.9999999999999995e-05,Single,0,,,Yes,62.0,2067-05-27,Child,0.0,0,No,0,,NA,1,Created
12674,2011-01-01,12674,Female,51,1960-08-14,0.0023899999999999998,Single,0,,,No,,,Entrepreneur with personel,7389.0,-27454,Yes,0,,NA,1,Created
12675,2011-01-01,12675,Male,35,1976-10-25,0.00055,Married,2570,,2044-02-27,No,,,Permanent contract,21815.0,2974,Yes,2,,NA,1,Created
17082,2011-03-17,12675,Male,35,1976-10-25,0.00055,Widowed,2570,,2044-02-27,No,,,Permanent contract,21815.0,2974,Yes,2,,NA,1,Life event: Widowed
12676,2011-01-01,12676,Male,66,1945-07-16,0.01401,Married,2571,,2014-12-04,Yes,,,Permanent contract,10733.0,75637,Yes,1,,NA,1,Created
17659,2011-07-16,12676,Male,67,1945-07-16,0.01401,Married,2571,,2014-12-04,Yes,,,Retired,7513.099999999999,75637,Yes,1,,NA,1,Life event: Retired
12677,2011-01-01,12677,Female,56,1955-06-08,0.0041,Single,0,,,No,,,Permanent contract,15592.0,-27018,Yes,0,,NA,1,Created
12678,2011-01-01,12678,Male,62,1949-08-06,0.008409999999999999,Single,0,,,No,,,Permanent contract,45799.0,495905,Yes,0,,NA,1,Created
12679,2011-01-01,12679,Male,44,1967-04-29,0.0013599999999999999,Divorced,0,,,Yes,,,Permanent contract,28694.0,74447,Yes,0,,NA,1,Created
12680,2011-01-01,12680,Male,71,1940-11-03,0.02034,Divorced,0,,,No,,,Retired,27695.0,6956,No,0,,NA,1,Created
12681,2011-01-01,12681,Male,42,1969-06-16,0.00128,Married,2572,,2028-07-21,No,,,Entrepreneur without personnel,29906.0,264398,No,2,,NA,1,Created
12682,2011-01-01,12682,Male,52,1959-03-11,0.00314,Married,2573,,2067-08-06,No,,,Entrepreneur without personnel,18930.0,342700,Yes,2,,NA,1,Created
12683,2011-01-01,12683,Female,54,1957-07-29,0.00313,Married,2650,,2033-01-08,Yes,,,Permanent contract,7124.0,401104,No,2,,NA,1,Created
12684,2011-01-01,12684,Male,45,1966-02-21,0.0014199999999999998,Single,0,,,Yes,49.0,2015-04-25,Permanent contract,12268.0,199499,Yes,0,,NA,1,Created
12685,2011-01-01,12685,Female,43,1968-09-30,0.0009699999999999999,Single,0,,,No,,,Entrepreneur with personel,32768.0,-2292,Yes,0,,NA,1,Created
12686,2011-01-01,12686,Female,42,1969-04-28,0.001,Single,0,,,No,,,Permanent contract,20242.0,75030,Yes,0,,NA,1,Created
12687,2011-01-01,12687,Female,6,2005-11-15,8e-05,Single,0,,,No,,,Child,0.0,0,Yes,0,34.0,2039-11-16,1,Created
12688,2011-01-01,12688,Female,14,1997-08-12,9e-05,Single,0,,,No,,,Child,0.0,0,No,0,33.0,2030-08-31,1,Created
12689,2011-01-01,12689,Male,37,1974-11-10,0.00082,Married,2574,,2017-05-19,No,,,Permanent contract,3371.0,67072,Yes,1,,NA,1,Created
12690,2011-01-01,12690,Male,35,1976-09-17,0.00055,Divorced,0,,,No,,,Entrepreneur without personnel,6006.0,-46005,No,0,,NA,1,Created
12691,2011-01-01,12691,Male,30,1981-06-26,0.00055,Married,2575,,2041-02-12,Yes,,,Permanent contract,8373.0,86338,Yes,2,,NA,1,Created
12692,2011-01-01,12692,Female,28,1983-09-20,0.00025,Single,0,,,No,,,Flexible contract,94279.0,16162,No,0,28.0,2011-10-03,1,Created
12693,2011-01-01,12693,Male,52,1959-02-02,0.00314,Divorced,0,,,Yes,,,Unemployed,19879.0,-31954,No,0,,NA,1,Created
12694,2011-01-01,12694,Male,55,1956-06-09,0.00419,Divorced,0,,,No,,,Permanent contract,33072.0,778727,Yes,0,,NA,1,Created
12695,2011-01-01,12695,Male,66,1945-04-28,0.01401,Married,2576,,2054-08-13,No,,,Permanent contract,26449.0,-9455,No,2,,NA,1,Created
17268,2011-04-28,12695,Male,67,1945-04-28,0.01401,Married,2576,,2054-08-13,No,,,Retired,18514.3,-9455,No,2,,NA,1,Life event: Retired
12696,2011-01-01,12696,Female,30,1981-06-07,0.00027,Single,0,,,No,,,Flexible contract,46097.0,619951,Yes,0,,NA,1,Created
12697,2011-01-01,12697,Female,39,1972-05-31,0.00074,Married,2651,,2041-04-04,Yes,,,Permanent contract,95818.0,314617,No,2,,NA,1,Created
12698,2011-01-01,12698,Male,6,2005-11-13,5.9999999999999995e-05,Single,0,,,No,,,Child,0.0,0,Yes,0,,NA,1,Created
12699,2011-01-01,12699,Male,65,1946-08-05,0.01141,Married,2577,,2025-02-01,Yes,,,Permanent contract,3356.0,1061,Yes,2,,NA,1,Created
17745,2011-08-05,12699,Male,66,1946-08-05,0.01141,Married,2577,,2025-02-01,Yes,,,Retired,2349.2,1061,Yes,2,,NA,1,Life event: Retired
12700,2011-01-01,12700,Female,37,1974-07-11,0.00057,Single,0,,,No,,,Permanent contract,25699.0,24546,Yes,0,,NA,1,Created
12701,2011-01-01,12701,Female,29,1982-10-07,0.00032,Single,0,,,No,,,Flexible contract,19875.0,264278,Yes,0,31.0,2013-07-11,1,Created
12702,2011-01-01,12702,Female,63,1948-11-03,0.00672,Divorced,0,,,No,,,Permanent contract,16353.0,-14753,Yes,0,,NA,1,Created
19212,2012-11-03,12702,Female,65,1948-11-03,0.00672,Divorced,0,,,No,,,Retired,11447.099999999999,-14753,Yes,0,,NA,1,Life event: Retired
12703,2011-01-01,12703,Female,41,1970-09-19,0.0007700000000000001,Married,2652,,2055-06-15,Yes,,,Permanent contract,24418.0,814830,Yes,3,,NA,1,Created
12704,2011-01-01,12704,Female,1,2010-07-19,0.00033999999999999997,Single,0,,,Yes,23.0,2033-05-22,Child,0.0,0,Yes,0,37.0,2047-12-01,1,Created
12705,2011-01-01,12705,Female,11,2000-05-28,7e-05,Single,0,,,No,,,Child,0.0,0,Yes,0,31.0,2031-01-25,1,Created
12706,2011-01-01,12706,Female,34,1977-10-10,0.00037,Single,0,,,Yes,33.0,,Entrepreneur without personnel,93191.0,153986,Yes,0,,NA,1,Created
12707,2011-01-01,12707,Male,78,1933-01-20,0.04668,Single,0,,,No,,,Retired,53465.0,143260,No,0,,NA,1,Created
12708,2011-01-01,12708,Female,58,1953-08-12,0.00448,Married,2653,,2032-07-25,No,,,Permanent contract,18137.0,-3007,No,2,,NA,1,Created
12709,2011-01-01,12709,Male,1,2010-01-21,0.00056,Single,0,,,No,,,Child,0.0,0,No,0,,NA,1,Created
12710,2011-01-01,12710,Male,22,1989-01-15,0.00041,Single,0,,,Yes,31.0,2020-05-14,Permanent contract,36200.0,-40008,No,0,,NA,1,Created
12711,2011-01-01,12711,Female,8,2003-02-28,2.9999999999999997e-05,Single,0,,,Yes,23.0,2026-03-12,Child,0.0,0,No,0,30.0,2033-12-23,1,Created
12712,2011-01-01,12712,Female,13,1998-08-06,0.00011999999999999999,Single,0,,,Yes,46.0,2044-10-23,Child,0.0,0,No,0,30.0,2028-05-23,1,Created
12713,2011-01-01,12713,Male,36,1975-11-24,0.0006,Married,2578,,2035-10-16,No,,,Entrepreneur without personnel,17578.0,8712,Yes,2,,NA,1,Created
12714,2011-01-01,12714,Male,64,1947-08-22,0.01097,Married,2579,,2044-01-24,Yes,,,Permanent contract,18792.0,142646,Yes,2,,NA,1,Created
17840,2011-08-22,12714,Male,65,1947-08-22,0.01097,Married,2579,,2044-01-24,Yes,,,Retired,13154.4,142646,Yes,2,,NA,1,Life event: Retired
12715,2011-01-01,12715,Female,19,1992-01-12,0.00014,Single,0,,,No,,,Permanent contract,26657.0,422848,Yes,0,37.0,2029-08-25,1,Created
12716,2011-01-01,12716,Female,38,1973-05-14,0.00063,Single,0,,,Yes,35.0,,Permanent contract,18414.0,-37347,Yes,0,,NA,1,Created
12717,2011-01-01,12717,Male,73,1938-07-29,0.0262,Widowed,0,,,No,,,Retired,46987.0,-32254,Yes,0,,NA,1,Created
12718,2011-01-01,12718,Male,52,1959-12-20,0.00314,Married,2580,,2034-06-25,No,,,Permanent contract,63778.0,190229,No,3,,NA,1,Created
12719,2011-01-01,12719,Female,54,1957-05-08,0.00313,Single,0,,,Yes,26.0,,Permanent contract,93807.0,4488263,No,0,,NA,1,Created
12720,2011-01-01,12720,Female,64,1947-04-22,0.00713,Married,2654,,2064-01-14,Yes,,,Permanent contract,15090.0,25807,No,2,,NA,1,Created
17245,2011-04-22,12720,Female,65,1947-04-22,0.00713,Married,2654,,2064-01-14,Yes,,,Retired,10563.0,25807,No,2,,NA,1,Life event: Retired
12721,2011-01-01,12721,Male,1,2010-02-01,0.00056,Single,0,,,No,,,Child,0.0,0,No,0,,NA,1,Created
12722,2011-01-01,12722,Female,63,1948-12-16,0.00672,Married,2655,,2055-12-09,No,,,Permanent contract,5947.0,114165,Yes,2,,NA,1,Created
19321,2012-12-16,12722,Female,65,1948-12-16,0.00672,Married,2655,,2055-12-09,No,,,Retired,4162.9,114165,Yes,2,,NA,1,Life event: Retired
12723,2011-01-01,12723,Male,49,1962-03-21,0.00242,Divorced,0,,,Yes,,,Permanent contract,8015.0,246028,Yes,0,,NA,1,Created
12724,2011-01-01,12724,Male,47,1964-02-11,0.00186,Married,2581,,2021-11-14,No,,,Permanent contract,8579.0,965136,Yes,1,,NA,1,Created
12725,2011-01-01,12725,Female,60,1951-10-28,0.00541,Married,2656,,2022-09-10,No,,,Permanent contract,5711.0,-44988,No,1,,NA,1,Created
12726,2011-01-01,12726,Female,9,2002-11-07,2.9999999999999997e-05,Single,0,,,No,,,Child,0.0,0,Yes,0,30.0,2032-07-04,1,Created
12727,2011-01-01,12727,Male,58,1953-01-19,0.00603,Married,2582,,2013-03-16,No,,,Permanent contract,97616.0,84985,No,1,,NA,1,Created
12728,2011-01-01,12728,Female,68,1943-04-21,0.00983,Married,2657,,2049-03-12,Yes,,,Retired,11413.0,860502,No,2,,NA,1,Created
12729,2011-01-01,12729,Female,28,1983-07-26,0.00025,Married,2658,,2020-12-16,No,,,Permanent contract,22400.0,127885,No,2,33.0,2016-07-08,1,Created
12730,2011-01-01,12730,Female,50,1961-03-15,0.00225,Married,2659,,2060-12-08,No,,,Permanent contract,56066.0,231246,Yes,2,,NA,1,Created
12731,2011-01-01,12731,Female,24,1987-08-19,0.00018999999999999998,Single,0,,,Yes,25.0,2012-01-09,Permanent contract,5722.0,248283,No,0,32.0,2019-12-26,1,Created
18411,2012-01-09,12731,Female,25,1987-08-19,0.00018999999999999998,Married,3473,7,2019-06-20,Yes,25,2012-01-09,Permanent contract,5722.0,248283,No,0,32,2019-12-26,1,Life event: Married
12732,2011-01-01,12732,Male,81,1930-07-18,0.06966,Married,2583,,2011-08-30,Yes,,,Retired,31358.0,745,Yes,3,,NA,1,Created
17878,2011-08-30,12732,Male,82,1930-07-18,0.06966,Divorced,2583,,2011-08-30,Yes,,,Retired,31358.0,745,Yes,3,,NA,1,Life event: Divorced
12733,2011-01-01,12733,Female,62,1949-05-26,0.0057399999999999994,Divorced,0,,,No,,,Unemployed,13892.0,394743,No,0,,NA,1,Created
12734,2011-01-01,12734,Female,30,1981-09-12,0.00027,Single,0,,,No,,,Permanent contract,38025.0,34551,No,0,30.0,2011-02-02,1,Created
12735,2011-01-01,12735,Female,40,1971-07-15,0.0006900000000000001,Married,2660,,2022-02-10,No,,,Permanent contract,42655.0,174470,No,3,,NA,1,Created
12736,2011-01-01,12736,Female,29,1982-08-15,0.00032,Married,2661,,2023-09-07,Yes,,,Permanent contract,36566.0,137,No,2,33.0,2015-09-06,1,Created
12737,2011-01-01,12737,Female,41,1970-03-15,0.0007700000000000001,Divorced,0,,,No,,,Permanent contract,93789.0,10991,Yes,0,,NA,1,Created
12738,2011-01-01,12738,Male,7,2004-01-05,9e-05,Single,0,,,Yes,30.0,2034-11-03,Child,0.0,0,Yes,0,,NA,1,Created
12739,2011-01-01,12739,Female,14,1997-12-17,9e-05,Single,0,,,No,,,Child,0.0,0,Yes,0,33.0,2030-03-24,1,Created
12740,2011-01-01,12740,Male,20,1991-12-20,0.00045,Single,0,,,No,,,Entrepreneur without personnel,39578.0,3637710,No,0,,NA,1,Created
12741,2011-01-01,12741,Female,79,1932-07-29,0.03112,Married,2662,,2068-09-25,Yes,,,Retired,21852.0,565,Yes,3,,NA,1,Created
12742,2011-01-01,12742,Female,13,1998-02-20,0.00011999999999999999,Single,0,,,Yes,32.0,2030-09-07,Child,0.0,0,No,0,27.0,2025-10-07,1,Created
12743,2011-01-01,12743,Female,35,1976-01-09,0.00033999999999999997,Married,2663,,2024-10-27,No,,,Entrepreneur without personnel,26707.0,-1996,Yes,1,39.0,2015-11-27,1,Created
12744,2011-01-01,12744,Male,65,1946-12-18,0.01141,Married,2584,,2013-01-29,Yes,,,Entrepreneur with personel,25769.0,719207,Yes,3,,NA,1,Created
18316,2011-12-18,12744,Male,66,1946-12-18,0.01141,Married,2584,,2013-01-29,Yes,,,Retired,18038.3,719207,Yes,3,,NA,1,Life event: Retired
12745,2011-01-01,12745,Male,15,1996-10-29,0.00015,Single,0,,,No,,,Child,0.0,0,No,0,,NA,1,Created
12746,2011-01-01,12746,Male,53,1958-08-08,0.0033299999999999996,Married,2585,,2029-06-01,No,,,Permanent contract,17624.0,43650,No,1,,NA,1,Created
12747,2011-01-01,12747,Male,32,1979-08-19,0.00059,Married,2586,,2042-02-06,Yes,,,Permanent contract,1730.0,151418,Yes,1,,NA,1,Created
12748,2011-01-01,12748,Female,18,1993-07-12,0.00023999999999999998,Single,0,,,No,,,Permanent contract,18295.0,2915,No,0,39.0,2032-01-19,1,Created
12749,2011-01-01,12749,Male,23,1988-02-10,0.00039,Single,0,,,No,,,Flexible contract,40710.0,3569,No,0,,NA,1,Created
12750,2011-01-01,12750,Female,26,1985-08-19,1.0,Married,2664,,2045-01-19,No,,,Permanent contract,86751.0,-19396,Yes,2,30.0,2015-07-20,1,Created
17275,2011-04-30,12750,Female,26,1985-08-19,1.0,Married,2664,,2045-01-19,No,,,Permanent contract,86751.0,-19396,Yes,2,30,2015-07-20,0,Life event: Deceased
12751,2011-01-01,12751,Male,15,1996-02-27,0.00015,Single,0,,,Yes,30.0,2026-03-12,Child,0.0,0,No,0,,NA,1,Created
12752,2011-01-01,12752,Male,55,1956-05-29,0.00419,Married,2587,,2035-10-10,No,,,Permanent contract,18139.0,36352,Yes,2,,NA,1,Created
12753,2011-01-01,12753,Male,18,1993-06-25,0.00032,Single,0,,,Yes,64.0,2057-08-07,Permanent contract,9076.0,39679,Yes,0,,NA,1,Created
12754,2011-01-01,12754,Female,22,1989-10-27,0.00023999999999999998,Single,0,,,No,,,Permanent contract,68516.0,332123,Yes,0,39.0,2028-05-16,1,Created
12755,2011-01-01,12755,Male,0,2011-11-02,0.0036200000000000004,Single,0,,,No,,,Child,0.0,0,Yes,0,,NA,1,Created
12756,2011-01-01,12756,Male,16,1995-10-14,0.00029,Single,0,,,Yes,29.0,2024-07-20,Child,0.0,0,No,0,,NA,1,Created
19161,2012-10-14,12756,Male,18,1995-10-14,0.00029,Single,0,,,Yes,95,2089-12-24,Permanent contract,44084.0,43624,No,0,,NA,1,Life event: Adulthood
12757,2011-01-01,12757,Female,65,1946-01-20,0.007559999999999999,Single,0,,,Yes,57.0,,Permanent contract,26002.0,-325,No,0,,NA,1,Created
16773,2011-01-20,12757,Female,66,1946-01-20,0.007559999999999999,Single,0,,,Yes,57,,Retired,18201.399999999998,-325,No,0,,NA,1,Life event: Retired
12758,2011-01-01,12758,Female,93,1918-05-11,0.18566,Married,2665,,2019-04-07,Yes,,,Retired,8006.0,-2618,No,2,,NA,1,Created
12759,2011-01-01,12759,Male,40,1971-04-03,0.0009400000000000001,Married,2588,,2056-10-09,No,,,Permanent contract,37538.0,135102,Yes,1,,NA,1,Created
12760,2011-01-01,12760,Female,17,1994-04-19,0.0001,Single,0,,,No,,,Child,0.0,0,No,0,35.0,2029-12-09,1,Created
17239,2011-04-19,12760,Female,18,1994-04-19,0.0001,Single,0,,,No,,,Entrepreneur without personnel,6604.0,471460,No,0,35,2029-12-09,1,Life event: Adulthood
12761,2011-01-01,12761,Female,61,1950-09-08,0.00562,Widowed,0,,,Yes,,,Flexible contract,19493.0,193221,Yes,0,,NA,1,Created
12762,2011-01-01,12762,Female,60,1951-03-21,0.00541,Single,0,,,Yes,22.0,,Flexible contract,27310.0,243685,No,0,,NA,1,Created
12763,2011-01-01,12763,Female,47,1964-09-27,0.00168,Married,2666,,2041-02-18,Yes,,,Permanent contract,7828.0,171036,No,2,,NA,1,Created
12764,2011-01-01,12764,Female,76,1935-12-07,0.02337,Widowed,0,,,No,,,Retired,56176.0,87692,Yes,0,,NA,1,Created
12765,2011-01-01,12765,Male,8,2003-05-06,9e-05,Single,0,,,Yes,54.0,2057-11-14,Child,0.0,0,No,0,,NA,1,Created
12766,2011-01-01,12766,Male,62,1949-03-26,0.008409999999999999,Married,2589,,2041-08-27,No,,,Permanent contract,42239.0,-7752,No,1,,NA,1,Created
12767,2011-01-01,12767,Male,39,1972-09-24,0.0008699999999999999,Single,0,,,No,,,Permanent contract,86269.0,49824,Yes,0,,NA,1,Created
12768,2011-01-01,12768,Female,60,1951-09-05,0.00541,Married,2667,,2064-10-13,Yes,,,Permanent contract,32612.0,89339,No,2,,NA,1,Created
12769,2011-01-01,12769,Female,54,1957-06-12,0.00313,Married,2668,,2036-02-06,Yes,,,Entrepreneur without personnel,10148.0,386622,Yes,1,,NA,1,Created
12770,2011-01-01,12770,Female,45,1966-08-14,0.00134,Single,0,,,No,,,Permanent contract,11301.0,4927,No,0,,NA,1,Created
12771,2011-01-01,12771,Female,59,1952-01-27,0.00479,Divorced,0,,,Yes,,,Permanent contract,1737.0,920734,Yes,0,,NA,1,Created
12772,2011-01-01,12772,Male,67,1944-01-13,0.01396,Married,2590,,2019-08-07,Yes,,,Permanent contract,19830.0,46058,Yes,1,,NA,1,Created
16732,2011-01-13,12772,Male,68,1944-01-13,0.01396,Married,2590,,2019-08-07,Yes,,,Retired,13881.0,46058,Yes,1,,NA,1,Life event: Retired
12773,2011-01-01,12773,Female,57,1954-02-18,0.00387,Married,2669,,2026-06-24,No,,,Entrepreneur with personel,16596.0,38186,Yes,1,,NA,1,Created
12774,2011-01-01,12774,Female,69,1942-01-05,0.0108,Married,2670,,2021-12-16,Yes,,,Retired,35853.0,6867,No,1,,NA,1,Created
12775,2011-01-01,12775,Male,46,1965-03-23,0.00172,Divorced,0,,,No,,,Permanent contract,10270.0,680,No,0,,NA,1,Created
12776,2011-01-01,12776,Male,30,1981-04-05,0.00055,Single,0,,,No,,,Entrepreneur with personel,94916.0,2202,Yes,0,,NA,1,Created
12777,2011-01-01,12777,Male,29,1982-06-10,0.0005200000000000001,Single,0,,,Yes,34.0,2016-09-29,Permanent contract,15253.0,319317,Yes,0,,NA,1,Created
12778,2011-01-01,12778,Female,35,1976-03-18,0.00033999999999999997,Married,2671,,2024-06-04,No,,,Permanent contract,12583.0,-24242,Yes,2,,NA,1,Created
12779,2011-01-01,12779,Female,99,1912-02-28,0.34497,Widowed,0,,,Yes,,,Retired,69634.0,2536,Yes,0,,NA,1,Created
17881,2011-08-31,12779,Female,100,1912-02-28,0.34497,Widowed,0,,,Yes,,,Retired,69634.0,2536,Yes,0,,NA,0,Life event: Deceased
12780,2011-01-01,12780,Female,56,1955-06-14,0.0041,Divorced,0,,,No,,,Permanent contract,29790.0,101310,No,0,,NA,1,Created
12781,2011-01-01,12781,Male,8,2003-04-08,9e-05,Single,0,,,Yes,37.0,2040-11-14,Child,0.0,0,Yes,0,,NA,1,Created
12782,2011-01-01,12782,Male,80,1931-12-25,0.05987000000000001,Married,2591,,2012-09-11,Yes,,,Retired,6686.0,166039,Yes,1,,NA,1,Created
19095,2012-09-11,12782,Male,81,1931-12-25,0.05987000000000001,Divorced,2591,,2012-09-11,Yes,,,Retired,6686.0,166039,Yes,1,,NA,1,Life event: Divorced
12783,2011-01-01,12783,Male,39,1972-07-07,0.0008699999999999999,Divorced,0,,,Yes,,,Permanent contract,13663.0,429658,Yes,0,,NA,1,Created
12784,2011-01-01,12784,Male,9,2002-07-07,0.00014,Single,0,,,No,,,Child,0.0,0,No,0,,NA,1,Created
12785,2011-01-01,12785,Male,56,1955-11-28,0.0052,Married,2592,,2055-06-16,Yes,,,Permanent contract,29610.0,2131,Yes,1,,NA,1,Created
12786,2011-01-01,12786,Female,53,1958-08-25,0.00312,Married,2672,,2047-08-28,Yes,,,Flexible contract,14881.0,8925,Yes,2,,NA,1,Created
12787,2011-01-01,12787,Male,36,1975-07-21,0.0006,Married,2593,,2059-08-16,No,,,Permanent contract,12504.0,-366,Yes,1,,NA,1,Created
12788,2011-01-01,12788,Male,62,1949-03-08,0.008409999999999999,Married,2594,,2027-12-18,No,,,Permanent contract,44317.0,-33902,Yes,1,,NA,1,Created
12789,2011-01-01,12789,Male,36,1975-10-31,0.0006,Married,2595,,2023-01-02,No,,,Permanent contract,37449.0,171708,Yes,1,,NA,1,Created
12790,2011-01-01,12790,Male,36,1975-09-18,0.0006,Divorced,0,,,No,,,Permanent contract,1673.0,297309,Yes,0,,NA,1,Created
12791,2011-01-01,12791,Female,78,1933-08-24,0.02817,Married,2673,,2039-01-20,No,,,Retired,10142.0,8879,Yes,2,,NA,1,Created
12792,2011-01-01,12792,Male,11,2000-03-05,9e-05,Single,0,,,Yes,20.0,2020-02-11,Child,0.0,0,Yes,0,,NA,1,Created
12793,2011-01-01,12793,Male,56,1955-08-06,0.0052,Married,2596,,2036-03-04,Yes,,,Permanent contract,15365.0,-26421,No,1,,NA,1,Created
12794,2011-01-01,12794,Male,52,1959-10-03,0.00314,Married,2597,,2017-03-08,No,,,Permanent contract,6192.0,47199,Yes,1,,NA,1,Created
12795,2011-01-01,12795,Male,63,1948-03-12,0.00945,Married,2598,,2018-11-09,Yes,,,Entrepreneur without personnel,12890.0,26279,No,1,,NA,1,Created
18586,2012-03-12,12795,Male,65,1948-03-12,0.00945,Married,2598,,2018-11-09,Yes,,,Retired,9023.0,26279,No,1,,NA,1,Life event: Retired
12796,2011-01-01,12796,Male,39,1972-04-13,0.0008699999999999999,Married,2599,,2031-01-28,Yes,,,Permanent contract,49813.0,640,Yes,1,,NA,1,Created
12797,2011-01-01,12797,Female,57,1954-04-12,0.00387,Single,0,,,Yes,25.0,,Entrepreneur without personnel,17171.0,44362,No,0,,NA,1,Created
12798,2011-01-01,12798,Female,38,1973-07-23,0.00063,Married,2674,,2060-04-13,Yes,,,Permanent contract,26601.0,6890,Yes,1,,NA,1,Created
12799,2011-01-01,12799,Female,7,2004-07-22,7e-05,Single,0,,,No,,,Child,0.0,0,Yes,0,33.0,2037-08-02,1,Created
12800,2011-01-01,12800,Female,54,1957-12-02,0.00313,Married,2675,,2041-07-04,No,,,Permanent contract,164.0,-14698,Yes,2,,NA,1,Created
12801,2011-01-01,12801,Male,40,1971-06-22,0.0009400000000000001,Single,0,,,Yes,40.0,2011-07-29,Permanent contract,30788.0,-40313,Yes,0,,NA,1,Created
17717,2011-07-29,12801,Male,41,1971-06-22,0.0009400000000000001,Married,3448,8,2019-11-22,Yes,40,2011-07-29,Permanent contract,30788.0,-40313,Yes,0,,NA,1,Life event: Married
12802,2011-01-01,12802,Female,11,2000-08-06,7e-05,Single,0,,,No,,,Child,0.0,0,No,0,34.0,2034-08-13,1,Created
12803,2011-01-01,12803,Female,43,1968-09-13,0.0009699999999999999,Married,2676,,2038-07-14,Yes,,,Permanent contract,47494.0,133021,Yes,2,,NA,1,Created
12804,2011-01-01,12804,Female,56,1955-02-23,0.0041,Married,2677,,2018-04-28,Yes,,,Permanent contract,11165.0,181395,Yes,1,,NA,1,Created
12805,2011-01-01,12805,Male,36,1975-03-25,0.0006,Married,2600,,2040-09-20,No,,,Permanent contract,15053.0,270635,Yes,1,,NA,1,Created
12806,2011-01-01,12806,Female,18,1993-12-27,0.00023999999999999998,Single,0,,,Yes,49.0,2042-01-07,Entrepreneur without personnel,9381.0,9368,No,0,31.0,2024-09-29,1,Created
12807,2011-01-01,12807,Male,53,1958-03-26,0.0033299999999999996,Divorced,0,,,Yes,,,Permanent contract,62835.0,-17013,Yes,0,,NA,1,Created
12808,2011-01-01,12808,Male,29,1982-07-17,0.0005200000000000001,Single,0,,,Yes,37.0,2019-07-22,Permanent contract,4088.0,274909,No,0,,NA,1,Created
12809,2011-01-01,12809,Male,103,1908-08-05,1.0,Widowed,0,,,No,,,Retired,45568.0,46311,Yes,0,,NA,1,Created
17406,2011-05-21,12809,Male,103,1908-08-05,1.0,Widowed,0,,,No,,,Retired,45568.0,46311,Yes,0,,NA,0,Life event: Deceased
12810,2011-01-01,12810,Female,46,1965-12-28,0.00134,Married,2678,,2064-05-27,No,,,Permanent contract,25016.0,925,Yes,1,,NA,1,Created
12811,2011-01-01,12811,Female,2,2009-12-04,0.00015,Single,0,,,No,,,Child,0.0,0,No,0,37.0,2046-10-21,1,Created
12812,2011-01-01,12812,Female,72,1939-05-19,0.01411,Married,2679,,2016-03-21,Yes,,,Retired,21743.0,875404,Yes,2,,NA,1,Created
12813,2011-01-01,12813,Male,53,1958-10-13,0.0033299999999999996,Married,2601,,2022-05-02,Yes,,,Permanent contract,14312.0,46773,Yes,1,,NA,1,Created
12814,2011-01-01,12814,Female,63,1948-04-30,0.00672,Married,2680,,2051-04-15,Yes,,,Permanent contract,20042.0,-41499,No,2,,NA,1,Created
18708,2012-04-30,12814,Female,65,1948-04-30,0.00672,Married,2680,,2051-04-15,Yes,,,Retired,14029.4,-41499,No,2,,NA,1,Life event: Retired
12815,2011-01-01,12815,Male,42,1969-10-17,0.00128,Married,2602,,2017-04-05,No,,,Flexible contract,30835.0,325319,Yes,1,,NA,1,Created
12816,2011-01-01,12816,Male,50,1961-01-23,0.00257,Married,2603,,2033-08-16,No,,,Permanent contract,24623.0,1537,No,1,,NA,1,Created
12817,2011-01-01,12817,Female,59,1952-04-25,0.00479,Divorced,0,,,Yes,,,Permanent contract,9200.0,86538,Yes,0,,NA,1,Created
12818,2011-01-01,12818,Male,73,1938-08-09,0.0262,Widowed,0,,,Yes,,,Retired,28582.0,18103,No,0,,NA,1,Created
12819,2011-01-01,12819,Female,61,1950-07-02,0.00562,Married,2681,,2025-11-25,Yes,,,Entrepreneur without personnel,32708.0,20112,No,2,,NA,1,Created
12820,2011-01-01,12820,Female,40,1971-07-03,0.0006900000000000001,Single,0,,,Yes,39.0,,Flexible contract,9869.0,98360,Yes,0,,NA,1,Created
12821,2011-01-01,12821,Female,31,1980-01-01,0.00029,Married,2682,,2015-04-29,Yes,,,Permanent contract,5624.0,-12026,No,1,31.0,2011-05-26,1,Created
17420,2011-05-26,12821,Female,32,1980-01-01,0.00029,Married,2682,,2015-04-29,Yes,,,Permanent contract,5624.0,-12026,No,3,31,2011-05-26,1,Life event: Children born
12822,2011-01-01,12822,Female,52,1959-02-04,0.00268,Divorced,0,,,Yes,,,Permanent contract,36051.0,96623,Yes,0,,NA,1,Created
12823,2011-01-01,12823,Female,103,1908-10-30,1.0,Widowed,0,,,Yes,,,Retired,35540.0,4272,Yes,0,,NA,1,Created
16983,2011-02-26,12823,Female,103,1908-10-30,1.0,Widowed,0,,,Yes,,,Retired,35540.0,4272,Yes,0,,NA,0,Life event: Deceased
12824,2011-01-01,12824,Female,87,1924-02-08,0.09331,Widowed,0,,,No,,,Retired,34874.0,27290,Yes,0,,NA,1,Created
12825,2011-01-01,12825,Female,10,2001-04-10,0.0001,Single,0,,,No,,,Child,0.0,0,Yes,0,25.0,2026-10-18,1,Created
12826,2011-01-01,12826,Female,69,1942-06-25,0.0108,Widowed,0,,,No,,,Retired,122849.0,993,Yes,0,,NA,1,Created
12827,2011-01-01,12827,Male,63,1948-10-16,0.00945,Married,2604,,2023-07-16,No,,,Permanent contract,14055.0,110554,No,3,,NA,1,Created
19167,2012-10-16,12827,Male,65,1948-10-16,0.00945,Married,2604,,2023-07-16,No,,,Retired,9838.5,110554,No,3,,NA,1,Life event: Retired
12828,2011-01-01,12828,Female,42,1969-12-27,0.001,Married,2683,,2039-08-01,No,,,Permanent contract,3389.0,-26111,Yes,2,,NA,1,Created
12829,2011-01-01,12829,Female,86,1925-10-27,0.08317000000000001,Widowed,0,,,Yes,,,Retired,28824.0,85564,No,0,,NA,1,Created
12830,2011-01-01,12830,Male,18,1993-05-05,0.00032,Single,0,,,No,,,Flexible contract,39995.0,4101,No,0,,NA,1,Created
12831,2011-01-01,12831,Female,49,1962-02-15,0.00193,Married,2684,,2057-08-02,Yes,,,Permanent contract,39670.0,-33048,Yes,2,,NA,1,Created
12832,2011-01-01,12832,Female,22,1989-09-26,0.00023999999999999998,Single,0,,,No,,,Entrepreneur with personel,83731.0,19896,Yes,0,35.0,2024-06-28,1,Created
12833,2011-01-01,12833,Female,34,1977-01-27,0.00037,Married,2685,,2041-03-06,Yes,,,Entrepreneur with personel,29210.0,-13214,No,1,37.0,2014-09-09,1,Created
12834,2011-01-01,12834,Male,9,2002-10-04,0.00014,Single,0,,,Yes,60.0,2062-06-26,Child,0.0,0,Yes,0,,NA,1,Created
12835,2011-01-01,12835,Female,58,1953-08-25,0.00448,Married,2686,,2061-01-24,No,,,Permanent contract,28512.0,2927,Yes,3,,NA,1,Created
12836,2011-01-01,12836,Male,48,1963-05-28,0.0021100000000000003,Married,2605,,2055-04-15,Yes,,,Entrepreneur without personnel,36479.0,-1974,No,2,,NA,1,Created
12837,2011-01-01,12837,Male,97,1914-09-15,0.30383000000000004,Widowed,0,,,No,,,Retired,15186.0,3624,Yes,0,,NA,1,Created
19347,2012-12-22,12837,Male,99,1914-09-15,0.30383000000000004,Widowed,0,,,No,,,Retired,15186.0,3624,Yes,0,,NA,0,Life event: Deceased
12838,2011-01-01,12838,Male,40,1971-03-06,0.0009400000000000001,Married,2606,,2013-12-16,No,,,Permanent contract,74800.0,10153,No,2,,NA,1,Created
12839,2011-01-01,12839,Female,83,1928-04-04,0.057,Divorced,0,,,No,,,Retired,17866.0,2062,Yes,0,,NA,1,Created
12840,2011-01-01,12840,Female,19,1992-05-29,0.00014,Single,0,,,No,,,Permanent contract,680.0,70137,Yes,0,35.0,2027-07-27,1,Created
12841,2011-01-01,12841,Male,19,1992-07-25,0.00033,Single,0,,,Yes,24.0,2016-10-18,Flexible contract,77744.0,183082,No,0,,NA,1,Created
12842,2011-01-01,12842,Female,19,1992-11-22,0.00014,Single,0,,,Yes,45.0,2037-12-29,Permanent contract,16110.0,350069,Yes,0,32.0,2024-12-03,1,Created
12843,2011-01-01,12843,Male,12,1999-12-31,0.00011,Single,0,,,Yes,39.0,2038-08-17,Child,0.0,0,No,0,,NA,1,Created
12844,2011-01-01,12844,Female,29,1982-11-10,0.00032,Single,0,,,No,,,Entrepreneur without personnel,3424.0,70001,Yes,0,35.0,2017-06-29,1,Created
12845,2011-01-01,12845,Male,20,1991-09-15,0.00045,Single,0,,,No,,,Permanent contract,3191.0,38304,Yes,0,,NA,1,Created
12846,2011-01-01,12846,Female,32,1979-10-24,0.00041,Single,0,,,Yes,29.0,,Unemployed,11894.0,382759,No,0,35.0,2014-05-31,1,Created
12847,2011-01-01,12847,Male,12,1999-05-05,0.00011,Single,0,,,No,,,Child,0.0,0,No,0,,NA,1,Created
12848,2011-01-01,12848,Female,64,1947-12-12,0.00713,Married,2687,,2033-11-01,No,,,Flexible contract,16704.0,658,No,2,,NA,1,Created
18288,2011-12-12,12848,Female,65,1947-12-12,0.00713,Married,2687,,2033-11-01,No,,,Retired,11692.8,658,No,2,,NA,1,Life event: Retired
12849,2011-01-01,12849,Female,50,1961-06-01,0.00225,Married,2688,,2029-11-04,Yes,,,Flexible contract,22407.0,-44242,No,2,,NA,1,Created
12850,2011-01-01,12850,Female,0,2011-06-23,0.0028899999999999998,Single,0,,,No,,,Child,0.0,0,Yes,0,32.0,2043-04-06,1,Created
12851,2011-01-01,12851,Male,45,1966-10-12,0.0014199999999999998,Single,0,,,Yes,26.0,,Permanent contract,22081.0,-40811,No,0,,NA,1,Created
12852,2011-01-01,12852,Male,86,1925-09-06,0.1126,Married,2607,,2057-02-22,Yes,,,Retired,28550.0,-16574,No,1,,NA,1,Created
12853,2011-01-01,12853,Female,60,1951-11-11,0.00541,Married,2689,,2029-07-07,No,,,Permanent contract,26915.0,9933,No,1,,NA,1,Created
12854,2011-01-01,12854,Female,41,1970-05-27,0.0007700000000000001,Married,2690,,2014-05-07,Yes,,,Unemployed,44898.0,405,Yes,2,42.0,2012-12-16,1,Created
19322,2012-12-16,12854,Female,43,1970-05-27,0.0007700000000000001,Married,2690,,2014-05-07,Yes,,,Unemployed,44898.0,405,Yes,1,42,2012-12-16,1,Life event: Children born
12855,2011-01-01,12855,Female,0,2011-08-25,0.0028899999999999998,Single,0,,,No,,,Child,0.0,0,No,0,36.0,2047-08-25,1,Created
12856,2011-01-01,12856,Female,22,1989-06-05,0.00023999999999999998,Single,0,,,No,,,Permanent contract,89.0,3016,Yes,0,24.0,2013-09-20,1,Created
12857,2011-01-01,12857,Male,42,1969-07-16,0.00128,Single,0,,,No,,,Permanent contract,26892.0,39204,No,0,,NA,1,Created
12858,2011-01-01,12858,Female,9,2002-10-13,2.9999999999999997e-05,Single,0,,,Yes,16.0,2018-05-30,Child,0.0,0,Yes,0,39.0,2041-08-12,1,Created
12859,2011-01-01,12859,Male,46,1965-07-02,0.00172,Married,2608,,2057-04-25,No,,,Entrepreneur with personel,13017.0,474149,No,1,,NA,1,Created
12860,2011-01-01,12860,Male,55,1956-06-30,0.00419,Single,0,,,Yes,36.0,,Entrepreneur without personnel,10853.0,3762,Yes,0,,NA,1,Created
12861,2011-01-01,12861,Male,8,2003-04-25,9e-05,Single,0,,,No,,,Child,0.0,0,Yes,0,,NA,1,Created
12862,2011-01-01,12862,Female,48,1963-03-03,0.0018800000000000002,Married,2691,,2020-03-27,No,,,Permanent contract,16969.0,18631,No,3,,NA,1,Created
12863,2011-01-01,12863,Female,40,1971-07-01,0.0006900000000000001,Single,0,,,Yes,30.0,,Permanent contract,19613.0,1889,No,0,,NA,1,Created
12864,2011-01-01,12864,Male,80,1931-07-31,0.05987000000000001,Widowed,0,,,Yes,,,Retired,18186.0,101,No,0,,NA,1,Created
12865,2011-01-01,12865,Male,67,1944-08-27,0.01396,Married,2609,,2064-05-11,No,,,Entrepreneur with personel,34369.0,504908,Yes,2,,NA,1,Created
17869,2011-08-27,12865,Male,68,1944-08-27,0.01396,Married,2609,,2064-05-11,No,,,Retired,24058.3,504908,Yes,2,,NA,1,Life event: Retired
12866,2011-01-01,12866,Male,73,1938-02-27,0.0262,Married,2610,,2040-11-13,No,,,Retired,43775.0,384816,Yes,1,,NA,1,Created
12867,2011-01-01,12867,Male,45,1966-02-02,0.0014199999999999998,Divorced,0,,,No,,,Permanent contract,17083.0,806306,Yes,0,,NA,1,Created
12868,2011-01-01,12868,Female,39,1972-04-25,0.00074,Single,0,,,Yes,35.0,,Flexible contract,18760.0,2585,Yes,0,,NA,1,Created
12869,2011-01-01,12869,Male,19,1992-08-09,0.00033,Single,0,,,No,,,Permanent contract,13187.0,284,Yes,0,,NA,1,Created
12870,2011-01-01,12870,Male,67,1944-11-07,0.01396,Married,2611,,2069-05-05,Yes,,,Permanent contract,16311.0,19706,No,2,,NA,1,Created
18146,2011-11-07,12870,Male,68,1944-11-07,0.01396,Married,2611,,2069-05-05,Yes,,,Retired,11417.699999999999,19706,No,2,,NA,1,Life event: Retired
12871,2011-01-01,12871,Female,77,1934-05-06,0.0259,Widowed,0,,,No,,,Retired,7582.0,2190,Yes,0,,NA,1,Created
12872,2011-01-01,12872,Male,10,2001-11-01,0.00011999999999999999,Single,0,,,Yes,46.0,2047-11-27,Child,0.0,0,Yes,0,,NA,1,Created
12873,2011-01-01,12873,Male,73,1938-06-11,0.0262,Married,2612,,2030-08-15,No,,,Retired,6044.0,-1206,No,3,,NA,1,Created
12874,2011-01-01,12874,Female,56,1955-10-05,0.0041,Married,2692,,2052-01-25,Yes,,,Permanent contract,9021.0,77594,No,1,,NA,1,Created
12875,2011-01-01,12875,Male,15,1996-07-10,0.00015,Single,0,,,Yes,42.0,2038-07-09,Child,0.0,0,Yes,0,,NA,1,Created
12876,2011-01-01,12876,Female,6,2005-10-27,8e-05,Single,0,,,No,,,Child,0.0,0,Yes,0,26.0,2031-10-09,1,Created
12877,2011-01-01,12877,Male,40,1971-11-08,0.0009400000000000001,Married,2613,,2030-09-12,No,,,Flexible contract,83796.0,20739,No,2,,NA,1,Created
12878,2011-01-01,12878,Female,20,1991-09-20,0.00018,Single,0,,,No,,,Permanent contract,58417.0,434593,Yes,0,38.0,2029-05-23,1,Created
12879,2011-01-01,12879,Male,86,1925-05-31,0.1126,Widowed,0,,,Yes,,,Retired,24079.0,391455,Yes,0,,NA,1,Created
18814,2012-06-04,12879,Male,88,1925-05-31,0.1126,Widowed,0,,,Yes,,,Retired,24079.0,391455,Yes,0,,NA,0,Life event: Deceased
12880,2011-01-01,12880,Female,14,1997-12-03,9e-05,Single,0,,,No,,,Child,0.0,0,Yes,0,27.0,2024-08-14,1,Created
12881,2011-01-01,12881,Female,24,1987-01-18,0.00018999999999999998,Single,0,,,Yes,25.0,2012-02-12,Entrepreneur without personnel,16915.0,499462,No,0,33.0,2020-08-20,1,Created
18515,2012-02-12,12881,Female,26,1987-01-18,0.00018999999999999998,Married,3478,30,2042-02-08,Yes,25,2012-02-12,Entrepreneur without personnel,16915.0,499462,No,0,33,2020-08-20,1,Life event: Married
12882,2011-01-01,12882,Male,15,1996-04-26,0.00015,Single,0,,,Yes,40.0,2036-05-31,Child,0.0,0,No,0,,NA,1,Created
12883,2011-01-01,12883,Male,73,1938-05-25,0.0262,Married,2614,,2038-07-14,No,,,Retired,14124.0,44699,Yes,3,,NA,1,Created
12884,2011-01-01,12884,Male,32,1979-11-16,0.00059,Married,2615,,2014-12-20,No,,,Permanent contract,5857.0,196679,No,3,,NA,1,Created
12885,2011-01-01,12885,Male,51,1960-07-16,0.00301,Married,2616,,2036-02-28,Yes,,,Permanent contract,5107.0,-4666,No,3,,NA,1,Created
12886,2011-01-01,12886,Male,40,1971-07-15,0.0009400000000000001,Single,0,,,Yes,29.0,,Permanent contract,18394.0,55660,Yes,0,,NA,1,Created
12887,2011-01-01,12887,Male,70,1941-04-22,0.01932,Married,2617,,2022-01-15,Yes,,,Retired,33519.0,109856,Yes,2,,NA,1,Created
12888,2011-01-01,12888,Female,9,2002-09-30,2.9999999999999997e-05,Single,0,,,No,,,Child,0.0,0,No,0,33.0,2035-05-01,1,Created
12889,2011-01-01,12889,Female,57,1954-05-27,0.00387,Married,2693,,2075-06-14,No,,,Permanent contract,19224.0,165252,No,2,,NA,1,Created
12890,2011-01-01,12890,Female,48,1963-05-09,0.0018800000000000002,Married,2694,,2056-11-03,No,,,Flexible contract,40081.0,289999,No,2,,NA,1,Created
12891,2011-01-01,12891,Female,37,1974-03-21,0.00057,Divorced,0,,,No,,,Permanent contract,19211.0,-45888,Yes,0,,NA,1,Created
12892,2011-01-01,12892,Male,80,1931-07-22,0.05987000000000001,Widowed,0,,,Yes,,,Retired,84292.0,426884,No,0,,NA,1,Created
12893,2011-01-01,12893,Male,2,2009-07-24,0.00021,Single,0,,,No,,,Child,0.0,0,No,0,,NA,1,Created
12894,2011-01-01,12894,Male,40,1971-07-06,0.0009400000000000001,Single,0,,,Yes,34.0,,Entrepreneur with personel,38760.0,2991,Yes,0,,NA,1,Created
12895,2011-01-01,12895,Male,46,1965-05-12,0.00172,Married,2618,,2020-04-02,No,,,Permanent contract,11538.0,-5290,No,1,,NA,1,Created
12896,2011-01-01,12896,Female,48,1963-01-07,0.0018800000000000002,Married,2695,,2027-02-08,No,,,Unemployed,9485.0,121,Yes,2,,NA,1,Created
12897,2011-01-01,12897,Female,84,1927-04-01,0.06362999999999999,Widowed,0,,,Yes,,,Retired,21265.0,165905,Yes,0,,NA,1,Created
12898,2011-01-01,12898,Male,9,2002-03-10,0.00014,Single,0,,,Yes,32.0,2034-07-11,Child,0.0,0,No,0,,NA,1,Created
12899,2011-01-01,12899,Male,48,1963-12-16,0.0021100000000000003,Divorced,0,,,No,,,Flexible contract,38924.0,441218,Yes,0,,NA,1,Created
12900,2011-01-01,12900,Male,15,1996-07-09,0.00015,Single,0,,,Yes,36.0,2032-01-04,Child,0.0,0,No,0,,NA,1,Created
12901,2011-01-01,12901,Male,49,1962-01-05,0.00242,Divorced,0,,,Yes,,,Permanent contract,3222.0,211780,No,0,,NA,1,Created
12902,2011-01-01,12902,Female,36,1975-01-26,0.00049,Married,2696,,2034-07-01,No,,,Entrepreneur without personnel,4335.0,4694,No,1,,NA,1,Created
12903,2011-01-01,12903,Male,52,1959-06-17,0.00314,Married,2619,,2047-12-08,Yes,,,Flexible contract,67664.0,709981,No,1,,NA,1,Created
12904,2011-01-01,12904,Male,9,2002-06-13,0.00014,Single,0,,,No,,,Child,0.0,0,No,0,,NA,1,Created
12905,2011-01-01,12905,Female,3,2008-07-26,0.00013000000000000002,Single,0,,,Yes,30.0,2038-01-21,Child,0.0,0,Yes,0,37.0,2045-08-04,1,Created
12906,2011-01-01,12906,Male,47,1964-08-30,0.00186,Married,2620,,2034-12-06,No,,,Permanent contract,44204.0,21992,Yes,3,,NA,1,Created
12907,2011-01-01,12907,Female,74,1937-09-04,0.0185,Married,2697,,2066-03-19,No,,,Retired,58676.0,229051,No,1,,NA,1,Created
12908,2011-01-01,12908,Female,53,1958-12-26,0.00312,Married,2698,,2023-02-15,No,,,Permanent contract,18160.0,189,No,2,,NA,1,Created
12909,2011-01-01,12909,Male,26,1985-02-17,1.0,Single,0,,,No,,,Permanent contract,2596.0,18863,Yes,0,,NA,1,Created
17873,2011-08-29,12909,Male,27,1985-02-17,1.0,Single,0,,,No,,,Permanent contract,2596.0,18863,Yes,0,,NA,0,Life event: Deceased
12910,2011-01-01,12910,Male,6,2005-10-12,5.9999999999999995e-05,Single,0,,,Yes,40.0,2045-05-08,Child,0.0,0,Yes,0,,NA,1,Created
12911,2011-01-01,12911,Female,34,1977-10-29,0.00037,Single,0,,,Yes,32.0,,Permanent contract,38989.0,2576,No,0,,NA,1,Created
12912,2011-01-01,12912,Male,40,1971-08-22,0.0009400000000000001,Single,0,,,No,,,Permanent contract,20447.0,181531,No,0,,NA,1,Created
12913,2011-01-01,12913,Male,102,1909-09-29,1.0,Widowed,0,,,Yes,,,Retired,28348.0,96496,Yes,0,,NA,1,Created
12914,2011-01-01,12914,Female,5,2006-03-08,4e-05,Single,0,,,Yes,26.0,2032-10-04,Child,0.0,0,No,0,31.0,2037-05-11,1,Created
12915,2011-01-01,12915,Male,32,1979-06-15,0.00059,Single,0,,,Yes,29.0,,Entrepreneur without personnel,37900.0,159326,No,0,,NA,1,Created
12916,2011-01-01,12916,Female,56,1955-10-20,0.0041,Married,2699,,2059-01-05,No,,,Flexible contract,25511.0,28367,Yes,2,,NA,1,Created
12917,2011-01-01,12917,Male,3,2008-07-20,0.0002,Single,0,,,Yes,49.0,2057-02-03,Child,0.0,0,No,0,,NA,1,Created
12918,2011-01-01,12918,Male,89,1922-07-26,0.16272,Married,2621,,2047-02-01,No,,,Retired,7284.0,527812,Yes,1,,NA,1,Created
12919,2011-01-01,12919,Female,61,1950-08-11,0.00562,Married,2700,,2029-11-04,No,,,Flexible contract,25712.0,4839,No,1,,NA,1,Created
12920,2011-01-01,12920,Female,40,1971-04-07,0.0006900000000000001,Single,0,,,Yes,62.0,2033-06-07,Permanent contract,1686.0,4995,Yes,0,,NA,1,Created
12921,2011-01-01,12921,Male,5,2006-05-14,9e-05,Single,0,,,No,,,Child,0.0,0,No,0,,NA,1,Created
12922,2011-01-01,12922,Female,57,1954-09-16,0.00387,Married,2701,,2026-01-26,No,,,Flexible contract,34423.0,8002,Yes,1,,NA,1,Created
12923,2011-01-01,12923,Female,4,2007-02-12,5.9999999999999995e-05,Single,0,,,No,,,Child,0.0,0,Yes,0,28.0,2035-07-23,1,Created
12924,2011-01-01,12924,Female,59,1952-06-03,0.00479,Married,2702,,2060-11-22,No,,,Permanent contract,1657.0,211548,Yes,2,,NA,1,Created
12925,2011-01-01,12925,Male,10,2001-07-02,0.00011999999999999999,Single,0,,,No,,,Child,0.0,0,Yes,0,,NA,1,Created
12926,2011-01-01,12926,Male,51,1960-06-14,0.00301,Married,2622,,2021-08-27,No,,,Permanent contract,12978.0,729596,No,2,,NA,1,Created
12927,2011-01-01,12927,Female,41,1970-05-27,0.0007700000000000001,Single,0,,,Yes,53.0,2023-04-02,Unemployed,74948.0,4398,No,0,,NA,1,Created
12928,2011-01-01,12928,Female,47,1964-06-09,0.00168,Married,2703,,2018-10-16,No,,,Entrepreneur without personnel,17058.0,-33219,Yes,1,,NA,1,Created
12929,2011-01-01,12929,Female,31,1980-12-20,0.00029,Single,0,,,No,,,Permanent contract,32407.0,981,No,0,31.0,2011-08-26,1,Created
12930,2011-01-01,12930,Female,2,2009-05-06,0.00015,Single,0,,,No,,,Child,0.0,0,Yes,0,31.0,2040-10-18,1,Created
12931,2011-01-01,12931,Male,14,1997-03-15,0.00014,Single,0,,,Yes,24.0,2021-11-22,Child,0.0,0,No,0,,NA,1,Created
12932,2011-01-01,12932,Male,54,1957-11-15,0.00404,Single,0,,,No,,,Permanent contract,5173.0,18914,No,0,,NA,1,Created
12933,2011-01-01,12933,Male,23,1988-09-27,0.00039,Single,0,,,Yes,30.0,2018-11-09,Permanent contract,29763.0,289529,Yes,0,,NA,1,Created
12934,2011-01-01,12934,Male,36,1975-07-12,0.0006,Married,2623,,2027-09-25,No,,,Permanent contract,22945.0,71263,Yes,1,,NA,1,Created
12935,2011-01-01,12935,Male,27,1984-02-02,0.00044,Single,0,,,No,,,Permanent contract,16134.0,134529,No,0,,NA,1,Created
12936,2011-01-01,12936,Male,49,1962-03-03,0.00242,Married,2624,,2059-10-31,No,,,Permanent contract,14547.0,-45007,No,1,,NA,1,Created
12937,2011-01-01,12937,Male,27,1984-05-02,0.00044,Single,0,,,Yes,35.0,2019-07-29,Permanent contract,7419.0,127210,Yes,0,,NA,1,Created
12938,2011-01-01,12938,Female,24,1987-07-13,0.00018999999999999998,Single,0,,,No,,,Entrepreneur without personnel,40279.0,17656,Yes,0,29.0,2016-04-06,1,Created
12939,2011-01-01,12939,Male,68,1943-06-08,0.01522,Single,0,,,Yes,41.0,,Retired,34555.0,23070,Yes,0,,NA,1,Created
12940,2011-01-01,12940,Male,6,2005-10-14,5.9999999999999995e-05,Single,0,,,Yes,37.0,2042-02-08,Child,0.0,0,Yes,0,,NA,1,Created
12941,2011-01-01,12941,Male,73,1938-11-29,0.0262,Married,2625,,2019-05-13,No,,,Retired,10256.0,3935,No,1,,NA,1,Created
12942,2011-01-01,12942,Female,12,1999-11-20,5e-05,Single,0,,,Yes,45.0,2044-06-21,Child,0.0,0,Yes,0,31.0,2030-01-20,1,Created
12943,2011-01-01,12943,Male,7,2004-07-05,9e-05,Single,0,,,No,,,Child,0.0,0,Yes,0,,NA,1,Created
12944,2011-01-01,12944,Male,47,1964-12-29,0.00186,Single,0,,,Yes,46.0,,Unemployed,27148.0,68446,Yes,0,,NA,1,Created
12945,2011-01-01,12945,Male,16,1995-07-23,0.00029,Single,0,,,No,,,Child,0.0,0,Yes,0,,NA,1,Created
18957,2012-07-23,12945,Male,18,1995-07-23,0.00029,Single,0,,,No,,,Permanent contract,19157.0,180125,Yes,0,,NA,1,Life event: Adulthood
12946,2011-01-01,12946,Male,21,1990-04-27,0.00045,Single,0,,,No,,,Entrepreneur without personnel,7183.0,107287,No,0,,NA,1,Created
12947,2011-01-01,12947,Female,40,1971-09-15,0.0006900000000000001,Divorced,0,,,Yes,,,Permanent contract,8674.0,161312,Yes,0,,NA,1,Created
12948,2011-01-01,12948,Male,75,1936-05-02,0.033710000000000004,Married,2626,,2037-07-15,No,,,Retired,29555.0,7617,Yes,2,,NA,1,Created
12949,2011-01-01,12949,Female,89,1922-09-16,0.11775999999999999,Widowed,0,,,Yes,,,Retired,27842.0,35644,No,0,,NA,1,Created
12950,2011-01-01,12950,Male,41,1970-06-01,0.0008900000000000001,Married,2627,,2038-03-30,Yes,,,Permanent contract,8005.0,617,No,2,,NA,1,Created
12951,2011-01-01,12951,Male,22,1989-10-25,0.00041,Single,0,,,Yes,34.0,2023-02-15,Permanent contract,39365.0,194,Yes,0,,NA,1,Created
12952,2011-01-01,12952,Female,73,1938-09-22,0.01577,Single,0,,,No,,,Retired,18243.0,-1371,Yes,0,,NA,1,Created
12953,2011-01-01,12953,Male,51,1960-06-13,0.00301,Married,2628,,2028-01-23,No,,,Permanent contract,22468.0,388824,Yes,2,,NA,1,Created
12954,2011-01-01,12954,Male,46,1965-04-17,0.00172,Divorced,0,,,No,,,Permanent contract,49186.0,122861,Yes,0,,NA,1,Created
12955,2011-01-01,12955,Female,75,1936-05-17,0.01986,Widowed,0,,,Yes,,,Retired,58018.0,-5240,Yes,0,,NA,1,Created
12956,2011-01-01,12956,Female,105,1906-11-15,1.0,Widowed,0,,,Yes,,,Retired,2667.0,-16299,Yes,0,,NA,1,Created
17636,2011-07-11,12956,Female,105,1906-11-15,1.0,Widowed,0,,,Yes,,,Retired,2667.0,-16299,Yes,0,,NA,0,Life event: Deceased
12957,2011-01-01,12957,Female,14,1997-01-18,9e-05,Single,0,,,No,,,Child,0.0,0,No,0,34.0,2031-07-20,1,Created
12958,2011-01-01,12958,Male,65,1946-02-13,0.01141,Divorced,0,,,No,,,Permanent contract,164289.0,16930,No,0,,NA,1,Created
16907,2011-02-13,12958,Male,66,1946-02-13,0.01141,Divorced,0,,,No,,,Retired,115002.29999999999,16930,No,0,,NA,1,Life event: Retired
12959,2011-01-01,12959,Female,25,1986-07-12,0.00022999999999999998,Married,2704,,2012-11-17,No,,,Permanent contract,86350.0,281905,Yes,2,38.0,2024-12-23,1,Created
19253,2012-11-17,12959,Female,27,1986-07-12,0.00022999999999999998,Divorced,2704,,2012-11-17,No,,,Permanent contract,86350.0,281905,Yes,2,38,2024-12-23,1,Life event: Divorced
12960,2011-01-01,12960,Female,60,1951-03-22,0.00541,Married,2705,,2013-04-02,No,,,Flexible contract,51230.0,96063,Yes,1,,NA,1,Created
12961,2011-01-01,12961,Female,73,1938-08-03,0.01577,Widowed,0,,,No,,,Retired,29076.0,23650,Yes,0,,NA,1,Created
12962,2011-01-01,12962,Male,40,1971-11-22,0.0009400000000000001,Divorced,0,,,No,,,Permanent contract,27051.0,3744420,Yes,0,,NA,1,Created
12963,2011-01-01,12963,Female,52,1959-02-22,0.00268,Divorced,0,,,No,,,Permanent contract,39002.0,150538,Yes,0,,NA,1,Created
12964,2011-01-01,12964,Female,20,1991-03-29,0.00018,Single,0,,,No,,,Entrepreneur with personel,98734.0,945,Yes,0,33.0,2024-10-30,1,Created
12965,2011-01-01,12965,Male,33,1978-04-13,0.00047999999999999996,Single,0,,,Yes,50.0,2028-11-15,Entrepreneur with personel,21293.0,265631,No,0,,NA,1,Created
12966,2011-01-01,12966,Male,71,1940-11-06,0.02034,Married,2629,,2040-01-07,Yes,,,Retired,17480.0,899,Yes,3,,NA,1,Created
12967,2011-01-01,12967,Male,51,1960-03-20,0.00301,Divorced,0,,,No,,,Permanent contract,8571.0,70252,No,0,,NA,1,Created
12968,2011-01-01,12968,Male,14,1997-11-15,0.00014,Single,0,,,No,,,Child,0.0,0,No,0,,NA,1,Created
12969,2011-01-01,12969,Female,28,1983-12-30,0.00025,Married,2706,,2026-11-24,Yes,,,Entrepreneur without personnel,46652.0,195970,Yes,2,30.0,2013-07-09,1,Created
12970,2011-01-01,12970,Female,6,2005-07-16,8e-05,Single,0,,,No,,,Child,0.0,0,No,0,36.0,2041-09-06,1,Created
12971,2011-01-01,12971,Male,36,1975-08-12,0.0006,Divorced,0,,,Yes,,,Permanent contract,11652.0,179248,No,0,,NA,1,Created
12972,2011-01-01,12972,Male,3,2008-02-15,0.0002,Single,0,,,No,,,Child,0.0,0,Yes,0,,NA,1,Created
12973,2011-01-01,12973,Female,65,1946-10-28,0.007559999999999999,Single,0,,,Yes,27.0,,Permanent contract,19208.0,63333,Yes,0,,NA,1,Created
18108,2011-10-28,12973,Female,66,1946-10-28,0.007559999999999999,Single,0,,,Yes,27,,Retired,13445.599999999999,63333,Yes,0,,NA,1,Life event: Retired
12974,2011-01-01,12974,Male,12,1999-02-17,0.00011,Single,0,,,No,,,Child,0.0,0,Yes,0,,NA,1,Created
12975,2011-01-01,12975,Female,74,1937-06-05,0.0185,Married,2707,,2072-04-15,Yes,,,Retired,45288.0,92225,Yes,2,,NA,1,Created
12976,2011-01-01,12976,Male,6,2005-06-07,5.9999999999999995e-05,Single,0,,,Yes,29.0,2034-06-14,Child,0.0,0,Yes,0,,NA,1,Created
12977,2011-01-01,12977,Male,7,2004-04-05,9e-05,Single,0,,,No,,,Child,0.0,0,No,0,,NA,1,Created
12978,2011-01-01,12978,Female,21,1990-04-24,0.00016,Single,0,,,No,,,Permanent contract,19382.0,2269,No,0,38.0,2028-02-08,1,Created
12979,2011-01-01,12979,Male,35,1976-02-09,0.00055,Single,0,,,No,,,Permanent contract,88587.0,60080,No,0,,NA,1,Created
12980,2011-01-01,12980,Male,14,1997-08-26,0.00014,Single,0,,,No,,,Child,0.0,0,No,0,,NA,1,Created
12981,2011-01-01,12981,Male,80,1931-11-28,0.05987000000000001,Single,0,,,No,,,Retired,1522.0,2817000,Yes,0,,NA,1,Created
12982,2011-01-01,12982,Male,62,1949-09-04,0.008409999999999999,Married,2630,,2051-08-19,No,,,Permanent contract,39754.0,342904,Yes,1,,NA,1,Created
12983,2011-01-01,12983,Male,23,1988-12-03,0.00039,Single,0,,,No,,,Permanent contract,38213.0,4750,No,0,,NA,1,Created
12984,2011-01-01,12984,Female,41,1970-05-21,0.0007700000000000001,Married,2708,,2040-06-14,No,,,Entrepreneur with personel,42243.0,20432,Yes,1,,NA,1,Created
12985,2011-01-01,12985,Female,6,2005-07-27,8e-05,Single,0,,,No,,,Child,0.0,0,Yes,0,36.0,2041-07-24,1,Created
12986,2011-01-01,12986,Female,24,1987-06-10,0.00018999999999999998,Single,0,,,No,,,Unemployed,25779.0,122526,No,0,43.0,2030-03-04,1,Created
12987,2011-01-01,12987,Female,79,1932-10-08,0.03112,Married,2709,,2047-02-25,No,,,Retired,21024.0,621,Yes,2,,NA,1,Created
12988,2011-01-01,12988,Male,42,1969-06-30,0.00128,Single,0,,,No,,,Flexible contract,16702.0,97270,No,0,,NA,1,Created
12989,2011-01-01,12989,Female,105,1906-11-26,1.0,Widowed,0,,,No,,,Retired,24199.0,24308,No,0,,NA,1,Created
17505,2011-06-13,12989,Female,105,1906-11-26,1.0,Widowed,0,,,No,,,Retired,24199.0,24308,No,0,,NA,0,Life event: Deceased
12990,2011-01-01,12990,Female,43,1968-10-27,0.0009699999999999999,Married,2710,,2012-04-10,Yes,,,Permanent contract,30750.0,4730,No,1,,NA,1,Created
18660,2012-04-10,12990,Female,44,1968-10-27,0.0009699999999999999,Divorced,2710,,2012-04-10,Yes,,,Permanent contract,30750.0,4730,No,1,,NA,1,Life event: Divorced
12991,2011-01-01,12991,Female,28,1983-03-22,0.00025,Single,0,,,No,,,Permanent contract,80050.0,6473,No,0,,NA,1,Created
12992,2011-01-01,12992,Female,48,1963-10-19,0.0018800000000000002,Single,0,,,No,,,Permanent contract,28506.0,442376,No,0,,NA,1,Created
12993,2011-01-01,12993,Male,22,1989-03-31,0.00041,Single,0,,,Yes,29.0,2018-08-29,Flexible contract,3833.0,14204,Yes,0,,NA,1,Created
12994,2011-01-01,12994,Male,20,1991-08-03,0.00045,Single,0,,,Yes,25.0,2016-03-07,Permanent contract,13377.0,31023,No,0,,NA,1,Created
12995,2011-01-01,12995,Female,71,1940-12-06,0.013009999999999999,Single,0,,,No,,,Retired,11686.0,485342,Yes,0,,NA,1,Created
12996,2011-01-01,12996,Female,39,1972-09-05,0.00074,Married,2711,,2039-10-23,Yes,,,Permanent contract,9871.0,22941,Yes,2,42.0,2014-10-28,1,Created
12997,2011-01-01,12997,Male,23,1988-02-13,0.00039,Single,0,,,Yes,40.0,2028-12-07,Permanent contract,7338.0,761359,No,0,,NA,1,Created
12998,2011-01-01,12998,Female,82,1929-10-27,0.0493,Widowed,0,,,Yes,,,Retired,82723.0,-11871,Yes,0,,NA,1,Created
12999,2011-01-01,12999,Male,22,1989-10-02,0.00041,Single,0,,,Yes,29.0,2018-12-19,Entrepreneur without personnel,957.0,-3969,No,0,,NA,1,Created
13000,2011-01-01,13000,Female,7,2004-08-10,7e-05,Single,0,,,No,,,Child,0.0,0,Yes,0,34.0,2038-02-05,1,Created
13001,2011-01-01,13001,Male,56,1955-08-19,0.0052,Married,2631,,2034-10-24,No,,,Permanent contract,3790.0,4395216,Yes,3,,NA,1,Created
13002,2011-01-01,13002,Female,40,1971-07-07,0.0006900000000000001,Married,2712,,2013-08-03,No,,,Permanent contract,28733.0,8236,Yes,2,,NA,1,Created
13003,2011-01-01,13003,Male,36,1975-12-29,0.0006,Married,2632,,2028-04-25,No,,,Permanent contract,160035.0,-44797,Yes,1,,NA,1,Created
13004,2011-01-01,13004,Male,3,2008-01-30,0.0002,Single,0,,,No,,,Child,0.0,0,No,0,,NA,1,Created
13005,2011-01-01,13005,Male,7,2004-05-03,9e-05,Single,0,,,Yes,44.0,2048-02-18,Child,0.0,0,No,0,,NA,1,Created
13006,2011-01-01,13006,Male,21,1990-10-06,0.00045,Single,0,,,Yes,34.0,2024-02-14,Permanent contract,24036.0,5330,Yes,0,,NA,1,Created
13007,2011-01-01,13007,Female,55,1956-01-18,0.00372,Married,2713,,2026-11-27,No,,,Permanent contract,29105.0,-4536,No,2,,NA,1,Created
13008,2011-01-01,13008,Male,60,1951-08-05,0.006840000000000001,Married,2633,,2036-10-15,No,,,Flexible contract,16395.0,343162,Yes,1,,NA,1,Created
13009,2011-01-01,13009,Male,6,2005-06-06,5.9999999999999995e-05,Single,0,,,Yes,40.0,2045-02-17,Child,0.0,0,Yes,0,,NA,1,Created
13010,2011-01-01,13010,Female,42,1969-06-17,0.001,Married,2714,,2013-12-17,Yes,,,Permanent contract,76083.0,302367,Yes,1,,NA,1,Created
13011,2011-01-01,13011,Female,3,2008-03-03,0.00013000000000000002,Single,0,,,Yes,51.0,2059-02-23,Child,0.0,0,Yes,0,31.0,2039-10-13,1,Created
13012,2011-01-01,13012,Female,2,2009-07-18,0.00015,Single,0,,,Yes,24.0,2033-09-09,Child,0.0,0,Yes,0,27.0,2036-05-18,1,Created
13013,2011-01-01,13013,Male,58,1953-04-25,0.00603,Married,2634,,2036-07-05,No,,,Flexible contract,27835.0,14788,No,3,,NA,1,Created
13014,2011-01-01,13014,Male,60,1951-10-08,0.006840000000000001,Married,2635,,2042-11-08,Yes,,,Unemployed,27244.0,-1408,Yes,1,,NA,1,Created
13015,2011-01-01,13015,Female,9,2002-10-06,2.9999999999999997e-05,Single,0,,,Yes,26.0,2028-09-11,Child,0.0,0,No,0,32.0,2034-09-06,1,Created
13016,2011-01-01,13016,Male,20,1991-03-13,0.00045,Single,0,,,Yes,46.0,2037-09-05,Permanent contract,1069.0,-8423,No,0,,NA,1,Created
13017,2011-01-01,13017,Male,30,1981-10-13,0.00055,Single,0,,,No,,,Permanent contract,20249.0,19273,No,0,,NA,1,Created
13018,2011-01-01,13018,Male,45,1966-09-03,0.0014199999999999998,Married,2636,,2051-06-24,No,,,Permanent contract,15906.0,2464,No,2,,NA,1,Created
13019,2011-01-01,13019,Female,0,2011-10-01,0.0028899999999999998,Single,0,,,Yes,33.0,2044-05-08,Child,0.0,0,No,0,33.0,2044-09-01,1,Created
13020,2011-01-01,13020,Female,69,1942-09-16,0.0108,Divorced,0,,,No,,,Retired,8315.0,110094,Yes,0,,NA,1,Created
13021,2011-01-01,13021,Male,8,2003-08-24,9e-05,Single,0,,,No,,,Child,0.0,0,Yes,0,,NA,1,Created
13022,2011-01-01,13022,Female,38,1973-08-17,0.00063,Married,2715,,2049-09-12,Yes,,,Permanent contract,12846.0,-37672,Yes,2,,NA,1,Created
13023,2011-01-01,13023,Female,80,1931-11-22,0.03682,Single,0,,,No,,,Retired,16624.0,549762,Yes,0,,NA,1,Created
13024,2011-01-01,13024,Female,62,1949-10-21,0.0057399999999999994,Married,2716,,2012-04-23,Yes,,,Entrepreneur without personnel,90389.0,4280781,Yes,2,,NA,1,Created
18694,2012-04-23,13024,Female,63,1949-10-21,0.0057399999999999994,Divorced,2716,,2012-04-23,Yes,,,Entrepreneur without personnel,90389.0,4280781,Yes,2,,NA,1,Life event: Divorced
13025,2011-01-01,13025,Male,50,1961-08-09,0.00257,Widowed,0,,,No,,,Permanent contract,37449.0,16867,No,0,,NA,1,Created
13026,2011-01-01,13026,Male,86,1925-06-15,0.1126,Married,2637,,2056-08-02,Yes,,,Retired,18157.0,186348,No,2,,NA,1,Created
18116,2011-10-30,13026,Male,87,1925-06-15,0.1126,Married,2637,,2056-08-02,Yes,,,Retired,18157.0,186348,No,2,,NA,0,Life event: Deceased
13027,2011-01-01,13027,Male,28,1983-09-29,0.00045,Married,2638,,2029-03-19,No,,,Permanent contract,20625.0,127530,Yes,1,,NA,1,Created
13028,2011-01-01,13028,Male,5,2006-01-14,9e-05,Single,0,,,Yes,54.0,2060-02-27,Child,0.0,0,Yes,0,,NA,1,Created
13029,2011-01-01,13029,Male,35,1976-02-01,0.00055,Single,0,,,Yes,30.0,,Permanent contract,573.0,-3488,No,0,,NA,1,Created
13030,2011-01-01,13030,Female,60,1951-05-19,0.00541,Married,2717,,2056-07-11,No,,,Permanent contract,69842.0,30724,No,2,,NA,1,Created
13031,2011-01-01,13031,Male,64,1947-04-10,0.01097,Married,2639,,2037-03-17,No,,,Flexible contract,10485.0,102817,No,1,,NA,1,Created
17196,2011-04-10,13031,Male,65,1947-04-10,0.01097,Married,2639,,2037-03-17,No,,,Retired,7339.499999999999,102817,No,1,,NA,1,Life event: Retired
13032,2011-01-01,13032,Male,37,1974-09-11,0.00082,Single,0,,,No,,,Permanent contract,16087.0,-18022,Yes,0,,NA,1,Created
13033,2011-01-01,13033,Female,6,2005-12-06,8e-05,Single,0,,,Yes,47.0,2052-03-25,Child,0.0,0,No,0,26.0,2031-04-29,1,Created
13034,2011-01-01,13034,Male,24,1987-06-20,0.00047999999999999996,Single,0,,,Yes,55.0,2042-12-11,Flexible contract,30827.0,211609,Yes,0,,NA,1,Created
13035,2011-01-01,13035,Female,32,1979-09-14,0.00041,Single,0,,,No,,,Entrepreneur with personel,43821.0,157973,No,0,,NA,1,Created
13036,2011-01-01,13036,Female,5,2006-10-24,4e-05,Single,0,,,No,,,Child,0.0,0,Yes,0,33.0,2039-06-06,1,Created
13037,2011-01-01,13037,Male,46,1965-12-05,0.00172,Married,2640,,2069-05-25,Yes,,,Permanent contract,58926.0,677461,No,2,,NA,1,Created
13038,2011-01-01,13038,Male,60,1951-04-11,0.006840000000000001,Divorced,0,,,Yes,,,Permanent contract,33228.0,263227,No,0,,NA,1,Created
13039,2011-01-01,13039,Male,43,1968-02-28,0.00103,Divorced,0,,,No,,,Flexible contract,6280.0,49031,Yes,0,,NA,1,Created
13040,2011-01-01,13040,Male,8,2003-12-12,9e-05,Single,0,,,Yes,30.0,2033-02-10,Child,0.0,0,Yes,0,,NA,1,Created
13041,2011-01-01,13041,Female,61,1950-11-26,0.00562,Married,2718,,2029-11-18,No,,,Permanent contract,12995.0,68,No,2,,NA,1,Created
13042,2011-01-01,13042,Male,2,2009-06-09,0.00021,Single,0,,,No,,,Child,0.0,0,No,0,,NA,1,Created
13043,2011-01-01,13043,Male,28,1983-09-02,0.00045,Married,2641,,2059-03-17,No,,,Flexible contract,2911.0,-32253,Yes,1,,NA,1,Created
13044,2011-01-01,13044,Female,5,2006-05-19,4e-05,Single,0,,,No,,,Child,0.0,0,Yes,0,37.0,2043-02-07,1,Created
13045,2011-01-01,13045,Female,29,1982-07-08,0.00032,Single,0,,,No,,,Permanent contract,36457.0,129590,No,0,33.0,2015-06-07,1,Created
13046,2011-01-01,13046,Female,31,1980-04-02,0.00029,Married,2719,,2028-11-05,No,,,Flexible contract,43450.0,27762,Yes,1,,NA,1,Created
13047,2011-01-01,13047,Male,64,1947-11-11,0.01097,Married,2642,,2046-08-14,Yes,,,Flexible contract,9396.0,12153,Yes,2,,NA,1,Created
18169,2011-11-11,13047,Male,65,1947-11-11,0.01097,Married,2642,,2046-08-14,Yes,,,Retired,6577.2,12153,Yes,2,,NA,1,Life event: Retired
13048,2011-01-01,13048,Female,30,1981-07-18,0.00027,Single,0,,,No,,,Permanent contract,8059.0,-20397,Yes,0,33.0,2014-07-11,1,Created
13049,2011-01-01,13049,Male,55,1956-04-05,0.00419,Married,2643,,2045-07-31,Yes,,,Permanent contract,81389.0,3764,No,2,,NA,1,Created
13050,2011-01-01,13050,Female,35,1976-01-07,0.00033999999999999997,Married,2720,,2057-12-22,No,,,Permanent contract,1917.0,-4697,No,2,,NA,1,Created
13051,2011-01-01,13051,Female,42,1969-02-06,0.001,Divorced,0,,,Yes,,,Permanent contract,20149.0,271775,Yes,0,,NA,1,Created
13052,2011-01-01,13052,Female,15,1996-01-24,8e-05,Single,0,,,Yes,56.0,2052-09-07,Child,0.0,0,No,0,33.0,2029-06-19,1,Created
13053,2011-01-01,13053,Male,16,1995-12-04,0.00029,Single,0,,,Yes,56.0,2051-03-20,Child,0.0,0,No,0,,NA,1,Created
19292,2012-12-04,13053,Male,18,1995-12-04,0.00029,Single,0,,,Yes,94,2088-10-31,Entrepreneur without personnel,3453.0,969,No,0,,NA,1,Life event: Adulthood
13054,2011-01-01,13054,Female,44,1967-02-10,0.00107,Married,2721,,2025-05-21,No,,,Permanent contract,25279.0,11417,No,1,,NA,1,Created
13055,2011-01-01,13055,Female,22,1989-04-08,0.00023999999999999998,Single,0,,,No,,,Permanent contract,16816.0,154199,No,0,30.0,2019-01-08,1,Created
13056,2011-01-01,13056,Male,77,1934-05-02,0.0418,Married,2644,,2031-08-28,Yes,,,Retired,4512.0,3489,No,1,,NA,1,Created
13057,2011-01-01,13057,Male,78,1933-02-02,0.04668,Married,2645,,2047-04-02,Yes,,,Retired,19496.0,728,Yes,2,,NA,1,Created
13058,2011-01-01,13058,Male,3,2008-03-15,0.0002,Single,0,,,No,,,Child,0.0,0,No,0,,NA,1,Created
13059,2011-01-01,13059,Female,68,1943-06-21,0.00983,Divorced,0,,,Yes,,,Retired,9744.0,9058,Yes,0,,NA,1,Created
13060,2011-01-01,13060,Female,12,1999-05-09,5e-05,Single,0,,,Yes,45.0,2044-05-04,Child,0.0,0,No,0,30.0,2029-12-12,1,Created
13061,2011-01-01,13061,Male,11,2000-02-04,9e-05,Single,0,,,No,,,Child,0.0,0,Yes,0,,NA,1,Created
13062,2011-01-01,13062,Male,20,1991-01-10,0.00045,Single,0,,,No,,,Permanent contract,15377.0,10248,No,0,,NA,1,Created
13063,2011-01-01,13063,Male,42,1969-04-26,0.00128,Single,0,,,No,,,Permanent contract,1426.0,-11340,Yes,0,,NA,1,Created
13064,2011-01-01,13064,Female,18,1993-05-29,0.00023999999999999998,Single,0,,,No,,,Permanent contract,25246.0,95740,No,0,22.0,2015-02-11,1,Created
13065,2011-01-01,13065,Male,16,1995-12-19,0.00029,Single,0,,,Yes,38.0,2033-07-12,Child,0.0,0,No,0,,NA,1,Created
19336,2012-12-19,13065,Male,18,1995-12-19,0.00029,Single,0,,,No,,,Permanent contract,34899.0,85659,No,0,,NA,1,Life event: Adulthood
13066,2011-01-01,13066,Male,74,1937-08-13,0.0295,Widowed,0,,,Yes,,,Retired,26110.0,400710,Yes,0,,NA,1,Created
13067,2011-01-01,13067,Female,51,1960-11-06,0.0023899999999999998,Married,2722,,2019-11-04,No,,,Entrepreneur without personnel,54643.0,874244,No,3,,NA,1,Created
13068,2011-01-01,13068,Female,70,1941-10-30,0.01252,Married,2723,,2021-01-21,Yes,,,Retired,34488.0,473493,Yes,2,,NA,1,Created
13069,2011-01-01,13069,Female,100,1911-12-19,1.0,Widowed,0,,,Yes,,,Retired,39850.0,47246,Yes,0,,NA,1,Created
13070,2011-01-01,13070,Male,10,2001-06-27,0.00011999999999999999,Single,0,,,Yes,31.0,2032-02-14,Child,0.0,0,Yes,0,,NA,1,Created
13071,2011-01-01,13071,Male,62,1949-03-21,0.008409999999999999,Married,2646,,2061-10-22,Yes,,,Permanent contract,79905.0,2832,Yes,1,,NA,1,Created
13072,2011-01-01,13072,Female,50,1961-07-31,0.00225,Married,2724,,2046-09-23,No,,,Flexible contract,21707.0,10007,No,3,,NA,1,Created
13073,2011-01-01,13073,Male,38,1973-06-17,0.0009599999999999999,Married,2647,,2068-09-29,No,,,Permanent contract,1409.0,185235,Yes,2,,NA,1,Created
13074,2011-01-01,13074,Male,1,2010-07-20,0.00056,Single,0,,,No,,,Child,0.0,0,Yes,0,,NA,1,Created
13075,2011-01-01,13075,Female,21,1990-05-21,0.00016,Single,0,,,No,,,Flexible contract,83393.0,42608,No,0,28.0,2018-05-14,1,Created
13076,2011-01-01,13076,Female,65,1946-05-17,0.007559999999999999,Married,2725,,2018-01-16,No,,,Entrepreneur with personel,4281.0,158596,No,1,,NA,1,Created
17372,2011-05-17,13076,Female,66,1946-05-17,0.007559999999999999,Married,2725,,2018-01-16,No,,,Retired,2996.7,158596,No,1,,NA,1,Life event: Retired
13077,2011-01-01,13077,Female,59,1952-04-25,0.00479,Married,2726,,2022-10-27,Yes,,,Permanent contract,13006.0,285883,No,2,,NA,1,Created
13078,2011-01-01,13078,Male,19,1992-09-20,0.00033,Single,0,,,Yes,55.0,2047-05-11,Permanent contract,11635.0,106684,No,0,,NA,1,Created
13079,2011-01-01,13079,Female,2,2009-12-25,0.00015,Single,0,,,No,,,Child,0.0,0,Yes,0,36.0,2045-10-10,1,Created
13080,2011-01-01,13080,Male,4,2007-11-14,0.00011,Single,0,,,Yes,35.0,2042-10-31,Child,0.0,0,Yes,0,,NA,1,Created
13081,2011-01-01,13081,Male,78,1933-11-25,0.04668,Married,2648,,2024-10-06,No,,,Retired,8540.0,47668,Yes,1,,NA,1,Created
13082,2011-01-01,13082,Female,80,1931-05-22,0.03682,Divorced,0,,,No,,,Retired,27129.0,304,No,0,,NA,1,Created
13083,2011-01-01,13083,Female,14,1997-12-30,9e-05,Single,0,,,Yes,35.0,2032-05-20,Child,0.0,0,No,0,32.0,2029-04-09,1,Created
13084,2011-01-01,13084,Female,64,1947-12-19,0.00713,Single,0,,,Yes,30.0,,Permanent contract,33979.0,945,No,0,,NA,1,Created
18320,2011-12-19,13084,Female,65,1947-12-19,0.00713,Single,0,,,Yes,30,,Retired,23785.3,945,No,0,,NA,1,Life event: Retired
13085,2011-01-01,13085,Female,46,1965-10-03,0.00134,Married,2727,,2051-01-03,Yes,,,Permanent contract,28581.0,480300,Yes,2,,NA,1,Created
13086,2011-01-01,13086,Female,25,1986-03-25,0.00022999999999999998,Single,0,,,Yes,25.0,2011-12-04,Permanent contract,3494.0,30977,Yes,0,36.0,2022-05-21,1,Created
18261,2011-12-04,13086,Female,26,1986-03-25,0.00022999999999999998,Married,3470,25,2036-07-14,Yes,25,2011-12-04,Permanent contract,3494.0,30977,Yes,0,36,2022-05-21,1,Life event: Married
13087,2011-01-01,13087,Female,78,1933-05-30,0.02817,Widowed,0,,,No,,,Retired,34694.0,803,Yes,0,,NA,1,Created
16933,2011-02-18,13087,Female,78,1933-05-30,0.02817,Widowed,0,,,No,,,Retired,34694.0,803,Yes,0,,NA,0,Life event: Deceased
13088,2011-01-01,13088,Male,7,2004-06-16,9e-05,Single,0,,,Yes,47.0,2051-09-18,Child,0.0,0,No,0,,NA,1,Created
13089,2011-01-01,13089,Male,44,1967-10-22,0.0013599999999999999,Married,2649,,2042-04-28,Yes,,,Flexible contract,15446.0,179686,No,1,,NA,1,Created
13090,2011-01-01,13090,Female,20,1991-09-19,0.00018,Single,0,,,Yes,33.0,2024-04-16,Permanent contract,22742.0,-3760,Yes,0,29.0,2020-09-28,1,Created
13091,2011-01-01,13091,Male,4,2007-08-04,0.00011,Single,0,,,Yes,32.0,2039-10-28,Child,0.0,0,Yes,0,,NA,1,Created
13092,2011-01-01,13092,Female,64,1947-06-10,0.00713,Married,2728,,2027-10-25,No,,,Permanent contract,17945.0,-32592,No,1,,NA,1,Created
17487,2011-06-10,13092,Female,65,1947-06-10,0.00713,Married,2728,,2027-10-25,No,,,Retired,12561.5,-32592,No,1,,NA,1,Life event: Retired
13093,2011-01-01,13093,Male,21,1990-11-18,0.00045,Single,0,,,Yes,40.0,2030-09-11,Permanent contract,4674.0,461102,No,0,,NA,1,Created
13094,2011-01-01,13094,Female,37,1974-07-08,0.00057,Single,0,,,Yes,35.0,,Unemployed,17030.0,918517,No,0,,NA,1,Created
13095,2011-01-01,13095,Female,74,1937-10-30,0.0185,Widowed,0,,,Yes,,,Retired,66191.0,151970,No,0,,NA,1,Created
13096,2011-01-01,13096,Male,21,1990-04-27,0.00045,Single,0,,,Yes,41.0,2031-02-23,Flexible contract,31013.0,-1827,Yes,0,,NA,1,Created
13097,2011-01-01,13097,Female,64,1947-08-29,0.00713,Married,2729,,2057-08-12,No,,,Permanent contract,843.0,194035,Yes,3,,NA,1,Created
17874,2011-08-29,13097,Female,65,1947-08-29,0.00713,Married,2729,,2057-08-12,No,,,Retired,590.0999999999999,194035,Yes,3,,NA,1,Life event: Retired
13098,2011-01-01,13098,Male,65,1946-12-12,0.01141,Widowed,0,,,No,,,Unemployed,4163.0,72293,No,0,,NA,1,Created
18289,2011-12-12,13098,Male,66,1946-12-12,0.01141,Widowed,0,,,No,,,Retired,2914.1,72293,No,0,,NA,1,Life event: Retired
13099,2011-01-01,13099,Male,30,1981-10-12,0.00055,Married,2650,,2033-01-08,No,,,Permanent contract,5356.0,677983,No,2,,NA,1,Created
13100,2011-01-01,13100,Female,38,1973-10-29,0.00063,Married,2730,,2055-07-20,No,,,Permanent contract,37274.0,336371,Yes,3,,NA,1,Created
13101,2011-01-01,13101,Male,24,1987-03-31,0.00047999999999999996,Single,0,,,No,,,Permanent contract,74718.0,-15981,Yes,0,,NA,1,Created
18852,2012-06-16,13101,Male,26,1987-03-31,0.00047999999999999996,Single,0,,,No,,,Permanent contract,74718.0,-15981,Yes,0,,NA,0,Life event: Deceased
13102,2011-01-01,13102,Female,13,1998-05-29,0.00011999999999999999,Single,0,,,No,,,Child,0.0,0,Yes,0,31.0,2029-10-14,1,Created
13103,2011-01-01,13103,Female,80,1931-10-31,0.03682,Married,2731,,2047-03-18,No,,,Retired,26838.0,294737,Yes,2,,NA,1,Created
13104,2011-01-01,13104,Male,24,1987-09-03,0.00047999999999999996,Single,0,,,No,,,Permanent contract,6165.0,948,No,0,,NA,1,Created
13105,2011-01-01,13105,Male,62,1949-03-05,0.008409999999999999,Married,2651,,2041-04-04,No,,,Unemployed,7927.0,334653,No,2,,NA,1,Created
13106,2011-01-01,13106,Female,32,1979-09-22,0.00041,Married,2732,,2025-09-01,Yes,,,Permanent contract,6620.0,71779,Yes,2,,NA,1,Created
13107,2011-01-01,13107,Female,8,2003-05-27,2.9999999999999997e-05,Single,0,,,Yes,30.0,2033-02-20,Child,0.0,0,Yes,0,34.0,2037-11-05,1,Created
13108,2011-01-01,13108,Male,20,1991-03-12,0.00045,Single,0,,,No,,,Permanent contract,24141.0,30316,Yes,0,,NA,1,Created
13109,2011-01-01,13109,Male,41,1970-10-16,0.0008900000000000001,Married,2652,,2055-06-15,Yes,,,Flexible contract,11555.0,153856,Yes,3,,NA,1,Created
13110,2011-01-01,13110,Female,12,1999-11-03,5e-05,Single,0,,,Yes,43.0,2042-08-24,Child,0.0,0,Yes,0,33.0,2032-12-02,1,Created
13111,2011-01-01,13111,Female,77,1934-07-15,0.0259,Widowed,0,,,Yes,,,Retired,28725.0,933839,No,0,,NA,1,Created
13112,2011-01-01,13112,Male,27,1984-07-28,0.00044,Single,0,,,No,,,Permanent contract,39288.0,18597,Yes,0,,NA,1,Created
13113,2011-01-01,13113,Male,65,1946-05-18,0.01141,Married,2653,,2032-07-25,Yes,,,Flexible contract,26307.0,-32487,No,2,,NA,1,Created
17388,2011-05-18,13113,Male,66,1946-05-18,0.01141,Married,2653,,2032-07-25,Yes,,,Retired,18414.899999999998,-32487,No,2,,NA,1,Life event: Retired
13114,2011-01-01,13114,Male,35,1976-06-30,0.00055,Single,0,,,Yes,54.0,2030-10-03,Flexible contract,70807.0,-13226,Yes,0,,NA,1,Created
13115,2011-01-01,13115,Male,18,1993-05-22,0.00032,Single,0,,,Yes,55.0,2048-08-09,Entrepreneur without personnel,5740.0,251788,No,0,,NA,1,Created
13116,2011-01-01,13116,Female,7,2004-05-11,7e-05,Single,0,,,No,,,Child,0.0,0,No,0,28.0,2032-03-22,1,Created
13117,2011-01-01,13117,Female,53,1958-01-27,0.00312,Married,2733,,2026-07-28,No,,,Entrepreneur with personel,43043.0,446836,Yes,3,,NA,1,Created
13118,2011-01-01,13118,Male,51,1960-05-20,0.00301,Married,2654,,2064-01-14,Yes,,,Permanent contract,9163.0,3996,No,2,,NA,1,Created
13119,2011-01-01,13119,Female,15,1996-02-20,8e-05,Single,0,,,No,,,Child,0.0,0,Yes,0,30.0,2026-08-05,1,Created
13120,2011-01-01,13120,Male,46,1965-10-03,0.00172,Married,2655,,2055-12-09,No,,,Flexible contract,26203.0,5667,Yes,2,,NA,1,Created
13121,2011-01-01,13121,Female,61,1950-12-18,0.00562,Married,2734,,2045-03-18,No,,,Entrepreneur without personnel,38502.0,33766,Yes,2,,NA,1,Created
13122,2011-01-01,13122,Female,12,1999-05-07,5e-05,Single,0,,,Yes,30.0,2029-11-08,Child,0.0,0,Yes,0,39.0,2038-01-21,1,Created
13123,2011-01-01,13123,Female,17,1994-12-12,0.0001,Single,0,,,Yes,33.0,2027-06-16,Child,0.0,0,Yes,0,31.0,2025-12-02,1,Created
18290,2011-12-12,13123,Female,18,1994-12-12,0.0001,Single,0,,,No,,,Permanent contract,18583.0,197464,Yes,0,31,2025-12-02,1,Life event: Adulthood
13124,2011-01-01,13124,Male,44,1967-04-08,0.0013599999999999999,Divorced,0,,,No,,,Permanent contract,17380.0,98337,No,0,,NA,1,Created
13125,2011-01-01,13125,Male,33,1978-09-05,0.00047999999999999996,Single,0,,,No,,,Permanent contract,18661.0,5115,No,0,,NA,1,Created
13126,2011-01-01,13126,Male,6,2005-12-11,5.9999999999999995e-05,Single,0,,,Yes,25.0,2030-03-03,Child,0.0,0,No,0,,NA,1,Created
13127,2011-01-01,13127,Male,15,1996-10-08,0.00015,Single,0,,,Yes,33.0,2029-10-27,Child,0.0,0,Yes,0,,NA,1,Created
13128,2011-01-01,13128,Female,59,1952-12-24,0.00479,Married,2735,,2063-09-30,No,,,Permanent contract,47442.0,-47577,Yes,1,,NA,1,Created
13129,2011-01-01,13129,Male,49,1962-11-29,0.00242,Married,2656,,2022-09-10,No,,,Unemployed,16470.0,843805,No,1,,NA,1,Created
13130,2011-01-01,13130,Female,42,1969-06-26,0.001,Married,2736,,2047-11-16,Yes,,,Permanent contract,14497.0,4553,No,1,,NA,1,Created
13131,2011-01-01,13131,Female,30,1981-09-09,0.00027,Single,0,,,Yes,30.0,2011-02-14,Flexible contract,53.0,130175,Yes,0,,NA,1,Created
16912,2011-02-14,13131,Female,30,1981-09-09,0.00027,Married,3423,55,2066-02-17,Yes,30,2011-02-14,Flexible contract,53.0,130175,Yes,0,,NA,1,Life event: Married
13132,2011-01-01,13132,Male,19,1992-08-12,0.00033,Single,0,,,Yes,36.0,2028-03-21,Unemployed,28267.0,13939,Yes,0,,NA,1,Created
13133,2011-01-01,13133,Male,10,2001-11-06,0.00011999999999999999,Single,0,,,No,,,Child,0.0,0,Yes,0,,NA,1,Created
13134,2011-01-01,13134,Female,16,1995-12-31,8e-05,Single,0,,,Yes,40.0,2035-10-15,Child,0.0,0,No,0,29.0,2024-08-20,1,Created
13135,2011-01-01,13135,Male,59,1952-08-08,0.00717,Married,2657,,2049-03-12,Yes,,,Entrepreneur with personel,16578.0,-28951,No,2,,NA,1,Created
13136,2011-01-01,13136,Male,28,1983-11-23,0.00045,Single,0,,,No,,,Unemployed,28982.0,942925,Yes,0,,NA,1,Created
13137,2011-01-01,13137,Female,54,1957-12-10,0.00313,Married,2737,,2040-04-30,Yes,,,Unemployed,15016.0,-28879,Yes,2,,NA,1,Created
13138,2011-01-01,13138,Male,30,1981-02-26,0.00055,Single,0,,,Yes,35.0,2016-12-26,Permanent contract,29750.0,107008,No,0,,NA,1,Created
13139,2011-01-01,13139,Female,38,1973-09-08,0.00063,Married,2738,,2011-08-16,Yes,,,Flexible contract,12272.0,881485,Yes,1,,NA,1,Created
17810,2011-08-16,13139,Female,38,1973-09-08,0.00063,Divorced,2738,,2011-08-16,Yes,,,Flexible contract,12272.0,881485,Yes,1,,NA,1,Life event: Divorced
13140,2011-01-01,13140,Female,80,1931-05-01,0.03682,Married,2739,,2037-12-13,No,,,Retired,1691.0,179649,Yes,2,,NA,1,Created
18600,2012-03-18,13140,Female,81,1931-05-01,0.03682,Married,2739,,2037-12-13,No,,,Retired,1691.0,179649,Yes,2,,NA,0,Life event: Deceased
13141,2011-01-01,13141,Female,1,2010-10-25,0.00033999999999999997,Single,0,,,Yes,43.0,2053-09-09,Child,0.0,0,Yes,0,28.0,2038-02-01,1,Created
13142,2011-01-01,13142,Male,74,1937-05-10,0.0295,Divorced,0,,,No,,,Retired,48513.0,3210,Yes,0,,NA,1,Created
13143,2011-01-01,13143,Male,37,1974-12-15,0.00082,Married,2658,,2020-12-16,No,,,Flexible contract,38371.0,277108,No,2,,NA,1,Created
13144,2011-01-01,13144,Male,46,1965-02-24,0.00172,Divorced,0,,,Yes,,,Permanent contract,26465.0,188020,Yes,0,,NA,1,Created
13145,2011-01-01,13145,Female,31,1980-12-06,0.00029,Married,2740,,2021-03-16,Yes,,,Unemployed,15203.0,26721,No,1,,NA,1,Created
13146,2011-01-01,13146,Male,59,1952-11-27,0.00717,Married,2659,,2060-12-08,No,,,Permanent contract,35226.0,4482488,Yes,2,,NA,1,Created
13147,2011-01-01,13147,Female,8,2003-12-02,2.9999999999999997e-05,Single,0,,,No,,,Child,0.0,0,Yes,0,28.0,2031-02-01,1,Created
13148,2011-01-01,13148,Male,35,1976-03-20,0.00055,Married,2660,,2022-02-10,Yes,,,Entrepreneur without personnel,39858.0,8101,No,3,,NA,1,Created
13149,2011-01-01,13149,Female,68,1943-10-21,0.00983,Widowed,0,,,Yes,,,Retired,21461.0,167834,Yes,0,,NA,1,Created
13150,2011-01-01,13150,Male,32,1979-03-17,0.00059,Single,0,,,Yes,27.0,,Permanent contract,41760.0,663264,No,0,,NA,1,Created
13151,2011-01-01,13151,Male,18,1993-01-25,0.00032,Single,0,,,No,,,Permanent contract,38068.0,136121,No,0,,NA,1,Created
13152,2011-01-01,13152,Female,61,1950-09-22,0.00562,Married,2741,,2053-08-18,No,,,Permanent contract,14537.0,-10046,No,2,,NA,1,Created
13153,2011-01-01,13153,Male,94,1917-06-27,0.2512,Widowed,0,,,Yes,,,Retired,902.0,121,No,0,,NA,1,Created
13154,2011-01-01,13154,Female,54,1957-04-05,0.00313,Single,0,,,Yes,45.0,,Flexible contract,11960.0,575,Yes,0,,NA,1,Created
13155,2011-01-01,13155,Male,37,1974-05-08,0.00082,Married,2661,,2023-09-07,Yes,,,Flexible contract,32713.0,-27355,No,2,,NA,1,Created
13156,2011-01-01,13156,Male,38,1973-07-15,0.0009599999999999999,Married,2662,,2068-09-25,No,,,Flexible contract,21811.0,-32530,Yes,3,,NA,1,Created
13157,2011-01-01,13157,Male,62,1949-01-03,0.008409999999999999,Married,2663,,2024-10-27,No,,,Flexible contract,42685.0,48703,Yes,1,,NA,1,Created
13158,2011-01-01,13158,Male,40,1971-04-07,0.0009400000000000001,Divorced,0,,,Yes,,,Permanent contract,40845.0,360710,Yes,0,,NA,1,Created
13159,2011-01-01,13159,Female,22,1989-01-15,0.00023999999999999998,Single,0,,,No,,,Permanent contract,45573.0,961,Yes,0,25.0,2014-12-25,1,Created
13160,2011-01-01,13160,Male,52,1959-06-17,0.00314,Single,0,,,Yes,33.0,,Flexible contract,86832.0,431979,No,0,,NA,1,Created
13161,2011-01-01,13161,Male,9,2002-08-21,0.00014,Single,0,,,No,,,Child,0.0,0,No,0,,NA,1,Created
13162,2011-01-01,13162,Female,13,1998-03-13,0.00011999999999999999,Single,0,,,No,,,Child,0.0,0,Yes,0,30.0,2028-01-05,1,Created
13163,2011-01-01,13163,Female,62,1949-09-29,0.0057399999999999994,Married,2742,,2013-07-04,Yes,,,Permanent contract,23247.0,57612,Yes,2,,NA,1,Created
13164,2011-01-01,13164,Female,20,1991-11-13,0.00018,Single,0,,,Yes,29.0,2020-10-28,Permanent contract,37913.0,869238,Yes,0,29.0,2020-03-24,1,Created
13165,2011-01-01,13165,Male,27,1984-11-27,0.00044,Single,0,,,No,,,Permanent contract,9576.0,8761,Yes,0,,NA,1,Created
13166,2011-01-01,13166,Female,28,1983-12-09,0.00025,Single,0,,,Yes,20.0,,Entrepreneur with personel,30447.0,-37222,No,0,30.0,2013-01-19,1,Created
13167,2011-01-01,13167,Male,56,1955-07-29,0.0052,Married,2664,,2045-01-19,No,,,Permanent contract,32708.0,197999,Yes,2,,NA,1,Created
17276,2011-04-30,13167,Male,56,1955-07-29,0.0052,Widowed,2664,,2045-01-19,No,,,Permanent contract,32708.0,197999,Yes,2,,NA,1,Life event: Widowed
13168,2011-01-01,13168,Male,12,1999-02-21,0.00011,Single,0,,,Yes,48.0,2047-12-09,Child,0.0,0,Yes,0,,NA,1,Created
13169,2011-01-01,13169,Female,41,1970-09-02,0.0007700000000000001,Married,2743,,2035-12-02,No,,,Flexible contract,18609.0,11028,Yes,2,,NA,1,Created
13170,2011-01-01,13170,Male,49,1962-12-18,0.00242,Married,2665,,2019-04-07,Yes,,,Permanent contract,7072.0,488,No,2,,NA,1,Created
13171,2011-01-01,13171,Male,59,1952-10-18,0.00717,Divorced,0,,,Yes,,,Permanent contract,16828.0,768,No,0,,NA,1,Created
13172,2011-01-01,13172,Male,20,1991-11-09,0.00045,Single,0,,,Yes,41.0,2032-12-20,Flexible contract,10476.0,41940,No,0,,NA,1,Created
13173,2011-01-01,13173,Male,25,1986-03-22,0.00033999999999999997,Married,2666,,2041-02-18,No,,,Permanent contract,25413.0,84708,No,2,,NA,1,Created
13174,2011-01-01,13174,Male,26,1985-04-09,1.0,Single,0,,,Yes,40.0,2025-07-05,Flexible contract,20208.0,13401,No,0,,NA,1,Created
18945,2012-07-18,13174,Male,28,1985-04-09,1.0,Single,0,,,Yes,40,2025-07-05,Flexible contract,20208.0,13401,No,0,,NA,0,Life event: Deceased
13175,2011-01-01,13175,Female,54,1957-11-15,0.00313,Single,0,,,No,,,Permanent contract,29858.0,87,Yes,0,,NA,1,Created
13176,2011-01-01,13176,Female,57,1954-06-10,0.00387,Married,2744,,2047-12-29,Yes,,,Permanent contract,13567.0,441904,Yes,1,,NA,1,Created
13177,2011-01-01,13177,Male,10,2001-01-30,0.00011999999999999999,Single,0,,,Yes,37.0,2038-04-20,Child,0.0,0,Yes,0,,NA,1,Created
13178,2011-01-01,13178,Female,65,1946-01-08,0.007559999999999999,Married,2745,,2041-09-17,Yes,,,Flexible contract,16684.0,516,Yes,1,,NA,1,Created
16702,2011-01-08,13178,Female,66,1946-01-08,0.007559999999999999,Married,2745,,2041-09-17,Yes,,,Retired,11678.8,516,Yes,1,,NA,1,Life event: Retired
13179,2011-01-01,13179,Female,30,1981-03-21,0.00027,Married,2746,,2017-01-22,Yes,,,Permanent contract,40916.0,6897,Yes,2,38.0,2019-10-29,1,Created
13180,2011-01-01,13180,Female,93,1918-09-07,0.18566,Widowed,0,,,Yes,,,Retired,3846.0,844219,No,0,,NA,1,Created
13181,2011-01-01,13181,Female,16,1995-07-27,8e-05,Single,0,,,No,,,Child,0.0,0,No,0,31.0,2026-04-17,1,Created
18967,2012-07-27,13181,Female,18,1995-07-27,8e-05,Single,0,,,Yes,78,2072-06-25,Permanent contract,16834.0,181678,No,0,31,2026-04-17,1,Life event: Adulthood
13182,2011-01-01,13182,Female,34,1977-03-20,0.00037,Single,0,,,No,,,Entrepreneur with personel,89408.0,-24739,No,0,,NA,1,Created
13183,2011-01-01,13183,Female,68,1943-10-21,0.00983,Married,2747,,2024-11-08,No,,,Retired,44662.0,241468,Yes,1,,NA,1,Created
13184,2011-01-01,13184,Female,39,1972-11-05,0.00074,Single,0,,,No,,,Permanent contract,146106.0,-28609,No,0,,NA,1,Created
13185,2011-01-01,13185,Female,75,1936-09-23,0.01986,Married,2748,,2024-03-09,No,,,Retired,23263.0,319636,No,2,,NA,1,Created
13186,2011-01-01,13186,Female,59,1952-10-03,0.00479,Divorced,0,,,No,,,Unemployed,4766.0,11599,No,0,,NA,1,Created
13187,2011-01-01,13187,Female,39,1972-05-17,0.00074,Widowed,0,,,No,,,Flexible contract,705.0,-15395,Yes,0,,NA,1,Created
13188,2011-01-01,13188,Male,38,1973-08-02,0.0009599999999999999,Single,0,,,No,,,Permanent contract,19615.0,950,Yes,0,,NA,1,Created
13189,2011-01-01,13189,Male,19,1992-01-14,0.00033,Single,0,,,Yes,45.0,2037-12-11,Flexible contract,56910.0,-8719,No,0,,NA,1,Created
13190,2011-01-01,13190,Female,24,1987-01-18,0.00018999999999999998,Single,0,,,No,,,Permanent contract,47317.0,8824,Yes,0,,NA,1,Created
13191,2011-01-01,13191,Female,5,2006-10-17,4e-05,Single,0,,,Yes,29.0,2035-09-06,Child,0.0,0,Yes,0,30.0,2036-05-04,1,Created
13192,2011-01-01,13192,Male,49,1962-05-16,0.00242,Divorced,0,,,No,,,Permanent contract,14211.0,157993,No,0,,NA,1,Created
13193,2011-01-01,13193,Male,56,1955-04-26,0.0052,Married,2667,,2064-10-13,No,,,Entrepreneur without personnel,8099.0,-35379,No,2,,NA,1,Created
13194,2011-01-01,13194,Male,9,2002-09-20,0.00014,Single,0,,,No,,,Child,0.0,0,No,0,,NA,1,Created
13195,2011-01-01,13195,Male,24,1987-04-09,0.00047999999999999996,Single,0,,,No,,,Permanent contract,17478.0,-43613,Yes,0,,NA,1,Created
13196,2011-01-01,13196,Male,62,1949-09-02,0.008409999999999999,Married,2668,,2036-02-06,Yes,,,Entrepreneur without personnel,31765.0,141869,Yes,1,,NA,1,Created
13197,2011-01-01,13197,Female,7,2004-12-22,7e-05,Single,0,,,Yes,25.0,2029-01-14,Child,0.0,0,Yes,0,29.0,2033-06-14,1,Created
13198,2011-01-01,13198,Female,47,1964-11-16,0.00168,Single,0,,,No,,,Flexible contract,49710.0,9093,No,0,,NA,1,Created
13199,2011-01-01,13199,Male,70,1941-08-14,0.01932,Divorced,0,,,Yes,,,Retired,20927.0,73484,Yes,0,,NA,1,Created
13200,2011-01-01,13200,Female,54,1957-02-17,0.00313,Married,2749,,2014-03-26,Yes,,,Permanent contract,19158.0,443169,Yes,2,,NA,1,Created
13201,2011-01-01,13201,Female,32,1979-11-16,0.00041,Married,2750,,2031-10-27,No,,,Entrepreneur without personnel,4078.0,-14629,Yes,2,32.0,2011-08-11,1,Created
17782,2011-08-11,13201,Female,32,1979-11-16,0.00041,Married,2750,,2031-10-27,No,,,Entrepreneur without personnel,4078.0,-14629,Yes,3,32,2011-08-11,1,Life event: Children born
13202,2011-01-01,13202,Male,17,1994-07-01,0.00022999999999999998,Single,0,,,No,,,Child,0.0,0,Yes,0,,NA,1,Created
17589,2011-07-01,13202,Male,18,1994-07-01,0.00022999999999999998,Single,0,,,Yes,42,2035-02-23,Permanent contract,65381.0,-21869,Yes,0,,NA,1,Life event: Adulthood
13203,2011-01-01,13203,Female,77,1934-11-10,0.0259,Single,0,,,Yes,29.0,,Retired,14888.0,4217,No,0,,NA,1,Created
13204,2011-01-01,13204,Female,32,1979-09-27,0.00041,Married,2751,,2036-11-27,No,,,Permanent contract,36480.0,-23962,Yes,2,,NA,1,Created
13205,2011-01-01,13205,Male,32,1979-04-25,0.00059,Married,2669,,2026-06-24,Yes,,,Permanent contract,23626.0,56,Yes,1,,NA,1,Created
13206,2011-01-01,13206,Female,21,1990-03-28,0.00016,Single,0,,,No,,,Flexible contract,11951.0,345946,Yes,0,32.0,2022-02-22,1,Created
13207,2011-01-01,13207,Male,72,1939-03-15,0.02384,Married,2670,,2021-12-16,Yes,,,Retired,36541.0,124045,No,1,,NA,1,Created
13208,2011-01-01,13208,Male,44,1967-11-15,0.0013599999999999999,Divorced,0,,,No,,,Entrepreneur without personnel,15593.0,18886,Yes,0,,NA,1,Created
13209,2011-01-01,13209,Male,20,1991-06-23,0.00045,Single,0,,,Yes,23.0,2014-11-14,Permanent contract,538.0,2266,No,0,,NA,1,Created
13210,2011-01-01,13210,Male,27,1984-12-22,0.00044,Single,0,,,No,,,Entrepreneur with personel,17265.0,450883,Yes,0,,NA,1,Created
13211,2011-01-01,13211,Male,31,1980-12-17,0.00041,Married,2671,,2024-06-04,Yes,,,Permanent contract,25752.0,455,Yes,2,,NA,1,Created
13212,2011-01-01,13212,Female,56,1955-09-14,0.0041,Widowed,0,,,No,,,Permanent contract,26939.0,3926,No,0,,NA,1,Created
13213,2011-01-01,13213,Female,65,1946-08-14,0.007559999999999999,Married,2752,,2053-05-14,Yes,,,Permanent contract,25230.0,28957,No,2,,NA,1,Created
17798,2011-08-14,13213,Female,66,1946-08-14,0.007559999999999999,Married,2752,,2053-05-14,Yes,,,Retired,17661.0,28957,No,2,,NA,1,Life event: Retired
13214,2011-01-01,13214,Female,28,1983-08-09,0.00025,Single,0,,,Yes,30.0,2013-06-02,Permanent contract,117593.0,229144,No,0,39.0,2022-12-26,1,Created
13215,2011-01-01,13215,Female,70,1941-12-30,0.01252,Widowed,0,,,Yes,,,Retired,26158.0,46845,No,0,,NA,1,Created
13216,2011-01-01,13216,Male,13,1998-10-24,0.00014,Single,0,,,No,,,Child,0.0,0,No,0,,NA,1,Created
13217,2011-01-01,13217,Female,5,2006-01-10,4e-05,Single,0,,,Yes,39.0,2045-03-18,Child,0.0,0,Yes,0,30.0,2036-10-16,1,Created
13218,2011-01-01,13218,Female,69,1942-08-09,0.0108,Married,2753,,2037-01-12,Yes,,,Retired,30028.0,-28626,Yes,2,,NA,1,Created
13219,2011-01-01,13219,Male,49,1962-09-21,0.00242,Married,2672,,2047-08-28,No,,,Permanent contract,7546.0,1345,Yes,2,,NA,1,Created
13220,2011-01-01,13220,Female,11,2000-09-09,7e-05,Single,0,,,Yes,32.0,2032-12-01,Child,0.0,0,No,0,36.0,2036-12-30,1,Created
13221,2011-01-01,13221,Female,62,1949-06-04,0.0057399999999999994,Married,2754,,2033-11-19,No,,,Family business,38546.0,225046,Yes,1,,NA,1,Created
13222,2011-01-01,13222,Female,52,1959-12-08,0.00268,Divorced,0,,,No,,,Entrepreneur without personnel,31456.0,-28135,No,0,,NA,1,Created
13223,2011-01-01,13223,Female,0,2011-08-01,0.0028899999999999998,Single,0,,,No,,,Child,0.0,0,Yes,0,31.0,2042-05-15,1,Created
13224,2011-01-01,13224,Male,57,1954-12-26,0.00572,Married,2673,,2039-01-20,No,,,Entrepreneur without personnel,76737.0,383484,Yes,2,,NA,1,Created
13225,2011-01-01,13225,Male,63,1948-02-29,0.00945,Married,2674,,2060-04-13,No,,,Flexible contract,17197.0,206,Yes,1,,NA,1,Created
13226,2011-01-01,13226,Male,4,2007-05-29,0.00011,Single,0,,,No,,,Child,0.0,0,No,0,,NA,1,Created
13227,2011-01-01,13227,Male,52,1959-04-29,0.00314,Divorced,0,,,Yes,,,Entrepreneur without personnel,26911.0,-41130,No,0,,NA,1,Created
13228,2011-01-01,13228,Male,27,1984-02-16,0.00044,Single,0,,,Yes,45.0,2029-06-01,Permanent contract,67034.0,80776,No,0,,NA,1,Created
13229,2011-01-01,13229,Male,9,2002-11-28,0.00014,Single,0,,,Yes,33.0,2035-09-16,Child,0.0,0,Yes,0,,NA,1,Created
13230,2011-01-01,13230,Female,61,1950-05-02,0.00562,Single,0,,,No,,,Unemployed,76124.0,2735,No,0,,NA,1,Created
13231,2011-01-01,13231,Male,28,1983-12-05,0.00045,Single,0,,,No,,,Permanent contract,39956.0,405416,Yes,0,,NA,1,Created
13232,2011-01-01,13232,Male,34,1977-08-10,0.00067,Married,2675,,2041-07-04,No,,,Permanent contract,94682.0,96963,Yes,2,,NA,1,Created
13233,2011-01-01,13233,Female,66,1945-02-06,0.009040000000000001,Widowed,0,,,No,,,Permanent contract,97725.0,-35940,No,0,,NA,1,Created
16860,2011-02-06,13233,Female,67,1945-02-06,0.009040000000000001,Widowed,0,,,No,,,Retired,68407.5,-35940,No,0,,NA,1,Life event: Retired
13234,2011-01-01,13234,Female,10,2001-05-30,0.0001,Single,0,,,No,,,Child,0.0,0,Yes,0,26.0,2027-03-24,1,Created
13235,2011-01-01,13235,Female,2,2009-12-10,0.00015,Single,0,,,Yes,27.0,2036-07-17,Child,0.0,0,Yes,0,24.0,2033-11-01,1,Created
13236,2011-01-01,13236,Female,21,1990-01-10,0.00016,Single,0,,,No,,,Flexible contract,54445.0,400875,Yes,0,26.0,2016-11-05,1,Created
13237,2011-01-01,13237,Female,74,1937-01-14,0.0185,Married,2755,,2022-05-17,Yes,,,Retired,11196.0,32,Yes,1,,NA,1,Created
13238,2011-01-01,13238,Male,37,1974-09-29,0.00082,Single,0,,,Yes,58.0,2032-05-27,Flexible contract,29850.0,47662,Yes,0,,NA,1,Created
13239,2011-01-01,13239,Male,52,1959-07-15,0.00314,Married,2676,,2038-07-14,Yes,,,Entrepreneur without personnel,8350.0,419336,Yes,2,,NA,1,Created
13240,2011-01-01,13240,Male,29,1982-03-09,0.0005200000000000001,Single,0,,,Yes,40.0,2022-09-28,Entrepreneur without personnel,9863.0,68925,No,0,,NA,1,Created
13241,2011-01-01,13241,Female,34,1977-06-27,0.00037,Married,2756,,2044-07-18,No,,,Entrepreneur without personnel,42626.0,2930,No,3,34.0,2011-06-29,1,Created
17586,2011-06-29,13241,Female,35,1977-06-27,0.00037,Married,2756,,2044-07-18,No,,,Entrepreneur without personnel,42626.0,2930,No,2,34,2011-06-29,1,Life event: Children born
13242,2011-01-01,13242,Male,32,1979-04-01,0.00059,Married,2677,,2018-04-28,No,,,Permanent contract,6963.0,413,Yes,1,,NA,1,Created
13243,2011-01-01,13243,Male,8,2003-03-27,9e-05,Single,0,,,Yes,32.0,2035-03-22,Child,0.0,0,Yes,0,,NA,1,Created
13244,2011-01-01,13244,Female,23,1988-12-30,0.0001,Single,0,,,No,,,Flexible contract,11625.0,92173,Yes,0,34.0,2022-03-21,1,Created
13245,2011-01-01,13245,Female,42,1969-08-18,0.001,Divorced,0,,,No,,,Flexible contract,75296.0,18706,Yes,0,,NA,1,Created
13246,2011-01-01,13246,Male,47,1964-04-01,0.00186,Single,0,,,Yes,34.0,,Entrepreneur with personel,24688.0,191449,Yes,0,,NA,1,Created
13247,2011-01-01,13247,Female,29,1982-02-11,0.00032,Single,0,,,No,,,Entrepreneur without personnel,171042.0,148161,No,0,,NA,1,Created
13248,2011-01-01,13248,Male,65,1946-08-08,0.01141,Married,2678,,2064-05-27,No,,,Entrepreneur without personnel,38436.0,472641,Yes,1,,NA,1,Created
17762,2011-08-08,13248,Male,66,1946-08-08,0.01141,Married,2678,,2064-05-27,No,,,Retired,26905.199999999997,472641,Yes,1,,NA,1,Life event: Retired
13249,2011-01-01,13249,Male,16,1995-07-20,0.00029,Single,0,,,Yes,59.0,2054-10-15,Child,0.0,0,No,0,,NA,1,Created
18948,2012-07-20,13249,Male,18,1995-07-20,0.00029,Single,0,,,Yes,87,2081-10-01,Permanent contract,23784.0,193642,No,0,,NA,1,Life event: Adulthood
13250,2011-01-01,13250,Female,36,1975-11-12,0.00049,Single,0,,,No,,,Permanent contract,13361.0,419350,No,0,36.0,2011-07-21,1,Created
13251,2011-01-01,13251,Male,79,1932-08-20,0.05364,Married,2679,,2016-03-21,Yes,,,Retired,4851.0,8585,Yes,2,,NA,1,Created
13252,2011-01-01,13252,Female,78,1933-12-20,0.02817,Married,2757,,2046-10-24,Yes,,,Retired,44993.0,176981,No,2,,NA,1,Created
13253,2011-01-01,13253,Female,65,1946-12-19,0.007559999999999999,Divorced,0,,,No,,,Entrepreneur with personel,21109.0,-17441,No,0,,NA,1,Created
18321,2011-12-19,13253,Female,66,1946-12-19,0.007559999999999999,Divorced,0,,,No,,,Retired,14776.3,-17441,No,0,,NA,1,Life event: Retired
13254,2011-01-01,13254,Male,9,2002-06-01,0.00014,Single,0,,,Yes,25.0,2027-09-15,Child,0.0,0,No,0,,NA,1,Created
13255,2011-01-01,13255,Female,20,1991-09-18,0.00018,Single,0,,,No,,,Permanent contract,41208.0,30158,No,0,27.0,2018-12-07,1,Created
13256,2011-01-01,13256,Male,25,1986-08-04,0.00033999999999999997,Married,2680,,2051-04-15,Yes,,,Permanent contract,2442.0,749113,No,2,,NA,1,Created
13257,2011-01-01,13257,Female,78,1933-09-08,0.02817,Married,2758,,2047-01-26,Yes,,,Retired,15560.0,222530,No,2,,NA,1,Created
13258,2011-01-01,13258,Male,62,1949-01-16,0.008409999999999999,Single,0,,,Yes,25.0,,Flexible contract,57163.0,133567,Yes,0,,NA,1,Created
13259,2011-01-01,13259,Male,51,1960-10-20,0.00301,Married,2681,,2025-11-25,Yes,,,Entrepreneur with personel,49299.0,112574,No,2,,NA,1,Created
13260,2011-01-01,13260,Female,23,1988-10-09,0.0001,Single,0,,,No,,,Permanent contract,45988.0,25024,No,0,24.0,2012-11-07,1,Created
13261,2011-01-01,13261,Female,13,1998-08-05,0.00011999999999999999,Single,0,,,No,,,Child,0.0,0,No,0,25.0,2023-11-25,1,Created
13262,2011-01-01,13262,Female,46,1965-07-31,0.00134,Divorced,0,,,No,,,Permanent contract,93335.0,7958,No,0,,NA,1,Created
13263,2011-01-01,13263,Male,52,1959-04-27,0.00314,Divorced,0,,,No,,,Permanent contract,18069.0,-22150,Yes,0,,NA,1,Created
13264,2011-01-01,13264,Female,58,1953-07-06,0.00448,Married,2759,,2012-09-01,Yes,,,Permanent contract,7491.0,299325,Yes,1,,NA,1,Created
19061,2012-09-01,13264,Female,60,1953-07-06,0.00448,Divorced,2759,,2012-09-01,Yes,,,Permanent contract,7491.0,299325,Yes,1,,NA,1,Life event: Divorced
13265,2011-01-01,13265,Female,76,1935-11-16,0.02337,Married,2760,,2059-05-12,No,,,Retired,32457.0,21188,Yes,2,,NA,1,Created
13266,2011-01-01,13266,Female,15,1996-07-10,8e-05,Single,0,,,No,,,Child,0.0,0,No,0,32.0,2028-09-09,1,Created
13267,2011-01-01,13267,Female,77,1934-10-30,0.0259,Widowed,0,,,No,,,Retired,50934.0,17330,No,0,,NA,1,Created
13268,2011-01-01,13268,Female,57,1954-05-11,0.00387,Married,2761,,2044-06-07,Yes,,,Flexible contract,39447.0,20273,Yes,2,,NA,1,Created
13269,2011-01-01,13269,Male,56,1955-05-02,0.0052,Married,2682,,2015-04-29,Yes,,,Permanent contract,18479.0,21450,No,1,,NA,1,Created
13270,2011-01-01,13270,Male,18,1993-05-17,0.00032,Single,0,,,No,,,Permanent contract,8146.0,917,Yes,0,,NA,1,Created
13271,2011-01-01,13271,Female,76,1935-08-21,0.02337,Married,2762,,2013-12-29,Yes,,,Retired,1239.0,17869,Yes,2,,NA,1,Created
13272,2011-01-01,13272,Male,43,1968-05-17,0.00103,Married,2683,,2039-08-01,Yes,,,Permanent contract,15488.0,3185,Yes,2,,NA,1,Created
13273,2011-01-01,13273,Male,21,1990-05-26,0.00045,Single,0,,,No,,,Flexible contract,7913.0,250476,Yes,0,,NA,1,Created
13274,2011-01-01,13274,Female,19,1992-03-13,0.00014,Single,0,,,Yes,63.0,2055-06-05,Flexible contract,18402.0,11370,Yes,0,33.0,2025-01-22,1,Created
13275,2011-01-01,13275,Male,42,1969-01-23,0.00128,Divorced,0,,,No,,,Permanent contract,19237.0,303336,Yes,0,,NA,1,Created
13276,2011-01-01,13276,Female,12,1999-12-11,5e-05,Single,0,,,Yes,21.0,2020-01-06,Child,0.0,0,No,0,36.0,2035-07-10,1,Created
13277,2011-01-01,13277,Male,56,1955-09-02,0.0052,Married,2684,,2057-08-02,Yes,,,Permanent contract,27970.0,-2092,Yes,2,,NA,1,Created
13278,2011-01-01,13278,Male,59,1952-11-15,0.00717,Divorced,0,,,No,,,Permanent contract,25223.0,-49648,No,0,,NA,1,Created
13279,2011-01-01,13279,Male,13,1998-12-26,0.00014,Single,0,,,No,,,Child,0.0,0,No,0,,NA,1,Created
13280,2011-01-01,13280,Male,70,1941-03-24,0.01932,Married,2685,,2041-03-06,No,,,Retired,7964.0,4416,No,1,,NA,1,Created
13281,2011-01-01,13281,Male,2,2009-09-24,0.00021,Single,0,,,Yes,25.0,2034-04-20,Child,0.0,0,Yes,0,,NA,1,Created
13282,2011-01-01,13282,Female,38,1973-08-01,0.00063,Married,2763,,2013-03-29,No,,,Unemployed,8801.0,126276,No,1,,NA,1,Created
17747,2011-08-05,13282,Female,39,1973-08-01,0.00063,Widowed,2763,,2013-03-29,No,,,Unemployed,8801.0,126276,No,1,,NA,1,Life event: Widowed
13283,2011-01-01,13283,Male,9,2002-12-08,0.00014,Single,0,,,Yes,25.0,2027-11-06,Child,0.0,0,No,0,,NA,1,Created
13284,2011-01-01,13284,Female,56,1955-08-20,0.0041,Single,0,,,No,,,Permanent contract,33556.0,-38402,Yes,0,,NA,1,Created
13285,2011-01-01,13285,Female,30,1981-10-06,0.00027,Single,0,,,No,,,Permanent contract,2520.0,319464,No,0,,NA,1,Created
13286,2011-01-01,13286,Female,60,1951-01-05,0.00541,Married,2764,,2057-10-13,Yes,,,Permanent contract,37342.0,20826,No,2,,NA,1,Created
13287,2011-01-01,13287,Male,16,1995-02-26,0.00029,Single,0,,,Yes,21.0,2016-01-28,Child,0.0,0,No,0,,NA,1,Created
18550,2012-02-26,13287,Male,18,1995-02-26,0.00029,Single,0,,,No,,,Unemployed,18891.0,-2387,No,0,,NA,1,Life event: Adulthood
13288,2011-01-01,13288,Female,89,1922-07-15,0.11775999999999999,Widowed,0,,,No,,,Retired,18529.0,28785,Yes,0,,NA,1,Created
13289,2011-01-01,13289,Male,23,1988-08-04,0.00039,Single,0,,,No,,,Flexible contract,1301.0,951060,Yes,0,,NA,1,Created
13290,2011-01-01,13290,Male,6,2005-01-10,5.9999999999999995e-05,Single,0,,,No,,,Child,0.0,0,No,0,,NA,1,Created
13291,2011-01-01,13291,Female,13,1998-10-31,0.00011999999999999999,Single,0,,,Yes,91.0,2089-01-26,Child,0.0,0,Yes,0,34.0,2032-04-27,1,Created
13292,2011-01-01,13292,Male,99,1912-06-22,0.39916999999999997,Widowed,0,,,Yes,,,Retired,3802.0,844,Yes,0,,NA,1,Created
13293,2011-01-01,13293,Female,51,1960-11-02,0.0023899999999999998,Married,2765,,2046-07-12,Yes,,,Unemployed,3671.0,36136,No,1,,NA,1,Created
13294,2011-01-01,13294,Female,38,1973-03-10,0.00063,Single,0,,,Yes,20.0,,Flexible contract,32282.0,105207,No,0,,NA,1,Created
13295,2011-01-01,13295,Male,14,1997-08-21,0.00014,Single,0,,,No,,,Child,0.0,0,Yes,0,,NA,1,Created
13296,2011-01-01,13296,Female,72,1939-03-14,0.01411,Married,2766,,2011-07-12,No,,,Retired,2431.0,389345,No,2,,NA,1,Created
17641,2011-07-12,13296,Female,73,1939-03-14,0.01411,Divorced,2766,,2011-07-12,No,,,Retired,2431.0,389345,No,2,,NA,1,Life event: Divorced
18182,2011-11-14,13296,Female,73,1939-03-14,0.01411,Divorced,2766,,2011-07-12,No,,,Retired,2431.0,389345,No,2,,NA,0,Life event: Deceased
13297,2011-01-01,13297,Female,16,1995-04-27,8e-05,Single,0,,,Yes,30.0,2025-09-07,Child,0.0,0,Yes,0,23.0,2018-07-07,1,Created
18699,2012-04-27,13297,Female,18,1995-04-27,8e-05,Single,0,,,No,,,Permanent contract,29899.0,30804,Yes,0,23,2018-07-07,1,Life event: Adulthood
13298,2011-01-01,13298,Male,102,1909-03-28,1.0,Widowed,0,,,Yes,,,Retired,15497.0,73669,Yes,0,,NA,1,Created
19240,2012-11-13,13298,Male,104,1909-03-28,1.0,Widowed,0,,,Yes,,,Retired,15497.0,73669,Yes,0,,NA,0,Life event: Deceased
13299,2011-01-01,13299,Female,68,1943-01-31,0.00983,Married,2767,,2043-08-11,No,,,Retired,45069.0,392051,Yes,2,,NA,1,Created
13300,2011-01-01,13300,Female,57,1954-09-12,0.00387,Married,2768,,2060-08-24,Yes,,,Flexible contract,4720.0,354,No,2,,NA,1,Created
13301,2011-01-01,13301,Female,48,1963-06-01,0.0018800000000000002,Married,2769,,2016-10-24,Yes,,,Entrepreneur without personnel,47201.0,11628,Yes,2,,NA,1,Created
13302,2011-01-01,13302,Female,13,1998-07-04,0.00011999999999999999,Single,0,,,Yes,25.0,2023-03-07,Child,0.0,0,Yes,0,29.0,2027-07-05,1,Created
13303,2011-01-01,13303,Female,62,1949-09-21,0.0057399999999999994,Widowed,0,,,Yes,,,Flexible contract,7007.0,-2620,No,0,,NA,1,Created
13304,2011-01-01,13304,Female,18,1993-07-19,0.00023999999999999998,Single,0,,,No,,,Unemployed,19865.0,760,No,0,40.0,2033-09-21,1,Created
13305,2011-01-01,13305,Male,62,1949-03-09,0.008409999999999999,Married,2686,,2061-01-24,No,,,Permanent contract,50907.0,962,Yes,3,,NA,1,Created
13306,2011-01-01,13306,Male,29,1982-09-11,0.0005200000000000001,Single,0,,,Yes,45.0,2027-09-15,Unemployed,23333.0,140357,Yes,0,,NA,1,Created
13307,2011-01-01,13307,Female,9,2002-04-18,2.9999999999999997e-05,Single,0,,,No,,,Child,0.0,0,No,0,26.0,2028-02-28,1,Created
13308,2011-01-01,13308,Male,60,1951-04-26,0.006840000000000001,Married,2687,,2033-11-01,Yes,,,Permanent contract,19140.0,320096,No,2,,NA,1,Created
13309,2011-01-01,13309,Male,50,1961-01-24,0.00257,Married,2688,,2029-11-04,Yes,,,Flexible contract,6398.0,-30972,No,2,,NA,1,Created
13310,2011-01-01,13310,Male,6,2005-06-02,5.9999999999999995e-05,Single,0,,,Yes,30.0,2035-11-29,Child,0.0,0,Yes,0,,NA,1,Created
13311,2011-01-01,13311,Male,53,1958-11-08,0.0033299999999999996,Married,2689,,2029-07-07,Yes,,,Flexible contract,17003.0,5412,No,1,,NA,1,Created
13312,2011-01-01,13312,Female,45,1966-01-25,0.00134,Married,2770,,2034-10-23,No,,,Entrepreneur without personnel,25545.0,227901,No,1,,NA,1,Created
13313,2011-01-01,13313,Female,31,1980-08-13,0.00029,Single,0,,,No,,,Permanent contract,7918.0,-39701,No,0,,NA,1,Created
13314,2011-01-01,13314,Female,66,1945-12-27,0.009040000000000001,Married,2771,,2027-02-11,No,,,Flexible contract,17060.0,11624,No,1,,NA,1,Created
18374,2011-12-27,13314,Female,67,1945-12-27,0.009040000000000001,Married,2771,,2027-02-11,No,,,Retired,11942.0,11624,No,1,,NA,1,Life event: Retired
13315,2011-01-01,13315,Male,63,1948-05-06,0.00945,Married,2690,,2014-05-07,No,,,Permanent contract,1764.0,339,Yes,2,,NA,1,Created
18726,2012-05-06,13315,Male,65,1948-05-06,0.00945,Married,2690,,2014-05-07,No,,,Retired,1234.8,339,Yes,2,,NA,1,Life event: Retired
13316,2011-01-01,13316,Female,51,1960-02-23,0.0023899999999999998,Married,2772,,2030-04-20,No,,,Permanent contract,35958.0,-43686,No,1,,NA,1,Created
13317,2011-01-01,13317,Female,70,1941-02-11,0.01252,Married,2773,,2012-11-20,No,,,Retired,5550.0,298967,Yes,1,,NA,1,Created
19260,2012-11-20,13317,Female,72,1941-02-11,0.01252,Divorced,2773,,2012-11-20,No,,,Retired,5550.0,298967,Yes,1,,NA,1,Life event: Divorced
13318,2011-01-01,13318,Male,19,1992-01-29,0.00033,Single,0,,,No,,,Permanent contract,22195.0,192603,Yes,0,,NA,1,Created
13319,2011-01-01,13319,Female,11,2000-10-29,7e-05,Single,0,,,No,,,Child,0.0,0,No,0,32.0,2032-07-22,1,Created
13320,2011-01-01,13320,Male,41,1970-08-08,0.0008900000000000001,Single,0,,,Yes,22.0,,Entrepreneur with personel,21384.0,110869,Yes,0,,NA,1,Created
13321,2011-01-01,13321,Female,9,2002-11-11,2.9999999999999997e-05,Single,0,,,No,,,Child,0.0,0,Yes,0,24.0,2026-09-06,1,Created
13322,2011-01-01,13322,Female,36,1975-06-28,0.00049,Single,0,,,No,,,Permanent contract,100559.0,455934,No,0,,NA,1,Created
13323,2011-01-01,13323,Male,27,1984-11-19,0.00044,Single,0,,,Yes,39.0,2023-03-28,Permanent contract,47522.0,16094,Yes,0,,NA,1,Created
13324,2011-01-01,13324,Female,8,2003-03-08,2.9999999999999997e-05,Single,0,,,No,,,Child,0.0,0,Yes,0,26.0,2029-08-26,1,Created
13325,2011-01-01,13325,Male,26,1985-04-17,1.0,Single,0,,,Yes,25.0,,Permanent contract,5602.0,-3969,Yes,0,,NA,1,Created
17142,2011-03-29,13325,Male,26,1985-04-17,1.0,Single,0,,,Yes,25,,Permanent contract,5602.0,-3969,Yes,0,,NA,0,Life event: Deceased
13326,2011-01-01,13326,Female,96,1915-02-11,0.24602,Widowed,0,,,No,,,Retired,11689.0,-881,Yes,0,,NA,1,Created
13327,2011-01-01,13327,Female,56,1955-07-28,0.0041,Married,2774,,2046-07-30,Yes,,,Permanent contract,3616.0,29893,Yes,3,,NA,1,Created
13328,2011-01-01,13328,Male,1,2010-05-12,0.00056,Single,0,,,Yes,24.0,2034-08-11,Child,0.0,0,No,0,,NA,1,Created
13329,2011-01-01,13329,Male,78,1933-04-02,0.04668,Married,2691,,2020-03-27,Yes,,,Retired,19101.0,193955,No,3,,NA,1,Created
13330,2011-01-01,13330,Female,60,1951-08-14,0.00541,Married,2775,,2039-04-21,Yes,,,Permanent contract,17673.0,-13646,Yes,1,,NA,1,Created
13331,2011-01-01,13331,Female,62,1949-04-12,0.0057399999999999994,Divorced,0,,,No,,,Permanent contract,18843.0,434198,Yes,0,,NA,1,Created
13332,2011-01-01,13332,Female,10,2001-09-27,0.0001,Single,0,,,No,,,Child,0.0,0,Yes,0,36.0,2037-08-13,1,Created
13333,2011-01-01,13333,Female,44,1967-12-01,0.00107,Single,0,,,No,,,Entrepreneur with personel,88569.0,6603,No,0,,NA,1,Created
13334,2011-01-01,13334,Female,42,1969-01-12,0.001,Married,2776,,2021-09-09,No,,,Entrepreneur without personnel,13516.0,76865,No,2,,NA,1,Created
13335,2011-01-01,13335,Male,53,1958-09-30,0.0033299999999999996,Married,2692,,2052-01-25,No,,,Family business,72709.0,352389,No,1,,NA,1,Created
13336,2011-01-01,13336,Female,80,1931-05-22,0.03682,Married,2777,,2020-02-19,No,,,Retired,4160.0,1863,No,2,,NA,1,Created
13337,2011-01-01,13337,Female,48,1963-08-10,0.0018800000000000002,Married,2778,,2023-07-12,No,,,Permanent contract,30216.0,3726252,Yes,1,,NA,1,Created
13338,2011-01-01,13338,Male,23,1988-05-27,0.00039,Single,0,,,Yes,35.0,2023-05-05,Permanent contract,9390.0,154748,Yes,0,,NA,1,Created
13339,2011-01-01,13339,Male,35,1976-09-17,0.00055,Married,2693,,2075-06-14,No,,,Permanent contract,30834.0,88837,No,2,,NA,1,Created
13340,2011-01-01,13340,Male,57,1954-12-15,0.00572,Married,2694,,2056-11-03,Yes,,,Flexible contract,4235.0,3358,No,2,,NA,1,Created
13341,2011-01-01,13341,Female,49,1962-05-14,0.00193,Single,0,,,No,,,Permanent contract,24120.0,275952,Yes,0,,NA,1,Created
13342,2011-01-01,13342,Female,41,1970-05-23,0.0007700000000000001,Married,2779,,2049-04-13,No,,,Entrepreneur without personnel,32393.0,89,Yes,2,,NA,1,Created
13343,2011-01-01,13343,Female,8,2003-12-14,2.9999999999999997e-05,Single,0,,,No,,,Child,0.0,0,Yes,0,33.0,2036-04-12,1,Created
13344,2011-01-01,13344,Female,46,1965-05-15,0.00134,Married,2780,,2048-07-03,No,,,Permanent contract,14916.0,-7611,Yes,2,,NA,1,Created
13345,2011-01-01,13345,Male,12,1999-07-16,0.00011,Single,0,,,Yes,44.0,2043-10-15,Child,0.0,0,Yes,0,,NA,1,Created
13346,2011-01-01,13346,Male,40,1971-03-14,0.0009400000000000001,Married,2695,,2027-02-08,No,,,Entrepreneur without personnel,14653.0,387755,Yes,2,,NA,1,Created
13347,2011-01-01,13347,Male,49,1962-08-11,0.00242,Divorced,0,,,Yes,,,Permanent contract,87066.0,651722,Yes,0,,NA,1,Created
13348,2011-01-01,13348,Female,54,1957-05-30,0.00313,Single,0,,,No,,,Unemployed,16422.0,27084,No,0,,NA,1,Created
13349,2011-01-01,13349,Female,17,1994-09-20,0.0001,Single,0,,,Yes,35.0,2029-08-30,Child,0.0,0,No,0,36.0,2030-10-06,1,Created
17955,2011-09-20,13349,Female,18,1994-09-20,0.0001,Single,0,,,No,,,Entrepreneur without personnel,45663.0,434823,No,0,36,2030-10-06,1,Life event: Adulthood
13350,2011-01-01,13350,Male,96,1915-02-20,0.30168,Widowed,0,,,No,,,Retired,33938.0,847511,No,0,,NA,1,Created
18161,2011-11-09,13350,Male,97,1915-02-20,0.30168,Widowed,0,,,No,,,Retired,33938.0,847511,No,0,,NA,0,Life event: Deceased
13351,2011-01-01,13351,Male,72,1939-09-26,0.02384,Married,2696,,2034-07-01,Yes,,,Retired,34456.0,551697,No,1,,NA,1,Created
13352,2011-01-01,13352,Male,14,1997-09-03,0.00014,Single,0,,,No,,,Child,0.0,0,Yes,0,,NA,1,Created
13353,2011-01-01,13353,Male,12,1999-11-14,0.00011,Single,0,,,No,,,Child,0.0,0,Yes,0,,NA,1,Created
13354,2011-01-01,13354,Male,11,2000-06-26,9e-05,Single,0,,,Yes,50.0,2050-06-03,Child,0.0,0,No,0,,NA,1,Created
13355,2011-01-01,13355,Male,8,2003-01-21,9e-05,Single,0,,,No,,,Child,0.0,0,Yes,0,,NA,1,Created
13356,2011-01-01,13356,Female,63,1948-02-12,0.00672,Married,2781,,2019-05-07,No,,,Permanent contract,42320.0,4961583,Yes,2,,NA,1,Created
18517,2012-02-12,13356,Female,65,1948-02-12,0.00672,Married,2781,,2019-05-07,No,,,Retired,29623.999999999996,4961583,Yes,2,,NA,1,Life event: Retired
13357,2011-01-01,13357,Female,10,2001-06-11,0.0001,Single,0,,,No,,,Child,0.0,0,No,0,33.0,2034-12-07,1,Created
13358,2011-01-01,13358,Male,15,1996-04-26,0.00015,Single,0,,,Yes,40.0,2036-11-22,Child,0.0,0,No,0,,NA,1,Created
13359,2011-01-01,13359,Male,18,1993-05-30,0.00032,Single,0,,,Yes,31.0,2024-10-12,Permanent contract,1055.0,149425,Yes,0,,NA,1,Created
13360,2011-01-01,13360,Female,11,2000-12-21,7e-05,Single,0,,,No,,,Child,0.0,0,No,0,21.0,2021-12-07,1,Created
13361,2011-01-01,13361,Male,98,1913-07-27,0.33792,Divorced,0,,,No,,,Retired,21614.0,22844,Yes,0,,NA,1,Created
18474,2012-01-28,13361,Male,99,1913-07-27,0.33792,Divorced,0,,,No,,,Retired,21614.0,22844,Yes,0,,NA,0,Life event: Deceased
13362,2011-01-01,13362,Female,56,1955-07-05,0.0041,Single,0,,,No,,,Flexible contract,44881.0,7765,No,0,,NA,1,Created
13363,2011-01-01,13363,Male,28,1983-03-20,0.00045,Single,0,,,Yes,31.0,2014-02-17,Flexible contract,81964.0,13524,No,0,,NA,1,Created
13364,2011-01-01,13364,Female,25,1986-04-11,0.00022999999999999998,Single,0,,,Yes,44.0,2030-11-29,Flexible contract,45857.0,821590,No,0,32.0,2018-08-04,1,Created
13365,2011-01-01,13365,Female,69,1942-02-05,0.0108,Married,2782,,2015-04-08,Yes,,,Retired,26045.0,240707,No,2,,NA,1,Created
13366,2011-01-01,13366,Male,58,1953-04-30,0.00603,Married,2697,,2066-03-19,No,,,Permanent contract,34029.0,-2734,No,1,,NA,1,Created
13367,2011-01-01,13367,Male,16,1995-01-21,0.00029,Single,0,,,Yes,51.0,2046-01-17,Child,0.0,0,No,0,,NA,1,Created
18456,2012-01-21,13367,Male,18,1995-01-21,0.00029,Single,0,,,No,,,Permanent contract,34063.0,127370,No,0,,NA,1,Life event: Adulthood
13368,2011-01-01,13368,Male,33,1978-12-14,0.00047999999999999996,Married,2698,,2023-02-15,Yes,,,Permanent contract,23956.0,158716,No,2,,NA,1,Created
13369,2011-01-01,13369,Female,26,1985-04-08,1.0,Single,0,,,No,,,Permanent contract,39842.0,99414,Yes,0,30.0,2015-11-15,1,Created
16984,2011-02-26,13369,Female,26,1985-04-08,1.0,Single,0,,,No,,,Permanent contract,39842.0,99414,Yes,0,30,2015-11-15,0,Life event: Deceased
13370,2011-01-01,13370,Female,57,1954-06-30,0.00387,Married,2783,,2021-11-17,Yes,,,Permanent contract,26666.0,234617,Yes,3,,NA,1,Created
13371,2011-01-01,13371,Male,27,1984-05-12,0.00044,Single,0,,,Yes,32.0,2016-12-02,Flexible contract,23888.0,13636,No,0,,NA,1,Created
13372,2011-01-01,13372,Male,57,1954-06-03,0.00572,Married,2699,,2059-01-05,No,,,Flexible contract,41992.0,427358,Yes,2,,NA,1,Created
13373,2011-01-01,13373,Male,44,1967-08-27,0.0013599999999999999,Single,0,,,Yes,32.0,,Entrepreneur without personnel,3096.0,-22256,No,0,,NA,1,Created
13374,2011-01-01,13374,Male,61,1950-11-24,0.00747,Married,2700,,2029-11-04,No,,,Permanent contract,32285.0,23194,No,1,,NA,1,Created
13375,2011-01-01,13375,Male,60,1951-08-15,0.006840000000000001,Married,2701,,2026-01-26,Yes,,,Permanent contract,18406.0,117127,Yes,1,,NA,1,Created
13376,2011-01-01,13376,Female,4,2007-12-19,5.9999999999999995e-05,Single,0,,,Yes,29.0,2036-08-15,Child,0.0,0,No,0,35.0,2042-05-11,1,Created
13377,2011-01-01,13377,Female,101,1910-04-08,1.0,Single,0,,,No,,,Retired,36205.0,4616810,Yes,0,,NA,1,Created
17951,2011-09-19,13377,Female,102,1910-04-08,1.0,Single,0,,,No,,,Retired,36205.0,4616810,Yes,0,,NA,0,Life event: Deceased
13378,2011-01-01,13378,Male,40,1971-08-05,0.0009400000000000001,Married,2702,,2060-11-22,Yes,,,Entrepreneur without personnel,12750.0,35562,Yes,2,,NA,1,Created
13379,2011-01-01,13379,Female,50,1961-01-13,0.00225,Married,2784,,2024-10-02,No,,,Flexible contract,17817.0,9247,No,2,,NA,1,Created
13380,2011-01-01,13380,Female,31,1980-07-27,0.00029,Single,0,,,Yes,45.0,2025-08-12,Permanent contract,1356.0,871160,No,0,,NA,1,Created
13381,2011-01-01,13381,Male,34,1977-02-20,0.00067,Married,2703,,2018-10-16,Yes,,,Permanent contract,31209.0,397,Yes,1,,NA,1,Created
13382,2011-01-01,13382,Female,65,1946-04-22,0.007559999999999999,Married,2785,,2037-12-15,No,,,Flexible contract,150150.0,342258,Yes,3,,NA,1,Created
17246,2011-04-22,13382,Female,66,1946-04-22,0.007559999999999999,Married,2785,,2037-12-15,No,,,Retired,105105.0,342258,Yes,3,,NA,1,Life event: Retired
18870,2012-06-21,13382,Female,67,1946-04-22,0.007559999999999999,Married,2785,,2037-12-15,No,,,Retired,105105.0,342258,Yes,3,,NA,0,Life event: Deceased
13383,2011-01-01,13383,Male,56,1955-09-06,0.0052,Married,2704,,2012-11-17,No,,,Permanent contract,2494.0,2910,Yes,2,,NA,1,Created
19254,2012-11-17,13383,Male,58,1955-09-06,0.0052,Divorced,2704,,2012-11-17,No,,,Permanent contract,2494.0,2910,Yes,2,,NA,1,Life event: Divorced
13384,2011-01-01,13384,Female,25,1986-03-31,0.00022999999999999998,Single,0,,,Yes,27.0,2013-10-05,Permanent contract,39667.0,547,Yes,0,33.0,2019-11-28,1,Created
13385,2011-01-01,13385,Female,8,2003-10-27,2.9999999999999997e-05,Single,0,,,Yes,27.0,2030-03-05,Child,0.0,0,Yes,0,40.0,2043-02-12,1,Created
13386,2011-01-01,13386,Female,77,1934-06-09,0.0259,Married,2786,,2038-07-23,No,,,Retired,87649.0,497181,No,2,,NA,1,Created
13387,2011-01-01,13387,Female,56,1955-05-12,0.0041,Married,2787,,2044-12-08,No,,,Permanent contract,993.0,417897,No,1,,NA,1,Created
13388,2011-01-01,13388,Female,60,1951-05-09,0.00541,Married,2788,,2045-08-01,Yes,,,Permanent contract,6982.0,218523,Yes,2,,NA,1,Created
13389,2011-01-01,13389,Female,63,1948-09-27,0.00672,Married,2789,,2055-03-22,Yes,,,Entrepreneur without personnel,34932.0,88302,No,2,,NA,1,Created
19124,2012-09-27,13389,Female,65,1948-09-27,0.00672,Married,2789,,2055-03-22,Yes,,,Retired,24452.399999999998,88302,No,2,,NA,1,Life event: Retired
13390,2011-01-01,13390,Female,0,2011-12-18,0.0028899999999999998,Single,0,,,No,,,Child,0.0,0,No,0,37.0,2048-05-25,1,Created
13391,2011-01-01,13391,Female,0,2011-03-07,0.0028899999999999998,Single,0,,,Yes,26.0,2037-10-17,Child,0.0,0,No,0,34.0,2045-12-21,1,Created
13392,2011-01-01,13392,Female,2,2009-12-21,0.00015,Single,0,,,Yes,22.0,2031-09-07,Child,0.0,0,No,0,42.0,2051-07-24,1,Created
13393,2011-01-01,13393,Female,30,1981-11-12,0.00027,Married,2790,,2029-01-30,Yes,,,Flexible contract,23356.0,349,No,2,,NA,1,Created
13394,2011-01-01,13394,Male,23,1988-10-05,0.00039,Single,0,,,No,,,Permanent contract,13078.0,7188,No,0,,NA,1,Created
13395,2011-01-01,13395,Male,0,2011-02-16,0.0036200000000000004,Single,0,,,No,,,Child,0.0,0,Yes,0,,NA,1,Created
13396,2011-01-01,13396,Female,58,1953-02-14,0.00448,Married,2791,,2013-04-05,Yes,,,Entrepreneur without personnel,24433.0,243,Yes,2,,NA,1,Created
18296,2011-12-14,13396,Female,59,1953-02-14,0.00448,Widowed,2791,,2013-04-05,Yes,,,Entrepreneur without personnel,24433.0,243,Yes,2,,NA,1,Life event: Widowed
13397,2011-01-01,13397,Male,51,1960-11-07,0.00301,Married,2705,,2013-04-02,No,,,Permanent contract,26019.0,-4149,Yes,1,,NA,1,Created
13398,2011-01-01,13398,Male,47,1964-11-18,0.00186,Divorced,0,,,No,,,Entrepreneur without personnel,5476.0,195563,Yes,0,,NA,1,Created
13399,2011-01-01,13399,Male,27,1984-08-20,0.00044,Single,0,,,No,,,Flexible contract,1819.0,32562,No,0,,NA,1,Created
13400,2011-01-01,13400,Female,48,1963-08-19,0.0018800000000000002,Married,2792,,2052-10-31,No,,,Entrepreneur without personnel,12164.0,-3674,Yes,3,,NA,1,Created
13401,2011-01-01,13401,Female,63,1948-05-09,0.00672,Married,2793,,2054-10-12,No,,,Permanent contract,30804.0,-13265,No,1,,NA,1,Created
18737,2012-05-09,13401,Female,65,1948-05-09,0.00672,Married,2793,,2054-10-12,No,,,Retired,21562.8,-13265,No,1,,NA,1,Life event: Retired
13402,2011-01-01,13402,Male,64,1947-09-11,0.01097,Divorced,0,,,Yes,,,Flexible contract,35274.0,248,Yes,0,,NA,1,Created
17912,2011-09-11,13402,Male,65,1947-09-11,0.01097,Divorced,0,,,Yes,,,Retired,24691.8,248,Yes,0,,NA,1,Life event: Retired
13403,2011-01-01,13403,Male,81,1930-09-05,0.06966,Married,2706,,2026-11-24,Yes,,,Retired,34835.0,473059,Yes,2,,NA,1,Created
13404,2011-01-01,13404,Male,57,1954-01-29,0.00572,Single,0,,,No,,,Permanent contract,21842.0,4161,No,0,,NA,1,Created
13405,2011-01-01,13405,Female,49,1962-01-13,0.00193,Married,2794,,2055-09-01,No,,,Unemployed,44505.0,345430,Yes,1,,NA,1,Created
13406,2011-01-01,13406,Female,64,1947-01-13,0.00713,Widowed,0,,,Yes,,,Permanent contract,15662.0,157,Yes,0,,NA,1,Created
16733,2011-01-13,13406,Female,65,1947-01-13,0.00713,Widowed,0,,,Yes,,,Retired,10963.4,157,Yes,0,,NA,1,Life event: Retired
13407,2011-01-01,13407,Male,27,1984-10-31,0.00044,Single,0,,,Yes,30.0,2014-12-31,Permanent contract,17692.0,2586,Yes,0,,NA,1,Created
13408,2011-01-01,13408,Male,12,1999-11-04,0.00011,Single,0,,,No,,,Child,0.0,0,No,0,,NA,1,Created
13409,2011-01-01,13409,Male,58,1953-03-25,0.00603,Married,2707,,2072-04-15,Yes,,,Permanent contract,44661.0,4917527,Yes,2,,NA,1,Created
13410,2011-01-01,13410,Male,18,1993-09-09,0.00032,Single,0,,,Yes,32.0,2025-02-24,Permanent contract,1059.0,192085,Yes,0,,NA,1,Created
13411,2011-01-01,13411,Male,77,1934-10-31,0.0418,Married,2708,,2040-06-14,No,,,Retired,8220.0,440686,Yes,1,,NA,1,Created
13412,2011-01-01,13412,Female,29,1982-04-28,0.00032,Single,0,,,No,,,Permanent contract,86611.0,30768,No,0,34.0,2016-07-15,1,Created
13413,2011-01-01,13413,Male,64,1947-05-09,0.01097,Married,2709,,2047-02-25,Yes,,,Permanent contract,18846.0,31596,Yes,2,,NA,1,Created
17336,2011-05-09,13413,Male,65,1947-05-09,0.01097,Married,2709,,2047-02-25,Yes,,,Retired,13192.199999999999,31596,Yes,2,,NA,1,Life event: Retired
13414,2011-01-01,13414,Male,44,1967-03-09,0.0013599999999999999,Married,2710,,2012-04-10,No,,,Entrepreneur without personnel,1685.0,54523,No,1,,NA,1,Created
18661,2012-04-10,13414,Male,46,1967-03-09,0.0013599999999999999,Divorced,2710,,2012-04-10,No,,,Entrepreneur without personnel,1685.0,54523,No,1,,NA,1,Life event: Divorced
13415,2011-01-01,13415,Female,23,1988-11-15,0.0001,Single,0,,,No,,,Flexible contract,6259.0,-44913,Yes,0,35.0,2023-05-21,1,Created
13416,2011-01-01,13416,Female,27,1984-03-06,0.00025,Single,0,,,No,,,Family business,70209.0,378535,No,0,33.0,2017-11-10,1,Created
13417,2011-01-01,13417,Male,36,1975-10-16,0.0006,Married,2711,,2039-10-23,No,,,Flexible contract,38578.0,324155,Yes,2,,NA,1,Created
13418,2011-01-01,13418,Male,28,1983-07-15,0.00045,Single,0,,,No,,,Flexible contract,12574.0,29156,Yes,0,,NA,1,Created
13419,2011-01-01,13419,Female,26,1985-10-17,1.0,Married,2795,,2055-12-24,Yes,,,Flexible contract,73409.0,178367,No,2,,NA,1,Created
19228,2012-11-08,13419,Female,28,1985-10-17,1.0,Married,2795,,2055-12-24,Yes,,,Flexible contract,73409.0,178367,No,2,,NA,0,Life event: Deceased
13420,2011-01-01,13420,Male,15,1996-07-01,0.00015,Single,0,,,No,,,Child,0.0,0,No,0,,NA,1,Created
13421,2011-01-01,13421,Female,70,1941-11-07,0.01252,Married,2796,,2039-03-14,No,,,Retired,18347.0,39987,Yes,3,,NA,1,Created
13422,2011-01-01,13422,Male,7,2004-10-30,9e-05,Single,0,,,Yes,45.0,2049-06-13,Child,0.0,0,No,0,,NA,1,Created
13423,2011-01-01,13423,Male,7,2004-04-27,9e-05,Single,0,,,No,,,Child,0.0,0,Yes,0,,NA,1,Created
13424,2011-01-01,13424,Male,69,1942-04-09,0.01804,Divorced,0,,,No,,,Retired,88142.0,-27163,No,0,,NA,1,Created
13425,2011-01-01,13425,Female,27,1984-05-13,0.00025,Single,0,,,Yes,27.0,2011-11-17,Permanent contract,22498.0,-22354,No,0,31.0,2015-02-10,1,Created
18193,2011-11-17,13425,Female,28,1984-05-13,0.00025,Married,3469,2,2013-12-27,Yes,27,2011-11-17,Permanent contract,22498.0,-22354,No,0,31,2015-02-10,1,Life event: Married
13426,2011-01-01,13426,Female,16,1995-03-17,8e-05,Single,0,,,No,,,Child,0.0,0,No,0,28.0,2023-02-08,1,Created
18596,2012-03-17,13426,Female,18,1995-03-17,8e-05,Single,0,,,No,,,Permanent contract,87714.0,49543,No,0,28,2023-02-08,1,Life event: Adulthood
13427,2011-01-01,13427,Female,60,1951-06-22,0.00541,Married,2797,,2048-04-05,Yes,,,Permanent contract,41791.0,778848,No,3,,NA,1,Created
13428,2011-01-01,13428,Female,26,1985-12-26,1.0,Single,0,,,No,,,Permanent contract,93006.0,9312,Yes,0,33.0,2018-08-20,1,Created
18072,2011-10-20,13428,Female,26,1985-12-26,1.0,Single,0,,,No,,,Permanent contract,93006.0,9312,Yes,0,33,2018-08-20,0,Life event: Deceased
13429,2011-01-01,13429,Male,75,1936-02-09,0.033710000000000004,Widowed,0,,,Yes,,,Retired,76336.0,86931,No,0,,NA,1,Created
13430,2011-01-01,13430,Female,14,1997-07-24,9e-05,Single,0,,,Yes,35.0,2032-07-12,Child,0.0,0,Yes,0,32.0,2029-05-27,1,Created
13431,2011-01-01,13431,Male,50,1961-08-29,0.00257,Married,2712,,2013-08-03,No,,,Permanent contract,1207.0,208000,Yes,2,,NA,1,Created
13432,2011-01-01,13432,Male,1,2010-09-11,0.00056,Single,0,,,Yes,25.0,2035-01-29,Child,0.0,0,No,0,,NA,1,Created
13433,2011-01-01,13433,Female,3,2008-01-19,0.00013000000000000002,Single,0,,,No,,,Child,0.0,0,No,0,29.0,2037-02-12,1,Created
13434,2011-01-01,13434,Female,28,1983-12-26,0.00025,Single,0,,,Yes,30.0,2013-06-22,Permanent contract,1585.0,37676,No,0,31.0,2014-12-25,1,Created
13435,2011-01-01,13435,Male,51,1960-07-06,0.00301,Married,2713,,2026-11-27,No,,,Permanent contract,9234.0,158064,No,2,,NA,1,Created
13436,2011-01-01,13436,Male,13,1998-01-05,0.00014,Single,0,,,No,,,Child,0.0,0,Yes,0,,NA,1,Created
13437,2011-01-01,13437,Male,48,1963-08-06,0.0021100000000000003,Married,2714,,2013-12-17,No,,,Permanent contract,54750.0,447534,Yes,1,,NA,1,Created
13438,2011-01-01,13438,Male,51,1960-02-05,0.00301,Divorced,0,,,No,,,Permanent contract,12663.0,91552,No,0,,NA,1,Created
13439,2011-01-01,13439,Male,76,1935-04-05,0.0375,Married,2715,,2049-09-12,No,,,Retired,42921.0,506367,Yes,2,,NA,1,Created
13440,2011-01-01,13440,Female,99,1912-02-23,0.34497,Widowed,0,,,No,,,Retired,23478.0,-17958,Yes,0,,NA,1,Created
13441,2011-01-01,13441,Female,42,1969-06-27,0.001,Married,2798,,2049-03-08,No,,,Permanent contract,9027.0,13431,Yes,3,,NA,1,Created
13442,2011-01-01,13442,Female,2,2009-02-23,0.00015,Single,0,,,Yes,27.0,2036-05-21,Child,0.0,0,No,0,42.0,2051-09-16,1,Created
13443,2011-01-01,13443,Male,20,1991-08-27,0.00045,Single,0,,,No,,,Permanent contract,29515.0,180244,Yes,0,,NA,1,Created
13444,2011-01-01,13444,Male,19,1992-05-03,0.00033,Single,0,,,No,,,Permanent contract,5418.0,197751,Yes,0,,NA,1,Created
13445,2011-01-01,13445,Female,28,1983-08-16,0.00025,Single,0,,,No,,,Flexible contract,13795.0,-3171,No,0,30.0,2013-12-07,1,Created
13446,2011-01-01,13446,Female,36,1975-07-25,0.00049,Divorced,0,,,No,,,Permanent contract,13292.0,-12405,Yes,0,,NA,1,Created
13447,2011-01-01,13447,Female,27,1984-07-18,0.00025,Single,0,,,No,,,Permanent contract,86722.0,100290,No,0,,NA,1,Created
13448,2011-01-01,13448,Female,13,1998-01-04,0.00011999999999999999,Single,0,,,Yes,26.0,2024-10-21,Child,0.0,0,Yes,0,29.0,2027-08-16,1,Created
13449,2011-01-01,13449,Female,64,1947-01-17,0.00713,Married,2799,,2059-05-12,No,,,Permanent contract,49457.0,45533,No,3,,NA,1,Created
16756,2011-01-17,13449,Female,65,1947-01-17,0.00713,Married,2799,,2059-05-12,No,,,Retired,34619.899999999994,45533,No,3,,NA,1,Life event: Retired
13450,2011-01-01,13450,Male,57,1954-12-14,0.00572,Married,2716,,2012-04-23,Yes,,,Permanent contract,46933.0,8372,Yes,2,,NA,1,Created
18695,2012-04-23,13450,Male,58,1954-12-14,0.00572,Divorced,2716,,2012-04-23,Yes,,,Permanent contract,46933.0,8372,Yes,2,,NA,1,Life event: Divorced
13451,2011-01-01,13451,Female,26,1985-06-19,1.0,Single,0,,,Yes,26.0,2011-10-06,Permanent contract,88811.0,330697,Yes,0,31.0,2016-04-16,1,Created
17543,2011-06-20,13451,Female,27,1985-06-19,1.0,Single,0,,,Yes,26,2011-10-06,Permanent contract,88811.0,330697,Yes,0,31,2016-04-16,0,Life event: Deceased
13452,2011-01-01,13452,Male,62,1949-09-09,0.008409999999999999,Married,2717,,2056-07-11,Yes,,,Entrepreneur without personnel,38774.0,6681,No,2,,NA,1,Created
13453,2011-01-01,13453,Female,38,1973-06-23,0.00063,Married,2800,,2024-02-01,No,,,Permanent contract,59972.0,112370,Yes,1,,NA,1,Created
13454,2011-01-01,13454,Female,12,1999-09-12,5e-05,Single,0,,,No,,,Child,0.0,0,No,0,26.0,2025-04-16,1,Created
13455,2011-01-01,13455,Female,24,1987-11-26,0.00018999999999999998,Single,0,,,No,,,Permanent contract,26475.0,505165,Yes,0,31.0,2018-01-25,1,Created
13456,2011-01-01,13456,Male,12,1999-12-05,0.00011,Single,0,,,No,,,Child,0.0,0,Yes,0,,NA,1,Created
13457,2011-01-01,13457,Male,40,1971-02-02,0.0009400000000000001,Married,2718,,2029-11-18,No,,,Permanent contract,49432.0,391240,No,2,,NA,1,Created
13458,2011-01-01,13458,Female,15,1996-01-02,8e-05,Single,0,,,No,,,Child,0.0,0,Yes,0,24.0,2020-07-06,1,Created
13459,2011-01-01,13459,Male,56,1955-02-10,0.0052,Married,2719,,2028-11-05,Yes,,,Permanent contract,32759.0,6666,Yes,1,,NA,1,Created
13460,2011-01-01,13460,Female,24,1987-03-28,0.00018999999999999998,Single,0,,,No,,,Flexible contract,70813.0,1013,No,0,35.0,2022-07-26,1,Created
13461,2011-01-01,13461,Male,4,2007-11-21,0.00011,Single,0,,,No,,,Child,0.0,0,No,0,,NA,1,Created
13462,2011-01-01,13462,Female,43,1968-12-10,0.0009699999999999999,Divorced,0,,,No,,,Permanent contract,35826.0,147502,No,0,,NA,1,Created
13463,2011-01-01,13463,Female,0,2011-06-22,0.0028899999999999998,Single,0,,,No,,,Child,0.0,0,No,0,28.0,2039-01-30,1,Created
13464,2011-01-01,13464,Female,80,1931-01-23,0.03682,Married,2801,,2047-08-27,No,,,Retired,32259.0,21,Yes,2,,NA,1,Created
13465,2011-01-01,13465,Male,56,1955-04-07,0.0052,Married,2720,,2057-12-22,No,,,Flexible contract,19924.0,-3064,No,2,,NA,1,Created
13466,2011-01-01,13466,Female,6,2005-03-22,8e-05,Single,0,,,No,,,Child,0.0,0,Yes,0,35.0,2040-11-18,1,Created
13467,2011-01-01,13467,Male,17,1994-02-22,0.00022999999999999998,Single,0,,,Yes,21.0,2015-10-01,Child,0.0,0,Yes,0,,NA,1,Created
16952,2011-02-22,13467,Male,18,1994-02-22,0.00022999999999999998,Single,0,,,No,,,Unemployed,5320.0,3940,Yes,0,,NA,1,Life event: Adulthood
13468,2011-01-01,13468,Male,68,1943-09-05,0.01522,Married,2721,,2025-05-21,No,,,Retired,12123.0,106754,No,1,,NA,1,Created
13469,2011-01-01,13469,Male,56,1955-10-07,0.0052,Married,2722,,2019-11-04,Yes,,,Permanent contract,10177.0,112222,No,3,,NA,1,Created
13470,2011-01-01,13470,Female,80,1931-05-11,0.03682,Divorced,0,,,No,,,Retired,13457.0,875522,Yes,0,,NA,1,Created
13471,2011-01-01,13471,Female,16,1995-12-15,8e-05,Single,0,,,No,,,Child,0.0,0,Yes,0,25.0,2020-07-28,1,Created
19318,2012-12-15,13471,Female,18,1995-12-15,8e-05,Single,0,,,Yes,30,2024-08-17,Permanent contract,10312.0,-32585,Yes,0,25,2020-07-28,1,Life event: Adulthood
13472,2011-01-01,13472,Female,51,1960-08-06,0.0023899999999999998,Married,2802,,2017-10-24,No,,,Permanent contract,27345.0,201490,Yes,2,,NA,1,Created
13473,2011-01-01,13473,Male,3,2008-05-23,0.0002,Single,0,,,No,,,Child,0.0,0,Yes,0,,NA,1,Created
13474,2011-01-01,13474,Female,25,1986-10-15,0.00022999999999999998,Single,0,,,No,,,Permanent contract,13459.0,3121,Yes,0,,NA,1,Created
13475,2011-01-01,13475,Female,72,1939-02-07,0.01411,Married,2803,,2012-03-16,Yes,,,Retired,24689.0,30725,No,1,,NA,1,Created
18593,2012-03-16,13475,Female,74,1939-02-07,0.01411,Divorced,2803,,2012-03-16,Yes,,,Retired,24689.0,30725,No,1,,NA,1,Life event: Divorced
13476,2011-01-01,13476,Female,50,1961-02-09,0.00225,Married,2804,,2045-05-27,Yes,,,Permanent contract,68011.0,431330,No,1,,NA,1,Created
13477,2011-01-01,13477,Female,43,1968-06-07,0.0009699999999999999,Married,2805,,2021-12-25,Yes,,,Entrepreneur with personel,16057.0,193429,Yes,3,,NA,1,Created
13478,2011-01-01,13478,Female,75,1936-11-15,0.01986,Married,2806,,2026-12-16,Yes,,,Retired,10434.0,5648,Yes,2,,NA,1,Created
13479,2011-01-01,13479,Male,63,1948-09-06,0.00945,Married,2723,,2021-01-21,Yes,,,Permanent contract,10816.0,-22755,Yes,2,,NA,1,Created
19082,2012-09-06,13479,Male,65,1948-09-06,0.00945,Married,2723,,2021-01-21,Yes,,,Retired,7571.2,-22755,Yes,2,,NA,1,Life event: Retired
13480,2011-01-01,13480,Male,30,1981-12-20,0.00055,Married,2724,,2046-09-23,No,,,Permanent contract,9130.0,14477,No,3,,NA,1,Created
13481,2011-01-01,13481,Male,34,1977-02-25,0.00067,Single,0,,,Yes,49.0,2026-05-07,Permanent contract,16841.0,18024,No,0,,NA,1,Created
13482,2011-01-01,13482,Female,8,2003-03-28,2.9999999999999997e-05,Single,0,,,Yes,20.0,2023-01-07,Child,0.0,0,Yes,0,35.0,2038-05-11,1,Created
13483,2011-01-01,13483,Male,48,1963-07-16,0.0021100000000000003,Divorced,0,,,No,,,Permanent contract,16880.0,-10662,Yes,0,,NA,1,Created
13484,2011-01-01,13484,Female,54,1957-09-11,0.00313,Married,2807,,2056-07-11,No,,,Entrepreneur without personnel,30857.0,11411,Yes,1,,NA,1,Created
13485,2011-01-01,13485,Female,33,1978-04-07,0.00035,Married,2808,,2043-10-03,Yes,,,Flexible contract,26657.0,12991,Yes,1,,NA,1,Created
13486,2011-01-01,13486,Male,35,1976-11-10,0.00055,Single,0,,,No,,,Entrepreneur without personnel,27424.0,10814,Yes,0,,NA,1,Created
13487,2011-01-01,13487,Male,48,1963-11-05,0.0021100000000000003,Divorced,0,,,No,,,Permanent contract,43166.0,496053,No,0,,NA,1,Created
13488,2011-01-01,13488,Female,52,1959-10-09,0.00268,Widowed,0,,,Yes,,,Permanent contract,1105.0,2297,No,0,,NA,1,Created
13489,2011-01-01,13489,Male,2,2009-02-25,0.00021,Single,0,,,No,,,Child,0.0,0,No,0,,NA,1,Created
13490,2011-01-01,13490,Female,32,1979-02-12,0.00041,Single,0,,,Yes,36.0,2015-03-21,Entrepreneur without personnel,10352.0,342040,Yes,0,,NA,1,Created
13491,2011-01-01,13491,Male,4,2007-10-26,0.00011,Single,0,,,No,,,Child,0.0,0,Yes,0,,NA,1,Created
13492,2011-01-01,13492,Male,5,2006-03-05,9e-05,Single,0,,,Yes,5.0,2011-05-03,Child,0.0,0,Yes,0,,NA,1,Created
17295,2011-05-03,13492,Male,6,2006-03-05,9e-05,Married,3434,29,2040-10-02,Yes,5,2011-05-03,Child,0.0,0,Yes,0,,NA,1,Life event: Married
13493,2011-01-01,13493,Female,40,1971-09-28,0.0006900000000000001,Single,0,,,No,,,Permanent contract,90420.0,328258,Yes,0,,NA,1,Created
13494,2011-01-01,13494,Female,48,1963-09-06,0.0018800000000000002,Married,2809,,2028-07-12,Yes,,,Permanent contract,6856.0,2214,Yes,2,,NA,1,Created
13495,2011-01-01,13495,Female,64,1947-02-19,0.00713,Married,2810,,2036-05-20,Yes,,,Permanent contract,9153.0,48404,Yes,2,,NA,1,Created
16938,2011-02-19,13495,Female,65,1947-02-19,0.00713,Married,2810,,2036-05-20,Yes,,,Retired,6407.099999999999,48404,Yes,2,,NA,1,Life event: Retired
13496,2011-01-01,13496,Male,5,2006-07-09,9e-05,Single,0,,,No,,,Child,0.0,0,Yes,0,,NA,1,Created
13497,2011-01-01,13497,Female,62,1949-08-26,0.0057399999999999994,Married,2811,,2052-06-29,Yes,,,Permanent contract,14591.0,2272,No,1,,NA,1,Created
13498,2011-01-01,13498,Male,68,1943-08-18,0.01522,Divorced,0,,,Yes,,,Retired,37381.0,-46201,No,0,,NA,1,Created
13499,2011-01-01,13499,Female,52,1959-06-16,0.00268,Married,2812,,2031-06-08,Yes,,,Permanent contract,3807.0,35606,Yes,2,,NA,1,Created
13500,2011-01-01,13500,Female,46,1965-07-01,0.00134,Married,2813,,2027-08-09,No,,,Permanent contract,33815.0,25340,Yes,2,,NA,1,Created
13501,2011-01-01,13501,Male,43,1968-05-23,0.00103,Single,0,,,No,,,Permanent contract,29916.0,78292,No,0,,NA,1,Created
13502,2011-01-01,13502,Male,105,1906-12-27,1.0,Divorced,0,,,No,,,Retired,956.0,-43109,Yes,0,,NA,1,Created
17663,2011-07-17,13502,Male,105,1906-12-27,1.0,Divorced,0,,,No,,,Retired,956.0,-43109,Yes,0,,NA,0,Life event: Deceased
13503,2011-01-01,13503,Female,54,1957-04-15,0.00313,Widowed,0,,,No,,,Permanent contract,29583.0,117447,Yes,0,,NA,1,Created
13504,2011-01-01,13504,Female,22,1989-12-27,0.00023999999999999998,Single,0,,,No,,,Permanent contract,2209.0,269793,No,0,31.0,2020-01-03,1,Created
13505,2011-01-01,13505,Male,21,1990-03-20,0.00045,Single,0,,,Yes,21.0,2011-03-04,Permanent contract,4631.0,2968,No,0,,NA,1,Created
17019,2011-03-04,13505,Male,21,1990-03-20,0.00045,Married,3428,23,2034-08-20,Yes,21,2011-03-04,Permanent contract,4631.0,2968,No,0,,NA,1,Life event: Married
13506,2011-01-01,13506,Male,59,1952-08-22,0.00717,Married,2725,,2018-01-16,Yes,,,Permanent contract,39156.0,2531,No,1,,NA,1,Created
13507,2011-01-01,13507,Male,25,1986-09-25,0.00033999999999999997,Single,0,,,Yes,33.0,2019-09-11,Permanent contract,5721.0,290971,No,0,,NA,1,Created
13508,2011-01-01,13508,Female,55,1956-01-12,0.00372,Married,2814,,2056-03-28,Yes,,,Permanent contract,18436.0,3861,Yes,1,,NA,1,Created
13509,2011-01-01,13509,Male,59,1952-05-13,0.00717,Married,2726,,2022-10-27,No,,,Permanent contract,10294.0,1833,No,2,,NA,1,Created
13510,2011-01-01,13510,Female,47,1964-10-16,0.00168,Married,2815,,2045-09-16,No,,,Entrepreneur without personnel,63749.0,1242,Yes,1,,NA,1,Created
13511,2011-01-01,13511,Male,55,1956-05-20,0.00419,Married,2727,,2051-01-03,Yes,,,Unemployed,30546.0,92348,Yes,2,,NA,1,Created
13512,2011-01-01,13512,Male,30,1981-04-05,0.00055,Married,2728,,2027-10-25,No,,,Permanent contract,29340.0,-1590,No,1,,NA,1,Created
13513,2011-01-01,13513,Female,57,1954-07-29,0.00387,Single,0,,,No,,,Flexible contract,599.0,15450,Yes,0,,NA,1,Created
13514,2011-01-01,13514,Male,25,1986-02-05,0.00033999999999999997,Married,2729,,2057-08-12,Yes,,,Permanent contract,27286.0,187618,Yes,3,,NA,1,Created
13515,2011-01-01,13515,Female,17,1994-05-17,0.0001,Single,0,,,No,,,Child,0.0,0,Yes,0,29.0,2023-07-01,1,Created
17373,2011-05-17,13515,Female,18,1994-05-17,0.0001,Single,0,,,No,,,Permanent contract,31255.0,175675,Yes,0,29,2023-07-01,1,Life event: Adulthood
13516,2011-01-01,13516,Female,39,1972-05-26,0.00074,Married,2816,,2031-06-02,Yes,,,Permanent contract,4281.0,489779,No,1,,NA,1,Created
13517,2011-01-01,13517,Female,20,1991-08-30,0.00018,Single,0,,,Yes,49.0,2040-01-08,Permanent contract,19798.0,435705,No,0,23.0,2014-09-15,1,Created
13518,2011-01-01,13518,Male,71,1940-12-08,0.02034,Married,2730,,2055-07-20,No,,,Retired,19644.0,389880,Yes,3,,NA,1,Created
13519,2011-01-01,13519,Female,52,1959-08-01,0.00268,Divorced,0,,,No,,,Permanent contract,5881.0,637653,Yes,0,,NA,1,Created
13520,2011-01-01,13520,Female,18,1993-11-06,0.00023999999999999998,Single,0,,,No,,,Permanent contract,19588.0,353,Yes,0,34.0,2027-07-13,1,Created
13521,2011-01-01,13521,Female,33,1978-06-07,0.00035,Single,0,,,No,,,Permanent contract,18282.0,-29802,No,0,,NA,1,Created
13522,2011-01-01,13522,Female,50,1961-11-14,0.00225,Married,2817,,2077-12-10,No,,,Permanent contract,32126.0,301627,Yes,2,,NA,1,Created
18530,2012-02-19,13522,Female,51,1961-11-14,0.00225,Widowed,2817,,2077-12-10,No,,,Permanent contract,32126.0,301627,Yes,2,,NA,1,Life event: Widowed
13523,2011-01-01,13523,Male,75,1936-09-04,0.033710000000000004,Married,2731,,2047-03-18,Yes,,,Retired,17208.0,155462,Yes,2,,NA,1,Created
13524,2011-01-01,13524,Male,65,1946-02-17,0.01141,Married,2732,,2025-09-01,Yes,,,Permanent contract,10036.0,302510,Yes,2,,NA,1,Created
16925,2011-02-17,13524,Male,66,1946-02-17,0.01141,Married,2732,,2025-09-01,Yes,,,Retired,7025.2,302510,Yes,2,,NA,1,Life event: Retired
13525,2011-01-01,13525,Female,23,1988-02-02,0.0001,Single,0,,,No,,,Permanent contract,32225.0,390059,Yes,0,27.0,2015-12-23,1,Created
13526,2011-01-01,13526,Female,16,1995-01-23,8e-05,Single,0,,,Yes,53.0,2048-09-20,Child,0.0,0,Yes,0,34.0,2029-02-15,1,Created
18465,2012-01-23,13526,Female,18,1995-01-23,8e-05,Single,0,,,Yes,48,2042-02-13,Entrepreneur with personel,31860.0,-3482,Yes,0,34,2029-02-15,1,Life event: Adulthood
13527,2011-01-01,13527,Female,57,1954-11-18,0.00387,Divorced,0,,,No,,,Permanent contract,19773.0,153596,No,0,,NA,1,Created
13528,2011-01-01,13528,Female,40,1971-06-04,0.0006900000000000001,Married,2818,,2048-03-29,No,,,Flexible contract,17935.0,50720,Yes,2,,NA,1,Created
19113,2012-09-20,13528,Female,42,1971-06-04,0.0006900000000000001,Widowed,2818,,2048-03-29,No,,,Flexible contract,17935.0,50720,Yes,2,,NA,1,Life event: Widowed
13529,2011-01-01,13529,Female,6,2005-09-01,8e-05,Single,0,,,Yes,30.0,2035-03-03,Child,0.0,0,No,0,37.0,2042-02-06,1,Created
13530,2011-01-01,13530,Female,26,1985-04-11,1.0,Single,0,,,No,,,Permanent contract,42187.0,63017,Yes,0,30.0,2015-02-28,1,Created
18672,2012-04-15,13530,Female,28,1985-04-11,1.0,Single,0,,,No,,,Permanent contract,42187.0,63017,Yes,0,30,2015-02-28,0,Life event: Deceased
13531,2011-01-01,13531,Female,4,2007-04-30,5.9999999999999995e-05,Single,0,,,Yes,5.0,2012-02-06,Child,0.0,0,No,0,23.0,2030-04-22,1,Created
18500,2012-02-06,13531,Female,5,2007-04-30,5.9999999999999995e-05,Married,3475,5,2017-07-22,Yes,5,2012-02-06,Child,0.0,0,No,0,23,2030-04-22,1,Life event: Married
13532,2011-01-01,13532,Female,55,1956-04-12,0.00372,Married,2819,,2046-04-28,Yes,,,Permanent contract,72069.0,153249,No,2,,NA,1,Created
13533,2011-01-01,13533,Male,73,1938-02-22,0.0262,Married,2733,,2026-07-28,No,,,Retired,31033.0,160472,Yes,3,,NA,1,Created
13534,2011-01-01,13534,Male,72,1939-08-08,0.02384,Married,2734,,2045-03-18,Yes,,,Retired,47234.0,445192,Yes,2,,NA,1,Created
13535,2011-01-01,13535,Male,46,1965-01-16,0.00172,Married,2735,,2063-09-30,No,,,Permanent contract,98006.0,-26918,Yes,1,,NA,1,Created
13536,2011-01-01,13536,Female,8,2003-07-16,2.9999999999999997e-05,Single,0,,,Yes,25.0,2028-12-20,Child,0.0,0,Yes,0,32.0,2035-06-09,1,Created
13537,2011-01-01,13537,Female,30,1981-02-04,0.00027,Single,0,,,No,,,Flexible contract,8443.0,1808,Yes,0,39.0,2020-03-22,1,Created
13538,2011-01-01,13538,Male,12,1999-12-07,0.00011,Single,0,,,Yes,31.0,2030-11-16,Child,0.0,0,Yes,0,,NA,1,Created
13539,2011-01-01,13539,Female,43,1968-08-27,0.0009699999999999999,Married,2820,,2042-03-13,No,,,Permanent contract,7145.0,8804,No,2,,NA,1,Created
13540,2011-01-01,13540,Male,8,2003-04-03,9e-05,Single,0,,,No,,,Child,0.0,0,Yes,0,,NA,1,Created
13541,2011-01-01,13541,Female,23,1988-07-03,0.0001,Single,0,,,Yes,25.0,2013-01-30,Permanent contract,37268.0,9051,Yes,0,27.0,2015-04-11,1,Created
13542,2011-01-01,13542,Female,6,2005-12-21,8e-05,Single,0,,,No,,,Child,0.0,0,No,0,38.0,2043-04-15,1,Created
13543,2011-01-01,13543,Female,41,1970-01-31,0.0007700000000000001,Divorced,0,,,Yes,,,Permanent contract,60182.0,88704,Yes,0,,NA,1,Created
13544,2011-01-01,13544,Female,7,2004-03-13,7e-05,Single,0,,,Yes,32.0,2036-12-07,Child,0.0,0,Yes,0,24.0,2028-12-26,1,Created
13545,2011-01-01,13545,Male,9,2002-05-09,0.00014,Single,0,,,No,,,Child,0.0,0,Yes,0,,NA,1,Created
13546,2011-01-01,13546,Male,45,1966-08-10,0.0014199999999999998,Single,0,,,No,,,Permanent contract,32866.0,5290,Yes,0,,NA,1,Created
13547,2011-01-01,13547,Male,65,1946-03-17,0.01141,Married,2736,,2047-11-16,Yes,,,Flexible contract,5572.0,167555,No,1,,NA,1,Created
17083,2011-03-17,13547,Male,66,1946-03-17,0.01141,Married,2736,,2047-11-16,Yes,,,Retired,3900.3999999999996,167555,No,1,,NA,1,Life event: Retired
13548,2011-01-01,13548,Female,26,1985-10-08,1.0,Single,0,,,No,,,Permanent contract,49943.0,-29475,No,0,33.0,2018-05-16,1,Created
17149,2011-03-31,13548,Female,26,1985-10-08,1.0,Single,0,,,No,,,Permanent contract,49943.0,-29475,No,0,33,2018-05-16,0,Life event: Deceased
13549,2011-01-01,13549,Male,64,1947-08-14,0.01097,Married,2737,,2040-04-30,No,,,Entrepreneur without personnel,8415.0,-7158,Yes,2,,NA,1,Created
17799,2011-08-14,13549,Male,65,1947-08-14,0.01097,Married,2737,,2040-04-30,No,,,Retired,5890.5,-7158,Yes,2,,NA,1,Life event: Retired
13550,2011-01-01,13550,Female,13,1998-04-06,0.00011999999999999999,Single,0,,,No,,,Child,0.0,0,No,0,34.0,2032-03-15,1,Created
13551,2011-01-01,13551,Female,34,1977-06-08,0.00037,Single,0,,,Yes,34.0,2011-03-15,Permanent contract,7384.0,41906,Yes,0,,NA,1,Created
17067,2011-03-15,13551,Female,34,1977-06-08,0.00037,Married,3431,0,2011-04-17,Yes,34,2011-03-15,Permanent contract,7384.0,41906,Yes,0,,NA,1,Life event: Married
17227,2011-04-17,13551,Female,34,1977-06-08,0.00037,Divorced,3431,0,2011-04-17,Yes,34,2011-03-15,Permanent contract,7384.0,41906,Yes,0,,NA,1,Life event: Divorced
13552,2011-01-01,13552,Female,27,1984-01-09,0.00025,Single,0,,,Yes,65.0,2049-04-14,Flexible contract,28364.0,4331,Yes,0,31.0,2015-10-03,1,Created
13553,2011-01-01,13553,Female,37,1974-12-12,0.00057,Married,2821,,2025-08-10,Yes,,,Permanent contract,12779.0,137886,Yes,1,37.0,2011-11-14,1,Created
18183,2011-11-14,13553,Female,37,1974-12-12,0.00057,Married,2821,,2025-08-10,Yes,,,Permanent contract,12779.0,137886,Yes,2,37,2011-11-14,1,Life event: Children born
13554,2011-01-01,13554,Male,24,1987-06-14,0.00047999999999999996,Single,0,,,Yes,40.0,2027-01-31,Entrepreneur without personnel,10243.0,222983,Yes,0,,NA,1,Created
13555,2011-01-01,13555,Female,4,2007-01-25,5.9999999999999995e-05,Single,0,,,Yes,35.0,2042-12-14,Child,0.0,0,Yes,0,31.0,2038-06-02,1,Created
13556,2011-01-01,13556,Male,40,1971-08-12,0.0009400000000000001,Single,0,,,Yes,34.0,,Flexible contract,27869.0,82503,No,0,,NA,1,Created
18147,2011-11-07,13556,Male,41,1971-08-12,0.0009400000000000001,Single,0,,,Yes,34,,Flexible contract,27869.0,82503,No,0,,NA,0,Life event: Deceased
13557,2011-01-01,13557,Female,0,2011-09-21,0.0028899999999999998,Single,0,,,No,,,Child,0.0,0,Yes,0,34.0,2045-10-03,1,Created
13558,2011-01-01,13558,Female,60,1951-02-20,0.00541,Married,2822,,2030-11-12,No,,,Flexible contract,38856.0,41590,Yes,2,,NA,1,Created
13559,2011-01-01,13559,Female,7,2004-06-04,7e-05,Single,0,,,Yes,32.0,2036-11-01,Child,0.0,0,Yes,0,24.0,2028-06-13,1,Created
13560,2011-01-01,13560,Male,38,1973-09-04,0.0009599999999999999,Married,2738,,2011-08-16,Yes,,,Permanent contract,37882.0,135267,Yes,1,,NA,1,Created
17811,2011-08-16,13560,Male,38,1973-09-04,0.0009599999999999999,Divorced,2738,,2011-08-16,Yes,,,Permanent contract,37882.0,135267,Yes,1,,NA,1,Life event: Divorced
13561,2011-01-01,13561,Male,23,1988-01-21,0.00039,Single,0,,,No,,,Permanent contract,28358.0,424003,No,0,,NA,1,Created
13562,2011-01-01,13562,Female,100,1911-06-03,1.0,Widowed,0,,,No,,,Retired,39965.0,61193,No,0,,NA,1,Created
13563,2011-01-01,13563,Male,21,1990-07-11,0.00045,Single,0,,,No,,,Permanent contract,28689.0,339661,Yes,0,,NA,1,Created
13564,2011-01-01,13564,Female,18,1993-07-20,0.00023999999999999998,Single,0,,,Yes,31.0,2024-02-19,Unemployed,4423.0,549333,Yes,0,23.0,2016-02-08,1,Created
13565,2011-01-01,13565,Female,33,1978-05-25,0.00035,Single,0,,,Yes,21.0,,Flexible contract,2444.0,7925,No,0,42.0,2020-08-31,1,Created
13566,2011-01-01,13566,Female,65,1946-06-18,0.007559999999999999,Widowed,0,,,No,,,Permanent contract,26350.0,122328,Yes,0,,NA,1,Created
17531,2011-06-18,13566,Female,66,1946-06-18,0.007559999999999999,Widowed,0,,,No,,,Retired,18445.0,122328,Yes,0,,NA,1,Life event: Retired
13567,2011-01-01,13567,Female,41,1970-03-30,0.0007700000000000001,Married,2823,,2029-09-26,Yes,,,Permanent contract,9277.0,4019,No,1,,NA,1,Created
13568,2011-01-01,13568,Female,73,1938-11-11,0.01577,Divorced,0,,,No,,,Retired,15190.0,-32939,Yes,0,,NA,1,Created
13569,2011-01-01,13569,Male,69,1942-03-14,0.01804,Married,2739,,2037-12-13,No,,,Retired,27742.0,185097,Yes,2,,NA,1,Created
18601,2012-03-18,13569,Male,71,1942-03-14,0.01804,Widowed,2739,,2037-12-13,No,,,Retired,27742.0,185097,Yes,2,,NA,1,Life event: Widowed
13570,2011-01-01,13570,Male,32,1979-01-21,0.00059,Single,0,,,Yes,31.0,,Flexible contract,12055.0,68885,Yes,0,,NA,1,Created
13571,2011-01-01,13571,Female,40,1971-04-22,0.0006900000000000001,Married,2824,,2022-09-24,Yes,,,Entrepreneur with personel,40684.0,303046,Yes,2,,NA,1,Created
13572,2011-01-01,13572,Male,77,1934-02-07,0.0418,Single,0,,,No,,,Retired,11684.0,102796,Yes,0,,NA,1,Created
13573,2011-01-01,13573,Male,53,1958-11-05,0.0033299999999999996,Married,2740,,2021-03-16,Yes,,,Unemployed,10398.0,17058,No,1,,NA,1,Created
13574,2011-01-01,13574,Female,76,1935-01-31,0.02337,Single,0,,,No,,,Retired,9285.0,17110,Yes,0,,NA,1,Created
13575,2011-01-01,13575,Male,40,1971-02-09,0.0009400000000000001,Single,0,,,No,,,Permanent contract,26023.0,4219,No,0,,NA,1,Created
13576,2011-01-01,13576,Male,75,1936-12-17,0.033710000000000004,Married,2741,,2053-08-18,No,,,Retired,20087.0,314839,No,2,,NA,1,Created
13577,2011-01-01,13577,Female,35,1976-11-16,0.00033999999999999997,Single,0,,,No,,,Permanent contract,4810.0,670650,No,0,,NA,1,Created
13578,2011-01-01,13578,Male,39,1972-07-01,0.0008699999999999999,Married,2742,,2013-07-04,Yes,,,Entrepreneur with personel,12333.0,952422,Yes,2,,NA,1,Created
13579,2011-01-01,13579,Male,48,1963-08-21,0.0021100000000000003,Married,2743,,2035-12-02,No,,,Entrepreneur without personnel,44030.0,107862,Yes,2,,NA,1,Created
13580,2011-01-01,13580,Male,15,1996-02-28,0.00015,Single,0,,,No,,,Child,0.0,0,Yes,0,,NA,1,Created
13581,2011-01-01,13581,Male,69,1942-02-05,0.01804,Divorced,0,,,No,,,Retired,25055.0,8582,No,0,,NA,1,Created
13582,2011-01-01,13582,Female,5,2006-03-23,4e-05,Single,0,,,Yes,36.0,2042-09-15,Child,0.0,0,No,0,31.0,2037-01-09,1,Created
13583,2011-01-01,13583,Male,20,1991-11-13,0.00045,Single,0,,,No,,,Permanent contract,14805.0,191838,No,0,,NA,1,Created
13584,2011-01-01,13584,Male,13,1998-08-24,0.00014,Single,0,,,No,,,Child,0.0,0,Yes,0,,NA,1,Created
13585,2011-01-01,13585,Female,51,1960-11-17,0.0023899999999999998,Married,2825,,2033-07-14,Yes,,,Permanent contract,10555.0,542,Yes,3,,NA,1,Created
13586,2011-01-01,13586,Male,7,2004-04-19,9e-05,Single,0,,,Yes,40.0,2044-05-25,Child,0.0,0,No,0,,NA,1,Created
13587,2011-01-01,13587,Male,49,1962-12-07,0.00242,Married,2744,,2047-12-29,No,,,Permanent contract,6214.0,27060,Yes,1,,NA,1,Created
13588,2011-01-01,13588,Female,3,2008-05-07,0.00013000000000000002,Single,0,,,No,,,Child,0.0,0,No,0,32.0,2040-07-30,1,Created
13589,2011-01-01,13589,Female,76,1935-03-07,0.02337,Married,2826,,2051-02-28,No,,,Retired,43348.0,228,No,2,,NA,1,Created
13590,2011-01-01,13590,Male,40,1971-04-09,0.0009400000000000001,Married,2745,,2041-09-17,Yes,,,Permanent contract,80159.0,34625,Yes,1,,NA,1,Created
13591,2011-01-01,13591,Female,21,1990-09-23,0.00016,Single,0,,,No,,,Permanent contract,89511.0,556207,No,0,35.0,2025-04-12,1,Created
13592,2011-01-01,13592,Male,67,1944-04-17,0.01396,Married,2746,,2017-01-22,No,,,Permanent contract,17177.0,413,Yes,2,,NA,1,Created
17228,2011-04-17,13592,Male,68,1944-04-17,0.01396,Married,2746,,2017-01-22,No,,,Retired,12023.9,413,Yes,2,,NA,1,Life event: Retired
13593,2011-01-01,13593,Female,29,1982-02-06,0.00032,Single,0,,,Yes,25.0,,Permanent contract,25439.0,167381,Yes,0,30.0,2012-01-23,1,Created
13594,2011-01-01,13594,Female,21,1990-10-08,0.00016,Married,2827,,2053-12-03,No,,,Entrepreneur without personnel,45445.0,95415,Yes,1,,NA,1,Created
13595,2011-01-01,13595,Female,53,1958-04-17,0.00312,Single,0,,,No,,,Permanent contract,95500.0,794720,No,0,,NA,1,Created
13596,2011-01-01,13596,Male,37,1974-05-28,0.00082,Divorced,0,,,No,,,Permanent contract,28472.0,75,Yes,0,,NA,1,Created
13597,2011-01-01,13597,Female,55,1956-10-24,0.00372,Married,2828,,2014-10-25,No,,,Entrepreneur without personnel,28360.0,32033,No,1,,NA,1,Created
13598,2011-01-01,13598,Female,44,1967-12-30,0.00107,Single,0,,,Yes,35.0,,Permanent contract,13114.0,2241,Yes,0,,NA,1,Created
13599,2011-01-01,13599,Female,68,1943-05-30,0.00983,Married,2829,,2036-11-07,No,,,Retired,91550.0,2558,Yes,1,,NA,1,Created
17568,2011-06-25,13599,Female,69,1943-05-30,0.00983,Widowed,2829,,2036-11-07,No,,,Retired,91550.0,2558,Yes,1,,NA,1,Life event: Widowed
13600,2011-01-01,13600,Male,0,2011-04-13,0.0036200000000000004,Single,0,,,No,,,Child,0.0,0,Yes,0,,NA,1,Created
13601,2011-01-01,13601,Male,6,2005-10-29,5.9999999999999995e-05,Single,0,,,Yes,31.0,2036-02-26,Child,0.0,0,No,0,,NA,1,Created
13602,2011-01-01,13602,Male,36,1975-02-21,0.0006,Single,0,,,No,,,Permanent contract,37914.0,950118,Yes,0,,NA,1,Created
13603,2011-01-01,13603,Female,28,1983-06-29,0.00025,Single,0,,,Yes,31.0,2014-01-05,Permanent contract,13724.0,679051,No,0,,NA,1,Created
13604,2011-01-01,13604,Female,49,1962-11-24,0.00193,Married,2830,,2029-03-14,Yes,,,Permanent contract,6970.0,647200,Yes,2,,NA,1,Created
13605,2011-01-01,13605,Female,29,1982-08-16,0.00032,Single,0,,,Yes,26.0,,Permanent contract,8175.0,226007,Yes,0,36.0,2018-03-12,1,Created
13606,2011-01-01,13606,Female,79,1932-09-24,0.03112,Married,2831,,2013-05-01,No,,,Retired,19333.0,15114,Yes,2,,NA,1,Created
13607,2011-01-01,13607,Female,11,2000-06-19,7e-05,Single,0,,,No,,,Child,0.0,0,No,0,18.0,2018-06-14,1,Created
13608,2011-01-01,13608,Female,15,1996-10-30,8e-05,Single,0,,,Yes,43.0,2039-09-22,Child,0.0,0,No,0,23.0,2019-11-13,1,Created
13609,2011-01-01,13609,Male,43,1968-12-06,0.00103,Married,2747,,2024-11-08,Yes,,,Flexible contract,67316.0,24029,Yes,1,,NA,1,Created
13610,2011-01-01,13610,Female,2,2009-02-05,0.00015,Single,0,,,No,,,Child,0.0,0,No,0,36.0,2045-08-27,1,Created
13611,2011-01-01,13611,Male,2,2009-01-16,0.00021,Single,0,,,Yes,20.0,2029-07-07,Child,0.0,0,Yes,0,,NA,1,Created
13612,2011-01-01,13612,Female,76,1935-03-30,0.02337,Married,2832,,2034-01-26,No,,,Retired,18697.0,550,No,2,,NA,1,Created
13613,2011-01-01,13613,Female,0,2011-12-06,0.0028899999999999998,Single,0,,,Yes,23.0,2034-08-29,Child,0.0,0,Yes,0,31.0,2042-10-28,1,Created
13614,2011-01-01,13614,Female,30,1981-12-18,0.00027,Married,2833,,2041-08-03,Yes,,,Permanent contract,5793.0,62588,No,2,,NA,1,Created
13615,2011-01-01,13615,Female,28,1983-06-07,0.00025,Single,0,,,Yes,24.0,,Permanent contract,2334.0,3827,No,0,,NA,1,Created
13616,2011-01-01,13616,Female,21,1990-11-17,0.00016,Single,0,,,No,,,Permanent contract,35095.0,-2892,No,0,41.0,2031-03-19,1,Created
13617,2011-01-01,13617,Male,40,1971-06-04,0.0009400000000000001,Single,0,,,No,,,Permanent contract,36136.0,143070,No,0,,NA,1,Created
13618,2011-01-01,13618,Male,33,1978-01-22,0.00047999999999999996,Single,0,,,No,,,Flexible contract,2874.0,163265,No,0,,NA,1,Created
13619,2011-01-01,13619,Female,6,2005-06-16,8e-05,Single,0,,,No,,,Child,0.0,0,Yes,0,32.0,2037-05-09,1,Created
13620,2011-01-01,13620,Female,60,1951-11-19,0.00541,Married,2834,,2030-02-02,No,,,Flexible contract,14515.0,91962,No,1,,NA,1,Created
13621,2011-01-01,13621,Male,45,1966-08-08,0.0014199999999999998,Married,2748,,2024-03-09,Yes,,,Permanent contract,29290.0,974,No,2,,NA,1,Created
13622,2011-01-01,13622,Female,23,1988-05-08,0.0001,Single,0,,,No,,,Flexible contract,27561.0,145487,No,0,30.0,2018-05-09,1,Created
13623,2011-01-01,13623,Female,40,1971-12-05,0.0006900000000000001,Married,2835,,2045-03-05,Yes,,,Permanent contract,19345.0,977,No,3,,NA,1,Created
13624,2011-01-01,13624,Female,54,1957-09-24,0.00313,Married,2836,,2063-01-17,Yes,,,Entrepreneur with personel,29416.0,163614,No,2,,NA,1,Created
19043,2012-08-26,13624,Female,55,1957-09-24,0.00313,Widowed,2836,,2063-01-17,Yes,,,Entrepreneur with personel,29416.0,163614,No,2,,NA,1,Life event: Widowed
13625,2011-01-01,13625,Female,10,2001-05-29,0.0001,Single,0,,,Yes,28.0,2029-10-31,Child,0.0,0,Yes,0,26.0,2027-05-31,1,Created
13626,2011-01-01,13626,Male,43,1968-11-19,0.00103,Married,2749,,2014-03-26,No,,,Permanent contract,18248.0,270676,Yes,2,,NA,1,Created
13627,2011-01-01,13627,Female,49,1962-11-10,0.00193,Divorced,0,,,Yes,,,Permanent contract,16203.0,148518,No,0,,NA,1,Created
13628,2011-01-01,13628,Female,50,1961-06-18,0.00225,Divorced,0,,,Yes,,,Permanent contract,90298.0,-4025,No,0,,NA,1,Created
13629,2011-01-01,13629,Male,51,1960-06-15,0.00301,Single,0,,,Yes,96.0,2056-02-04,Permanent contract,10049.0,281278,No,0,,NA,1,Created
13630,2011-01-01,13630,Female,77,1934-03-13,0.0259,Married,2837,,2068-07-24,Yes,,,Retired,17333.0,-2106,Yes,3,,NA,1,Created
13631,2011-01-01,13631,Male,11,2000-01-06,9e-05,Single,0,,,No,,,Child,0.0,0,No,0,,NA,1,Created
13632,2011-01-01,13632,Female,30,1981-07-21,0.00027,Married,2838,,2036-11-12,Yes,,,Entrepreneur without personnel,8998.0,106263,No,3,31.0,2012-08-06,1,Created
18988,2012-08-06,13632,Female,32,1981-07-21,0.00027,Married,2838,,2036-11-12,Yes,,,Entrepreneur without personnel,8998.0,106263,No,1,31,2012-08-06,1,Life event: Children born
13633,2011-01-01,13633,Male,94,1917-05-07,0.2512,Widowed,0,,,Yes,,,Retired,15752.0,472941,No,0,,NA,1,Created
13634,2011-01-01,13634,Male,37,1974-06-04,0.00082,Single,0,,,No,,,Permanent contract,41005.0,-5174,Yes,0,,NA,1,Created
13635,2011-01-01,13635,Male,27,1984-10-17,0.00044,Single,0,,,No,,,Permanent contract,8363.0,-19346,No,0,,NA,1,Created
13636,2011-01-01,13636,Female,34,1977-07-19,0.00037,Single,0,,,No,,,Permanent contract,14917.0,542838,Yes,0,,NA,1,Created
13637,2011-01-01,13637,Female,29,1982-07-19,0.00032,Married,2839,,2038-02-15,Yes,,,Permanent contract,4575.0,161094,Yes,1,29.0,2011-11-08,1,Created
18153,2011-11-08,13637,Female,30,1982-07-19,0.00032,Married,2839,,2038-02-15,Yes,,,Permanent contract,4575.0,161094,Yes,1,29,2011-11-08,1,Life event: Children born
13638,2011-01-01,13638,Male,31,1980-11-10,0.00041,Married,2750,,2031-10-27,No,,,Permanent contract,42214.0,6289,Yes,2,,NA,1,Created
13639,2011-01-01,13639,Female,38,1973-01-17,0.00063,Married,2840,,2022-11-01,Yes,,,Permanent contract,34843.0,-30419,Yes,3,41.0,2014-03-20,1,Created
13640,2011-01-01,13640,Female,65,1946-09-17,0.007559999999999999,Married,2841,,2051-08-23,Yes,,,Permanent contract,1551.0,126536,Yes,1,,NA,1,Created
17933,2011-09-17,13640,Female,66,1946-09-17,0.007559999999999999,Married,2841,,2051-08-23,Yes,,,Retired,1085.6999999999998,126536,Yes,1,,NA,1,Life event: Retired
13641,2011-01-01,13641,Female,80,1931-08-30,0.03682,Divorced,0,,,Yes,,,Retired,24725.0,-23482,No,0,,NA,1,Created
13642,2011-01-01,13642,Female,28,1983-04-16,0.00025,Single,0,,,Yes,55.0,2038-07-19,Permanent contract,919.0,431572,Yes,0,29.0,2012-04-11,1,Created
13643,2011-01-01,13643,Male,56,1955-11-16,0.0052,Married,2751,,2036-11-27,Yes,,,Permanent contract,10217.0,1982,Yes,2,,NA,1,Created
13644,2011-01-01,13644,Male,65,1946-03-25,0.01141,Married,2752,,2053-05-14,No,,,Entrepreneur without personnel,89463.0,287182,No,2,,NA,1,Created
17120,2011-03-25,13644,Male,66,1946-03-25,0.01141,Married,2752,,2053-05-14,No,,,Retired,62624.1,287182,No,2,,NA,1,Life event: Retired
13645,2011-01-01,13645,Male,14,1997-07-01,0.00014,Single,0,,,Yes,90.0,2087-05-24,Child,0.0,0,Yes,0,,NA,1,Created
13646,2011-01-01,13646,Male,21,1990-10-16,0.00045,Single,0,,,No,,,Permanent contract,37207.0,-12841,Yes,0,,NA,1,Created
13647,2011-01-01,13647,Male,8,2003-12-21,9e-05,Single,0,,,Yes,25.0,2028-04-02,Child,0.0,0,No,0,,NA,1,Created
13648,2011-01-01,13648,Male,35,1976-06-10,0.00055,Married,2753,,2037-01-12,No,,,Permanent contract,1293.0,2739,Yes,2,,NA,1,Created
13649,2011-01-01,13649,Male,61,1950-05-12,0.00747,Widowed,0,,,No,,,Permanent contract,45072.0,-30977,Yes,0,,NA,1,Created
13650,2011-01-01,13650,Male,48,1963-02-14,0.0021100000000000003,Married,2754,,2033-11-19,No,,,Flexible contract,4032.0,26442,Yes,1,,NA,1,Created
13651,2011-01-01,13651,Female,37,1974-03-04,0.00057,Divorced,0,,,No,,,Permanent contract,66921.0,626,Yes,0,40.0,2014-09-01,1,Created
13652,2011-01-01,13652,Male,48,1963-05-26,0.0021100000000000003,Married,2755,,2022-05-17,No,,,Permanent contract,7082.0,-20229,Yes,1,,NA,1,Created
13653,2011-01-01,13653,Female,53,1958-08-26,0.00312,Married,2842,,2021-06-26,No,,,Unemployed,48662.0,925270,Yes,1,,NA,1,Created
13654,2011-01-01,13654,Male,56,1955-01-24,0.0052,Married,2756,,2044-07-18,Yes,,,Permanent contract,2419.0,124596,No,3,,NA,1,Created
13655,2011-01-01,13655,Male,33,1978-05-24,0.00047999999999999996,Married,2757,,2046-10-24,No,,,Permanent contract,35968.0,238382,No,2,,NA,1,Created
13656,2011-01-01,13656,Male,21,1990-05-02,0.00045,Single,0,,,No,,,Permanent contract,13415.0,312947,No,0,,NA,1,Created
13657,2011-01-01,13657,Female,45,1966-12-11,0.00134,Single,0,,,No,,,Permanent contract,37833.0,-20978,Yes,0,,NA,1,Created
13658,2011-01-01,13658,Male,62,1949-12-03,0.008409999999999999,Married,2758,,2047-01-26,No,,,Permanent contract,26218.0,559,No,2,,NA,1,Created
13659,2011-01-01,13659,Female,89,1922-05-10,0.11775999999999999,Married,2843,,2052-07-30,No,,,Retired,43485.0,109508,Yes,1,,NA,1,Created
13660,2011-01-01,13660,Male,28,1983-09-23,0.00045,Single,0,,,Yes,25.0,,Permanent contract,5153.0,-41141,No,0,,NA,1,Created
13661,2011-01-01,13661,Male,39,1972-08-20,0.0008699999999999999,Married,2759,,2012-09-01,Yes,,,Permanent contract,44275.0,21483,Yes,1,,NA,1,Created
19062,2012-09-01,13661,Male,41,1972-08-20,0.0008699999999999999,Divorced,2759,,2012-09-01,Yes,,,Permanent contract,44275.0,21483,Yes,1,,NA,1,Life event: Divorced
13662,2011-01-01,13662,Male,20,1991-08-14,0.00045,Single,0,,,Yes,41.0,2032-09-30,Permanent contract,16284.0,8114,Yes,0,,NA,1,Created
13663,2011-01-01,13663,Male,65,1946-05-20,0.01141,Widowed,0,,,Yes,,,Entrepreneur without personnel,3192.0,63,Yes,0,,NA,1,Created
17398,2011-05-20,13663,Male,66,1946-05-20,0.01141,Widowed,0,,,Yes,,,Retired,2234.3999999999996,63,Yes,0,,NA,1,Life event: Retired
13664,2011-01-01,13664,Female,74,1937-03-22,0.0185,Widowed,0,,,No,,,Retired,1642.0,8719,No,0,,NA,1,Created
13665,2011-01-01,13665,Male,46,1965-09-23,0.00172,Married,2760,,2059-05-12,No,,,Flexible contract,14710.0,205807,Yes,2,,NA,1,Created
13666,2011-01-01,13666,Female,69,1942-10-03,0.0108,Married,2844,,2028-02-15,Yes,,,Retired,36910.0,1833,No,1,,NA,1,Created
13667,2011-01-01,13667,Female,33,1978-12-11,0.00035,Married,2845,,2067-11-30,Yes,,,Permanent contract,18243.0,32044,Yes,1,,NA,1,Created
13668,2011-01-01,13668,Female,43,1968-02-20,0.0009699999999999999,Married,2846,,2012-12-04,Yes,,,Permanent contract,34667.0,698,Yes,1,,NA,1,Created
19293,2012-12-04,13668,Female,45,1968-02-20,0.0009699999999999999,Divorced,2846,,2012-12-04,Yes,,,Permanent contract,34667.0,698,Yes,1,,NA,1,Life event: Divorced
13669,2011-01-01,13669,Female,39,1972-09-27,0.00074,Married,2847,,2049-02-13,No,,,Permanent contract,3168.0,503,No,2,,NA,1,Created
13670,2011-01-01,13670,Female,11,2000-03-18,7e-05,Single,0,,,Yes,27.0,2027-06-27,Child,0.0,0,Yes,0,33.0,2033-11-09,1,Created
13671,2011-01-01,13671,Male,56,1955-01-08,0.0052,Single,0,,,No,,,Permanent contract,27141.0,174200,Yes,0,,NA,1,Created
13672,2011-01-01,13672,Female,58,1953-09-25,0.00448,Divorced,0,,,No,,,Permanent contract,6201.0,274468,Yes,0,,NA,1,Created
13673,2011-01-01,13673,Male,98,1913-01-26,0.33792,Widowed,0,,,Yes,,,Retired,39580.0,3136134,No,0,,NA,1,Created
19152,2012-10-10,13673,Male,100,1913-01-26,0.33792,Widowed,0,,,Yes,,,Retired,39580.0,3136134,No,0,,NA,0,Life event: Deceased
13674,2011-01-01,13674,Female,34,1977-08-02,0.00037,Single,0,,,No,,,Permanent contract,34549.0,483396,Yes,0,,NA,1,Created
13675,2011-01-01,13675,Male,22,1989-10-05,0.00041,Single,0,,,No,,,Entrepreneur with personel,50137.0,137187,Yes,0,,NA,1,Created
13676,2011-01-01,13676,Female,39,1972-04-14,0.00074,Married,2848,,2030-10-27,No,,,Permanent contract,40642.0,-15606,Yes,2,,NA,1,Created
13677,2011-01-01,13677,Female,5,2006-01-02,4e-05,Single,0,,,No,,,Child,0.0,0,No,0,42.0,2048-12-16,1,Created
13678,2011-01-01,13678,Female,49,1962-06-02,0.00193,Divorced,0,,,No,,,Permanent contract,27929.0,30191,Yes,0,,NA,1,Created
13679,2011-01-01,13679,Male,24,1987-04-12,0.00047999999999999996,Single,0,,,Yes,30.0,2017-12-19,Permanent contract,20728.0,82785,No,0,,NA,1,Created
13680,2011-01-01,13680,Female,50,1961-01-22,0.00225,Divorced,0,,,Yes,,,Permanent contract,36734.0,5545,Yes,0,,NA,1,Created
13681,2011-01-01,13681,Female,96,1915-10-16,0.24602,Widowed,0,,,No,,,Retired,13801.0,34173,Yes,0,,NA,1,Created
13682,2011-01-01,13682,Female,70,1941-07-17,0.01252,Married,2849,,2065-03-09,Yes,,,Retired,20519.0,123470,Yes,2,,NA,1,Created
13683,2011-01-01,13683,Male,16,1995-12-07,0.00029,Single,0,,,No,,,Child,0.0,0,No,0,,NA,1,Created
19304,2012-12-07,13683,Male,18,1995-12-07,0.00029,Single,0,,,No,,,Permanent contract,119547.0,145003,No,0,,NA,1,Life event: Adulthood
13684,2011-01-01,13684,Male,3,2008-05-07,0.0002,Single,0,,,Yes,45.0,2053-02-19,Child,0.0,0,No,0,,NA,1,Created
13685,2011-01-01,13685,Female,59,1952-02-05,0.00479,Married,2850,,2057-02-02,Yes,,,Permanent contract,41876.0,-17294,Yes,1,,NA,1,Created
13686,2011-01-01,13686,Male,56,1955-11-18,0.0052,Married,2761,,2044-06-07,No,,,Permanent contract,83553.0,12395,Yes,2,,NA,1,Created
13687,2011-01-01,13687,Male,4,2007-01-13,0.00011,Single,0,,,Yes,34.0,2041-07-11,Child,0.0,0,No,0,,NA,1,Created
13688,2011-01-01,13688,Male,47,1964-12-25,0.00186,Single,0,,,Yes,35.0,,Permanent contract,36524.0,39606,No,0,,NA,1,Created
13689,2011-01-01,13689,Male,65,1946-08-16,0.01141,Married,2762,,2013-12-29,Yes,,,Flexible contract,18312.0,615167,Yes,2,,NA,1,Created
17812,2011-08-16,13689,Male,66,1946-08-16,0.01141,Married,2762,,2013-12-29,Yes,,,Retired,12818.4,615167,Yes,2,,NA,1,Life event: Retired
13690,2011-01-01,13690,Male,26,1985-10-17,1.0,Married,2763,,2013-03-29,Yes,,,Permanent contract,43264.0,720,No,1,,NA,1,Created
17746,2011-08-05,13690,Male,26,1985-10-17,1.0,Married,2763,,2013-03-29,Yes,,,Permanent contract,43264.0,720,No,1,,NA,0,Life event: Deceased
13691,2011-01-01,13691,Male,47,1964-11-07,0.00186,Married,2764,,2057-10-13,No,,,Family business,28004.0,134965,No,2,,NA,1,Created
13692,2011-01-01,13692,Male,66,1945-07-11,0.01401,Married,2765,,2046-07-12,Yes,,,Permanent contract,4062.0,1876,No,1,,NA,1,Created
17637,2011-07-11,13692,Male,67,1945-07-11,0.01401,Married,2765,,2046-07-12,Yes,,,Retired,2843.3999999999996,1876,No,1,,NA,1,Life event: Retired
13693,2011-01-01,13693,Female,55,1956-09-13,0.00372,Married,2851,,2027-07-25,No,,,Permanent contract,26180.0,240239,Yes,2,,NA,1,Created
13694,2011-01-01,13694,Male,78,1933-05-03,0.04668,Widowed,0,,,No,,,Retired,4686.0,42034,Yes,0,,NA,1,Created
13695,2011-01-01,13695,Female,42,1969-09-15,0.001,Married,2852,,2016-11-23,No,,,Flexible contract,24330.0,-11632,Yes,1,,NA,1,Created
13696,2011-01-01,13696,Male,51,1960-10-13,0.00301,Divorced,0,,,Yes,,,Permanent contract,4364.0,-12094,No,0,,NA,1,Created
13697,2011-01-01,13697,Female,64,1947-10-25,0.00713,Married,2853,,2012-08-14,No,,,Permanent contract,12746.0,80193,No,2,,NA,1,Created
18100,2011-10-25,13697,Female,65,1947-10-25,0.00713,Married,2853,,2012-08-14,No,,,Retired,8922.199999999999,80193,No,2,,NA,1,Life event: Retired
19008,2012-08-14,13697,Female,65,1947-10-25,0.00713,Divorced,2853,,2012-08-14,No,,,Retired,8922.199999999999,80193,No,2,,NA,1,Life event: Divorced
13698,2011-01-01,13698,Male,52,1959-07-04,0.00314,Married,2766,,2011-07-12,Yes,,,Permanent contract,55362.0,253,No,2,,NA,1,Created
17642,2011-07-12,13698,Male,53,1959-07-04,0.00314,Divorced,2766,,2011-07-12,Yes,,,Permanent contract,55362.0,253,No,2,,NA,1,Life event: Divorced
13699,2011-01-01,13699,Female,27,1984-12-16,0.00025,Single,0,,,Yes,45.0,2029-01-19,Permanent contract,12928.0,467446,Yes,0,35.0,2019-04-10,1,Created
13700,2011-01-01,13700,Male,54,1957-08-03,0.00404,Divorced,0,,,Yes,,,Permanent contract,13736.0,133229,No,0,,NA,1,Created
13701,2011-01-01,13701,Male,60,1951-07-29,0.006840000000000001,Married,2767,,2043-08-11,No,,,Permanent contract,19623.0,659,Yes,2,,NA,1,Created
13702,2011-01-01,13702,Female,78,1933-07-10,0.02817,Divorced,0,,,Yes,,,Retired,17283.0,31497,Yes,0,,NA,1,Created
13703,2011-01-01,13703,Male,42,1969-11-05,0.00128,Single,0,,,Yes,30.0,,Entrepreneur without personnel,19123.0,33028,No,0,,NA,1,Created
13704,2011-01-01,13704,Male,6,2005-02-10,5.9999999999999995e-05,Single,0,,,No,,,Child,0.0,0,No,0,,NA,1,Created
13705,2011-01-01,13705,Male,42,1969-10-25,0.00128,Married,2768,,2060-08-24,No,,,Flexible contract,28251.0,120338,No,2,,NA,1,Created
13706,2011-01-01,13706,Male,20,1991-05-16,0.00045,Single,0,,,No,,,Permanent contract,56038.0,456416,No,0,,NA,1,Created
13707,2011-01-01,13707,Female,62,1949-07-28,0.0057399999999999994,Divorced,0,,,Yes,,,Flexible contract,85762.0,43506,No,0,,NA,1,Created
13708,2011-01-01,13708,Female,28,1983-07-15,0.00025,Single,0,,,No,,,Entrepreneur with personel,6317.0,7557,Yes,0,28.0,2011-11-19,1,Created
13709,2011-01-01,13709,Female,50,1961-02-01,0.00225,Married,2854,,2038-01-06,Yes,,,Permanent contract,35835.0,17103,Yes,1,,NA,1,Created
13710,2011-01-01,13710,Female,18,1993-09-16,0.00023999999999999998,Single,0,,,No,,,Permanent contract,37426.0,880,No,0,35.0,2028-08-20,1,Created
13711,2011-01-01,13711,Male,72,1939-02-27,0.02384,Married,2769,,2016-10-24,No,,,Retired,17661.0,945,Yes,2,,NA,1,Created
13712,2011-01-01,13712,Female,27,1984-07-23,0.00025,Single,0,,,No,,,Flexible contract,29503.0,-4651,Yes,0,35.0,2019-06-25,1,Created
13713,2011-01-01,13713,Male,51,1960-07-27,0.00301,Married,2770,,2034-10-23,Yes,,,Permanent contract,78059.0,2760,No,1,,NA,1,Created
13714,2011-01-01,13714,Male,46,1965-12-22,0.00172,Divorced,0,,,No,,,Entrepreneur without personnel,38083.0,570348,Yes,0,,NA,1,Created
13715,2011-01-01,13715,Female,18,1993-07-09,0.00023999999999999998,Single,0,,,Yes,37.0,2030-07-13,Permanent contract,4690.0,127684,Yes,0,31.0,2024-08-28,1,Created
13716,2011-01-01,13716,Female,1,2010-09-11,0.00033999999999999997,Single,0,,,Yes,35.0,2045-05-30,Child,0.0,0,No,0,37.0,2047-09-02,1,Created
13717,2011-01-01,13717,Female,65,1946-04-28,0.007559999999999999,Married,2855,,2035-12-19,Yes,,,Permanent contract,20715.0,382890,Yes,1,,NA,1,Created
17269,2011-04-28,13717,Female,66,1946-04-28,0.007559999999999999,Married,2855,,2035-12-19,Yes,,,Retired,14500.499999999998,382890,Yes,1,,NA,1,Life event: Retired
13718,2011-01-01,13718,Female,22,1989-02-12,0.00023999999999999998,Single,0,,,No,,,Permanent contract,13798.0,228441,Yes,0,36.0,2025-10-03,1,Created
13719,2011-01-01,13719,Female,32,1979-04-18,0.00041,Married,2856,,2016-05-16,Yes,,,Entrepreneur with personel,35353.0,-37307,Yes,2,,NA,1,Created
13720,2011-01-01,13720,Male,58,1953-03-14,0.00603,Married,2771,,2027-02-11,No,,,Permanent contract,14219.0,49198,No,1,,NA,1,Created
13721,2011-01-01,13721,Male,60,1951-12-30,0.006840000000000001,Widowed,0,,,No,,,Permanent contract,34369.0,-24916,Yes,0,,NA,1,Created
13722,2011-01-01,13722,Female,6,2005-10-20,8e-05,Single,0,,,No,,,Child,0.0,0,Yes,0,36.0,2041-03-06,1,Created
13723,2011-01-01,13723,Female,23,1988-02-04,0.0001,Single,0,,,No,,,Permanent contract,5553.0,-9686,Yes,0,33.0,2021-09-05,1,Created
13724,2011-01-01,13724,Male,32,1979-02-27,0.00059,Single,0,,,No,,,Unemployed,93031.0,368111,Yes,0,,NA,1,Created
13725,2011-01-01,13725,Male,35,1976-08-10,0.00055,Single,0,,,No,,,Unemployed,9916.0,5398,No,0,,NA,1,Created
13726,2011-01-01,13726,Male,12,1999-12-03,0.00011,Single,0,,,No,,,Child,0.0,0,Yes,0,,NA,1,Created
13727,2011-01-01,13727,Male,44,1967-07-30,0.0013599999999999999,Widowed,0,,,Yes,,,Permanent contract,79267.0,192021,Yes,0,,NA,1,Created
13728,2011-01-01,13728,Female,21,1990-06-22,0.00016,Single,0,,,Yes,30.0,2020-10-04,Permanent contract,9793.0,375102,Yes,0,32.0,2022-02-24,1,Created
13729,2011-01-01,13729,Female,17,1994-02-06,0.0001,Single,0,,,Yes,30.0,2024-01-09,Child,0.0,0,Yes,0,33.0,2027-09-18,1,Created
16861,2011-02-06,13729,Female,18,1994-02-06,0.0001,Single,0,,,No,,,Entrepreneur without personnel,17421.0,-4943,Yes,0,33,2027-09-18,1,Life event: Adulthood
13730,2011-01-01,13730,Male,24,1987-07-15,0.00047999999999999996,Single,0,,,No,,,Permanent contract,28092.0,-1391,No,0,,NA,1,Created
13731,2011-01-01,13731,Female,0,2011-03-19,0.0028899999999999998,Single,0,,,No,,,Child,0.0,0,Yes,0,37.0,2048-09-07,1,Created
13732,2011-01-01,13732,Male,5,2006-01-26,9e-05,Single,0,,,Yes,20.0,2026-04-02,Child,0.0,0,No,0,,NA,1,Created
13733,2011-01-01,13733,Female,65,1946-01-23,0.007559999999999999,Married,2857,,2052-05-11,Yes,,,Permanent contract,53316.0,-10333,Yes,2,,NA,1,Created
16792,2011-01-23,13733,Female,66,1946-01-23,0.007559999999999999,Married,2857,,2052-05-11,Yes,,,Retired,37321.2,-10333,Yes,2,,NA,1,Life event: Retired
13734,2011-01-01,13734,Female,65,1946-03-12,0.007559999999999999,Divorced,0,,,Yes,,,Flexible contract,34359.0,124154,No,0,,NA,1,Created
17049,2011-03-12,13734,Female,66,1946-03-12,0.007559999999999999,Divorced,0,,,Yes,,,Retired,24051.3,124154,No,0,,NA,1,Life event: Retired
13735,2011-01-01,13735,Male,18,1993-03-26,0.00032,Single,0,,,No,,,Flexible contract,24929.0,543,No,0,,NA,1,Created
13736,2011-01-01,13736,Male,30,1981-12-28,0.00055,Married,2772,,2030-04-20,No,,,Permanent contract,27064.0,4517,No,1,,NA,1,Created
13737,2011-01-01,13737,Female,37,1974-06-05,0.00057,Married,2858,,2032-12-10,Yes,,,Permanent contract,10290.0,145056,Yes,1,,NA,1,Created
13738,2011-01-01,13738,Male,69,1942-05-22,0.01804,Married,2773,,2012-11-20,No,,,Retired,29250.0,170845,Yes,1,,NA,1,Created
19261,2012-11-20,13738,Male,71,1942-05-22,0.01804,Divorced,2773,,2012-11-20,No,,,Retired,29250.0,170845,Yes,1,,NA,1,Life event: Divorced
13739,2011-01-01,13739,Male,2,2009-12-13,0.00021,Single,0,,,No,,,Child,0.0,0,No,0,,NA,1,Created
13740,2011-01-01,13740,Female,2,2009-12-16,0.00015,Single,0,,,Yes,26.0,2035-09-07,Child,0.0,0,No,0,26.0,2035-10-01,1,Created
13741,2011-01-01,13741,Female,46,1965-04-03,0.00134,Married,2859,,2025-03-18,Yes,,,Permanent contract,62329.0,-1578,Yes,1,,NA,1,Created
13742,2011-01-01,13742,Male,59,1952-01-27,0.00717,Married,2774,,2046-07-30,Yes,,,Permanent contract,31763.0,6216,Yes,3,,NA,1,Created
13743,2011-01-01,13743,Female,58,1953-11-26,0.00448,Married,2860,,2052-10-31,Yes,,,Permanent contract,2196.0,4372496,Yes,1,,NA,1,Created
13744,2011-01-01,13744,Female,4,2007-03-11,5.9999999999999995e-05,Single,0,,,Yes,32.0,2039-01-01,Child,0.0,0,No,0,40.0,2047-12-13,1,Created
13745,2011-01-01,13745,Male,8,2003-11-10,9e-05,Single,0,,,No,,,Child,0.0,0,No,0,,NA,1,Created
13746,2011-01-01,13746,Female,16,1995-05-02,8e-05,Single,0,,,Yes,30.0,2025-11-28,Child,0.0,0,Yes,0,40.0,2035-06-19,1,Created
18716,2012-05-02,13746,Female,18,1995-05-02,8e-05,Single,0,,,Yes,80,2074-05-02,Permanent contract,18736.0,-334,Yes,0,40,2035-06-19,1,Life event: Adulthood
13747,2011-01-01,13747,Female,83,1928-06-01,0.057,Widowed,0,,,No,,,Retired,15020.0,4487,No,0,,NA,1,Created
13748,2011-01-01,13748,Female,31,1980-04-07,0.00029,Married,2861,,2040-07-28,Yes,,,Entrepreneur without personnel,45446.0,-24109,Yes,1,,NA,1,Created
13749,2011-01-01,13749,Female,76,1935-06-28,0.02337,Widowed,0,,,No,,,Retired,104059.0,-4550,No,0,,NA,1,Created
13750,2011-01-01,13750,Male,62,1949-07-05,0.008409999999999999,Married,2775,,2039-04-21,Yes,,,Permanent contract,2610.0,126701,Yes,1,,NA,1,Created
13751,2011-01-01,13751,Female,35,1976-01-29,0.00033999999999999997,Married,2862,,2020-06-09,No,,,Permanent contract,20443.0,-28204,No,1,,NA,1,Created
13752,2011-01-01,13752,Male,48,1963-04-05,0.0021100000000000003,Married,2776,,2021-09-09,Yes,,,Permanent contract,26473.0,54776,No,2,,NA,1,Created
13753,2011-01-01,13753,Female,56,1955-03-21,0.0041,Married,2863,,2028-04-19,Yes,,,Permanent contract,25103.0,234545,Yes,3,,NA,1,Created
13754,2011-01-01,13754,Male,54,1957-02-08,0.00404,Single,0,,,Yes,27.0,,Permanent contract,29977.0,302508,Yes,0,,NA,1,Created
13755,2011-01-01,13755,Female,6,2005-07-03,8e-05,Single,0,,,No,,,Child,0.0,0,No,0,28.0,2033-02-22,1,Created
13756,2011-01-01,13756,Female,28,1983-08-12,0.00025,Married,2864,,2012-02-16,No,,,Entrepreneur without personnel,36130.0,-2494,Yes,2,,NA,1,Created
18521,2012-02-16,13756,Female,29,1983-08-12,0.00025,Divorced,2864,,2012-02-16,No,,,Entrepreneur without personnel,36130.0,-2494,Yes,2,,NA,1,Life event: Divorced
13757,2011-01-01,13757,Female,27,1984-02-07,0.00025,Divorced,0,,,Yes,,,Permanent contract,42064.0,270,No,0,37.0,2021-03-07,1,Created
13758,2011-01-01,13758,Female,4,2007-02-03,5.9999999999999995e-05,Single,0,,,Yes,32.0,2039-06-19,Child,0.0,0,Yes,0,24.0,2031-11-02,1,Created
13759,2011-01-01,13759,Male,9,2002-03-04,0.00014,Single,0,,,Yes,40.0,2042-10-27,Child,0.0,0,Yes,0,,NA,1,Created
13760,2011-01-01,13760,Female,7,2004-11-03,7e-05,Single,0,,,No,,,Child,0.0,0,No,0,38.0,2042-03-19,1,Created
13761,2011-01-01,13761,Male,28,1983-05-22,0.00045,Single,0,,,No,,,Permanent contract,45162.0,377333,Yes,0,,NA,1,Created
13762,2011-01-01,13762,Female,93,1918-08-31,0.18566,Widowed,0,,,Yes,,,Retired,19012.0,70762,Yes,0,,NA,1,Created
13763,2011-01-01,13763,Female,34,1977-02-07,0.00037,Married,2865,,2034-09-28,Yes,,,Permanent contract,80842.0,41612,Yes,2,,NA,1,Created
13764,2011-01-01,13764,Female,13,1998-12-10,0.00011999999999999999,Single,0,,,No,,,Child,0.0,0,No,0,34.0,2032-02-25,1,Created
13765,2011-01-01,13765,Male,77,1934-09-06,0.0418,Married,2777,,2020-02-19,No,,,Retired,11223.0,13354,No,2,,NA,1,Created
13766,2011-01-01,13766,Female,51,1960-07-08,0.0023899999999999998,Married,2866,,2060-03-23,Yes,,,Entrepreneur without personnel,17502.0,291414,Yes,1,,NA,1,Created
13767,2011-01-01,13767,Male,22,1989-12-05,0.00041,Single,0,,,Yes,35.0,2024-09-07,Permanent contract,97279.0,113188,Yes,0,,NA,1,Created
13768,2011-01-01,13768,Male,100,1911-01-26,1.0,Widowed,0,,,No,,,Retired,20795.0,93738,Yes,0,,NA,1,Created
16676,2011-01-04,13768,Male,100,1911-01-26,1.0,Widowed,0,,,No,,,Retired,20795.0,93738,Yes,0,,NA,0,Life event: Deceased
13769,2011-01-01,13769,Female,43,1968-07-16,0.0009699999999999999,Single,0,,,Yes,38.0,,Flexible contract,66940.0,303960,No,0,,NA,1,Created
13770,2011-01-01,13770,Female,50,1961-03-16,0.00225,Divorced,0,,,Yes,,,Permanent contract,91376.0,908,Yes,0,,NA,1,Created
13771,2011-01-01,13771,Male,36,1975-01-04,0.0006,Married,2778,,2023-07-12,No,,,Permanent contract,74.0,-16109,Yes,1,,NA,1,Created
13772,2011-01-01,13772,Male,40,1971-09-09,0.0009400000000000001,Married,2779,,2049-04-13,No,,,Permanent contract,31065.0,96992,Yes,2,,NA,1,Created
13773,2011-01-01,13773,Female,33,1978-12-11,0.00035,Married,2867,,2057-08-16,Yes,,,Permanent contract,10628.0,25634,No,2,,NA,1,Created
13774,2011-01-01,13774,Male,5,2006-09-11,9e-05,Single,0,,,No,,,Child,0.0,0,Yes,0,,NA,1,Created
13775,2011-01-01,13775,Female,45,1966-01-29,0.00134,Single,0,,,No,,,Unemployed,92415.0,48817,No,0,,NA,1,Created
13776,2011-01-01,13776,Male,46,1965-02-17,0.00172,Married,2780,,2048-07-03,Yes,,,Permanent contract,34304.0,95,Yes,2,,NA,1,Created
13777,2011-01-01,13777,Male,57,1954-01-01,0.00572,Married,2781,,2019-05-07,No,,,Permanent contract,92047.0,313453,Yes,2,,NA,1,Created
13778,2011-01-01,13778,Male,21,1990-11-28,0.00045,Single,0,,,No,,,Permanent contract,28634.0,337549,No,0,,NA,1,Created
13779,2011-01-01,13779,Male,79,1932-07-31,0.05364,Married,2782,,2015-04-08,Yes,,,Retired,41873.0,3367,No,2,,NA,1,Created
13780,2011-01-01,13780,Male,32,1979-06-26,0.00059,Single,0,,,Yes,44.0,2023-07-17,Permanent contract,35004.0,22919,Yes,0,,NA,1,Created
13781,2011-01-01,13781,Female,58,1953-03-12,0.00448,Divorced,0,,,No,,,Unemployed,36912.0,3523033,No,0,,NA,1,Created
13782,2011-01-01,13782,Female,20,1991-07-12,0.00018,Single,0,,,Yes,45.0,2036-06-27,Permanent contract,33758.0,503,Yes,0,29.0,2020-12-10,1,Created
13783,2011-01-01,13783,Male,6,2005-10-01,5.9999999999999995e-05,Single,0,,,No,,,Child,0.0,0,No,0,,NA,1,Created
13784,2011-01-01,13784,Female,17,1994-04-15,0.0001,Single,0,,,Yes,50.0,2044-01-22,Child,0.0,0,No,0,31.0,2025-12-17,1,Created
17218,2011-04-15,13784,Female,18,1994-04-15,0.0001,Single,0,,,No,,,Permanent contract,10055.0,119080,No,0,31,2025-12-17,1,Life event: Adulthood
13785,2011-01-01,13785,Female,0,2011-06-21,0.0028899999999999998,Single,0,,,No,,,Child,0.0,0,Yes,0,25.0,2036-04-27,1,Created
13786,2011-01-01,13786,Male,1,2010-07-07,0.00056,Single,0,,,No,,,Child,0.0,0,Yes,0,,NA,1,Created
13787,2011-01-01,13787,Male,48,1963-05-03,0.0021100000000000003,Married,2783,,2021-11-17,No,,,Flexible contract,837.0,3591,Yes,3,,NA,1,Created
13788,2011-01-01,13788,Female,3,2008-06-22,0.00013000000000000002,Single,0,,,No,,,Child,0.0,0,Yes,0,33.0,2041-05-28,1,Created
13789,2011-01-01,13789,Male,47,1964-08-30,0.00186,Single,0,,,Yes,33.0,,Flexible contract,33018.0,466859,No,0,,NA,1,Created
13790,2011-01-01,13790,Female,65,1946-11-21,0.007559999999999999,Divorced,0,,,No,,,Unemployed,2735.0,20318,No,0,,NA,1,Created
18208,2011-11-21,13790,Female,66,1946-11-21,0.007559999999999999,Divorced,0,,,No,,,Retired,1914.4999999999998,20318,No,0,,NA,1,Life event: Retired
13791,2011-01-01,13791,Male,0,2011-05-02,0.0036200000000000004,Single,0,,,Yes,29.0,2040-07-10,Child,0.0,0,No,0,,NA,1,Created
13792,2011-01-01,13792,Female,25,1986-04-26,0.00022999999999999998,Married,2868,,2029-03-13,Yes,,,Permanent contract,21393.0,18,No,2,32.0,2018-09-13,1,Created
13793,2011-01-01,13793,Female,25,1986-04-05,0.00022999999999999998,Single,0,,,No,,,Entrepreneur without personnel,32044.0,297370,No,0,39.0,2025-02-26,1,Created
13794,2011-01-01,13794,Female,7,2004-06-06,7e-05,Single,0,,,No,,,Child,0.0,0,No,0,28.0,2032-02-04,1,Created
13795,2011-01-01,13795,Male,21,1990-07-20,0.00045,Single,0,,,Yes,33.0,2023-06-06,Permanent contract,19932.0,309223,No,0,,NA,1,Created
13796,2011-01-01,13796,Female,51,1960-06-19,0.0023899999999999998,Single,0,,,Yes,30.0,,Entrepreneur without personnel,29528.0,18722,Yes,0,,NA,1,Created
13797,2011-01-01,13797,Female,65,1946-08-14,0.007559999999999999,Married,2869,,2036-02-02,No,,,Entrepreneur without personnel,15068.0,52767,Yes,3,,NA,1,Created
17050,2011-03-12,13797,Female,65,1946-08-14,0.007559999999999999,Married,2869,,2036-02-02,No,,,Entrepreneur without personnel,15068.0,52767,Yes,3,,NA,0,Life event: Deceased
13798,2011-01-01,13798,Male,74,1937-12-30,0.0295,Widowed,0,,,No,,,Retired,38626.0,240255,No,0,,NA,1,Created
13799,2011-01-01,13799,Male,30,1981-02-10,0.00055,Single,0,,,Yes,32.0,2013-06-13,Permanent contract,19142.0,36043,No,0,,NA,1,Created
13800,2011-01-01,13800,Male,44,1967-02-01,0.0013599999999999999,Married,2784,,2024-10-02,Yes,,,Unemployed,15382.0,371,No,2,,NA,1,Created
13801,2011-01-01,13801,Female,51,1960-06-03,0.0023899999999999998,Divorced,0,,,Yes,,,Permanent contract,96008.0,787,Yes,0,,NA,1,Created
13802,2011-01-01,13802,Female,61,1950-01-11,0.00562,Divorced,0,,,Yes,,,Permanent contract,18910.0,101399,Yes,0,,NA,1,Created
13803,2011-01-01,13803,Female,46,1965-08-26,0.00134,Married,2870,,2020-01-11,No,,,Unemployed,792.0,7217,No,2,,NA,1,Created
13804,2011-01-01,13804,Female,53,1958-03-30,0.00312,Divorced,0,,,Yes,,,Permanent contract,22657.0,-937,Yes,0,,NA,1,Created
13805,2011-01-01,13805,Female,44,1967-06-09,0.00107,Single,0,,,Yes,53.0,2020-03-18,Permanent contract,20791.0,3547,Yes,0,,NA,1,Created
13806,2011-01-01,13806,Male,67,1944-10-04,0.01396,Married,2785,,2037-12-15,Yes,,,Flexible contract,41523.0,2962560,Yes,3,,NA,1,Created
18006,2011-10-04,13806,Male,68,1944-10-04,0.01396,Married,2785,,2037-12-15,Yes,,,Retired,29066.1,2962560,Yes,3,,NA,1,Life event: Retired
18871,2012-06-21,13806,Male,68,1944-10-04,0.01396,Widowed,2785,,2037-12-15,Yes,,,Retired,29066.1,2962560,Yes,3,,NA,1,Life event: Widowed
13807,2011-01-01,13807,Male,47,1964-04-27,0.00186,Divorced,0,,,Yes,,,Permanent contract,90503.0,85424,No,0,,NA,1,Created
13808,2011-01-01,13808,Female,39,1972-11-24,0.00074,Married,2871,,2013-09-15,Yes,,,Permanent contract,17154.0,26171,No,1,,NA,1,Created
13809,2011-01-01,13809,Male,45,1966-08-30,0.0014199999999999998,Married,2786,,2038-07-23,No,,,Flexible contract,3195.0,-19223,No,2,,NA,1,Created
13810,2011-01-01,13810,Female,6,2005-12-30,8e-05,Single,0,,,No,,,Child,0.0,0,No,0,29.0,2034-10-26,1,Created
13811,2011-01-01,13811,Male,41,1970-07-30,0.0008900000000000001,Married,2787,,2044-12-08,No,,,Permanent contract,37731.0,30883,No,1,,NA,1,Created
13812,2011-01-01,13812,Female,7,2004-09-10,7e-05,Single,0,,,No,,,Child,0.0,0,Yes,0,39.0,2043-07-21,1,Created
13813,2011-01-01,13813,Male,31,1980-03-08,0.00041,Married,2788,,2045-08-01,No,,,Flexible contract,72510.0,2542,Yes,2,,NA,1,Created
13814,2011-01-01,13814,Male,5,2006-01-14,9e-05,Single,0,,,Yes,20.0,2026-08-01,Child,0.0,0,Yes,0,,NA,1,Created
13815,2011-01-01,13815,Male,49,1962-01-30,0.00242,Single,0,,,Yes,40.0,,Permanent contract,2865.0,237554,Yes,0,,NA,1,Created
13816,2011-01-01,13816,Female,26,1985-02-23,1.0,Married,2872,,2022-12-20,Yes,,,Flexible contract,14427.0,12477,No,1,,NA,1,Created
13817,2011-01-01,13817,Female,8,2003-06-07,2.9999999999999997e-05,Single,0,,,No,,,Child,0.0,0,No,0,26.0,2029-07-20,1,Created
13818,2011-01-01,13818,Female,6,2005-11-21,8e-05,Single,0,,,Yes,33.0,2038-12-26,Child,0.0,0,No,0,29.0,2034-03-28,1,Created
13819,2011-01-01,13819,Male,42,1969-11-08,0.00128,Married,2789,,2055-03-22,Yes,,,Flexible contract,29471.0,474408,No,2,,NA,1,Created
13820,2011-01-01,13820,Female,4,2007-07-23,5.9999999999999995e-05,Single,0,,,No,,,Child,0.0,0,Yes,0,28.0,2035-01-08,1,Created
13821,2011-01-01,13821,Female,20,1991-03-04,0.00018,Single,0,,,No,,,Permanent contract,15256.0,-6979,Yes,0,31.0,2022-07-25,1,Created
13822,2011-01-01,13822,Female,40,1971-05-10,0.0006900000000000001,Married,2873,,2013-11-04,Yes,,,Entrepreneur with personel,11236.0,533247,Yes,1,,NA,1,Created
13823,2011-01-01,13823,Male,17,1994-02-11,0.00022999999999999998,Single,0,,,Yes,28.0,2022-10-09,Child,0.0,0,Yes,0,,NA,1,Created
16892,2011-02-11,13823,Male,18,1994-02-11,0.00022999999999999998,Single,0,,,No,,,Entrepreneur with personel,21348.0,169177,Yes,0,,NA,1,Life event: Adulthood
13824,2011-01-01,13824,Female,4,2007-09-13,5.9999999999999995e-05,Single,0,,,Yes,30.0,2037-01-31,Child,0.0,0,No,0,25.0,2032-11-27,1,Created
13825,2011-01-01,13825,Male,9,2002-11-22,0.00014,Single,0,,,No,,,Child,0.0,0,Yes,0,,NA,1,Created
13826,2011-01-01,13826,Female,0,2011-02-21,0.0028899999999999998,Single,0,,,Yes,100.0,2111-05-20,Child,0.0,0,No,0,27.0,2038-08-26,1,Created
13827,2011-01-01,13827,Male,62,1949-11-25,0.008409999999999999,Married,2790,,2029-01-30,Yes,,,Permanent contract,21247.0,-47339,No,2,,NA,1,Created
13828,2011-01-01,13828,Male,47,1964-06-24,0.00186,Divorced,0,,,Yes,,,Permanent contract,39170.0,70194,No,0,,NA,1,Created
13829,2011-01-01,13829,Male,23,1988-06-17,0.00039,Single,0,,,Yes,35.0,2023-04-26,Permanent contract,321.0,322653,Yes,0,,NA,1,Created
13830,2011-01-01,13830,Male,84,1927-07-08,0.09176000000000001,Married,2791,,2013-04-05,No,,,Retired,78711.0,1339,Yes,2,,NA,1,Created
18295,2011-12-14,13830,Male,85,1927-07-08,0.09176000000000001,Married,2791,,2013-04-05,No,,,Retired,78711.0,1339,Yes,2,,NA,0,Life event: Deceased
13831,2011-01-01,13831,Male,1,2010-08-03,0.00056,Single,0,,,No,,,Child,0.0,0,Yes,0,,NA,1,Created
13832,2011-01-01,13832,Female,40,1971-10-15,0.0006900000000000001,Single,0,,,Yes,37.0,,Permanent contract,29322.0,34619,Yes,0,,NA,1,Created
13833,2011-01-01,13833,Male,23,1988-02-21,0.00039,Single,0,,,No,,,Permanent contract,84438.0,57303,Yes,0,,NA,1,Created
13834,2011-01-01,13834,Female,32,1979-09-16,0.00041,Single,0,,,No,,,Permanent contract,28169.0,6645,No,0,,NA,1,Created
13835,2011-01-01,13835,Female,24,1987-09-19,0.00018999999999999998,Single,0,,,No,,,Entrepreneur without personnel,7584.0,144545,Yes,0,36.0,2023-04-28,1,Created
13836,2011-01-01,13836,Male,80,1931-11-18,0.05987000000000001,Married,2792,,2052-10-31,Yes,,,Retired,88137.0,3976,Yes,3,,NA,1,Created
13837,2011-01-01,13837,Male,59,1952-07-09,0.00717,Married,2793,,2054-10-12,Yes,,,Permanent contract,32631.0,733406,No,1,,NA,1,Created
13838,2011-01-01,13838,Male,23,1988-03-31,0.00039,Single,0,,,Yes,50.0,2038-10-04,Permanent contract,1470.0,64350,Yes,0,,NA,1,Created
13839,2011-01-01,13839,Male,13,1998-03-26,0.00014,Single,0,,,Yes,30.0,2028-11-22,Child,0.0,0,Yes,0,,NA,1,Created
13840,2011-01-01,13840,Female,63,1948-11-02,0.00672,Married,2874,,2019-09-14,Yes,,,Flexible contract,13933.0,-7796,Yes,2,,NA,1,Created
19210,2012-11-02,13840,Female,65,1948-11-02,0.00672,Married,2874,,2019-09-14,Yes,,,Retired,9753.099999999999,-7796,Yes,2,,NA,1,Life event: Retired
13841,2011-01-01,13841,Male,18,1993-10-05,0.00032,Single,0,,,Yes,32.0,2025-10-27,Entrepreneur without personnel,23993.0,1303,No,0,,NA,1,Created
13842,2011-01-01,13842,Male,12,1999-03-31,0.00011,Single,0,,,No,,,Child,0.0,0,No,0,,NA,1,Created
13843,2011-01-01,13843,Male,23,1988-06-10,0.00039,Single,0,,,No,,,Permanent contract,183721.0,5944,Yes,0,,NA,1,Created
13844,2011-01-01,13844,Male,67,1944-12-03,0.01396,Married,2794,,2055-09-01,Yes,,,Permanent contract,45381.0,-49486,Yes,1,,NA,1,Created
18257,2011-12-03,13844,Male,68,1944-12-03,0.01396,Married,2794,,2055-09-01,Yes,,,Retired,31766.699999999997,-49486,Yes,1,,NA,1,Life event: Retired
13845,2011-01-01,13845,Female,42,1969-11-15,0.001,Married,2875,,2030-12-16,Yes,,,Flexible contract,8713.0,354242,Yes,1,,NA,1,Created
13846,2011-01-01,13846,Female,14,1997-05-13,9e-05,Single,0,,,Yes,49.0,2046-06-04,Child,0.0,0,No,0,22.0,2019-03-09,1,Created
13847,2011-01-01,13847,Male,37,1974-03-16,0.00082,Single,0,,,Yes,30.0,,Permanent contract,22002.0,-15609,Yes,0,,NA,1,Created
13848,2011-01-01,13848,Female,39,1972-12-01,0.00074,Single,0,,,Yes,32.0,,Permanent contract,27010.0,697,Yes,0,,NA,1,Created
13849,2011-01-01,13849,Male,7,2004-05-21,9e-05,Single,0,,,No,,,Child,0.0,0,No,0,,NA,1,Created
13850,2011-01-01,13850,Female,62,1949-01-20,0.0057399999999999994,Married,2876,,2034-08-31,Yes,,,Flexible contract,32713.0,-1875,No,1,,NA,1,Created
13851,2011-01-01,13851,Female,31,1980-10-15,0.00029,Married,2877,,2031-01-23,No,,,Permanent contract,95788.0,390,Yes,2,,NA,1,Created
13852,2011-01-01,13852,Female,55,1956-10-11,0.00372,Married,2878,,2011-01-11,Yes,,,Unemployed,12025.0,65812,No,1,,NA,1,Created
16721,2011-01-11,13852,Female,55,1956-10-11,0.00372,Divorced,2878,,2011-01-11,Yes,,,Unemployed,12025.0,65812,No,1,,NA,1,Life event: Divorced
13853,2011-01-01,13853,Male,62,1949-02-22,0.008409999999999999,Married,2795,,2055-12-24,Yes,,,Entrepreneur without personnel,13859.0,18350,No,2,,NA,1,Created
19229,2012-11-08,13853,Male,64,1949-02-22,0.008409999999999999,Widowed,2795,,2055-12-24,Yes,,,Entrepreneur without personnel,13859.0,18350,No,2,,NA,1,Life event: Widowed
13854,2011-01-01,13854,Female,22,1989-11-01,0.00023999999999999998,Single,0,,,Yes,43.0,2032-01-02,Flexible contract,5821.0,157170,Yes,0,27.0,2016-11-29,1,Created
13855,2011-01-01,13855,Male,29,1982-09-14,0.0005200000000000001,Single,0,,,No,,,Permanent contract,99753.0,736547,Yes,0,,NA,1,Created
13856,2011-01-01,13856,Male,74,1937-02-07,0.0295,Widowed,0,,,No,,,Retired,36011.0,-30891,Yes,0,,NA,1,Created
13857,2011-01-01,13857,Male,52,1959-07-08,0.00314,Married,2796,,2039-03-14,No,,,Permanent contract,21925.0,6238,Yes,3,,NA,1,Created
13858,2011-01-01,13858,Female,46,1965-10-08,0.00134,Married,2879,,2029-01-05,No,,,Permanent contract,1032.0,8766,Yes,2,,NA,1,Created
13859,2011-01-01,13859,Male,78,1933-05-16,0.04668,Widowed,0,,,Yes,,,Retired,41096.0,-31093,Yes,0,,NA,1,Created
18106,2011-10-27,13859,Male,79,1933-05-16,0.04668,Widowed,0,,,Yes,,,Retired,41096.0,-31093,Yes,0,,NA,0,Life event: Deceased
13860,2011-01-01,13860,Male,44,1967-01-23,0.0013599999999999999,Divorced,0,,,No,,,Permanent contract,24773.0,-31190,Yes,0,,NA,1,Created
13861,2011-01-01,13861,Female,8,2003-07-04,2.9999999999999997e-05,Single,0,,,Yes,30.0,2033-04-21,Child,0.0,0,No,0,36.0,2039-03-25,1,Created
13862,2011-01-01,13862,Female,70,1941-12-03,0.01252,Married,2880,,2018-12-28,Yes,,,Retired,3064.0,3990,No,3,,NA,1,Created
13863,2011-01-01,13863,Female,49,1962-12-20,0.00193,Married,2881,,2053-11-21,Yes,,,Unemployed,15533.0,136319,No,1,,NA,1,Created
13864,2011-01-01,13864,Male,60,1951-05-26,0.006840000000000001,Married,2797,,2048-04-05,No,,,Flexible contract,16300.0,164817,No,3,,NA,1,Created
13865,2011-01-01,13865,Female,39,1972-07-26,0.00074,Single,0,,,No,,,Flexible contract,46992.0,-8578,Yes,0,,NA,1,Created
13866,2011-01-01,13866,Male,60,1951-04-20,0.006840000000000001,Married,2798,,2049-03-08,Yes,,,Entrepreneur without personnel,9086.0,81075,Yes,3,,NA,1,Created
13867,2011-01-01,13867,Male,68,1943-07-11,0.01522,Married,2799,,2059-05-12,No,,,Retired,10910.0,77024,No,3,,NA,1,Created
13868,2011-01-01,13868,Female,100,1911-11-04,1.0,Widowed,0,,,No,,,Retired,4967.0,17747,Yes,0,,NA,1,Created
13869,2011-01-01,13869,Male,12,1999-12-14,0.00011,Single,0,,,Yes,30.0,2029-10-10,Child,0.0,0,Yes,0,,NA,1,Created
13870,2011-01-01,13870,Male,18,1993-02-03,0.00032,Single,0,,,Yes,23.0,2016-03-25,Permanent contract,15820.0,-2365,Yes,0,,NA,1,Created
13871,2011-01-01,13871,Male,31,1980-10-07,0.00041,Single,0,,,Yes,31.0,2011-10-14,Entrepreneur without personnel,20666.0,-458,No,0,,NA,1,Created
18049,2011-10-14,13871,Male,32,1980-10-07,0.00041,Married,3462,42,2053-12-06,Yes,31,2011-10-14,Entrepreneur without personnel,20666.0,-458,No,0,,NA,1,Life event: Married
13872,2011-01-01,13872,Male,34,1977-01-29,0.00067,Divorced,0,,,No,,,Flexible contract,14617.0,-3044,Yes,0,,NA,1,Created
13873,2011-01-01,13873,Male,27,1984-06-26,0.00044,Married,2800,,2024-02-01,No,,,Permanent contract,12266.0,261458,Yes,1,,NA,1,Created
13874,2011-01-01,13874,Male,23,1988-01-28,0.00039,Single,0,,,No,,,Permanent contract,40822.0,-25953,No,0,,NA,1,Created
13875,2011-01-01,13875,Female,56,1955-03-13,0.0041,Married,2882,,2031-04-09,No,,,Permanent contract,17129.0,14866,Yes,2,,NA,1,Created
13876,2011-01-01,13876,Female,30,1981-05-06,0.00027,Single,0,,,No,,,Permanent contract,49127.0,996270,No,0,32.0,2013-09-13,1,Created
13877,2011-01-01,13877,Male,62,1949-04-08,0.008409999999999999,Widowed,0,,,No,,,Permanent contract,10893.0,11267,No,0,,NA,1,Created
13878,2011-01-01,13878,Female,59,1952-04-18,0.00479,Divorced,0,,,No,,,Permanent contract,30273.0,65304,No,0,,NA,1,Created
13879,2011-01-01,13879,Male,48,1963-07-14,0.0021100000000000003,Married,2801,,2047-08-27,Yes,,,Permanent contract,53275.0,3152,Yes,2,,NA,1,Created
13880,2011-01-01,13880,Male,71,1940-06-14,0.02034,Married,2802,,2017-10-24,No,,,Retired,26581.0,-7605,Yes,2,,NA,1,Created
13881,2011-01-01,13881,Male,27,1984-08-18,0.00044,Single,0,,,Yes,22.0,,Permanent contract,26156.0,149830,No,0,,NA,1,Created
13882,2011-01-01,13882,Male,62,1949-10-09,0.008409999999999999,Married,2803,,2012-03-16,No,,,Permanent contract,18752.0,461288,No,1,,NA,1,Created
18594,2012-03-16,13882,Male,63,1949-10-09,0.008409999999999999,Divorced,2803,,2012-03-16,No,,,Permanent contract,18752.0,461288,No,1,,NA,1,Life event: Divorced
13883,2011-01-01,13883,Male,34,1977-04-22,0.00067,Single,0,,,No,,,Flexible contract,5663.0,184,Yes,0,,NA,1,Created
13884,2011-01-01,13884,Male,53,1958-06-02,0.0033299999999999996,Married,2804,,2045-05-27,Yes,,,Entrepreneur with personel,7399.0,30,No,1,,NA,1,Created
13885,2011-01-01,13885,Male,42,1969-08-18,0.00128,Single,0,,,Yes,42.0,2011-01-25,Permanent contract,28712.0,59461,No,0,,NA,1,Created
16801,2011-01-25,13885,Male,42,1969-08-18,0.00128,Married,3422,12,2023-11-17,Yes,42,2011-01-25,Permanent contract,28712.0,59461,No,0,,NA,1,Life event: Married
13886,2011-01-01,13886,Female,6,2005-03-16,8e-05,Single,0,,,Yes,49.0,2054-04-06,Child,0.0,0,Yes,0,26.0,2031-09-11,1,Created
13887,2011-01-01,13887,Male,68,1943-04-05,0.01522,Single,0,,,Yes,42.0,,Retired,35383.0,8215,Yes,0,,NA,1,Created
13888,2011-01-01,13888,Female,22,1989-11-27,0.00023999999999999998,Single,0,,,Yes,42.0,2031-06-04,Flexible contract,7387.0,677474,No,0,31.0,2020-11-22,1,Created
13889,2011-01-01,13889,Male,26,1985-01-02,1.0,Single,0,,,Yes,57.0,2042-11-24,Permanent contract,11271.0,50359,Yes,0,,NA,1,Created
17604,2011-07-04,13889,Male,27,1985-01-02,1.0,Single,0,,,Yes,57,2042-11-24,Permanent contract,11271.0,50359,Yes,0,,NA,0,Life event: Deceased
13890,2011-01-01,13890,Female,29,1982-06-29,0.00032,Single,0,,,No,,,Entrepreneur without personnel,67894.0,210442,Yes,0,38.0,2020-01-06,1,Created
13891,2011-01-01,13891,Male,9,2002-07-08,0.00014,Single,0,,,No,,,Child,0.0,0,Yes,0,,NA,1,Created
13892,2011-01-01,13892,Female,70,1941-07-21,0.01252,Married,2883,,2051-02-19,Yes,,,Retired,134795.0,92342,Yes,1,,NA,1,Created
13893,2011-01-01,13893,Male,37,1974-05-24,0.00082,Married,2805,,2021-12-25,Yes,,,Permanent contract,30835.0,95903,Yes,3,,NA,1,Created
13894,2011-01-01,13894,Female,46,1965-05-09,0.00134,Married,2884,,2049-12-29,No,,,Entrepreneur with personel,15726.0,296690,No,2,,NA,1,Created
13895,2011-01-01,13895,Female,40,1971-12-03,0.0006900000000000001,Married,2885,,2052-01-09,No,,,Permanent contract,49394.0,588,No,2,,NA,1,Created
13896,2011-01-01,13896,Male,7,2004-08-11,9e-05,Single,0,,,Yes,32.0,2036-03-21,Child,0.0,0,No,0,,NA,1,Created
13897,2011-01-01,13897,Male,33,1978-09-28,0.00047999999999999996,Married,2806,,2026-12-16,No,,,Permanent contract,64376.0,-30761,Yes,2,,NA,1,Created
13898,2011-01-01,13898,Female,47,1964-05-09,0.00168,Single,0,,,No,,,Unemployed,192169.0,416436,Yes,0,,NA,1,Created
13899,2011-01-01,13899,Female,30,1981-05-08,0.00027,Married,2886,,2025-03-22,No,,,Permanent contract,36411.0,939255,No,1,33.0,2014-10-10,1,Created
13900,2011-01-01,13900,Male,5,2006-10-04,9e-05,Single,0,,,Yes,29.0,2035-08-06,Child,0.0,0,No,0,,NA,1,Created
13901,2011-01-01,13901,Female,1,2010-06-14,0.00033999999999999997,Single,0,,,No,,,Child,0.0,0,No,0,23.0,2033-08-13,1,Created
13902,2011-01-01,13902,Male,65,1946-02-16,0.01141,Married,2807,,2056-07-11,No,,,Flexible contract,35644.0,20927,Yes,1,,NA,1,Created
16921,2011-02-16,13902,Male,66,1946-02-16,0.01141,Married,2807,,2056-07-11,No,,,Retired,24950.8,20927,Yes,1,,NA,1,Life event: Retired
13903,2011-01-01,13903,Male,52,1959-03-25,0.00314,Married,2808,,2043-10-03,No,,,Permanent contract,26000.0,428617,Yes,1,,NA,1,Created
13904,2011-01-01,13904,Female,50,1961-04-27,0.00225,Married,2887,,2039-10-08,Yes,,,Permanent contract,31662.0,194702,No,3,,NA,1,Created
13905,2011-01-01,13905,Female,35,1976-08-23,0.00033999999999999997,Married,2888,,2016-11-22,No,,,Entrepreneur without personnel,32066.0,-3702,Yes,1,,NA,1,Created
13906,2011-01-01,13906,Male,45,1966-05-21,0.0014199999999999998,Single,0,,,Yes,37.0,,Permanent contract,12898.0,-30302,Yes,0,,NA,1,Created
13907,2011-01-01,13907,Female,57,1954-02-02,0.00387,Divorced,0,,,No,,,Permanent contract,37595.0,7192,Yes,0,,NA,1,Created
13908,2011-01-01,13908,Female,78,1933-11-09,0.02817,Single,0,,,No,,,Retired,143806.0,235,No,0,,NA,1,Created
13909,2011-01-01,13909,Male,22,1989-09-21,0.00041,Single,0,,,Yes,38.0,2027-12-03,Entrepreneur without personnel,94841.0,176200,Yes,0,,NA,1,Created
13910,2011-01-01,13910,Female,26,1985-04-01,1.0,Single,0,,,No,,,Flexible contract,38017.0,8110,No,0,29.0,2014-10-05,1,Created
18007,2011-10-04,13910,Female,27,1985-04-01,1.0,Single,0,,,No,,,Flexible contract,38017.0,8110,No,0,29,2014-10-05,0,Life event: Deceased
13911,2011-01-01,13911,Female,60,1951-12-21,0.00541,Married,2889,,2058-04-01,Yes,,,Permanent contract,41076.0,13147,No,3,,NA,1,Created
13912,2011-01-01,13912,Male,52,1959-08-13,0.00314,Divorced,0,,,No,,,Entrepreneur without personnel,30688.0,-48156,Yes,0,,NA,1,Created
13913,2011-01-01,13913,Female,9,2002-01-07,2.9999999999999997e-05,Single,0,,,Yes,25.0,2027-12-14,Child,0.0,0,No,0,31.0,2033-07-19,1,Created
13914,2011-01-01,13914,Female,49,1962-01-16,0.00193,Single,0,,,Yes,26.0,,Permanent contract,20441.0,334840,Yes,0,,NA,1,Created
13915,2011-01-01,13915,Male,53,1958-01-19,0.0033299999999999996,Married,2809,,2028-07-12,No,,,Flexible contract,33853.0,3473,Yes,2,,NA,1,Created
13916,2011-01-01,13916,Female,20,1991-06-10,0.00018,Single,0,,,Yes,50.0,2041-08-10,Permanent contract,11599.0,3371766,Yes,0,38.0,2029-06-23,1,Created
13917,2011-01-01,13917,Female,61,1950-02-09,0.00562,Married,2890,,2053-02-16,No,,,Unemployed,14519.0,436963,No,1,,NA,1,Created
13918,2011-01-01,13918,Female,61,1950-10-13,0.00562,Married,2891,,2013-09-24,No,,,Permanent contract,29997.0,944616,Yes,3,,NA,1,Created
13919,2011-01-01,13919,Male,17,1994-06-13,0.00022999999999999998,Single,0,,,No,,,Child,0.0,0,Yes,0,,NA,1,Created
17506,2011-06-13,13919,Male,18,1994-06-13,0.00022999999999999998,Single,0,,,No,,,Permanent contract,34462.0,16058,Yes,0,,NA,1,Life event: Adulthood
13920,2011-01-01,13920,Female,96,1915-03-29,0.24602,Widowed,0,,,No,,,Retired,20848.0,-29625,No,0,,NA,1,Created
13921,2011-01-01,13921,Female,63,1948-07-17,0.00672,Married,2892,,2034-12-19,No,,,Flexible contract,13423.0,-3739,No,2,,NA,1,Created
18944,2012-07-17,13921,Female,65,1948-07-17,0.00672,Married,2892,,2034-12-19,No,,,Retired,9396.099999999999,-3739,No,2,,NA,1,Life event: Retired
13922,2011-01-01,13922,Female,43,1968-04-27,0.0009699999999999999,Single,0,,,Yes,46.0,2014-08-26,Permanent contract,11874.0,44109,Yes,0,,NA,1,Created
13923,2011-01-01,13923,Female,23,1988-02-15,0.0001,Single,0,,,Yes,45.0,2033-06-13,Flexible contract,3849.0,70826,Yes,0,25.0,2013-05-09,1,Created
13924,2011-01-01,13924,Female,5,2006-07-17,4e-05,Single,0,,,No,,,Child,0.0,0,Yes,0,28.0,2034-11-24,1,Created
13925,2011-01-01,13925,Male,74,1937-03-07,0.0295,Married,2810,,2036-05-20,Yes,,,Retired,36129.0,15996,Yes,2,,NA,1,Created
13926,2011-01-01,13926,Female,50,1961-01-28,0.00225,Single,0,,,No,,,Flexible contract,16923.0,34084,Yes,0,,NA,1,Created
13927,2011-01-01,13927,Female,17,1994-02-05,0.0001,Single,0,,,No,,,Child,0.0,0,No,0,29.0,2023-03-02,1,Created
16851,2011-02-05,13927,Female,18,1994-02-05,0.0001,Single,0,,,No,,,Unemployed,40124.0,-20265,No,0,29,2023-03-02,1,Life event: Adulthood
13928,2011-01-01,13928,Male,39,1972-06-24,0.0008699999999999999,Married,2811,,2052-06-29,No,,,Entrepreneur with personel,18166.0,-1459,No,1,,NA,1,Created
13929,2011-01-01,13929,Female,42,1969-09-03,0.001,Single,0,,,No,,,Permanent contract,277.0,330,No,0,,NA,1,Created
13930,2011-01-01,13930,Male,71,1940-07-25,0.02034,Widowed,0,,,No,,,Retired,9714.0,26414,No,0,,NA,1,Created
13931,2011-01-01,13931,Female,4,2007-02-05,5.9999999999999995e-05,Single,0,,,No,,,Child,0.0,0,No,0,37.0,2044-02-02,1,Created
13932,2011-01-01,13932,Female,13,1998-11-15,0.00011999999999999999,Single,0,,,No,,,Child,0.0,0,Yes,0,22.0,2020-11-01,1,Created
13933,2011-01-01,13933,Male,75,1936-01-30,0.033710000000000004,Married,2812,,2031-06-08,No,,,Retired,49832.0,3652,Yes,2,,NA,1,Created
13934,2011-01-01,13934,Female,44,1967-03-21,0.00107,Married,2893,,2048-04-03,No,,,Entrepreneur with personel,20289.0,18163,Yes,2,,NA,1,Created
13935,2011-01-01,13935,Female,30,1981-10-12,0.00027,Single,0,,,No,,,Flexible contract,46118.0,187060,Yes,0,41.0,2022-10-25,1,Created
13936,2011-01-01,13936,Male,80,1931-09-08,0.05987000000000001,Divorced,0,,,No,,,Retired,32338.0,75514,No,0,,NA,1,Created
13937,2011-01-01,13937,Male,40,1971-03-22,0.0009400000000000001,Married,2813,,2027-08-09,No,,,Permanent contract,37482.0,3401,Yes,2,,NA,1,Created
13938,2011-01-01,13938,Male,24,1987-04-17,0.00047999999999999996,Single,0,,,No,,,Flexible contract,9366.0,12220,No,0,,NA,1,Created
13939,2011-01-01,13939,Female,3,2008-01-24,0.00013000000000000002,Single,0,,,No,,,Child,0.0,0,Yes,0,33.0,2041-06-28,1,Created
13940,2011-01-01,13940,Female,9,2002-02-03,2.9999999999999997e-05,Single,0,,,Yes,27.0,2029-04-29,Child,0.0,0,No,0,29.0,2031-04-15,1,Created
13941,2011-01-01,13941,Male,3,2008-04-19,0.0002,Single,0,,,Yes,72.0,2080-08-14,Child,0.0,0,Yes,0,,NA,1,Created
13942,2011-01-01,13942,Female,48,1963-12-24,0.0018800000000000002,Married,2894,,2034-02-21,No,,,Flexible contract,25048.0,468785,Yes,2,,NA,1,Created
13943,2011-01-01,13943,Male,69,1942-09-10,0.01804,Married,2814,,2056-03-28,Yes,,,Retired,17142.0,144698,Yes,1,,NA,1,Created
13944,2011-01-01,13944,Female,5,2006-09-04,4e-05,Single,0,,,Yes,26.0,2032-03-23,Child,0.0,0,No,0,38.0,2044-04-15,1,Created
13945,2011-01-01,13945,Male,1,2010-07-13,0.00056,Single,0,,,Yes,39.0,2049-12-19,Child,0.0,0,Yes,0,,NA,1,Created
13946,2011-01-01,13946,Male,23,1988-08-07,0.00039,Single,0,,,Yes,53.0,2041-11-24,Flexible contract,8249.0,754,No,0,,NA,1,Created
13947,2011-01-01,13947,Female,71,1940-01-26,0.013009999999999999,Married,2895,,2034-07-23,No,,,Retired,11066.0,2458,No,1,,NA,1,Created
13948,2011-01-01,13948,Female,5,2006-10-31,4e-05,Single,0,,,Yes,20.0,2026-03-01,Child,0.0,0,Yes,0,38.0,2044-03-22,1,Created
13949,2011-01-01,13949,Female,52,1959-12-30,0.00268,Single,0,,,Yes,30.0,,Permanent contract,64775.0,923771,Yes,0,,NA,1,Created
13950,2011-01-01,13950,Female,63,1948-11-03,0.00672,Married,2896,,2028-01-09,No,,,Flexible contract,28737.0,21252,Yes,1,,NA,1,Created
19213,2012-11-03,13950,Female,65,1948-11-03,0.00672,Married,2896,,2028-01-09,No,,,Retired,20115.899999999998,21252,Yes,1,,NA,1,Life event: Retired
13951,2011-01-01,13951,Male,27,1984-06-15,0.00044,Single,0,,,Yes,35.0,2019-02-21,Permanent contract,79686.0,3592357,Yes,0,,NA,1,Created
13952,2011-01-01,13952,Female,29,1982-02-16,0.00032,Single,0,,,No,,,Entrepreneur without personnel,16066.0,143,Yes,0,30.0,2012-11-20,1,Created
13953,2011-01-01,13953,Female,54,1957-07-16,0.00313,Widowed,0,,,No,,,Entrepreneur with personel,42085.0,677511,No,0,,NA,1,Created
13954,2011-01-01,13954,Male,58,1953-11-12,0.00603,Divorced,0,,,Yes,,,Flexible contract,13285.0,221129,Yes,0,,NA,1,Created
13955,2011-01-01,13955,Male,8,2003-01-12,9e-05,Single,0,,,No,,,Child,0.0,0,Yes,0,,NA,1,Created
13956,2011-01-01,13956,Female,12,1999-06-30,5e-05,Single,0,,,Yes,30.0,2029-04-22,Child,0.0,0,No,0,33.0,2032-07-31,1,Created
13957,2011-01-01,13957,Male,46,1965-02-21,0.00172,Married,2815,,2045-09-16,No,,,Permanent contract,18587.0,118860,Yes,1,,NA,1,Created
13958,2011-01-01,13958,Male,57,1954-10-27,0.00572,Married,2816,,2031-06-02,Yes,,,Unemployed,11906.0,18384,No,1,,NA,1,Created
13959,2011-01-01,13959,Male,70,1941-11-10,0.01932,Married,2817,,2077-12-10,No,,,Retired,33032.0,-13472,Yes,2,,NA,1,Created
18529,2012-02-19,13959,Male,71,1941-11-10,0.01932,Married,2817,,2077-12-10,No,,,Retired,33032.0,-13472,Yes,2,,NA,0,Life event: Deceased
13960,2011-01-01,13960,Female,42,1969-09-07,0.001,Married,2897,,2040-04-16,No,,,Flexible contract,18717.0,5998,Yes,2,,NA,1,Created
13961,2011-01-01,13961,Male,80,1931-12-19,0.05987000000000001,Married,2818,,2048-03-29,No,,,Retired,20401.0,2254756,Yes,2,,NA,1,Created
19112,2012-09-20,13961,Male,81,1931-12-19,0.05987000000000001,Married,2818,,2048-03-29,No,,,Retired,20401.0,2254756,Yes,2,,NA,0,Life event: Deceased
13962,2011-01-01,13962,Female,64,1947-06-09,0.00713,Married,2898,,2035-12-19,Yes,,,Entrepreneur with personel,14739.0,182870,No,1,,NA,1,Created
17482,2011-06-09,13962,Female,65,1947-06-09,0.00713,Married,2898,,2035-12-19,Yes,,,Retired,10317.3,182870,No,1,,NA,1,Life event: Retired
13963,2011-01-01,13963,Female,43,1968-04-17,0.0009699999999999999,Single,0,,,No,,,Permanent contract,35038.0,19590,No,0,,NA,1,Created
13964,2011-01-01,13964,Female,72,1939-02-22,0.01411,Married,2899,,2029-05-12,No,,,Retired,45271.0,1931,No,3,,NA,1,Created
13965,2011-01-01,13965,Female,4,2007-03-30,5.9999999999999995e-05,Single,0,,,Yes,29.0,2036-11-21,Child,0.0,0,No,0,34.0,2041-06-22,1,Created
13966,2011-01-01,13966,Male,68,1943-10-25,0.01522,Married,2819,,2046-04-28,No,,,Retired,29932.0,160035,No,2,,NA,1,Created
13967,2011-01-01,13967,Male,44,1967-03-30,0.0013599999999999999,Married,2820,,2042-03-13,No,,,Permanent contract,38137.0,558820,No,2,,NA,1,Created
13968,2011-01-01,13968,Female,54,1957-12-12,0.00313,Married,2900,,2022-04-19,Yes,,,Permanent contract,5189.0,444761,No,2,,NA,1,Created
13969,2011-01-01,13969,Female,85,1926-10-24,0.07042999999999999,Widowed,0,,,Yes,,,Retired,36582.0,29011,No,0,,NA,1,Created
13970,2011-01-01,13970,Male,33,1978-03-25,0.00047999999999999996,Single,0,,,No,,,Permanent contract,18268.0,19637,Yes,0,,NA,1,Created
13971,2011-01-01,13971,Male,53,1958-11-24,0.0033299999999999996,Married,2821,,2025-08-10,No,,,Flexible contract,10493.0,172354,Yes,1,,NA,1,Created
13972,2011-01-01,13972,Female,38,1973-09-14,0.00063,Married,2901,,2060-05-03,No,,,Flexible contract,24764.0,771671,Yes,3,,NA,1,Created
13973,2011-01-01,13973,Male,32,1979-06-19,0.00059,Married,2822,,2030-11-12,Yes,,,Entrepreneur without personnel,84207.0,16998,Yes,2,,NA,1,Created
13974,2011-01-01,13974,Female,6,2005-05-04,8e-05,Single,0,,,No,,,Child,0.0,0,Yes,0,37.0,2042-11-03,1,Created
13975,2011-01-01,13975,Male,78,1933-12-10,0.04668,Widowed,0,,,Yes,,,Retired,89078.0,518,Yes,0,,NA,1,Created
13976,2011-01-01,13976,Male,56,1955-08-30,0.0052,Married,2823,,2029-09-26,Yes,,,Permanent contract,12643.0,348360,No,1,,NA,1,Created
13977,2011-01-01,13977,Male,88,1923-07-20,0.14094,Single,0,,,No,,,Retired,66237.0,97209,Yes,0,,NA,1,Created
13978,2011-01-01,13978,Male,80,1931-09-24,0.05987000000000001,Divorced,0,,,Yes,,,Retired,26397.0,139887,No,0,,NA,1,Created
13979,2011-01-01,13979,Female,10,2001-11-01,0.0001,Single,0,,,Yes,28.0,2029-04-09,Child,0.0,0,No,0,29.0,2030-08-29,1,Created
13980,2011-01-01,13980,Male,0,2011-04-17,0.0036200000000000004,Single,0,,,Yes,33.0,2044-10-18,Child,0.0,0,Yes,0,,NA,1,Created
13981,2011-01-01,13981,Male,40,1971-10-19,0.0009400000000000001,Married,2824,,2022-09-24,No,,,Permanent contract,7281.0,80591,Yes,2,,NA,1,Created
13982,2011-01-01,13982,Female,76,1935-05-15,0.02337,Married,2902,,2024-12-10,Yes,,,Retired,44564.0,126217,No,1,,NA,1,Created
18958,2012-07-23,13982,Female,78,1935-05-15,0.02337,Married,2902,,2024-12-10,Yes,,,Retired,44564.0,126217,No,1,,NA,0,Life event: Deceased
13983,2011-01-01,13983,Female,17,1994-07-09,0.0001,Single,0,,,Yes,39.0,2033-05-18,Child,0.0,0,Yes,0,33.0,2027-12-09,1,Created
17627,2011-07-09,13983,Female,18,1994-07-09,0.0001,Single,0,,,No,,,Permanent contract,2858.0,15733,Yes,0,33,2027-12-09,1,Life event: Adulthood
13984,2011-01-01,13984,Female,48,1963-06-10,0.0018800000000000002,Married,2903,,2057-09-22,Yes,,,Permanent contract,28561.0,35988,Yes,3,,NA,1,Created
13985,2011-01-01,13985,Male,86,1925-08-31,0.1126,Married,2825,,2033-07-14,Yes,,,Retired,476750.0,1042653,Yes,3,,NA,1,Created
13986,2011-01-01,13986,Male,8,2003-06-28,9e-05,Single,0,,,Yes,32.0,2035-11-21,Child,0.0,0,No,0,,NA,1,Created
13987,2011-01-01,13987,Female,39,1972-01-02,0.00074,Single,0,,,Yes,25.0,,Permanent contract,10125.0,3595,Yes,0,,NA,1,Created
13988,2011-01-01,13988,Female,59,1952-11-10,0.00479,Married,2904,,2020-01-12,No,,,Flexible contract,43914.0,96401,No,2,,NA,1,Created
13989,2011-01-01,13989,Female,12,1999-02-02,5e-05,Single,0,,,No,,,Child,0.0,0,No,0,27.0,2026-05-21,1,Created
13990,2011-01-01,13990,Female,52,1959-07-11,0.00268,Divorced,0,,,No,,,Permanent contract,1767.0,161618,Yes,0,,NA,1,Created
13991,2011-01-01,13991,Female,80,1931-08-12,0.03682,Widowed,0,,,No,,,Retired,9275.0,427927,No,0,,NA,1,Created
13992,2011-01-01,13992,Male,79,1932-09-21,0.05364,Widowed,0,,,Yes,,,Retired,74329.0,92492,Yes,0,,NA,1,Created
13993,2011-01-01,13993,Male,41,1970-04-30,0.0008900000000000001,Single,0,,,No,,,Permanent contract,41760.0,179084,Yes,0,,NA,1,Created
13994,2011-01-01,13994,Male,37,1974-03-29,0.00082,Married,2826,,2051-02-28,Yes,,,Flexible contract,289472.0,-29730,No,2,,NA,1,Created
13995,2011-01-01,13995,Female,73,1938-05-07,0.01577,Married,2905,,2032-06-07,No,,,Retired,12192.0,3566,Yes,1,,NA,1,Created
13996,2011-01-01,13996,Male,61,1950-02-24,0.00747,Married,2827,,2053-12-03,No,,,Permanent contract,6306.0,2959,Yes,1,,NA,1,Created
13997,2011-01-01,13997,Female,11,2000-03-16,7e-05,Single,0,,,No,,,Child,0.0,0,Yes,0,21.0,2021-04-13,1,Created
13998,2011-01-01,13998,Female,46,1965-11-14,0.00134,Married,2906,,2041-06-13,Yes,,,Entrepreneur without personnel,21741.0,-43685,No,1,,NA,1,Created
13999,2011-01-01,13999,Female,20,1991-07-14,0.00018,Single,0,,,No,,,Permanent contract,30374.0,3456,Yes,0,38.0,2029-04-01,1,Created
14000,2011-01-01,14000,Female,49,1962-11-01,0.00193,Married,2907,,2041-01-03,No,,,Permanent contract,48664.0,555154,No,2,,NA,1,Created
14001,2011-01-01,14001,Female,23,1988-05-20,0.0001,Single,0,,,Yes,29.0,2017-06-20,Entrepreneur without personnel,65597.0,167003,No,0,23.0,2011-02-03,1,Created
14002,2011-01-01,14002,Male,8,2003-06-25,9e-05,Single,0,,,No,,,Child,0.0,0,Yes,0,,NA,1,Created
14003,2011-01-01,14003,Male,40,1971-03-22,0.0009400000000000001,Single,0,,,No,,,Flexible contract,32549.0,-30558,No,0,,NA,1,Created
14004,2011-01-01,14004,Female,21,1990-08-09,0.00016,Single,0,,,No,,,Permanent contract,34990.0,81145,No,0,24.0,2014-10-27,1,Created
14005,2011-01-01,14005,Male,49,1962-06-05,0.00242,Married,2828,,2014-10-25,No,,,Flexible contract,40558.0,-11526,No,1,,NA,1,Created
14006,2011-01-01,14006,Male,34,1977-02-13,0.00067,Married,2829,,2036-11-07,Yes,,,Unemployed,18163.0,3960,Yes,1,,NA,1,Created
17567,2011-06-25,14006,Male,35,1977-02-13,0.00067,Married,2829,,2036-11-07,Yes,,,Unemployed,18163.0,3960,Yes,1,,NA,0,Life event: Deceased
14007,2011-01-01,14007,Male,65,1946-04-06,0.01141,Married,2830,,2029-03-14,No,,,Permanent contract,16344.0,129846,Yes,2,,NA,1,Created
17182,2011-04-06,14007,Male,66,1946-04-06,0.01141,Married,2830,,2029-03-14,No,,,Retired,11440.8,129846,Yes,2,,NA,1,Life event: Retired
14008,2011-01-01,14008,Male,43,1968-12-16,0.00103,Married,2831,,2013-05-01,No,,,Permanent contract,86135.0,939792,Yes,2,,NA,1,Created
14009,2011-01-01,14009,Female,37,1974-05-13,0.00057,Single,0,,,Yes,36.0,,Unemployed,31025.0,178389,Yes,0,,NA,1,Created
14010,2011-01-01,14010,Female,45,1966-10-31,0.00134,Widowed,0,,,Yes,,,Permanent contract,38809.0,265745,No,0,,NA,1,Created
14011,2011-01-01,14011,Male,76,1935-11-26,0.0375,Married,2832,,2034-01-26,Yes,,,Retired,27896.0,139631,No,2,,NA,1,Created
14012,2011-01-01,14012,Male,52,1959-01-18,0.00314,Married,2833,,2041-08-03,No,,,Permanent contract,43761.0,374616,No,2,,NA,1,Created
14013,2011-01-01,14013,Female,94,1917-02-16,0.20800000000000002,Married,2908,,2042-10-15,Yes,,,Retired,34162.0,3811,No,2,,NA,1,Created
17970,2011-09-24,14013,Female,95,1917-02-16,0.20800000000000002,Married,2908,,2042-10-15,Yes,,,Retired,34162.0,3811,No,2,,NA,0,Life event: Deceased
14014,2011-01-01,14014,Female,81,1930-07-12,0.04307,Widowed,0,,,Yes,,,Retired,19162.0,99827,Yes,0,,NA,1,Created
14015,2011-01-01,14015,Male,58,1953-04-25,0.00603,Married,2834,,2030-02-02,No,,,Permanent contract,1289.0,1513,No,1,,NA,1,Created
14016,2011-01-01,14016,Female,71,1940-10-15,0.013009999999999999,Married,2909,,2020-12-21,No,,,Retired,39159.0,56668,No,2,,NA,1,Created
14017,2011-01-01,14017,Female,65,1946-09-30,0.007559999999999999,Married,2910,,2022-11-25,No,,,Permanent contract,48561.0,-772,Yes,1,,NA,1,Created
17991,2011-09-30,14017,Female,66,1946-09-30,0.007559999999999999,Married,2910,,2022-11-25,No,,,Retired,33992.7,-772,Yes,1,,NA,1,Life event: Retired
14018,2011-01-01,14018,Female,61,1950-10-05,0.00562,Married,2911,,2014-10-27,No,,,Permanent contract,2176.0,-16508,Yes,2,,NA,1,Created
14019,2011-01-01,14019,Female,21,1990-10-24,0.00016,Single,0,,,Yes,25.0,2015-05-05,Permanent contract,1383.0,153307,Yes,0,37.0,2027-01-17,1,Created
14020,2011-01-01,14020,Female,21,1990-06-14,0.00016,Single,0,,,Yes,25.0,2015-10-26,Flexible contract,15288.0,286323,No,0,34.0,2024-01-02,1,Created
14021,2011-01-01,14021,Male,64,1947-05-02,0.01097,Married,2835,,2045-03-05,Yes,,,Flexible contract,33955.0,256,No,3,,NA,1,Created
17290,2011-05-02,14021,Male,65,1947-05-02,0.01097,Married,2835,,2045-03-05,Yes,,,Retired,23768.5,256,No,3,,NA,1,Life event: Retired
14022,2011-01-01,14022,Male,73,1938-05-05,0.0262,Married,2836,,2063-01-17,No,,,Retired,3832.0,-2983,No,2,,NA,1,Created
19042,2012-08-26,14022,Male,75,1938-05-05,0.0262,Married,2836,,2063-01-17,No,,,Retired,3832.0,-2983,No,2,,NA,0,Life event: Deceased
14023,2011-01-01,14023,Male,52,1959-05-02,0.00314,Married,2837,,2068-07-24,Yes,,,Unemployed,1144.0,7953,Yes,3,,NA,1,Created
14024,2011-01-01,14024,Female,37,1974-01-14,0.00057,Married,2912,,2017-07-03,No,,,Permanent contract,35377.0,7731,No,1,,NA,1,Created
14025,2011-01-01,14025,Female,89,1922-01-17,0.11775999999999999,Married,2913,,2043-10-03,No,,,Retired,3311.0,51787,Yes,1,,NA,1,Created
19256,2012-11-17,14025,Female,91,1922-01-17,0.11775999999999999,Widowed,2913,,2043-10-03,No,,,Retired,3311.0,51787,Yes,1,,NA,1,Life event: Widowed
14026,2011-01-01,14026,Male,59,1952-05-29,0.00717,Married,2838,,2036-11-12,No,,,Permanent contract,13124.0,4242,No,3,,NA,1,Created
14027,2011-01-01,14027,Male,57,1954-07-29,0.00572,Married,2839,,2038-02-15,Yes,,,Permanent contract,29827.0,12845,Yes,1,,NA,1,Created
14028,2011-01-01,14028,Female,64,1947-02-21,0.00713,Married,2914,,2037-04-06,No,,,Flexible contract,11248.0,-37620,No,3,,NA,1,Created
16949,2011-02-21,14028,Female,65,1947-02-21,0.00713,Married,2914,,2037-04-06,No,,,Retired,7873.599999999999,-37620,No,3,,NA,1,Life event: Retired
14029,2011-01-01,14029,Female,20,1991-04-16,0.00018,Single,0,,,No,,,Permanent contract,28972.0,-23870,No,0,31.0,2022-11-08,1,Created
14030,2011-01-01,14030,Female,40,1971-07-20,0.0006900000000000001,Married,2915,,2028-03-31,No,,,Unemployed,16465.0,664,Yes,1,,NA,1,Created
14031,2011-01-01,14031,Female,52,1959-07-22,0.00268,Married,2916,,2024-06-08,No,,,Permanent contract,4112.0,-48276,Yes,2,,NA,1,Created
14032,2011-01-01,14032,Female,20,1991-10-17,0.00018,Single,0,,,Yes,29.0,2020-03-24,Permanent contract,19779.0,577527,No,0,33.0,2024-04-01,1,Created
14033,2011-01-01,14033,Female,20,1991-01-05,0.00018,Single,0,,,No,,,Entrepreneur without personnel,12028.0,48229,No,0,31.0,2022-03-12,1,Created
14034,2011-01-01,14034,Male,56,1955-05-02,0.0052,Married,2840,,2022-11-01,Yes,,,Permanent contract,39349.0,526524,Yes,3,,NA,1,Created
14035,2011-01-01,14035,Male,18,1993-08-15,0.00032,Single,0,,,No,,,Flexible contract,39207.0,8965,No,0,,NA,1,Created
14036,2011-01-01,14036,Female,46,1965-03-27,0.00134,Married,2917,,2037-12-16,Yes,,,Permanent contract,17107.0,-7581,Yes,1,,NA,1,Created
14037,2011-01-01,14037,Female,59,1952-06-09,0.00479,Married,2918,,2012-06-12,Yes,,,Permanent contract,3278.0,233651,No,2,,NA,1,Created
18835,2012-06-12,14037,Female,61,1952-06-09,0.00479,Divorced,2918,,2012-06-12,Yes,,,Permanent contract,3278.0,233651,No,2,,NA,1,Life event: Divorced
14038,2011-01-01,14038,Male,40,1971-07-17,0.0009400000000000001,Married,2841,,2051-08-23,Yes,,,Permanent contract,48797.0,148670,Yes,1,,NA,1,Created
14039,2011-01-01,14039,Male,43,1968-02-29,0.00103,Divorced,0,,,No,,,Flexible contract,24203.0,-30905,Yes,0,,NA,1,Created
14040,2011-01-01,14040,Female,97,1914-06-09,0.27028,Widowed,0,,,No,,,Retired,32155.0,136820,No,0,,NA,1,Created
14041,2011-01-01,14041,Male,12,1999-09-04,0.00011,Single,0,,,Yes,32.0,2031-02-20,Child,0.0,0,Yes,0,,NA,1,Created
14042,2011-01-01,14042,Male,43,1968-07-01,0.00103,Married,2842,,2021-06-26,No,,,Permanent contract,17742.0,-18071,Yes,1,,NA,1,Created
14043,2011-01-01,14043,Male,15,1996-06-25,0.00015,Single,0,,,No,,,Child,0.0,0,No,0,,NA,1,Created
14044,2011-01-01,14044,Female,76,1935-03-22,0.02337,Married,2919,,2059-02-11,Yes,,,Retired,7471.0,-23132,Yes,1,,NA,1,Created
14045,2011-01-01,14045,Male,28,1983-11-12,0.00045,Single,0,,,Yes,30.0,2013-02-28,Permanent contract,23262.0,411290,Yes,0,,NA,1,Created
14046,2011-01-01,14046,Female,57,1954-09-05,0.00387,Married,2920,,2049-05-25,Yes,,,Flexible contract,6765.0,3793,Yes,3,,NA,1,Created
14047,2011-01-01,14047,Female,54,1957-04-16,0.00313,Divorced,0,,,Yes,,,Permanent contract,19719.0,-48764,Yes,0,,NA,1,Created
14048,2011-01-01,14048,Female,32,1979-02-07,0.00041,Single,0,,,No,,,Permanent contract,4392.0,2339079,Yes,0,33.0,2012-08-15,1,Created
14049,2011-01-01,14049,Male,38,1973-05-27,0.0009599999999999999,Divorced,0,,,No,,,Entrepreneur without personnel,19796.0,444824,Yes,0,,NA,1,Created
14050,2011-01-01,14050,Male,60,1951-10-17,0.006840000000000001,Married,2843,,2052-07-30,No,,,Permanent contract,7490.0,157,Yes,1,,NA,1,Created
14051,2011-01-01,14051,Female,42,1969-10-08,0.001,Divorced,0,,,Yes,,,Flexible contract,27059.0,4769,No,0,,NA,1,Created
14052,2011-01-01,14052,Female,19,1992-07-01,0.00014,Single,0,,,Yes,30.0,2022-05-31,Entrepreneur without personnel,198024.0,973448,Yes,0,30.0,2022-04-05,1,Created
14053,2011-01-01,14053,Female,24,1987-06-30,0.00018999999999999998,Single,0,,,No,,,Permanent contract,35767.0,182087,Yes,0,40.0,2027-10-01,1,Created
14054,2011-01-01,14054,Female,29,1982-02-19,0.00032,Single,0,,,Yes,32.0,2014-06-22,Permanent contract,37643.0,-34691,No,0,34.0,2016-07-14,1,Created
14055,2011-01-01,14055,Female,64,1947-11-30,0.00713,Married,2921,,2023-01-15,Yes,,,Unemployed,20972.0,46844,No,3,,NA,1,Created
18242,2011-11-30,14055,Female,65,1947-11-30,0.00713,Married,2921,,2023-01-15,Yes,,,Retired,14680.4,46844,No,3,,NA,1,Life event: Retired
14056,2011-01-01,14056,Female,13,1998-09-29,0.00011999999999999999,Single,0,,,Yes,30.0,2028-12-20,Child,0.0,0,No,0,32.0,2030-01-14,1,Created
14057,2011-01-01,14057,Male,87,1924-01-31,0.12537,Widowed,0,,,Yes,,,Retired,68443.0,17672,No,0,,NA,1,Created
18663,2012-04-11,14057,Male,89,1924-01-31,0.12537,Widowed,0,,,Yes,,,Retired,68443.0,17672,No,0,,NA,0,Life event: Deceased
14058,2011-01-01,14058,Male,60,1951-03-09,0.006840000000000001,Married,2844,,2028-02-15,Yes,,,Unemployed,279.0,18208,No,1,,NA,1,Created
14059,2011-01-01,14059,Male,57,1954-09-04,0.00572,Divorced,0,,,No,,,Permanent contract,39981.0,-3876,No,0,,NA,1,Created
14060,2011-01-01,14060,Female,13,1998-05-12,0.00011999999999999999,Single,0,,,Yes,30.0,2028-02-04,Child,0.0,0,No,0,24.0,2022-06-07,1,Created
14061,2011-01-01,14061,Male,52,1959-03-05,0.00314,Married,2845,,2067-11-30,Yes,,,Entrepreneur without personnel,9319.0,816,Yes,1,,NA,1,Created
14062,2011-01-01,14062,Female,7,2004-08-04,7e-05,Single,0,,,Yes,24.0,2028-07-31,Child,0.0,0,No,0,26.0,2030-06-22,1,Created
14063,2011-01-01,14063,Male,14,1997-08-07,0.00014,Single,0,,,No,,,Child,0.0,0,Yes,0,,NA,1,Created
14064,2011-01-01,14064,Male,31,1980-06-26,0.00041,Single,0,,,No,,,Permanent contract,7125.0,17086,Yes,0,,NA,1,Created
14065,2011-01-01,14065,Male,30,1981-05-09,0.00055,Married,2846,,2012-12-04,Yes,,,Flexible contract,34348.0,58437,Yes,1,,NA,1,Created
19294,2012-12-04,14065,Male,32,1981-05-09,0.00055,Divorced,2846,,2012-12-04,Yes,,,Flexible contract,34348.0,58437,Yes,1,,NA,1,Life event: Divorced
14066,2011-01-01,14066,Male,24,1987-11-27,0.00047999999999999996,Single,0,,,Yes,46.0,2033-12-07,Entrepreneur without personnel,21425.0,-957,Yes,0,,NA,1,Created
14067,2011-01-01,14067,Male,0,2011-04-25,0.0036200000000000004,Single,0,,,No,,,Child,0.0,0,Yes,0,,NA,1,Created
14068,2011-01-01,14068,Male,22,1989-03-19,0.00041,Single,0,,,Yes,30.0,2019-12-04,Permanent contract,2469.0,2254578,Yes,0,,NA,1,Created
14069,2011-01-01,14069,Male,44,1967-09-05,0.0013599999999999999,Married,2847,,2049-02-13,Yes,,,Permanent contract,26898.0,4455,No,2,,NA,1,Created
14070,2011-01-01,14070,Female,99,1912-11-10,0.34497,Widowed,0,,,Yes,,,Retired,15076.0,427659,No,0,,NA,1,Created
17704,2011-07-25,14070,Female,99,1912-11-10,0.34497,Widowed,0,,,Yes,,,Retired,15076.0,427659,No,0,,NA,0,Life event: Deceased
14071,2011-01-01,14071,Female,50,1961-02-25,0.00225,Married,2922,,2039-03-10,No,,,Permanent contract,21833.0,445894,No,1,,NA,1,Created
14072,2011-01-01,14072,Male,47,1964-08-02,0.00186,Married,2848,,2030-10-27,No,,,Unemployed,11254.0,4947,Yes,2,,NA,1,Created
14073,2011-01-01,14073,Female,1,2010-01-31,0.00033999999999999997,Single,0,,,No,,,Child,0.0,0,Yes,0,22.0,2032-04-15,1,Created
14074,2011-01-01,14074,Female,52,1959-03-13,0.00268,Married,2923,,2023-05-04,No,,,Flexible contract,28209.0,965,Yes,1,,NA,1,Created
14075,2011-01-01,14075,Male,11,2000-04-11,9e-05,Single,0,,,No,,,Child,0.0,0,Yes,0,,NA,1,Created
14076,2011-01-01,14076,Male,0,2011-01-24,0.0036200000000000004,Single,0,,,Yes,35.0,2046-01-15,Child,0.0,0,Yes,0,,NA,1,Created
14077,2011-01-01,14077,Male,19,1992-05-23,0.00033,Single,0,,,No,,,Flexible contract,90298.0,338,Yes,0,,NA,1,Created
14078,2011-01-01,14078,Female,62,1949-09-20,0.0057399999999999994,Divorced,0,,,No,,,Permanent contract,8201.0,180834,No,0,,NA,1,Created
14079,2011-01-01,14079,Male,51,1960-05-03,0.00301,Married,2849,,2065-03-09,Yes,,,Permanent contract,1245.0,452311,Yes,2,,NA,1,Created
14080,2011-01-01,14080,Female,20,1991-05-16,0.00018,Single,0,,,No,,,Permanent contract,35886.0,77457,No,0,27.0,2018-07-23,1,Created
14081,2011-01-01,14081,Female,55,1956-06-20,0.00372,Married,2924,,2024-04-03,Yes,,,Permanent contract,14041.0,13614,No,2,,NA,1,Created
14082,2011-01-01,14082,Male,3,2008-10-15,0.0002,Single,0,,,No,,,Child,0.0,0,Yes,0,,NA,1,Created
14083,2011-01-01,14083,Female,61,1950-06-25,0.00562,Married,2925,,2045-06-10,No,,,Unemployed,14682.0,439442,Yes,3,,NA,1,Created
14084,2011-01-01,14084,Male,42,1969-06-30,0.00128,Single,0,,,No,,,Permanent contract,5446.0,193116,No,0,,NA,1,Created
14085,2011-01-01,14085,Male,26,1985-10-07,1.0,Married,2850,,2057-02-02,Yes,,,Permanent contract,7443.0,156,Yes,1,,NA,1,Created
14086,2011-01-01,14086,Female,54,1957-08-04,0.00313,Divorced,0,,,No,,,Flexible contract,157574.0,11171,No,0,,NA,1,Created
14087,2011-01-01,14087,Female,12,1999-03-15,5e-05,Single,0,,,Yes,30.0,2029-07-28,Child,0.0,0,Yes,0,35.0,2034-07-11,1,Created
14088,2011-01-01,14088,Male,33,1978-02-23,0.00047999999999999996,Single,0,,,No,,,Permanent contract,24750.0,-47970,Yes,0,,NA,1,Created
14089,2011-01-01,14089,Female,12,1999-05-06,5e-05,Single,0,,,No,,,Child,0.0,0,No,0,28.0,2027-07-27,1,Created
14090,2011-01-01,14090,Female,68,1943-06-20,0.00983,Married,2926,,2012-08-14,No,,,Retired,31826.0,32888,No,1,,NA,1,Created
19009,2012-08-14,14090,Female,70,1943-06-20,0.00983,Divorced,2926,,2012-08-14,No,,,Retired,31826.0,32888,No,1,,NA,1,Life event: Divorced
14091,2011-01-01,14091,Male,36,1975-11-04,0.0006,Married,2851,,2027-07-25,Yes,,,Flexible contract,5489.0,-12385,Yes,2,,NA,1,Created
14092,2011-01-01,14092,Female,78,1933-02-06,0.02817,Widowed,0,,,Yes,,,Retired,12057.0,-35895,No,0,,NA,1,Created
14093,2011-01-01,14093,Female,62,1949-07-28,0.0057399999999999994,Divorced,0,,,Yes,,,Unemployed,8653.0,155326,Yes,0,,NA,1,Created
14094,2011-01-01,14094,Female,48,1963-09-17,0.0018800000000000002,Married,2927,,2050-08-04,No,,,Permanent contract,52361.0,13721,No,1,,NA,1,Created
14095,2011-01-01,14095,Female,7,2004-10-06,7e-05,Single,0,,,Yes,26.0,2030-04-19,Child,0.0,0,Yes,0,30.0,2034-10-24,1,Created
14096,2011-01-01,14096,Male,50,1961-06-06,0.00257,Married,2852,,2016-11-23,Yes,,,Entrepreneur without personnel,32897.0,3004,Yes,1,,NA,1,Created
14097,2011-01-01,14097,Male,65,1946-07-01,0.01141,Married,2853,,2012-08-14,Yes,,,Permanent contract,39471.0,76453,No,2,,NA,1,Created
17590,2011-07-01,14097,Male,66,1946-07-01,0.01141,Married,2853,,2012-08-14,Yes,,,Retired,27629.699999999997,76453,No,2,,NA,1,Life event: Retired
19010,2012-08-14,14097,Male,67,1946-07-01,0.01141,Divorced,2853,,2012-08-14,Yes,,,Retired,27629.699999999997,76453,No,2,,NA,1,Life event: Divorced
14098,2011-01-01,14098,Female,35,1976-10-29,0.00033999999999999997,Single,0,,,No,,,Permanent contract,19123.0,288167,Yes,0,,NA,1,Created
14099,2011-01-01,14099,Female,60,1951-12-21,0.00541,Divorced,0,,,No,,,Permanent contract,44868.0,-3078,Yes,0,,NA,1,Created
14100,2011-01-01,14100,Female,8,2003-09-27,2.9999999999999997e-05,Single,0,,,No,,,Child,0.0,0,Yes,0,24.0,2027-06-05,1,Created
14101,2011-01-01,14101,Male,41,1970-08-24,0.0008900000000000001,Married,2854,,2038-01-06,No,,,Permanent contract,31487.0,313651,Yes,1,,NA,1,Created
14102,2011-01-01,14102,Female,23,1988-01-12,0.0001,Single,0,,,Yes,28.0,2016-07-03,Unemployed,12557.0,32976,No,0,25.0,2013-05-23,1,Created
14103,2011-01-01,14103,Female,20,1991-05-26,0.00018,Single,0,,,Yes,23.0,2014-06-20,Entrepreneur with personel,22100.0,367339,Yes,0,26.0,2017-02-16,1,Created
14104,2011-01-01,14104,Female,62,1949-11-07,0.0057399999999999994,Widowed,0,,,Yes,,,Permanent contract,18552.0,73137,Yes,0,,NA,1,Created
14105,2011-01-01,14105,Female,42,1969-09-16,0.001,Married,2928,,2012-04-28,Yes,,,Permanent contract,15996.0,187791,Yes,1,,NA,1,Created
18703,2012-04-28,14105,Female,43,1969-09-16,0.001,Divorced,2928,,2012-04-28,Yes,,,Permanent contract,15996.0,187791,Yes,1,,NA,1,Life event: Divorced
14106,2011-01-01,14106,Female,49,1962-01-05,0.00193,Divorced,0,,,No,,,Entrepreneur without personnel,48591.0,44668,Yes,0,,NA,1,Created
14107,2011-01-01,14107,Male,14,1997-09-05,0.00014,Single,0,,,Yes,27.0,2024-11-13,Child,0.0,0,Yes,0,,NA,1,Created
14108,2011-01-01,14108,Male,77,1934-04-24,0.0418,Married,2855,,2035-12-19,Yes,,,Retired,8364.0,12606,Yes,1,,NA,1,Created
14109,2011-01-01,14109,Male,33,1978-06-09,0.00047999999999999996,Married,2856,,2016-05-16,Yes,,,Permanent contract,45095.0,22704,Yes,2,,NA,1,Created
14110,2011-01-01,14110,Female,65,1946-11-15,0.007559999999999999,Single,0,,,Yes,35.0,,Flexible contract,16486.0,433436,No,0,,NA,1,Created
18185,2011-11-15,14110,Female,66,1946-11-15,0.007559999999999999,Single,0,,,Yes,35,,Retired,11540.199999999999,433436,No,0,,NA,1,Life event: Retired
14111,2011-01-01,14111,Female,78,1933-05-28,0.02817,Married,2929,,2022-10-08,Yes,,,Retired,14091.0,190107,Yes,2,,NA,1,Created
14112,2011-01-01,14112,Male,11,2000-01-31,9e-05,Single,0,,,No,,,Child,0.0,0,Yes,0,,NA,1,Created
14113,2011-01-01,14113,Male,70,1941-07-22,0.01932,Married,2857,,2052-05-11,No,,,Retired,32599.0,70537,Yes,2,,NA,1,Created
14114,2011-01-01,14114,Female,27,1984-01-25,0.00025,Single,0,,,No,,,Permanent contract,26446.0,51839,No,0,33.0,2017-07-14,1,Created
14115,2011-01-01,14115,Male,21,1990-10-14,0.00045,Single,0,,,No,,,Permanent contract,9186.0,782991,No,0,,NA,1,Created
14116,2011-01-01,14116,Female,2,2009-07-11,0.00015,Single,0,,,Yes,23.0,2032-06-13,Child,0.0,0,No,0,33.0,2042-02-28,1,Created
14117,2011-01-01,14117,Male,64,1947-10-17,0.01097,Married,2858,,2032-12-10,Yes,,,Permanent contract,2023.0,-10242,Yes,1,,NA,1,Created
18064,2011-10-17,14117,Male,65,1947-10-17,0.01097,Married,2858,,2032-12-10,Yes,,,Retired,1416.1,-10242,Yes,1,,NA,1,Life event: Retired
14118,2011-01-01,14118,Male,6,2005-04-20,5.9999999999999995e-05,Single,0,,,Yes,45.0,2050-10-29,Child,0.0,0,Yes,0,,NA,1,Created
14119,2011-01-01,14119,Female,4,2007-02-08,5.9999999999999995e-05,Single,0,,,Yes,32.0,2039-12-13,Child,0.0,0,No,0,33.0,2040-04-19,1,Created
14120,2011-01-01,14120,Female,7,2004-06-23,7e-05,Single,0,,,Yes,28.0,2032-07-28,Child,0.0,0,Yes,0,38.0,2042-09-14,1,Created
14121,2011-01-01,14121,Female,38,1973-06-15,0.00063,Married,2930,,2027-12-08,No,,,Entrepreneur without personnel,20353.0,77042,No,2,,NA,1,Created
14122,2011-01-01,14122,Male,19,1992-04-08,0.00033,Single,0,,,Yes,52.0,2044-01-31,Entrepreneur without personnel,48581.0,80501,No,0,,NA,1,Created
14123,2011-01-01,14123,Male,22,1989-07-02,0.00041,Single,0,,,No,,,Flexible contract,1118.0,539498,No,0,,NA,1,Created
14124,2011-01-01,14124,Male,56,1955-11-28,0.0052,Married,2859,,2025-03-18,Yes,,,Permanent contract,25511.0,336538,Yes,1,,NA,1,Created
14125,2011-01-01,14125,Female,64,1947-05-13,0.00713,Married,2931,,2017-05-04,Yes,,,Permanent contract,94288.0,-35254,Yes,1,,NA,1,Created
17352,2011-05-13,14125,Female,65,1947-05-13,0.00713,Married,2931,,2017-05-04,Yes,,,Retired,66001.59999999999,-35254,Yes,1,,NA,1,Life event: Retired
14126,2011-01-01,14126,Male,16,1995-04-18,0.00029,Single,0,,,No,,,Child,0.0,0,No,0,,NA,1,Created
18680,2012-04-18,14126,Male,18,1995-04-18,0.00029,Single,0,,,Yes,30,2024-02-04,Permanent contract,7354.0,330,No,0,,NA,1,Life event: Adulthood
14127,2011-01-01,14127,Male,62,1949-03-30,0.008409999999999999,Married,2860,,2052-10-31,No,,,Permanent contract,20304.0,82699,Yes,1,,NA,1,Created
14128,2011-01-01,14128,Female,4,2007-09-18,5.9999999999999995e-05,Single,0,,,Yes,26.0,2033-08-27,Child,0.0,0,No,0,33.0,2040-09-18,1,Created
14129,2011-01-01,14129,Female,40,1971-01-13,0.0006900000000000001,Married,2932,,2052-12-12,No,,,Entrepreneur without personnel,42834.0,245700,Yes,2,,NA,1,Created
14130,2011-01-01,14130,Female,30,1981-11-25,0.00027,Married,2933,,2052-01-20,No,,,Flexible contract,49610.0,87715,No,2,,NA,1,Created
14131,2011-01-01,14131,Female,29,1982-02-01,0.00032,Single,0,,,Yes,35.0,2017-10-20,Permanent contract,23744.0,280866,No,0,39.0,2021-05-09,1,Created
14132,2011-01-01,14132,Female,15,1996-07-18,8e-05,Single,0,,,Yes,30.0,2026-12-21,Child,0.0,0,Yes,0,38.0,2034-07-10,1,Created
14133,2011-01-01,14133,Female,94,1917-11-04,0.20800000000000002,Widowed,0,,,Yes,,,Retired,33928.0,1694795,No,0,,NA,1,Created
16663,2011-01-02,14133,Female,94,1917-11-04,0.20800000000000002,Widowed,0,,,Yes,,,Retired,33928.0,1694795,No,0,,NA,0,Life event: Deceased
14134,2011-01-01,14134,Male,93,1918-08-25,0.22959000000000002,Widowed,0,,,No,,,Retired,33560.0,-26999,Yes,0,,NA,1,Created
17805,2011-08-15,14134,Male,93,1918-08-25,0.22959000000000002,Widowed,0,,,No,,,Retired,33560.0,-26999,Yes,0,,NA,0,Life event: Deceased
14135,2011-01-01,14135,Female,100,1911-04-25,1.0,Widowed,0,,,No,,,Retired,21372.0,76112,No,0,,NA,1,Created
18360,2011-12-25,14135,Female,101,1911-04-25,1.0,Widowed,0,,,No,,,Retired,21372.0,76112,No,0,,NA,0,Life event: Deceased
14136,2011-01-01,14136,Female,32,1979-01-10,0.00041,Single,0,,,No,,,Permanent contract,18525.0,742892,No,0,,NA,1,Created
14137,2011-01-01,14137,Female,49,1962-01-26,0.00193,Married,2934,,2057-10-27,Yes,,,Permanent contract,173.0,312,Yes,1,,NA,1,Created
14138,2011-01-01,14138,Male,67,1944-04-08,0.01396,Widowed,0,,,Yes,,,Flexible contract,29554.0,24093,No,0,,NA,1,Created
17191,2011-04-08,14138,Male,68,1944-04-08,0.01396,Widowed,0,,,Yes,,,Retired,20687.8,24093,No,0,,NA,1,Life event: Retired
14139,2011-01-01,14139,Female,38,1973-01-13,0.00063,Single,0,,,Yes,33.0,,Permanent contract,19391.0,762,No,0,39.0,2012-11-23,1,Created
14140,2011-01-01,14140,Male,20,1991-10-18,0.00045,Single,0,,,Yes,37.0,2028-04-02,Entrepreneur without personnel,13886.0,205348,Yes,0,,NA,1,Created
14141,2011-01-01,14141,Female,42,1969-04-25,0.001,Married,2935,,2035-08-18,Yes,,,Permanent contract,7344.0,-27084,No,3,,NA,1,Created
14142,2011-01-01,14142,Male,43,1968-07-06,0.00103,Single,0,,,No,,,Permanent contract,69318.0,183497,Yes,0,,NA,1,Created
14143,2011-01-01,14143,Male,6,2005-04-30,5.9999999999999995e-05,Single,0,,,No,,,Child,0.0,0,Yes,0,,NA,1,Created
14144,2011-01-01,14144,Male,26,1985-09-18,1.0,Single,0,,,No,,,Permanent contract,74426.0,220252,Yes,0,,NA,1,Created
17522,2011-06-16,14144,Male,26,1985-09-18,1.0,Single,0,,,No,,,Permanent contract,74426.0,220252,Yes,0,,NA,0,Life event: Deceased
14145,2011-01-01,14145,Female,91,1920-05-06,0.14715,Widowed,0,,,No,,,Retired,67692.0,452759,No,0,,NA,1,Created
14146,2011-01-01,14146,Male,70,1941-07-06,0.01932,Married,2861,,2040-07-28,Yes,,,Retired,7421.0,193794,Yes,1,,NA,1,Created
14147,2011-01-01,14147,Male,7,2004-03-28,9e-05,Single,0,,,No,,,Child,0.0,0,No,0,,NA,1,Created
14148,2011-01-01,14148,Male,60,1951-08-30,0.006840000000000001,Married,2862,,2020-06-09,No,,,Entrepreneur with personel,10741.0,977,No,1,,NA,1,Created
14149,2011-01-01,14149,Male,23,1988-03-01,0.00039,Single,0,,,Yes,27.0,2015-11-18,Entrepreneur without personnel,67800.0,284,No,0,,NA,1,Created
14150,2011-01-01,14150,Female,8,2003-06-17,2.9999999999999997e-05,Single,0,,,No,,,Child,0.0,0,Yes,0,36.0,2039-07-04,1,Created
14151,2011-01-01,14151,Female,52,1959-06-25,0.00268,Married,2936,,2046-12-10,Yes,,,Permanent contract,21149.0,463,Yes,1,,NA,1,Created
14152,2011-01-01,14152,Female,48,1963-08-18,0.0018800000000000002,Married,2937,,2057-02-12,No,,,Permanent contract,34683.0,17943,Yes,3,,NA,1,Created
14153,2011-01-01,14153,Male,44,1967-11-02,0.0013599999999999999,Married,2863,,2028-04-19,No,,,Permanent contract,29698.0,457452,Yes,3,,NA,1,Created
14154,2011-01-01,14154,Female,34,1977-04-26,0.00037,Single,0,,,No,,,Permanent contract,15735.0,-43797,No,0,,NA,1,Created
14155,2011-01-01,14155,Male,27,1984-11-13,0.00044,Single,0,,,No,,,Entrepreneur without personnel,49993.0,400881,Yes,0,,NA,1,Created
14156,2011-01-01,14156,Female,34,1977-02-09,0.00037,Single,0,,,No,,,Entrepreneur without personnel,3840.0,324778,No,0,,NA,1,Created
14157,2011-01-01,14157,Female,85,1926-12-12,0.07042999999999999,Widowed,0,,,Yes,,,Retired,131.0,-10819,Yes,0,,NA,1,Created
14158,2011-01-01,14158,Female,65,1946-04-10,0.007559999999999999,Married,2938,,2028-10-18,Yes,,,Family business,21380.0,16703,Yes,3,,NA,1,Created
17197,2011-04-10,14158,Female,66,1946-04-10,0.007559999999999999,Married,2938,,2028-10-18,Yes,,,Retired,14965.999999999998,16703,Yes,3,,NA,1,Life event: Retired
14159,2011-01-01,14159,Male,20,1991-07-27,0.00045,Single,0,,,Yes,23.0,2014-03-18,Permanent contract,89225.0,-48924,Yes,0,,NA,1,Created
14160,2011-01-01,14160,Male,22,1989-06-24,0.00041,Single,0,,,No,,,Permanent contract,18524.0,14370,Yes,0,,NA,1,Created
14161,2011-01-01,14161,Male,50,1961-12-29,0.00257,Single,0,,,No,,,Entrepreneur without personnel,23039.0,-26728,Yes,0,,NA,1,Created
14162,2011-01-01,14162,Male,56,1955-11-13,0.0052,Divorced,0,,,No,,,Permanent contract,20979.0,49538,Yes,0,,NA,1,Created
14163,2011-01-01,14163,Female,14,1997-04-23,9e-05,Single,0,,,No,,,Child,0.0,0,Yes,0,35.0,2032-01-08,1,Created
14164,2011-01-01,14164,Male,79,1932-02-11,0.05364,Married,2864,,2012-02-16,No,,,Retired,7094.0,-263,Yes,2,,NA,1,Created
18522,2012-02-16,14164,Male,81,1932-02-11,0.05364,Divorced,2864,,2012-02-16,No,,,Retired,7094.0,-263,Yes,2,,NA,1,Life event: Divorced
14165,2011-01-01,14165,Female,35,1976-07-27,0.00033999999999999997,Married,2939,,2033-04-02,No,,,Entrepreneur with personel,38121.0,-35319,No,3,,NA,1,Created
14166,2011-01-01,14166,Female,49,1962-03-21,0.00193,Married,2940,,2051-12-25,No,,,Entrepreneur with personel,27040.0,43988,No,2,,NA,1,Created
14167,2011-01-01,14167,Female,6,2005-09-05,8e-05,Single,0,,,Yes,41.0,2046-03-01,Child,0.0,0,Yes,0,32.0,2037-11-01,1,Created
14168,2011-01-01,14168,Female,0,2011-02-23,0.0028899999999999998,Single,0,,,Yes,40.0,2051-04-21,Child,0.0,0,Yes,0,35.0,2046-05-12,1,Created
14169,2011-01-01,14169,Male,29,1982-02-09,0.0005200000000000001,Single,0,,,No,,,Flexible contract,12331.0,7187,No,0,,NA,1,Created
14170,2011-01-01,14170,Female,52,1959-09-13,0.00268,Married,2941,,2019-11-18,No,,,Permanent contract,26287.0,330,Yes,1,,NA,1,Created
14171,2011-01-01,14171,Male,40,1971-10-18,0.0009400000000000001,Married,2865,,2034-09-28,Yes,,,Permanent contract,18529.0,134351,Yes,2,,NA,1,Created
14172,2011-01-01,14172,Female,49,1962-07-05,0.00193,Single,0,,,No,,,Permanent contract,69131.0,217885,No,0,,NA,1,Created
14173,2011-01-01,14173,Male,4,2007-05-15,0.00011,Single,0,,,No,,,Child,0.0,0,Yes,0,,NA,1,Created
14174,2011-01-01,14174,Male,50,1961-12-09,0.00257,Divorced,0,,,No,,,Permanent contract,15224.0,-15822,No,0,,NA,1,Created
14175,2011-01-01,14175,Male,13,1998-09-30,0.00014,Single,0,,,No,,,Child,0.0,0,Yes,0,,NA,1,Created
14176,2011-01-01,14176,Male,41,1970-07-02,0.0008900000000000001,Single,0,,,No,,,Unemployed,19090.0,-15247,Yes,0,,NA,1,Created
14177,2011-01-01,14177,Female,58,1953-03-10,0.00448,Married,2942,,2041-05-27,No,,,Permanent contract,44421.0,2575,Yes,2,,NA,1,Created
14178,2011-01-01,14178,Male,46,1965-08-19,0.00172,Married,2866,,2060-03-23,No,,,Permanent contract,3653.0,357,Yes,1,,NA,1,Created
14179,2011-01-01,14179,Male,79,1932-02-21,0.05364,Widowed,0,,,Yes,,,Retired,11203.0,445636,No,0,,NA,1,Created
14180,2011-01-01,14180,Female,59,1952-01-15,0.00479,Married,2943,,2036-06-14,No,,,Flexible contract,10974.0,3371481,No,1,,NA,1,Created
17042,2011-03-10,14180,Female,60,1952-01-15,0.00479,Widowed,2943,,2036-06-14,No,,,Flexible contract,10974.0,3371481,No,1,,NA,1,Life event: Widowed
14181,2011-01-01,14181,Male,40,1971-07-25,0.0009400000000000001,Married,2867,,2057-08-16,No,,,Flexible contract,90016.0,165980,No,2,,NA,1,Created
14182,2011-01-01,14182,Female,40,1971-01-18,0.0006900000000000001,Single,0,,,Yes,45.0,2016-04-16,Permanent contract,15045.0,21433,Yes,0,,NA,1,Created
14183,2011-01-01,14183,Female,52,1959-06-27,0.00268,Married,2944,,2038-05-19,Yes,,,Permanent contract,18165.0,-41889,Yes,3,,NA,1,Created
14184,2011-01-01,14184,Male,5,2006-02-27,9e-05,Single,0,,,Yes,37.0,2043-03-16,Child,0.0,0,No,0,,NA,1,Created
14185,2011-01-01,14185,Male,20,1991-09-26,0.00045,Single,0,,,Yes,39.0,2030-02-14,Flexible contract,20190.0,4936,No,0,,NA,1,Created
14186,2011-01-01,14186,Female,68,1943-01-24,0.00983,Widowed,0,,,Yes,,,Retired,44129.0,-45779,Yes,0,,NA,1,Created
14187,2011-01-01,14187,Male,13,1998-10-07,0.00014,Single,0,,,Yes,29.0,2027-03-14,Child,0.0,0,Yes,0,,NA,1,Created
14188,2011-01-01,14188,Female,55,1956-09-14,0.00372,Single,0,,,Yes,52.0,,Permanent contract,41200.0,-2932,Yes,0,,NA,1,Created
14189,2011-01-01,14189,Female,38,1973-01-24,0.00063,Married,2945,,2055-01-09,No,,,Flexible contract,27753.0,188905,No,1,,NA,1,Created
14190,2011-01-01,14190,Female,64,1947-05-15,0.00713,Married,2946,,2051-07-22,Yes,,,Entrepreneur without personnel,41730.0,-8434,Yes,1,,NA,1,Created
17360,2011-05-15,14190,Female,65,1947-05-15,0.00713,Married,2946,,2051-07-22,Yes,,,Retired,29210.999999999996,-8434,Yes,1,,NA,1,Life event: Retired
14191,2011-01-01,14191,Male,4,2007-02-15,0.00011,Single,0,,,No,,,Child,0.0,0,No,0,,NA,1,Created
14192,2011-01-01,14192,Male,36,1975-07-24,0.0006,Single,0,,,No,,,Flexible contract,46542.0,-37926,No,0,,NA,1,Created
14193,2011-01-01,14193,Female,60,1951-02-25,0.00541,Divorced,0,,,Yes,,,Flexible contract,3998.0,2245,Yes,0,,NA,1,Created
14194,2011-01-01,14194,Male,17,1994-07-13,0.00022999999999999998,Single,0,,,No,,,Child,0.0,0,Yes,0,,NA,1,Created
17647,2011-07-13,14194,Male,18,1994-07-13,0.00022999999999999998,Single,0,,,No,,,Permanent contract,45490.0,75301,Yes,0,,NA,1,Life event: Adulthood
14195,2011-01-01,14195,Male,15,1996-05-07,0.00015,Single,0,,,Yes,33.0,2029-12-02,Child,0.0,0,Yes,0,,NA,1,Created
14196,2011-01-01,14196,Female,55,1956-05-24,0.00372,Married,2947,,2027-01-28,No,,,Flexible contract,28506.0,29178,Yes,2,,NA,1,Created
14197,2011-01-01,14197,Female,47,1964-01-01,0.00168,Widowed,0,,,No,,,Flexible contract,67830.0,464692,Yes,0,,NA,1,Created
14198,2011-01-01,14198,Female,24,1987-01-10,0.00018999999999999998,Single,0,,,Yes,39.0,2026-11-23,Permanent contract,16786.0,-6746,Yes,0,,NA,1,Created
14199,2011-01-01,14199,Male,73,1938-06-14,0.0262,Married,2868,,2029-03-13,Yes,,,Retired,46183.0,813865,No,2,,NA,1,Created
14200,2011-01-01,14200,Female,77,1934-09-16,0.0259,Married,2948,,2053-05-30,Yes,,,Retired,19875.0,12156,Yes,1,,NA,1,Created
14201,2011-01-01,14201,Male,16,1995-09-01,0.00029,Single,0,,,No,,,Child,0.0,0,No,0,,NA,1,Created
19063,2012-09-01,14201,Male,18,1995-09-01,0.00029,Single,0,,,Yes,51,2045-07-22,Permanent contract,1099.0,137420,No,0,,NA,1,Life event: Adulthood
14202,2011-01-01,14202,Male,61,1950-08-09,0.00747,Married,2869,,2036-02-02,Yes,,,Entrepreneur without personnel,43540.0,102949,Yes,3,,NA,1,Created
17051,2011-03-12,14202,Male,61,1950-08-09,0.00747,Widowed,2869,,2036-02-02,Yes,,,Entrepreneur without personnel,43540.0,102949,Yes,3,,NA,1,Life event: Widowed
14203,2011-01-01,14203,Male,61,1950-07-19,0.00747,Married,2870,,2020-01-11,No,,,Permanent contract,26417.0,25557,No,2,,NA,1,Created
14204,2011-01-01,14204,Female,19,1992-05-30,0.00014,Single,0,,,Yes,33.0,2025-10-17,Permanent contract,14025.0,10592,No,0,26.0,2018-08-28,1,Created
14205,2011-01-01,14205,Female,25,1986-01-16,0.00022999999999999998,Single,0,,,Yes,22.0,,Entrepreneur with personel,518.0,305,Yes,0,40.0,2026-12-11,1,Created
14206,2011-01-01,14206,Female,61,1950-08-31,0.00562,Married,2949,,2052-04-03,Yes,,,Flexible contract,46196.0,16,Yes,1,,NA,1,Created
14207,2011-01-01,14207,Female,13,1998-11-20,0.00011999999999999999,Single,0,,,No,,,Child,0.0,0,Yes,0,23.0,2021-03-22,1,Created
14208,2011-01-01,14208,Female,97,1914-05-08,0.27028,Widowed,0,,,No,,,Retired,23780.0,3526,No,0,,NA,1,Created
19195,2012-10-27,14208,Female,99,1914-05-08,0.27028,Widowed,0,,,No,,,Retired,23780.0,3526,No,0,,NA,0,Life event: Deceased
14209,2011-01-01,14209,Male,16,1995-08-10,0.00029,Single,0,,,Yes,44.0,2039-05-16,Child,0.0,0,No,0,,NA,1,Created
18997,2012-08-10,14209,Male,18,1995-08-10,0.00029,Single,0,,,Yes,34,2028-07-30,Entrepreneur without personnel,25354.0,533,No,0,,NA,1,Life event: Adulthood
14210,2011-01-01,14210,Male,88,1923-11-18,0.14094,Married,2871,,2013-09-15,No,,,Retired,5924.0,19792,No,1,,NA,1,Created
14211,2011-01-01,14211,Female,75,1936-08-06,0.01986,Married,2950,,2012-01-06,No,,,Retired,7020.0,4193,Yes,2,,NA,1,Created
18406,2012-01-06,14211,Female,76,1936-08-06,0.01986,Divorced,2950,,2012-01-06,No,,,Retired,7020.0,4193,Yes,2,,NA,1,Life event: Divorced
14212,2011-01-01,14212,Female,54,1957-07-08,0.00313,Married,2951,,2053-12-29,Yes,,,Permanent contract,17018.0,126057,No,2,,NA,1,Created
14213,2011-01-01,14213,Male,5,2006-01-11,9e-05,Single,0,,,No,,,Child,0.0,0,No,0,,NA,1,Created
14214,2011-01-01,14214,Male,82,1929-06-10,0.07771,Widowed,0,,,Yes,,,Retired,28865.0,137981,No,0,,NA,1,Created
14215,2011-01-01,14215,Female,89,1922-11-30,0.11775999999999999,Widowed,0,,,No,,,Retired,133025.0,271,Yes,0,,NA,1,Created
14216,2011-01-01,14216,Male,59,1952-06-30,0.00717,Married,2872,,2022-12-20,Yes,,,Permanent contract,59387.0,443947,No,1,,NA,1,Created
14217,2011-01-01,14217,Female,60,1951-05-03,0.00541,Married,2952,,2046-08-05,Yes,,,Flexible contract,3656.0,-11364,Yes,2,,NA,1,Created
14218,2011-01-01,14218,Male,95,1916-01-28,0.25144,Widowed,0,,,Yes,,,Retired,26311.0,308255,Yes,0,,NA,1,Created
14219,2011-01-01,14219,Male,54,1957-05-29,0.00404,Married,2873,,2013-11-04,Yes,,,Permanent contract,4593.0,-43943,Yes,1,,NA,1,Created
14220,2011-01-01,14220,Female,75,1936-10-09,0.01986,Divorced,0,,,No,,,Retired,13704.0,472862,Yes,0,,NA,1,Created
14221,2011-01-01,14221,Male,46,1965-11-01,0.00172,Married,2874,,2019-09-14,No,,,Permanent contract,16681.0,5922,Yes,2,,NA,1,Created
14222,2011-01-01,14222,Female,12,1999-05-28,5e-05,Single,0,,,No,,,Child,0.0,0,No,0,30.0,2029-12-11,1,Created
14223,2011-01-01,14223,Female,17,1994-08-20,0.0001,Single,0,,,Yes,30.0,2024-09-22,Child,0.0,0,Yes,0,36.0,2030-07-13,1,Created
17834,2011-08-20,14223,Female,18,1994-08-20,0.0001,Single,0,,,Yes,28,2021-01-11,Permanent contract,4902.0,339598,Yes,0,36,2030-07-13,1,Life event: Adulthood
14224,2011-01-01,14224,Male,7,2004-09-10,9e-05,Single,0,,,Yes,61.0,2065-03-30,Child,0.0,0,Yes,0,,NA,1,Created
14225,2011-01-01,14225,Male,10,2001-05-28,0.00011999999999999999,Single,0,,,No,,,Child,0.0,0,Yes,0,,NA,1,Created
14226,2011-01-01,14226,Female,12,1999-11-15,5e-05,Single,0,,,No,,,Child,0.0,0,Yes,0,27.0,2026-12-24,1,Created
14227,2011-01-01,14227,Male,24,1987-12-09,0.00047999999999999996,Married,2875,,2030-12-16,No,,,Entrepreneur with personel,18771.0,9926,Yes,1,,NA,1,Created
14228,2011-01-01,14228,Male,30,1981-11-23,0.00055,Married,2876,,2034-08-31,No,,,Entrepreneur with personel,16468.0,247123,No,1,,NA,1,Created
14229,2011-01-01,14229,Female,20,1991-06-30,0.00018,Single,0,,,Yes,36.0,2027-05-17,Entrepreneur without personnel,12377.0,1701,Yes,0,31.0,2022-04-17,1,Created
14230,2011-01-01,14230,Male,47,1964-12-15,0.00186,Divorced,0,,,No,,,Flexible contract,42858.0,-30417,No,0,,NA,1,Created
14231,2011-01-01,14231,Male,43,1968-02-10,0.00103,Married,2877,,2031-01-23,Yes,,,Permanent contract,23116.0,4732,Yes,2,,NA,1,Created
14232,2011-01-01,14232,Female,34,1977-01-14,0.00037,Single,0,,,No,,,Flexible contract,11853.0,70870,Yes,0,,NA,1,Created
14233,2011-01-01,14233,Female,0,2011-09-17,0.0028899999999999998,Single,0,,,No,,,Child,0.0,0,No,0,29.0,2040-01-12,1,Created
14234,2011-01-01,14234,Female,5,2006-01-26,4e-05,Single,0,,,Yes,25.0,2031-08-01,Child,0.0,0,No,0,30.0,2036-06-10,1,Created
14235,2011-01-01,14235,Male,42,1969-08-06,0.00128,Divorced,0,,,No,,,Permanent contract,23258.0,61994,Yes,0,,NA,1,Created
14236,2011-01-01,14236,Female,67,1944-05-15,0.00974,Single,0,,,No,,,Flexible contract,31424.0,71765,No,0,,NA,1,Created
17361,2011-05-15,14236,Female,68,1944-05-15,0.00974,Single,0,,,No,,,Retired,21996.8,71765,No,0,,NA,1,Life event: Retired
14237,2011-01-01,14237,Female,27,1984-01-11,0.00025,Single,0,,,No,,,Permanent contract,71795.0,14659,No,0,34.0,2018-10-07,1,Created
14238,2011-01-01,14238,Female,21,1990-02-17,0.00016,Single,0,,,No,,,Permanent contract,20463.0,4611,No,0,30.0,2020-10-02,1,Created
14239,2011-01-01,14239,Female,46,1965-08-16,0.00134,Single,0,,,Yes,56.0,2021-04-02,Flexible contract,56666.0,23,Yes,0,,NA,1,Created
14240,2011-01-01,14240,Male,55,1956-08-02,0.00419,Married,2878,,2011-01-11,Yes,,,Flexible contract,48361.0,69814,No,1,,NA,1,Created
16722,2011-01-11,14240,Male,55,1956-08-02,0.00419,Divorced,2878,,2011-01-11,Yes,,,Flexible contract,48361.0,69814,No,1,,NA,1,Life event: Divorced
14241,2011-01-01,14241,Female,53,1958-06-19,0.00312,Married,2953,,2040-05-28,Yes,,,Permanent contract,42564.0,-186,Yes,2,,NA,1,Created
14242,2011-01-01,14242,Male,72,1939-08-12,0.02384,Married,2879,,2029-01-05,No,,,Retired,32557.0,3650,Yes,2,,NA,1,Created
14243,2011-01-01,14243,Male,62,1949-02-11,0.008409999999999999,Married,2880,,2018-12-28,Yes,,,Unemployed,15068.0,42370,No,3,,NA,1,Created
14244,2011-01-01,14244,Male,19,1992-02-19,0.00033,Single,0,,,No,,,Permanent contract,20250.0,309,Yes,0,,NA,1,Created
14245,2011-01-01,14245,Male,8,2003-11-16,9e-05,Single,0,,,No,,,Child,0.0,0,No,0,,NA,1,Created
14246,2011-01-01,14246,Female,62,1949-05-25,0.0057399999999999994,Divorced,0,,,No,,,Permanent contract,31556.0,588001,Yes,0,,NA,1,Created
14247,2011-01-01,14247,Female,17,1994-10-29,0.0001,Single,0,,,Yes,49.0,2043-06-01,Child,0.0,0,Yes,0,35.0,2029-06-02,1,Created
18110,2011-10-29,14247,Female,18,1994-10-29,0.0001,Single,0,,,No,,,Flexible contract,15449.0,-14783,Yes,0,35,2029-06-02,1,Life event: Adulthood
14248,2011-01-01,14248,Female,29,1982-07-05,0.00032,Single,0,,,No,,,Flexible contract,26972.0,123521,Yes,0,31.0,2013-07-04,1,Created
14249,2011-01-01,14249,Male,3,2008-11-18,0.0002,Single,0,,,Yes,41.0,2049-08-02,Child,0.0,0,Yes,0,,NA,1,Created
14250,2011-01-01,14250,Male,61,1950-11-13,0.00747,Married,2881,,2053-11-21,Yes,,,Unemployed,19482.0,188149,No,1,,NA,1,Created
14251,2011-01-01,14251,Male,26,1985-08-08,1.0,Single,0,,,No,,,Permanent contract,36077.0,-2241,Yes,0,,NA,1,Created
18202,2011-11-20,14251,Male,27,1985-08-08,1.0,Single,0,,,No,,,Permanent contract,36077.0,-2241,Yes,0,,NA,0,Life event: Deceased
14252,2011-01-01,14252,Female,64,1947-03-25,0.00713,Married,2954,,2023-12-05,No,,,Permanent contract,48518.0,-48051,Yes,2,,NA,1,Created
17121,2011-03-25,14252,Female,65,1947-03-25,0.00713,Married,2954,,2023-12-05,No,,,Retired,33962.6,-48051,Yes,2,,NA,1,Life event: Retired
14253,2011-01-01,14253,Male,27,1984-08-15,0.00044,Single,0,,,Yes,39.0,2023-04-27,Permanent contract,54278.0,-41342,No,0,,NA,1,Created
14254,2011-01-01,14254,Male,6,2005-01-18,5.9999999999999995e-05,Single,0,,,Yes,29.0,2034-10-20,Child,0.0,0,No,0,,NA,1,Created
14255,2011-01-01,14255,Female,2,2009-06-08,0.00015,Single,0,,,Yes,43.0,2052-09-03,Child,0.0,0,Yes,0,34.0,2043-11-08,1,Created
14256,2011-01-01,14256,Female,36,1975-01-27,0.00049,Married,2955,,2014-01-14,Yes,,,Entrepreneur without personnel,81484.0,443912,No,1,,NA,1,Created
14257,2011-01-01,14257,Female,45,1966-08-04,0.00134,Married,2956,,2028-11-06,No,,,Permanent contract,27121.0,480,Yes,1,,NA,1,Created
14258,2011-01-01,14258,Male,30,1981-04-24,0.00055,Married,2882,,2031-04-09,No,,,Permanent contract,16981.0,450509,Yes,2,,NA,1,Created
14259,2011-01-01,14259,Female,45,1966-06-20,0.00134,Married,2957,,2031-07-02,No,,,Flexible contract,31143.0,-3752,No,2,,NA,1,Created
14260,2011-01-01,14260,Male,45,1966-11-24,0.0014199999999999998,Married,2883,,2051-02-19,No,,,Permanent contract,10009.0,-28190,Yes,1,,NA,1,Created
14261,2011-01-01,14261,Male,51,1960-02-08,0.00301,Married,2884,,2049-12-29,Yes,,,Unemployed,78710.0,9558,No,2,,NA,1,Created
14262,2011-01-01,14262,Male,21,1990-08-31,0.00045,Single,0,,,Yes,52.0,2042-10-16,Permanent contract,17143.0,3322,No,0,,NA,1,Created
14263,2011-01-01,14263,Female,6,2005-06-26,8e-05,Single,0,,,No,,,Child,0.0,0,Yes,0,38.0,2043-09-12,1,Created
14264,2011-01-01,14264,Male,37,1974-09-24,0.00082,Married,2885,,2052-01-09,No,,,Flexible contract,4614.0,-2001,No,2,,NA,1,Created
14265,2011-01-01,14265,Female,9,2002-11-14,2.9999999999999997e-05,Single,0,,,No,,,Child,0.0,0,Yes,0,27.0,2029-01-18,1,Created
14266,2011-01-01,14266,Male,30,1981-08-09,0.00055,Single,0,,,No,,,Permanent contract,2108.0,715042,No,0,,NA,1,Created
14267,2011-01-01,14267,Male,22,1989-06-03,0.00041,Single,0,,,No,,,Permanent contract,36272.0,-20233,Yes,0,,NA,1,Created
14268,2011-01-01,14268,Male,9,2002-07-18,0.00014,Single,0,,,No,,,Child,0.0,0,Yes,0,,NA,1,Created
14269,2011-01-01,14269,Female,28,1983-12-01,0.00025,Single,0,,,Yes,52.0,2035-03-13,Permanent contract,2615.0,79233,Yes,0,33.0,2016-03-13,1,Created
14270,2011-01-01,14270,Male,74,1937-09-08,0.0295,Widowed,0,,,No,,,Retired,17204.0,4511,No,0,,NA,1,Created
14271,2011-01-01,14271,Female,53,1958-05-18,0.00312,Married,2958,,2066-10-11,Yes,,,Flexible contract,18089.0,112670,Yes,1,,NA,1,Created
14272,2011-01-01,14272,Male,5,2006-11-11,9e-05,Single,0,,,No,,,Child,0.0,0,No,0,,NA,1,Created
14273,2011-01-01,14273,Female,59,1952-04-27,0.00479,Married,2959,,2014-04-24,No,,,Entrepreneur without personnel,42461.0,244491,No,2,,NA,1,Created
14274,2011-01-01,14274,Male,40,1971-07-29,0.0009400000000000001,Married,2886,,2025-03-22,Yes,,,Flexible contract,12739.0,264035,No,1,,NA,1,Created
14275,2011-01-01,14275,Female,55,1956-08-15,0.00372,Divorced,0,,,No,,,Permanent contract,5147.0,29543,Yes,0,,NA,1,Created
14276,2011-01-01,14276,Male,69,1942-04-03,0.01804,Divorced,0,,,No,,,Retired,31375.0,179103,Yes,0,,NA,1,Created
14277,2011-01-01,14277,Female,18,1993-10-15,0.00023999999999999998,Single,0,,,Yes,34.0,2027-08-24,Permanent contract,7619.0,132912,Yes,0,37.0,2030-10-20,1,Created
14278,2011-01-01,14278,Female,1,2010-07-07,0.00033999999999999997,Single,0,,,Yes,23.0,2033-11-08,Child,0.0,0,No,0,28.0,2038-04-24,1,Created
14279,2011-01-01,14279,Female,65,1946-11-30,0.007559999999999999,Married,2960,,2049-04-22,No,,,Unemployed,4703.0,677,No,2,,NA,1,Created
18243,2011-11-30,14279,Female,66,1946-11-30,0.007559999999999999,Married,2960,,2049-04-22,No,,,Retired,3292.1,677,No,2,,NA,1,Life event: Retired
14280,2011-01-01,14280,Female,40,1971-11-16,0.0006900000000000001,Single,0,,,Yes,23.0,,Permanent contract,94208.0,6599,Yes,0,,NA,1,Created
14281,2011-01-01,14281,Male,51,1960-10-05,0.00301,Married,2887,,2039-10-08,Yes,,,Permanent contract,9632.0,60074,No,3,,NA,1,Created
14282,2011-01-01,14282,Female,45,1966-03-22,0.00134,Married,2961,,2049-10-17,Yes,,,Unemployed,35671.0,2014,No,2,,NA,1,Created
14283,2011-01-01,14283,Female,68,1943-11-20,0.00983,Married,2962,,2041-07-21,No,,,Retired,40664.0,-36972,Yes,1,,NA,1,Created
14284,2011-01-01,14284,Female,37,1974-04-14,0.00057,Single,0,,,Yes,67.0,2041-09-03,Flexible contract,11752.0,-49817,Yes,0,,NA,1,Created
14285,2011-01-01,14285,Female,63,1948-02-19,0.00672,Single,0,,,No,,,Permanent contract,23822.0,28098,No,0,,NA,1,Created
18531,2012-02-19,14285,Female,65,1948-02-19,0.00672,Single,0,,,No,,,Retired,16675.399999999998,28098,No,0,,NA,1,Life event: Retired
14286,2011-01-01,14286,Male,60,1951-03-29,0.006840000000000001,Married,2888,,2016-11-22,Yes,,,Flexible contract,57158.0,3856,Yes,1,,NA,1,Created
14287,2011-01-01,14287,Female,33,1978-12-28,0.00035,Single,0,,,No,,,Flexible contract,11609.0,180991,Yes,0,,NA,1,Created
14288,2011-01-01,14288,Female,49,1962-11-25,0.00193,Married,2963,,2029-08-29,No,,,Permanent contract,39648.0,-3223,Yes,1,,NA,1,Created
14289,2011-01-01,14289,Female,12,1999-09-26,5e-05,Single,0,,,Yes,28.0,2027-12-09,Child,0.0,0,No,0,29.0,2028-10-15,1,Created
14290,2011-01-01,14290,Male,84,1927-06-03,0.09176000000000001,Single,0,,,No,,,Retired,4638.0,20457,No,0,,NA,1,Created
14291,2011-01-01,14291,Female,80,1931-11-24,0.03682,Married,2964,,2047-12-10,No,,,Retired,25923.0,415843,No,3,,NA,1,Created
14292,2011-01-01,14292,Male,42,1969-08-26,0.00128,Divorced,0,,,Yes,,,Flexible contract,46448.0,432229,No,0,,NA,1,Created
14293,2011-01-01,14293,Female,37,1974-11-25,0.00057,Married,2965,,2044-06-03,Yes,,,Permanent contract,24467.0,18101,Yes,2,,NA,1,Created
14294,2011-01-01,14294,Female,40,1971-06-09,0.0006900000000000001,Divorced,0,,,Yes,,,Entrepreneur without personnel,32374.0,15045,Yes,0,,NA,1,Created
14295,2011-01-01,14295,Male,11,2000-07-14,9e-05,Single,0,,,No,,,Child,0.0,0,No,0,,NA,1,Created
14296,2011-01-01,14296,Male,36,1975-11-30,0.0006,Single,0,,,Yes,27.0,,Flexible contract,26293.0,424563,No,0,,NA,1,Created
14297,2011-01-01,14297,Male,32,1979-05-11,0.00059,Single,0,,,Yes,25.0,,Permanent contract,2703.0,492238,No,0,,NA,1,Created
14298,2011-01-01,14298,Female,10,2001-06-08,0.0001,Single,0,,,Yes,23.0,2024-04-07,Child,0.0,0,Yes,0,26.0,2027-08-01,1,Created
14299,2011-01-01,14299,Female,12,1999-08-20,5e-05,Single,0,,,Yes,39.0,2038-09-13,Child,0.0,0,No,0,35.0,2034-11-01,1,Created
14300,2011-01-01,14300,Male,2,2009-03-05,0.00021,Single,0,,,No,,,Child,0.0,0,No,0,,NA,1,Created
14301,2011-01-01,14301,Female,3,2008-11-06,0.00013000000000000002,Single,0,,,No,,,Child,0.0,0,No,0,35.0,2043-03-05,1,Created
14302,2011-01-01,14302,Male,38,1973-11-15,0.0009599999999999999,Single,0,,,Yes,30.0,,Permanent contract,12104.0,3766919,No,0,,NA,1,Created
14303,2011-01-01,14303,Female,24,1987-08-15,0.00018999999999999998,Single,0,,,Yes,25.0,2012-04-07,Permanent contract,30914.0,-39405,No,0,38.0,2025-05-01,1,Created
18653,2012-04-07,14303,Female,25,1987-08-15,0.00018999999999999998,Married,3480,5,2017-05-26,Yes,25,2012-04-07,Permanent contract,30914.0,-39405,No,0,38,2025-05-01,1,Life event: Married
14304,2011-01-01,14304,Female,2,2009-09-30,0.00015,Single,0,,,No,,,Child,0.0,0,No,0,28.0,2037-02-20,1,Created
14305,2011-01-01,14305,Female,105,1906-02-08,1.0,Single,0,,,Yes,26.0,,Retired,8624.0,-2700,No,0,,NA,1,Created
14306,2011-01-01,14306,Female,62,1949-03-28,0.0057399999999999994,Married,2966,,2038-09-27,Yes,,,Permanent contract,3533.0,41787,Yes,3,,NA,1,Created
14307,2011-01-01,14307,Female,8,2003-02-24,2.9999999999999997e-05,Single,0,,,No,,,Child,0.0,0,No,0,26.0,2029-09-09,1,Created
14308,2011-01-01,14308,Female,18,1993-09-11,0.00023999999999999998,Single,0,,,No,,,Permanent contract,12245.0,445,No,0,32.0,2025-12-04,1,Created
14309,2011-01-01,14309,Male,3,2008-04-18,0.0002,Single,0,,,Yes,53.0,2061-04-22,Child,0.0,0,Yes,0,,NA,1,Created
14310,2011-01-01,14310,Female,42,1969-12-26,0.001,Single,0,,,No,,,Permanent contract,25937.0,39398,No,0,,NA,1,Created
14311,2011-01-01,14311,Female,51,1960-10-30,0.0023899999999999998,Single,0,,,No,,,Entrepreneur without personnel,39160.0,-2550,Yes,0,,NA,1,Created
14312,2011-01-01,14312,Female,63,1948-05-19,0.00672,Married,2967,,2021-10-04,Yes,,,Flexible contract,39295.0,-48008,Yes,1,,NA,1,Created
18766,2012-05-19,14312,Female,65,1948-05-19,0.00672,Married,2967,,2021-10-04,Yes,,,Retired,27506.5,-48008,Yes,1,,NA,1,Life event: Retired
14313,2011-01-01,14313,Male,79,1932-03-02,0.05364,Married,2889,,2058-04-01,No,,,Retired,50949.0,4559,No,3,,NA,1,Created
14314,2011-01-01,14314,Male,42,1969-02-21,0.00128,Married,2890,,2053-02-16,No,,,Flexible contract,34449.0,1467,No,1,,NA,1,Created
14315,2011-01-01,14315,Male,24,1987-08-17,0.00047999999999999996,Single,0,,,Yes,33.0,2020-04-05,Permanent contract,19266.0,1802,No,0,,NA,1,Created
14316,2011-01-01,14316,Male,48,1963-01-08,0.0021100000000000003,Divorced,0,,,Yes,,,Permanent contract,22788.0,-2657,No,0,,NA,1,Created
14317,2011-01-01,14317,Female,105,1906-06-10,1.0,Widowed,0,,,No,,,Retired,41914.0,83999,Yes,0,,NA,1,Created
14318,2011-01-01,14318,Female,88,1923-04-20,0.10577,Widowed,0,,,No,,,Retired,13219.0,203969,Yes,0,,NA,1,Created
19352,2012-12-25,14318,Female,90,1923-04-20,0.10577,Widowed,0,,,No,,,Retired,13219.0,203969,Yes,0,,NA,0,Life event: Deceased
14319,2011-01-01,14319,Male,20,1991-01-01,0.00045,Single,0,,,No,,,Permanent contract,21322.0,485691,No,0,,NA,1,Created
14320,2011-01-01,14320,Female,61,1950-08-26,0.00562,Married,2968,,2034-05-09,No,,,Flexible contract,49181.0,82413,Yes,3,,NA,1,Created
14321,2011-01-01,14321,Male,31,1980-03-12,0.00041,Divorced,0,,,No,,,Entrepreneur without personnel,12871.0,109958,Yes,0,,NA,1,Created
14322,2011-01-01,14322,Male,44,1967-05-22,0.0013599999999999999,Married,2891,,2013-09-24,No,,,Flexible contract,13679.0,830817,Yes,3,,NA,1,Created
14323,2011-01-01,14323,Male,72,1939-12-11,0.02384,Married,2892,,2034-12-19,Yes,,,Retired,37198.0,277,No,2,,NA,1,Created
14324,2011-01-01,14324,Female,50,1961-11-19,0.00225,Divorced,0,,,No,,,Permanent contract,15305.0,20535,Yes,0,,NA,1,Created
14325,2011-01-01,14325,Female,51,1960-08-11,0.0023899999999999998,Married,2969,,2016-09-11,Yes,,,Permanent contract,20015.0,212914,No,3,,NA,1,Created
14326,2011-01-01,14326,Male,40,1971-12-15,0.0009400000000000001,Married,2893,,2048-04-03,No,,,Flexible contract,28372.0,573,Yes,2,,NA,1,Created
14327,2011-01-01,14327,Female,22,1989-02-18,0.00023999999999999998,Single,0,,,Yes,22.0,2011-08-18,Permanent contract,33812.0,2258,No,0,26.0,2015-03-15,1,Created
17823,2011-08-18,14327,Female,23,1989-02-18,0.00023999999999999998,Married,3453,37,2048-11-25,Yes,22,2011-08-18,Permanent contract,33812.0,2258,No,0,26,2015-03-15,1,Life event: Married
14328,2011-01-01,14328,Male,57,1954-12-07,0.00572,Single,0,,,No,,,Permanent contract,10059.0,122652,Yes,0,,NA,1,Created
14329,2011-01-01,14329,Male,5,2006-01-07,9e-05,Single,0,,,No,,,Child,0.0,0,No,0,,NA,1,Created
14330,2011-01-01,14330,Female,42,1969-04-11,0.001,Single,0,,,No,,,Entrepreneur with personel,23217.0,25904,Yes,0,,NA,1,Created
14331,2011-01-01,14331,Female,38,1973-02-27,0.00063,Married,2970,,2038-01-02,Yes,,,Permanent contract,10386.0,4669496,Yes,1,,NA,1,Created
14332,2011-01-01,14332,Male,20,1991-04-16,0.00045,Single,0,,,No,,,Family business,48647.0,759809,No,0,,NA,1,Created
14333,2011-01-01,14333,Female,61,1950-02-24,0.00562,Married,2971,,2055-06-05,No,,,Permanent contract,25952.0,-5292,Yes,1,,NA,1,Created
14334,2011-01-01,14334,Female,102,1909-09-29,1.0,Widowed,0,,,No,,,Retired,13803.0,47627,Yes,0,,NA,1,Created
17219,2011-04-15,14334,Female,102,1909-09-29,1.0,Widowed,0,,,No,,,Retired,13803.0,47627,Yes,0,,NA,0,Life event: Deceased
14335,2011-01-01,14335,Male,44,1967-01-16,0.0013599999999999999,Divorced,0,,,No,,,Permanent contract,9914.0,-40100,No,0,,NA,1,Created
14336,2011-01-01,14336,Male,48,1963-09-09,0.0021100000000000003,Married,2894,,2034-02-21,No,,,Permanent contract,7490.0,351674,Yes,2,,NA,1,Created
14337,2011-01-01,14337,Female,57,1954-12-12,0.00387,Married,2972,,2038-12-31,No,,,Permanent contract,49792.0,29933,Yes,1,,NA,1,Created
14338,2011-01-01,14338,Male,2,2009-02-18,0.00021,Single,0,,,Yes,41.0,2050-12-13,Child,0.0,0,No,0,,NA,1,Created
14339,2011-01-01,14339,Male,51,1960-05-11,0.00301,Married,2895,,2034-07-23,No,,,Permanent contract,12664.0,174427,No,1,,NA,1,Created
14340,2011-01-01,14340,Female,38,1973-06-30,0.00063,Married,2973,,2047-01-24,Yes,,,Entrepreneur without personnel,15258.0,41402,Yes,2,,NA,1,Created
14341,2011-01-01,14341,Male,29,1982-04-01,0.0005200000000000001,Single,0,,,Yes,40.0,2022-05-26,Permanent contract,33325.0,38837,Yes,0,,NA,1,Created
14342,2011-01-01,14342,Male,17,1994-02-22,0.00022999999999999998,Single,0,,,Yes,48.0,2042-10-03,Child,0.0,0,Yes,0,,NA,1,Created
16953,2011-02-22,14342,Male,18,1994-02-22,0.00022999999999999998,Single,0,,,Yes,51,2044-11-29,Permanent contract,35457.0,38319,Yes,0,,NA,1,Life event: Adulthood
14343,2011-01-01,14343,Male,19,1992-01-11,0.00033,Single,0,,,Yes,32.0,2024-09-11,Permanent contract,22126.0,138692,No,0,,NA,1,Created
14344,2011-01-01,14344,Male,5,2006-01-13,9e-05,Single,0,,,Yes,29.0,2035-05-18,Child,0.0,0,Yes,0,,NA,1,Created
14345,2011-01-01,14345,Female,40,1971-03-09,0.0006900000000000001,Single,0,,,No,,,Permanent contract,467.0,461,Yes,0,,NA,1,Created
14346,2011-01-01,14346,Female,59,1952-01-26,0.00479,Single,0,,,No,,,Permanent contract,41947.0,71886,Yes,0,,NA,1,Created
14347,2011-01-01,14347,Female,11,2000-02-26,7e-05,Single,0,,,No,,,Child,0.0,0,Yes,0,32.0,2032-05-02,1,Created
14348,2011-01-01,14348,Male,36,1975-08-24,0.0006,Married,2896,,2028-01-09,No,,,Permanent contract,36649.0,-24585,Yes,1,,NA,1,Created
14349,2011-01-01,14349,Male,20,1991-08-26,0.00045,Single,0,,,No,,,Permanent contract,11458.0,104556,Yes,0,,NA,1,Created
14350,2011-01-01,14350,Male,54,1957-07-06,0.00404,Married,2897,,2040-04-16,No,,,Permanent contract,20030.0,-280,Yes,2,,NA,1,Created
14351,2011-01-01,14351,Male,37,1974-07-12,0.00082,Single,0,,,No,,,Permanent contract,32171.0,41695,Yes,0,,NA,1,Created
14352,2011-01-01,14352,Male,21,1990-07-11,0.00045,Single,0,,,No,,,Permanent contract,6636.0,53195,Yes,0,,NA,1,Created
14353,2011-01-01,14353,Female,45,1966-11-06,0.00134,Single,0,,,No,,,Permanent contract,3052.0,921,No,0,,NA,1,Created
14354,2011-01-01,14354,Male,57,1954-06-05,0.00572,Married,2898,,2035-12-19,Yes,,,Permanent contract,18456.0,24037,No,1,,NA,1,Created
14355,2011-01-01,14355,Male,52,1959-09-27,0.00314,Married,2899,,2029-05-12,No,,,Permanent contract,14740.0,254554,No,3,,NA,1,Created
14356,2011-01-01,14356,Male,63,1948-05-24,0.00945,Married,2900,,2022-04-19,No,,,Flexible contract,1261.0,7920,No,2,,NA,1,Created
18782,2012-05-24,14356,Male,65,1948-05-24,0.00945,Married,2900,,2022-04-19,No,,,Retired,882.6999999999999,7920,No,2,,NA,1,Life event: Retired
14357,2011-01-01,14357,Female,11,2000-03-29,7e-05,Single,0,,,Yes,23.0,2023-08-27,Child,0.0,0,No,0,32.0,2032-05-22,1,Created
14358,2011-01-01,14358,Female,84,1927-01-22,0.06362999999999999,Widowed,0,,,Yes,,,Retired,24106.0,560315,Yes,0,,NA,1,Created
14359,2011-01-01,14359,Male,52,1959-11-28,0.00314,Married,2901,,2060-05-03,Yes,,,Flexible contract,35684.0,-38059,Yes,3,,NA,1,Created
14360,2011-01-01,14360,Male,3,2008-05-11,0.0002,Single,0,,,Yes,44.0,2052-05-31,Child,0.0,0,No,0,,NA,1,Created
14361,2011-01-01,14361,Male,47,1964-08-24,0.00186,Married,2902,,2024-12-10,No,,,Flexible contract,5217.0,251808,No,1,,NA,1,Created
18959,2012-07-23,14361,Male,48,1964-08-24,0.00186,Widowed,2902,,2024-12-10,No,,,Flexible contract,5217.0,251808,No,1,,NA,1,Life event: Widowed
14362,2011-01-01,14362,Male,52,1959-02-08,0.00314,Married,2903,,2057-09-22,Yes,,,Permanent contract,20282.0,-39210,Yes,3,,NA,1,Created
14363,2011-01-01,14363,Male,11,2000-01-21,9e-05,Single,0,,,No,,,Child,0.0,0,No,0,,NA,1,Created
14364,2011-01-01,14364,Male,0,2011-02-27,0.0036200000000000004,Single,0,,,Yes,34.0,2045-02-15,Child,0.0,0,Yes,0,,NA,1,Created
14365,2011-01-01,14365,Female,68,1943-04-22,0.00983,Married,2974,,2017-01-31,No,,,Retired,35773.0,-37690,Yes,1,,NA,1,Created
14366,2011-01-01,14366,Male,57,1954-11-02,0.00572,Single,0,,,Yes,27.0,,Permanent contract,10651.0,350394,Yes,0,,NA,1,Created
14367,2011-01-01,14367,Female,70,1941-03-12,0.01252,Married,2975,,2034-09-04,No,,,Retired,35948.0,18079,Yes,1,,NA,1,Created
14368,2011-01-01,14368,Male,17,1994-05-07,0.00022999999999999998,Single,0,,,Yes,50.0,2044-05-05,Child,0.0,0,No,0,,NA,1,Created
17322,2011-05-07,14368,Male,18,1994-05-07,0.00022999999999999998,Single,0,,,Yes,35,2028-09-30,Permanent contract,15896.0,551,No,0,,NA,1,Life event: Adulthood
14369,2011-01-01,14369,Female,78,1933-12-01,0.02817,Divorced,0,,,Yes,,,Retired,25340.0,825,No,0,,NA,1,Created
14370,2011-01-01,14370,Male,74,1937-11-17,0.0295,Widowed,0,,,No,,,Retired,64683.0,24616,No,0,,NA,1,Created
14371,2011-01-01,14371,Male,54,1957-02-07,0.00404,Divorced,0,,,Yes,,,Permanent contract,46446.0,834,No,0,,NA,1,Created
14372,2011-01-01,14372,Female,40,1971-08-13,0.0006900000000000001,Divorced,0,,,No,,,Permanent contract,29289.0,306768,No,0,,NA,1,Created
14373,2011-01-01,14373,Female,54,1957-02-16,0.00313,Married,2976,,2069-05-09,Yes,,,Flexible contract,90342.0,340,Yes,3,,NA,1,Created
14374,2011-01-01,14374,Female,44,1967-04-23,0.00107,Married,2977,,2060-08-12,Yes,,,Permanent contract,2451.0,-1499,No,2,,NA,1,Created
14375,2011-01-01,14375,Female,14,1997-04-22,9e-05,Single,0,,,Yes,20.0,2017-05-07,Child,0.0,0,No,0,20.0,2017-08-27,1,Created
14376,2011-01-01,14376,Male,9,2002-10-16,0.00014,Single,0,,,Yes,36.0,2038-03-06,Child,0.0,0,No,0,,NA,1,Created
14377,2011-01-01,14377,Female,64,1947-04-20,0.00713,Widowed,0,,,Yes,,,Permanent contract,26620.0,207,Yes,0,,NA,1,Created
17241,2011-04-20,14377,Female,65,1947-04-20,0.00713,Widowed,0,,,Yes,,,Retired,18634.0,207,Yes,0,,NA,1,Life event: Retired
14378,2011-01-01,14378,Female,27,1984-07-24,0.00025,Single,0,,,No,,,Permanent contract,4733.0,479041,No,0,30.0,2014-10-11,1,Created
14379,2011-01-01,14379,Female,2,2009-11-08,0.00015,Single,0,,,Yes,40.0,2049-04-08,Child,0.0,0,No,0,31.0,2040-03-03,1,Created
14380,2011-01-01,14380,Female,72,1939-06-06,0.01411,Married,2978,,2060-10-02,No,,,Retired,81096.0,15395,Yes,1,,NA,1,Created
14381,2011-01-01,14381,Male,48,1963-03-09,0.0021100000000000003,Divorced,0,,,No,,,Permanent contract,68999.0,327952,Yes,0,,NA,1,Created
14382,2011-01-01,14382,Male,45,1966-10-07,0.0014199999999999998,Single,0,,,No,,,Permanent contract,23755.0,-47579,No,0,,NA,1,Created
14383,2011-01-01,14383,Female,102,1909-10-18,1.0,Widowed,0,,,Yes,,,Retired,39855.0,77305,Yes,0,,NA,1,Created
17913,2011-09-11,14383,Female,102,1909-10-18,1.0,Widowed,0,,,Yes,,,Retired,39855.0,77305,Yes,0,,NA,0,Life event: Deceased
14384,2011-01-01,14384,Male,25,1986-12-01,0.00033999999999999997,Single,0,,,No,,,Unemployed,6204.0,470,Yes,0,,NA,1,Created
14385,2011-01-01,14385,Male,18,1993-08-16,0.00032,Single,0,,,Yes,43.0,2036-10-13,Permanent contract,38913.0,172873,Yes,0,,NA,1,Created
14386,2011-01-01,14386,Female,26,1985-02-12,1.0,Single,0,,,No,,,Permanent contract,38848.0,14277,Yes,0,29.0,2014-12-12,1,Created
18366,2011-12-26,14386,Female,27,1985-02-12,1.0,Single,0,,,No,,,Permanent contract,38848.0,14277,Yes,0,29,2014-12-12,0,Life event: Deceased
14387,2011-01-01,14387,Male,9,2002-03-17,0.00014,Single,0,,,No,,,Child,0.0,0,Yes,0,,NA,1,Created
14388,2011-01-01,14388,Female,18,1993-03-20,0.00023999999999999998,Single,0,,,No,,,Flexible contract,38782.0,476002,No,0,29.0,2022-08-26,1,Created
14389,2011-01-01,14389,Male,62,1949-02-22,0.008409999999999999,Married,2904,,2020-01-12,No,,,Permanent contract,16472.0,167,No,2,,NA,1,Created
14390,2011-01-01,14390,Female,62,1949-05-11,0.0057399999999999994,Married,2979,,2017-11-17,No,,,Permanent contract,12809.0,690348,No,2,,NA,1,Created
14391,2011-01-01,14391,Female,47,1964-04-23,0.00168,Married,2980,,2024-10-21,Yes,,,Permanent contract,42991.0,-20373,No,2,,NA,1,Created
14392,2011-01-01,14392,Male,26,1985-06-22,1.0,Single,0,,,No,,,Flexible contract,7334.0,54392,Yes,0,,NA,1,Created
17261,2011-04-25,14392,Male,26,1985-06-22,1.0,Single,0,,,No,,,Flexible contract,7334.0,54392,Yes,0,,NA,0,Life event: Deceased
14393,2011-01-01,14393,Female,27,1984-06-24,0.00025,Single,0,,,Yes,48.0,2032-07-01,Permanent contract,16865.0,91916,No,0,29.0,2013-11-02,1,Created
14394,2011-01-01,14394,Female,32,1979-07-26,0.00041,Married,2981,,2028-10-14,Yes,,,Flexible contract,42588.0,34874,No,2,,NA,1,Created
14395,2011-01-01,14395,Male,7,2004-08-14,9e-05,Single,0,,,No,,,Child,0.0,0,No,0,,NA,1,Created
14396,2011-01-01,14396,Female,105,1906-08-15,1.0,Widowed,0,,,Yes,,,Retired,47318.0,97209,No,0,,NA,1,Created
17672,2011-07-18,14396,Female,105,1906-08-15,1.0,Widowed,0,,,Yes,,,Retired,47318.0,97209,No,0,,NA,0,Life event: Deceased
14397,2011-01-01,14397,Male,22,1989-07-26,0.00041,Single,0,,,Yes,45.0,2034-08-05,Entrepreneur without personnel,17590.0,-783,No,0,,NA,1,Created
14398,2011-01-01,14398,Female,97,1914-02-16,0.27028,Widowed,0,,,Yes,,,Retired,29034.0,368679,Yes,0,,NA,1,Created
19088,2012-09-08,14398,Female,99,1914-02-16,0.27028,Widowed,0,,,Yes,,,Retired,29034.0,368679,Yes,0,,NA,0,Life event: Deceased
14399,2011-01-01,14399,Male,23,1988-12-02,0.00039,Single,0,,,No,,,Entrepreneur without personnel,12355.0,428587,No,0,,NA,1,Created
14400,2011-01-01,14400,Female,46,1965-12-18,0.00134,Divorced,0,,,No,,,Permanent contract,74346.0,-17467,Yes,0,,NA,1,Created
14401,2011-01-01,14401,Male,37,1974-07-09,0.00082,Single,0,,,Yes,28.0,,Permanent contract,29152.0,16278,No,0,,NA,1,Created
14402,2011-01-01,14402,Female,39,1972-02-27,0.00074,Married,2982,,2011-11-29,No,,,Permanent contract,65929.0,123981,No,1,,NA,1,Created
18232,2011-11-29,14402,Female,40,1972-02-27,0.00074,Divorced,2982,,2011-11-29,No,,,Permanent contract,65929.0,123981,No,1,,NA,1,Life event: Divorced
14403,2011-01-01,14403,Female,60,1951-01-17,0.00541,Married,2983,,2054-04-18,Yes,,,Entrepreneur without personnel,23622.0,618749,Yes,1,,NA,1,Created
14404,2011-01-01,14404,Male,46,1965-10-10,0.00172,Married,2905,,2032-06-07,Yes,,,Flexible contract,23328.0,1194,Yes,1,,NA,1,Created
14405,2011-01-01,14405,Male,28,1983-06-02,0.00045,Single,0,,,Yes,42.0,2025-09-26,Flexible contract,123048.0,143324,Yes,0,,NA,1,Created
14406,2011-01-01,14406,Female,23,1988-01-21,0.0001,Single,0,,,No,,,Flexible contract,6115.0,73614,No,0,31.0,2019-11-05,1,Created
14407,2011-01-01,14407,Male,26,1985-05-29,1.0,Single,0,,,No,,,Entrepreneur with personel,145941.0,145348,Yes,0,,NA,1,Created
18475,2012-01-28,14407,Male,27,1985-05-29,1.0,Single,0,,,No,,,Entrepreneur with personel,145941.0,145348,Yes,0,,NA,0,Life event: Deceased
14408,2011-01-01,14408,Male,56,1955-09-21,0.0052,Single,0,,,No,,,Entrepreneur without personnel,27625.0,159841,Yes,0,,NA,1,Created
14409,2011-01-01,14409,Male,28,1983-06-28,0.00045,Single,0,,,Yes,47.0,2030-07-13,Flexible contract,19545.0,207294,No,0,,NA,1,Created
14410,2011-01-01,14410,Female,18,1993-10-30,0.00023999999999999998,Single,0,,,No,,,Permanent contract,9805.0,482889,No,0,38.0,2031-04-25,1,Created
14411,2011-01-01,14411,Female,65,1946-10-13,0.007559999999999999,Married,2984,,2055-12-09,No,,,Permanent contract,64421.0,939,Yes,2,,NA,1,Created
18045,2011-10-13,14411,Female,66,1946-10-13,0.007559999999999999,Married,2984,,2055-12-09,No,,,Retired,45094.7,939,Yes,2,,NA,1,Life event: Retired
14412,2011-01-01,14412,Male,53,1958-09-27,0.0033299999999999996,Married,2906,,2041-06-13,No,,,Entrepreneur without personnel,15286.0,283865,No,1,,NA,1,Created
14413,2011-01-01,14413,Female,54,1957-12-17,0.00313,Married,2985,,2026-08-07,No,,,Permanent contract,7050.0,289378,Yes,2,,NA,1,Created
14414,2011-01-01,14414,Male,48,1963-07-17,0.0021100000000000003,Married,2907,,2041-01-03,No,,,Permanent contract,45568.0,28332,No,2,,NA,1,Created
14415,2011-01-01,14415,Female,36,1975-10-21,0.00049,Married,2986,,2011-12-26,Yes,,,Permanent contract,22122.0,-743,Yes,2,,NA,1,Created
18367,2011-12-26,14415,Female,37,1975-10-21,0.00049,Divorced,2986,,2011-12-26,Yes,,,Permanent contract,22122.0,-743,Yes,2,,NA,1,Life event: Divorced
14416,2011-01-01,14416,Female,71,1940-07-31,0.013009999999999999,Widowed,0,,,Yes,,,Retired,4653.0,38712,No,0,,NA,1,Created
14417,2011-01-01,14417,Female,61,1950-10-23,0.00562,Divorced,0,,,No,,,Flexible contract,7180.0,-1786,No,0,,NA,1,Created
14418,2011-01-01,14418,Male,25,1986-04-02,0.00033999999999999997,Married,2908,,2042-10-15,No,,,Permanent contract,6524.0,-19428,No,2,,NA,1,Created
17971,2011-09-24,14418,Male,26,1986-04-02,0.00033999999999999997,Widowed,2908,,2042-10-15,No,,,Permanent contract,6524.0,-19428,No,2,,NA,1,Life event: Widowed
14419,2011-01-01,14419,Male,65,1946-10-16,0.01141,Married,2909,,2020-12-21,Yes,,,Flexible contract,2738.0,456943,No,2,,NA,1,Created
18060,2011-10-16,14419,Male,66,1946-10-16,0.01141,Married,2909,,2020-12-21,Yes,,,Retired,1916.6,456943,No,2,,NA,1,Life event: Retired
14420,2011-01-01,14420,Female,25,1986-04-28,0.00022999999999999998,Single,0,,,No,,,Permanent contract,29862.0,-471,Yes,0,41.0,2027-06-07,1,Created
14421,2011-01-01,14421,Male,14,1997-03-12,0.00014,Single,0,,,Yes,55.0,2052-11-14,Child,0.0,0,No,0,,NA,1,Created
14422,2011-01-01,14422,Male,71,1940-11-30,0.02034,Married,2910,,2022-11-25,Yes,,,Retired,3888.0,86238,Yes,1,,NA,1,Created
14423,2011-01-01,14423,Female,34,1977-09-08,0.00037,Single,0,,,No,,,Flexible contract,5029.0,6301,Yes,0,,NA,1,Created
14424,2011-01-01,14424,Male,28,1983-03-07,0.00045,Single,0,,,No,,,Permanent contract,93486.0,25305,No,0,,NA,1,Created
14425,2011-01-01,14425,Male,14,1997-08-27,0.00014,Single,0,,,Yes,45.0,2042-11-24,Child,0.0,0,Yes,0,,NA,1,Created
14426,2011-01-01,14426,Male,19,1992-11-02,0.00033,Single,0,,,No,,,Permanent contract,56464.0,8566,Yes,0,,NA,1,Created
14427,2011-01-01,14427,Male,62,1949-04-24,0.008409999999999999,Married,2911,,2014-10-27,No,,,Permanent contract,42335.0,173842,Yes,2,,NA,1,Created
14428,2011-01-01,14428,Male,60,1951-10-19,0.006840000000000001,Widowed,0,,,No,,,Permanent contract,37720.0,2538,No,0,,NA,1,Created
14429,2011-01-01,14429,Female,41,1970-11-29,0.0007700000000000001,Divorced,0,,,No,,,Entrepreneur without personnel,20740.0,3335,No,0,,NA,1,Created
14430,2011-01-01,14430,Female,54,1957-10-18,0.00313,Divorced,0,,,Yes,,,Entrepreneur with personel,29863.0,223511,Yes,0,,NA,1,Created
14431,2011-01-01,14431,Male,56,1955-12-01,0.0052,Married,2912,,2017-07-03,No,,,Unemployed,20356.0,383325,No,1,,NA,1,Created
14432,2011-01-01,14432,Female,22,1989-02-19,0.00023999999999999998,Single,0,,,Yes,34.0,2023-09-29,Permanent contract,15887.0,-414,Yes,0,31.0,2020-04-27,1,Created
14433,2011-01-01,14433,Female,11,2000-02-05,7e-05,Single,0,,,No,,,Child,0.0,0,Yes,0,18.0,2018-04-08,1,Created
14434,2011-01-01,14434,Male,2,2009-04-20,0.00021,Single,0,,,Yes,30.0,2039-08-16,Child,0.0,0,No,0,,NA,1,Created
14435,2011-01-01,14435,Female,0,2011-03-05,0.0028899999999999998,Single,0,,,No,,,Child,0.0,0,No,0,30.0,2041-10-15,1,Created
14436,2011-01-01,14436,Female,82,1929-05-25,0.0493,Widowed,0,,,Yes,,,Retired,7925.0,-2765,No,0,,NA,1,Created
17183,2011-04-06,14436,Female,82,1929-05-25,0.0493,Widowed,0,,,Yes,,,Retired,7925.0,-2765,No,0,,NA,0,Life event: Deceased
14437,2011-01-01,14437,Female,56,1955-03-08,0.0041,Single,0,,,No,,,Permanent contract,42000.0,16987,Yes,0,,NA,1,Created
14438,2011-01-01,14438,Male,16,1995-05-29,0.00029,Single,0,,,No,,,Child,0.0,0,No,0,,NA,1,Created
18796,2012-05-29,14438,Male,18,1995-05-29,0.00029,Single,0,,,No,,,Flexible contract,9471.0,62907,No,0,,NA,1,Life event: Adulthood
14439,2011-01-01,14439,Female,54,1957-03-27,0.00313,Married,2987,,2016-08-27,Yes,,,Flexible contract,22071.0,130119,No,1,,NA,1,Created
14440,2011-01-01,14440,Female,17,1994-12-20,0.0001,Single,0,,,No,,,Child,0.0,0,No,0,29.0,2023-07-06,1,Created
18328,2011-12-20,14440,Female,18,1994-12-20,0.0001,Single,0,,,No,,,Permanent contract,8759.0,-35381,No,0,29,2023-07-06,1,Life event: Adulthood
14441,2011-01-01,14441,Female,33,1978-03-16,0.00035,Single,0,,,Yes,41.0,2019-01-22,Permanent contract,15900.0,-13619,Yes,0,,NA,1,Created
14442,2011-01-01,14442,Male,33,1978-01-21,0.00047999999999999996,Single,0,,,No,,,Entrepreneur without personnel,469.0,732371,Yes,0,,NA,1,Created
14443,2011-01-01,14443,Female,61,1950-01-30,0.00562,Married,2988,,2015-03-10,Yes,,,Permanent contract,9916.0,37244,Yes,3,,NA,1,Created
14444,2011-01-01,14444,Female,69,1942-07-04,0.0108,Married,2989,,2048-08-17,Yes,,,Retired,45024.0,331553,No,2,,NA,1,Created
14445,2011-01-01,14445,Female,64,1947-02-09,0.00713,Married,2990,,2057-03-15,Yes,,,Permanent contract,37598.0,23866,Yes,1,,NA,1,Created
16880,2011-02-09,14445,Female,65,1947-02-09,0.00713,Married,2990,,2057-03-15,Yes,,,Retired,26318.6,23866,Yes,1,,NA,1,Life event: Retired
14446,2011-01-01,14446,Male,23,1988-11-18,0.00039,Single,0,,,No,,,Unemployed,11776.0,89844,Yes,0,,NA,1,Created
14447,2011-01-01,14447,Female,32,1979-07-05,0.00041,Single,0,,,No,,,Permanent contract,65571.0,679546,Yes,0,41.0,2020-10-20,1,Created
14448,2011-01-01,14448,Male,25,1986-02-11,0.00033999999999999997,Single,0,,,Yes,34.0,2020-10-02,Permanent contract,38467.0,-9386,No,0,,NA,1,Created
14449,2011-01-01,14449,Female,39,1972-01-15,0.00074,Married,2991,,2054-01-08,No,,,Entrepreneur without personnel,16110.0,65787,No,1,,NA,1,Created
14450,2011-01-01,14450,Female,47,1964-06-20,0.00168,Married,2992,,2019-04-28,Yes,,,Permanent contract,99965.0,-46580,Yes,1,,NA,1,Created
14451,2011-01-01,14451,Male,62,1949-12-03,0.008409999999999999,Married,2913,,2043-10-03,No,,,Permanent contract,31376.0,156791,Yes,1,,NA,1,Created
19255,2012-11-17,14451,Male,63,1949-12-03,0.008409999999999999,Married,2913,,2043-10-03,No,,,Permanent contract,31376.0,156791,Yes,1,,NA,0,Life event: Deceased
14452,2011-01-01,14452,Female,29,1982-10-30,0.00032,Single,0,,,No,,,Permanent contract,41485.0,-23353,No,0,,NA,1,Created
14453,2011-01-01,14453,Male,5,2006-01-21,9e-05,Single,0,,,No,,,Child,0.0,0,No,0,,NA,1,Created
14454,2011-01-01,14454,Male,23,1988-10-06,0.00039,Single,0,,,Yes,32.0,2020-04-23,Flexible contract,65858.0,159108,Yes,0,,NA,1,Created
14455,2011-01-01,14455,Female,58,1953-08-15,0.00448,Married,2993,,2014-05-15,No,,,Permanent contract,40457.0,74131,No,1,,NA,1,Created
14456,2011-01-01,14456,Male,58,1953-11-24,0.00603,Married,2914,,2037-04-06,Yes,,,Permanent contract,77409.0,64786,No,3,,NA,1,Created
14457,2011-01-01,14457,Male,13,1998-08-27,0.00014,Single,0,,,No,,,Child,0.0,0,No,0,,NA,1,Created
14458,2011-01-01,14458,Female,66,1945-06-03,0.009040000000000001,Divorced,0,,,Yes,,,Entrepreneur with personel,37634.0,179627,Yes,0,,NA,1,Created
17453,2011-06-03,14458,Female,67,1945-06-03,0.009040000000000001,Divorced,0,,,Yes,,,Retired,26343.8,179627,Yes,0,,NA,1,Life event: Retired
14459,2011-01-01,14459,Male,11,2000-09-24,9e-05,Single,0,,,No,,,Child,0.0,0,No,0,,NA,1,Created
14460,2011-01-01,14460,Male,28,1983-03-04,0.00045,Single,0,,,No,,,Permanent contract,19326.0,952,No,0,,NA,1,Created
14461,2011-01-01,14461,Male,25,1986-01-08,0.00033999999999999997,Married,2915,,2028-03-31,Yes,,,Entrepreneur without personnel,5810.0,158,Yes,1,,NA,1,Created
14462,2011-01-01,14462,Male,52,1959-10-03,0.00314,Married,2916,,2024-06-08,Yes,,,Permanent contract,20171.0,543,Yes,2,,NA,1,Created
14463,2011-01-01,14463,Female,56,1955-08-03,0.0041,Married,2994,,2023-03-14,No,,,Permanent contract,1695.0,657,Yes,2,,NA,1,Created
14464,2011-01-01,14464,Male,55,1956-05-27,0.00419,Single,0,,,Yes,50.0,,Permanent contract,41003.0,7496,Yes,0,,NA,1,Created
14465,2011-01-01,14465,Male,46,1965-03-25,0.00172,Married,2917,,2037-12-16,Yes,,,Flexible contract,10154.0,50110,Yes,1,,NA,1,Created
14466,2011-01-01,14466,Male,31,1980-06-27,0.00041,Single,0,,,No,,,Permanent contract,29233.0,71995,Yes,0,,NA,1,Created
14467,2011-01-01,14467,Male,25,1986-09-13,0.00033999999999999997,Single,0,,,Yes,63.0,2049-10-28,Permanent contract,15256.0,-1165,No,0,,NA,1,Created
14468,2011-01-01,14468,Female,79,1932-11-08,0.03112,Widowed,0,,,No,,,Retired,48907.0,557738,Yes,0,,NA,1,Created
14469,2011-01-01,14469,Female,12,1999-06-17,5e-05,Single,0,,,Yes,27.0,2026-09-25,Child,0.0,0,No,0,32.0,2031-12-19,1,Created
14470,2011-01-01,14470,Female,42,1969-06-12,0.001,Married,2995,,2054-06-03,No,,,Flexible contract,36668.0,23956,No,2,,NA,1,Created
14471,2011-01-01,14471,Male,20,1991-09-20,0.00045,Single,0,,,No,,,Permanent contract,15903.0,575384,No,0,,NA,1,Created
14472,2011-01-01,14472,Female,33,1978-06-27,0.00035,Single,0,,,No,,,Entrepreneur without personnel,17311.0,112366,No,0,,NA,1,Created
14473,2011-01-01,14473,Male,52,1959-01-13,0.00314,Married,2918,,2012-06-12,No,,,Entrepreneur without personnel,2390.0,19095,No,2,,NA,1,Created
18836,2012-06-12,14473,Male,54,1959-01-13,0.00314,Divorced,2918,,2012-06-12,No,,,Entrepreneur without personnel,2390.0,19095,No,2,,NA,1,Life event: Divorced
14474,2011-01-01,14474,Female,21,1990-12-27,0.00016,Single,0,,,Yes,25.0,2015-11-01,Permanent contract,88825.0,227102,Yes,0,27.0,2017-06-02,1,Created
14475,2011-01-01,14475,Male,40,1971-11-21,0.0009400000000000001,Divorced,0,,,No,,,Permanent contract,74393.0,70214,Yes,0,,NA,1,Created
14476,2011-01-01,14476,Female,16,1995-04-30,8e-05,Single,0,,,Yes,83.0,2078-09-18,Child,0.0,0,No,0,28.0,2023-11-22,1,Created
18709,2012-04-30,14476,Female,18,1995-04-30,8e-05,Single,0,,,No,,,Flexible contract,7365.0,38828,No,0,28,2023-11-22,1,Life event: Adulthood
14477,2011-01-01,14477,Female,63,1948-07-16,0.00672,Divorced,0,,,Yes,,,Entrepreneur without personnel,97122.0,-13113,No,0,,NA,1,Created
18939,2012-07-16,14477,Female,65,1948-07-16,0.00672,Divorced,0,,,Yes,,,Retired,67985.4,-13113,No,0,,NA,1,Life event: Retired
14478,2011-01-01,14478,Female,63,1948-01-14,0.00672,Married,2996,,2021-05-15,No,,,Permanent contract,30680.0,11629,No,1,,NA,1,Created
18427,2012-01-14,14478,Female,65,1948-01-14,0.00672,Married,2996,,2021-05-15,No,,,Retired,21476.0,11629,No,1,,NA,1,Life event: Retired
14479,2011-01-01,14479,Female,73,1938-05-26,0.01577,Married,2997,,2018-05-30,Yes,,,Retired,16882.0,4780,Yes,2,,NA,1,Created
14480,2011-01-01,14480,Female,80,1931-04-27,0.03682,Married,2998,,2045-07-14,Yes,,,Retired,23015.0,1184709,Yes,2,,NA,1,Created
14481,2011-01-01,14481,Male,22,1989-08-16,0.00041,Married,2919,,2059-02-11,Yes,,,Permanent contract,38356.0,96605,Yes,1,,NA,1,Created
14482,2011-01-01,14482,Female,52,1959-01-08,0.00268,Married,2999,,2022-06-11,Yes,,,Permanent contract,8391.0,107976,Yes,1,,NA,1,Created
14483,2011-01-01,14483,Male,72,1939-12-30,0.02384,Married,2920,,2049-05-25,No,,,Retired,8660.0,225505,Yes,3,,NA,1,Created
14484,2011-01-01,14484,Male,53,1958-11-08,0.0033299999999999996,Married,2921,,2023-01-15,Yes,,,Permanent contract,72380.0,8031,No,3,,NA,1,Created
14485,2011-01-01,14485,Female,2,2009-06-15,0.00015,Single,0,,,No,,,Child,0.0,0,No,0,32.0,2041-11-04,1,Created
14486,2011-01-01,14486,Male,15,1996-09-14,0.00015,Single,0,,,No,,,Child,0.0,0,Yes,0,,NA,1,Created
14487,2011-01-01,14487,Female,58,1953-09-30,0.00448,Married,3000,,2035-07-26,No,,,Permanent contract,17713.0,17282,Yes,3,,NA,1,Created
14488,2011-01-01,14488,Female,56,1955-03-02,0.0041,Married,3001,,2012-11-11,Yes,,,Permanent contract,45335.0,24945,No,2,,NA,1,Created
19234,2012-11-11,14488,Female,58,1955-03-02,0.0041,Divorced,3001,,2012-11-11,Yes,,,Permanent contract,45335.0,24945,No,2,,NA,1,Life event: Divorced
14489,2011-01-01,14489,Male,70,1941-12-07,0.01932,Single,0,,,Yes,62.0,,Retired,33745.0,21556,Yes,0,,NA,1,Created
14490,2011-01-01,14490,Female,79,1932-08-06,0.03112,Divorced,0,,,Yes,,,Retired,8573.0,-5493,Yes,0,,NA,1,Created
14491,2011-01-01,14491,Female,10,2001-01-08,0.0001,Single,0,,,Yes,50.0,2051-10-03,Child,0.0,0,Yes,0,30.0,2031-02-08,1,Created
14492,2011-01-01,14492,Female,70,1941-12-01,0.01252,Widowed,0,,,Yes,,,Retired,23194.0,2621,No,0,,NA,1,Created
14493,2011-01-01,14493,Female,42,1969-12-04,0.001,Divorced,0,,,Yes,,,Permanent contract,25931.0,312606,No,0,,NA,1,Created
14494,2011-01-01,14494,Male,76,1935-05-21,0.0375,Married,2922,,2039-03-10,Yes,,,Retired,19328.0,-39825,No,1,,NA,1,Created
14495,2011-01-01,14495,Male,27,1984-05-10,0.00044,Single,0,,,No,,,Permanent contract,46123.0,414056,No,0,,NA,1,Created
14496,2011-01-01,14496,Female,77,1934-02-10,0.0259,Married,3002,,2030-07-07,No,,,Retired,36114.0,11668,No,1,,NA,1,Created
14497,2011-01-01,14497,Female,1,2010-03-18,0.00033999999999999997,Single,0,,,Yes,38.0,2048-08-19,Child,0.0,0,No,0,25.0,2035-10-24,1,Created
14498,2011-01-01,14498,Male,46,1965-12-20,0.00172,Single,0,,,No,,,Permanent contract,31954.0,-28847,Yes,0,,NA,1,Created
14499,2011-01-01,14499,Female,22,1989-10-08,0.00023999999999999998,Single,0,,,No,,,Unemployed,92581.0,16018,No,0,25.0,2014-03-14,1,Created
14500,2011-01-01,14500,Female,79,1932-12-03,0.03112,Single,0,,,Yes,49.0,,Retired,12661.0,248852,Yes,0,,NA,1,Created
14501,2011-01-01,14501,Female,36,1975-03-16,0.00049,Married,3003,,2050-09-27,No,,,Entrepreneur with personel,80082.0,1007053,No,2,,NA,1,Created
14502,2011-01-01,14502,Female,14,1997-01-16,9e-05,Single,0,,,Yes,53.0,2050-05-08,Child,0.0,0,Yes,0,24.0,2021-02-09,1,Created
14503,2011-01-01,14503,Male,53,1958-09-19,0.0033299999999999996,Divorced,0,,,No,,,Entrepreneur without personnel,37263.0,191280,No,0,,NA,1,Created
14504,2011-01-01,14504,Female,59,1952-03-06,0.00479,Married,3004,,2055-07-22,Yes,,,Permanent contract,1578.0,10689,No,2,,NA,1,Created
14505,2011-01-01,14505,Male,66,1945-07-23,0.01401,Married,2923,,2023-05-04,No,,,Permanent contract,7190.0,-18142,Yes,1,,NA,1,Created
17694,2011-07-23,14505,Male,67,1945-07-23,0.01401,Married,2923,,2023-05-04,No,,,Retired,5033.0,-18142,Yes,1,,NA,1,Life event: Retired
14506,2011-01-01,14506,Male,37,1974-12-14,0.00082,Single,0,,,No,,,Entrepreneur with personel,47331.0,46401,Yes,0,,NA,1,Created
14507,2011-01-01,14507,Female,37,1974-06-26,0.00057,Married,3005,,2057-11-09,No,,,Entrepreneur without personnel,26326.0,251322,No,2,,NA,1,Created
14508,2011-01-01,14508,Male,5,2006-06-21,9e-05,Single,0,,,Yes,30.0,2036-09-25,Child,0.0,0,No,0,,NA,1,Created
14509,2011-01-01,14509,Female,45,1966-04-25,0.00134,Married,3006,,2012-05-22,Yes,,,Permanent contract,32315.0,2652783,Yes,1,,NA,1,Created
18773,2012-05-22,14509,Female,47,1966-04-25,0.00134,Divorced,3006,,2012-05-22,Yes,,,Permanent contract,32315.0,2652783,Yes,1,,NA,1,Life event: Divorced
14510,2011-01-01,14510,Male,28,1983-07-03,0.00045,Single,0,,,No,,,Flexible contract,5159.0,271798,Yes,0,,NA,1,Created
14511,2011-01-01,14511,Female,41,1970-11-05,0.0007700000000000001,Single,0,,,Yes,74.0,2044-12-09,Permanent contract,16167.0,68262,No,0,,NA,1,Created
14512,2011-01-01,14512,Female,61,1950-09-05,0.00562,Married,3007,,2051-06-09,No,,,Permanent contract,36331.0,12700,Yes,1,,NA,1,Created
14513,2011-01-01,14513,Female,74,1937-11-17,0.0185,Divorced,0,,,Yes,,,Retired,5010.0,336086,No,0,,NA,1,Created
14514,2011-01-01,14514,Female,99,1912-02-26,0.34497,Widowed,0,,,No,,,Retired,13459.0,131057,No,0,,NA,1,Created
18026,2011-10-08,14514,Female,100,1912-02-26,0.34497,Widowed,0,,,No,,,Retired,13459.0,131057,No,0,,NA,0,Life event: Deceased
14515,2011-01-01,14515,Female,45,1966-07-12,0.00134,Married,3008,,2054-11-02,No,,,Entrepreneur without personnel,1022.0,5008,Yes,3,,NA,1,Created
14516,2011-01-01,14516,Female,24,1987-12-28,0.00018999999999999998,Single,0,,,No,,,Permanent contract,9768.0,-103,No,0,26.0,2013-06-06,1,Created
14517,2011-01-01,14517,Female,46,1965-08-28,0.00134,Married,3009,,2054-10-16,No,,,Unemployed,1527.0,33086,Yes,2,,NA,1,Created
14518,2011-01-01,14518,Female,23,1988-04-30,0.0001,Single,0,,,Yes,30.0,2018-04-15,Permanent contract,24269.0,1456,No,0,28.0,2016-10-22,1,Created
14519,2011-01-01,14519,Female,19,1992-04-28,0.00014,Single,0,,,No,,,Permanent contract,77582.0,106567,No,0,35.0,2027-08-20,1,Created
14520,2011-01-01,14520,Male,45,1966-04-21,0.0014199999999999998,Married,2924,,2024-04-03,Yes,,,Permanent contract,96313.0,-48278,No,2,,NA,1,Created
14521,2011-01-01,14521,Male,47,1964-09-16,0.00186,Married,2925,,2045-06-10,Yes,,,Unemployed,4678.0,57808,Yes,3,,NA,1,Created
14522,2011-01-01,14522,Female,45,1966-10-30,0.00134,Single,0,,,Yes,38.0,,Entrepreneur without personnel,17613.0,1981,Yes,0,,NA,1,Created
14523,2011-01-01,14523,Male,26,1985-06-22,1.0,Single,0,,,No,,,Unemployed,9131.0,491720,No,0,,NA,1,Created
18080,2011-10-21,14523,Male,27,1985-06-22,1.0,Single,0,,,No,,,Unemployed,9131.0,491720,No,0,,NA,0,Life event: Deceased
14524,2011-01-01,14524,Male,32,1979-02-28,0.00059,Single,0,,,Yes,37.0,2016-07-27,Permanent contract,24620.0,23366,No,0,,NA,1,Created
14525,2011-01-01,14525,Male,11,2000-11-28,9e-05,Single,0,,,Yes,39.0,2039-03-26,Child,0.0,0,Yes,0,,NA,1,Created
14526,2011-01-01,14526,Female,53,1958-09-07,0.00312,Married,3010,,2048-12-06,Yes,,,Permanent contract,875.0,39468,Yes,1,,NA,1,Created
14527,2011-01-01,14527,Male,39,1972-06-08,0.0008699999999999999,Divorced,0,,,Yes,,,Permanent contract,33337.0,-41508,No,0,,NA,1,Created
14528,2011-01-01,14528,Male,42,1969-03-14,0.00128,Single,0,,,No,,,Permanent contract,46913.0,3613,No,0,,NA,1,Created
14529,2011-01-01,14529,Male,32,1979-12-13,0.00059,Married,2926,,2012-08-14,No,,,Permanent contract,22832.0,87895,No,1,,NA,1,Created
19011,2012-08-14,14529,Male,33,1979-12-13,0.00059,Divorced,2926,,2012-08-14,No,,,Permanent contract,22832.0,87895,No,1,,NA,1,Life event: Divorced
14530,2011-01-01,14530,Female,61,1950-09-08,0.00562,Married,3011,,2041-09-25,No,,,Entrepreneur without personnel,39143.0,159169,No,2,,NA,1,Created
14531,2011-01-01,14531,Female,4,2007-12-19,5.9999999999999995e-05,Single,0,,,No,,,Child,0.0,0,Yes,0,35.0,2042-08-10,1,Created
14532,2011-01-01,14532,Female,12,1999-08-23,5e-05,Single,0,,,Yes,23.0,2022-04-02,Child,0.0,0,Yes,0,29.0,2028-04-04,1,Created
14533,2011-01-01,14533,Female,62,1949-10-21,0.0057399999999999994,Married,3012,,2026-05-07,Yes,,,Flexible contract,2680.0,165799,Yes,3,,NA,1,Created
14534,2011-01-01,14534,Male,25,1986-08-13,0.00033999999999999997,Single,0,,,No,,,Permanent contract,41603.0,196147,Yes,0,,NA,1,Created
14535,2011-01-01,14535,Female,88,1923-12-09,0.10577,Widowed,0,,,No,,,Retired,7618.0,238103,No,0,,NA,1,Created
14536,2011-01-01,14536,Male,8,2003-02-15,9e-05,Single,0,,,No,,,Child,0.0,0,Yes,0,,NA,1,Created
14537,2011-01-01,14537,Female,68,1943-09-09,0.00983,Married,3013,,2049-08-07,No,,,Retired,13868.0,263995,No,2,,NA,1,Created
14538,2011-01-01,14538,Male,90,1921-03-23,0.16977,Widowed,0,,,Yes,,,Retired,8098.0,197318,No,0,,NA,1,Created
14539,2011-01-01,14539,Female,37,1974-10-28,0.00057,Single,0,,,No,,,Family business,38928.0,5455,Yes,0,,NA,1,Created
14540,2011-01-01,14540,Male,19,1992-04-28,0.00033,Single,0,,,No,,,Flexible contract,33001.0,576485,No,0,,NA,1,Created
14541,2011-01-01,14541,Male,54,1957-12-19,0.00404,Married,2927,,2050-08-04,No,,,Permanent contract,14324.0,-29811,No,1,,NA,1,Created
14542,2011-01-01,14542,Female,16,1995-07-30,8e-05,Single,0,,,No,,,Child,0.0,0,Yes,0,27.0,2022-09-15,1,Created
18973,2012-07-30,14542,Female,18,1995-07-30,8e-05,Single,0,,,Yes,25,2019-02-19,Permanent contract,14360.0,475913,Yes,0,27,2022-09-15,1,Life event: Adulthood
14543,2011-01-01,14543,Male,45,1966-07-30,0.0014199999999999998,Divorced,0,,,Yes,,,Entrepreneur without personnel,97098.0,441810,Yes,0,,NA,1,Created
14544,2011-01-01,14544,Male,27,1984-03-20,0.00044,Single,0,,,Yes,35.0,2019-05-27,Permanent contract,70727.0,-763,No,0,,NA,1,Created
14545,2011-01-01,14545,Male,38,1973-01-23,0.0009599999999999999,Divorced,0,,,No,,,Permanent contract,18702.0,-32847,No,0,,NA,1,Created
14546,2011-01-01,14546,Female,54,1957-05-01,0.00313,Single,0,,,Yes,41.0,,Entrepreneur without personnel,20183.0,166495,No,0,,NA,1,Created
14547,2011-01-01,14547,Male,70,1941-10-08,0.01932,Divorced,0,,,Yes,,,Retired,24639.0,76464,Yes,0,,NA,1,Created
14548,2011-01-01,14548,Female,51,1960-12-03,0.0023899999999999998,Married,3014,,2052-07-10,Yes,,,Permanent contract,14978.0,-4896,Yes,1,,NA,1,Created
14549,2011-01-01,14549,Male,45,1966-02-12,0.0014199999999999998,Married,2928,,2012-04-28,Yes,,,Family business,64727.0,17989,Yes,1,,NA,1,Created
18704,2012-04-28,14549,Male,47,1966-02-12,0.0014199999999999998,Divorced,2928,,2012-04-28,Yes,,,Family business,64727.0,17989,Yes,1,,NA,1,Life event: Divorced
14550,2011-01-01,14550,Female,40,1971-09-29,0.0006900000000000001,Single,0,,,Yes,39.0,,Entrepreneur without personnel,7058.0,-14451,No,0,,NA,1,Created
14551,2011-01-01,14551,Female,40,1971-01-06,0.0006900000000000001,Married,3015,,2076-12-06,No,,,Entrepreneur without personnel,27569.0,99760,No,1,,NA,1,Created
14552,2011-01-01,14552,Female,57,1954-05-14,0.00387,Married,3016,,2043-07-26,No,,,Permanent contract,71578.0,377064,No,2,,NA,1,Created
14553,2011-01-01,14553,Female,59,1952-12-20,0.00479,Married,3017,,2029-09-01,No,,,Flexible contract,21067.0,8078,Yes,3,,NA,1,Created
14554,2011-01-01,14554,Male,50,1961-12-11,0.00257,Married,2929,,2022-10-08,Yes,,,Permanent contract,36360.0,117706,Yes,2,,NA,1,Created
14555,2011-01-01,14555,Male,52,1959-04-17,0.00314,Divorced,0,,,No,,,Permanent contract,25528.0,194540,No,0,,NA,1,Created
14556,2011-01-01,14556,Male,9,2002-09-30,0.00014,Single,0,,,No,,,Child,0.0,0,Yes,0,,NA,1,Created
14557,2011-01-01,14557,Female,64,1947-12-08,0.00713,Widowed,0,,,No,,,Permanent contract,123.0,141621,Yes,0,,NA,1,Created
18276,2011-12-08,14557,Female,65,1947-12-08,0.00713,Widowed,0,,,No,,,Retired,86.1,141621,Yes,0,,NA,1,Life event: Retired
14558,2011-01-01,14558,Male,19,1992-05-29,0.00033,Single,0,,,Yes,39.0,2031-04-07,Flexible contract,9630.0,4810,Yes,0,,NA,1,Created
14559,2011-01-01,14559,Female,34,1977-03-30,0.00037,Single,0,,,No,,,Entrepreneur with personel,25105.0,215,Yes,0,36.0,2013-02-16,1,Created
14560,2011-01-01,14560,Female,23,1988-01-26,0.0001,Single,0,,,Yes,28.0,2016-09-29,Permanent contract,11572.0,-16619,Yes,0,31.0,2019-05-23,1,Created
14561,2011-01-01,14561,Male,40,1971-08-08,0.0009400000000000001,Divorced,0,,,No,,,Permanent contract,13474.0,4059,Yes,0,,NA,1,Created
14562,2011-01-01,14562,Female,9,2002-05-09,2.9999999999999997e-05,Single,0,,,Yes,29.0,2031-12-02,Child,0.0,0,No,0,33.0,2035-06-08,1,Created
14563,2011-01-01,14563,Female,59,1952-01-18,0.00479,Married,3018,,2061-10-15,No,,,Permanent contract,1967.0,96179,No,3,,NA,1,Created
14564,2011-01-01,14564,Female,73,1938-04-23,0.01577,Married,3019,,2027-03-17,Yes,,,Retired,37649.0,5106,No,2,,NA,1,Created
14565,2011-01-01,14565,Male,44,1967-05-19,0.0013599999999999999,Single,0,,,No,,,Permanent contract,15650.0,752703,No,0,,NA,1,Created
14566,2011-01-01,14566,Female,56,1955-02-11,0.0041,Married,3020,,2029-12-16,Yes,,,Flexible contract,44883.0,651,No,2,,NA,1,Created
14567,2011-01-01,14567,Male,29,1982-06-24,0.0005200000000000001,Single,0,,,Yes,30.0,2012-10-27,Entrepreneur without personnel,23981.0,84513,Yes,0,,NA,1,Created
19196,2012-10-27,14567,Male,31,1982-06-24,0.0005200000000000001,Married,3499,8,2020-08-21,Yes,30,2012-10-27,Entrepreneur without personnel,23981.0,84513,Yes,0,,NA,1,Life event: Married
14568,2011-01-01,14568,Female,14,1997-06-29,9e-05,Single,0,,,No,,,Child,0.0,0,Yes,0,28.0,2025-02-06,1,Created
14569,2011-01-01,14569,Male,76,1935-03-04,0.0375,Divorced,0,,,Yes,,,Retired,6678.0,130112,No,0,,NA,1,Created
14570,2011-01-01,14570,Male,38,1973-01-09,0.0009599999999999999,Single,0,,,No,,,Permanent contract,48698.0,41926,Yes,0,,NA,1,Created
14571,2011-01-01,14571,Male,56,1955-01-23,0.0052,Single,0,,,Yes,32.0,,Permanent contract,18289.0,73424,No,0,,NA,1,Created
14572,2011-01-01,14572,Female,12,1999-03-25,5e-05,Single,0,,,No,,,Child,0.0,0,Yes,0,22.0,2021-04-25,1,Created
14573,2011-01-01,14573,Male,21,1990-05-07,0.00045,Single,0,,,No,,,Permanent contract,13858.0,294117,Yes,0,,NA,1,Created
14574,2011-01-01,14574,Male,62,1949-07-28,0.008409999999999999,Married,2930,,2027-12-08,Yes,,,Flexible contract,2202.0,257009,No,2,,NA,1,Created
14575,2011-01-01,14575,Female,28,1983-05-11,0.00025,Single,0,,,No,,,Permanent contract,22847.0,349010,No,0,29.0,2012-11-26,1,Created
14576,2011-01-01,14576,Male,28,1983-11-23,0.00045,Single,0,,,No,,,Permanent contract,9272.0,113997,Yes,0,,NA,1,Created
14577,2011-01-01,14577,Male,47,1964-05-14,0.00186,Married,2931,,2017-05-04,Yes,,,Entrepreneur without personnel,11757.0,4348545,Yes,1,,NA,1,Created
14578,2011-01-01,14578,Female,41,1970-09-21,0.0007700000000000001,Single,0,,,No,,,Permanent contract,13772.0,-42064,Yes,0,,NA,1,Created
14579,2011-01-01,14579,Male,20,1991-09-22,0.00045,Single,0,,,Yes,26.0,2017-03-25,Permanent contract,87006.0,392347,Yes,0,,NA,1,Created
14580,2011-01-01,14580,Male,40,1971-04-25,0.0009400000000000001,Married,2932,,2052-12-12,Yes,,,Permanent contract,23560.0,3300,Yes,2,,NA,1,Created
14581,2011-01-01,14581,Male,15,1996-11-04,0.00015,Single,0,,,No,,,Child,0.0,0,Yes,0,,NA,1,Created
14582,2011-01-01,14582,Female,28,1983-05-07,0.00025,Single,0,,,No,,,Permanent contract,61173.0,50038,No,0,,NA,1,Created
14583,2011-01-01,14583,Female,76,1935-03-08,0.02337,Married,3021,,2038-07-11,No,,,Retired,12238.0,359720,No,1,,NA,1,Created
17842,2011-08-22,14583,Female,77,1935-03-08,0.02337,Widowed,3021,,2038-07-11,No,,,Retired,12238.0,359720,No,1,,NA,1,Life event: Widowed
14584,2011-01-01,14584,Female,65,1946-08-07,0.007559999999999999,Married,3022,,2024-07-25,No,,,Permanent contract,5944.0,663840,Yes,2,,NA,1,Created
17756,2011-08-07,14584,Female,66,1946-08-07,0.007559999999999999,Married,3022,,2024-07-25,No,,,Retired,4160.8,663840,Yes,2,,NA,1,Life event: Retired
14585,2011-01-01,14585,Male,64,1947-07-17,0.01097,Married,2933,,2052-01-20,Yes,,,Permanent contract,26352.0,-7660,No,2,,NA,1,Created
17664,2011-07-17,14585,Male,65,1947-07-17,0.01097,Married,2933,,2052-01-20,Yes,,,Retired,18446.399999999998,-7660,No,2,,NA,1,Life event: Retired
14586,2011-01-01,14586,Female,36,1975-06-16,0.00049,Single,0,,,No,,,Permanent contract,25573.0,25059,No,0,,NA,1,Created
14587,2011-01-01,14587,Male,4,2007-03-31,0.00011,Single,0,,,Yes,96.0,2103-01-28,Child,0.0,0,Yes,0,,NA,1,Created
14588,2011-01-01,14588,Female,65,1946-10-23,0.007559999999999999,Married,3023,,2035-08-02,No,,,Permanent contract,6280.0,14372,No,2,,NA,1,Created
18092,2011-10-23,14588,Female,66,1946-10-23,0.007559999999999999,Married,3023,,2035-08-02,No,,,Retired,4396.0,14372,No,2,,NA,1,Life event: Retired
14589,2011-01-01,14589,Female,51,1960-07-02,0.0023899999999999998,Married,3024,,2027-11-01,No,,,Flexible contract,11442.0,14804,No,2,,NA,1,Created
14590,2011-01-01,14590,Male,4,2007-11-07,0.00011,Single,0,,,Yes,41.0,2048-07-13,Child,0.0,0,Yes,0,,NA,1,Created
14591,2011-01-01,14591,Female,31,1980-05-07,0.00029,Single,0,,,Yes,31.0,2011-01-03,Entrepreneur without personnel,6506.0,32795,No,0,,NA,1,Created
16671,2011-01-03,14591,Female,31,1980-05-07,0.00029,Married,3417,27,2038-01-03,Yes,31,2011-01-03,Entrepreneur without personnel,6506.0,32795,No,0,,NA,1,Life event: Married
14592,2011-01-01,14592,Male,48,1963-06-09,0.0021100000000000003,Married,2934,,2057-10-27,Yes,,,Permanent contract,27682.0,-18308,Yes,1,,NA,1,Created
14593,2011-01-01,14593,Female,89,1922-04-10,0.11775999999999999,Widowed,0,,,No,,,Retired,5606.0,32644,Yes,0,,NA,1,Created
14594,2011-01-01,14594,Female,12,1999-02-02,5e-05,Single,0,,,No,,,Child,0.0,0,No,0,31.0,2030-03-24,1,Created
14595,2011-01-01,14595,Male,54,1957-03-29,0.00404,Single,0,,,No,,,Permanent contract,30382.0,-2930,No,0,,NA,1,Created
14596,2011-01-01,14596,Male,21,1990-07-20,0.00045,Single,0,,,No,,,Permanent contract,14011.0,214217,No,0,,NA,1,Created
14597,2011-01-01,14597,Male,20,1991-10-23,0.00045,Single,0,,,Yes,39.0,2030-05-29,Permanent contract,33026.0,3648,No,0,,NA,1,Created
14598,2011-01-01,14598,Male,40,1971-09-11,0.0009400000000000001,Married,2935,,2035-08-18,No,,,Permanent contract,4491.0,23903,No,3,,NA,1,Created
14599,2011-01-01,14599,Male,36,1975-07-18,0.0006,Single,0,,,No,,,Family business,3013.0,33585,No,0,,NA,1,Created
14600,2011-01-01,14600,Male,58,1953-02-08,0.00603,Married,2936,,2046-12-10,Yes,,,Flexible contract,16814.0,3888,Yes,1,,NA,1,Created
14601,2011-01-01,14601,Male,39,1972-11-09,0.0008699999999999999,Married,2937,,2057-02-12,Yes,,,Permanent contract,31018.0,8911,Yes,3,,NA,1,Created
14602,2011-01-01,14602,Male,63,1948-09-08,0.00945,Single,0,,,No,,,Entrepreneur without personnel,16503.0,17978,Yes,0,,NA,1,Created
19089,2012-09-08,14602,Male,65,1948-09-08,0.00945,Single,0,,,No,,,Retired,11552.099999999999,17978,Yes,0,,NA,1,Life event: Retired
14603,2011-01-01,14603,Female,0,2011-05-18,0.0028899999999999998,Single,0,,,Yes,25.0,2036-04-07,Child,0.0,0,No,0,31.0,2042-03-03,1,Created
14604,2011-01-01,14604,Female,65,1946-12-21,0.007559999999999999,Married,3025,,2051-10-05,No,,,Entrepreneur without personnel,24716.0,807,Yes,1,,NA,1,Created
18338,2011-12-21,14604,Female,66,1946-12-21,0.007559999999999999,Married,3025,,2051-10-05,No,,,Retired,17301.199999999997,807,Yes,1,,NA,1,Life event: Retired
14605,2011-01-01,14605,Male,58,1953-05-03,0.00603,Married,2938,,2028-10-18,Yes,,,Permanent contract,48194.0,4200743,Yes,3,,NA,1,Created
14606,2011-01-01,14606,Male,57,1954-03-14,0.00572,Married,2939,,2033-04-02,No,,,Permanent contract,15969.0,1450,No,3,,NA,1,Created
14607,2011-01-01,14607,Female,29,1982-03-17,0.00032,Single,0,,,Yes,30.0,2012-08-09,Permanent contract,74493.0,101547,No,0,35.0,2017-11-11,1,Created
18995,2012-08-09,14607,Female,31,1982-03-17,0.00032,Married,3491,41,2053-09-15,Yes,30,2012-08-09,Permanent contract,74493.0,101547,No,0,35,2017-11-11,1,Life event: Married
14608,2011-01-01,14608,Male,1,2010-10-07,0.00056,Single,0,,,Yes,56.0,2066-04-23,Child,0.0,0,Yes,0,,NA,1,Created
14609,2011-01-01,14609,Female,95,1916-09-10,0.23053,Widowed,0,,,No,,,Retired,33725.0,70128,No,0,,NA,1,Created
18441,2012-01-17,14609,Female,96,1916-09-10,0.23053,Widowed,0,,,No,,,Retired,33725.0,70128,No,0,,NA,0,Life event: Deceased
14610,2011-01-01,14610,Female,26,1985-06-16,1.0,Single,0,,,No,,,Permanent contract,20397.0,916,Yes,0,26.0,2011-10-11,1,Created
18684,2012-04-20,14610,Female,27,1985-06-16,1.0,Single,0,,,No,,,Permanent contract,20397.0,916,Yes,0,26,2011-10-11,0,Life event: Deceased
14611,2011-01-01,14611,Female,58,1953-07-11,0.00448,Divorced,0,,,Yes,,,Flexible contract,20946.0,13514,No,0,,NA,1,Created
14612,2011-01-01,14612,Female,39,1972-03-25,0.00074,Married,3026,,2024-06-20,Yes,,,Permanent contract,70020.0,12456,Yes,2,,NA,1,Created
14613,2011-01-01,14613,Male,42,1969-07-24,0.00128,Married,2940,,2051-12-25,No,,,Flexible contract,887.0,574444,No,2,,NA,1,Created
14614,2011-01-01,14614,Male,15,1996-03-16,0.00015,Single,0,,,No,,,Child,0.0,0,No,0,,NA,1,Created
14615,2011-01-01,14615,Male,64,1947-06-10,0.01097,Single,0,,,No,,,Flexible contract,46254.0,-4748,Yes,0,,NA,1,Created
17488,2011-06-10,14615,Male,65,1947-06-10,0.01097,Single,0,,,No,,,Retired,32377.8,-4748,Yes,0,,NA,1,Life event: Retired
14616,2011-01-01,14616,Male,45,1966-10-07,0.0014199999999999998,Married,2941,,2019-11-18,Yes,,,Permanent contract,17124.0,-35523,Yes,1,,NA,1,Created
14617,2011-01-01,14617,Male,58,1953-01-14,0.00603,Married,2942,,2041-05-27,No,,,Permanent contract,47291.0,175417,Yes,2,,NA,1,Created
14618,2011-01-01,14618,Male,30,1981-04-11,0.00055,Single,0,,,No,,,Permanent contract,15286.0,10350,No,0,,NA,1,Created
14619,2011-01-01,14619,Female,42,1969-11-23,0.001,Married,3027,,2048-11-15,Yes,,,Permanent contract,15612.0,-46976,No,1,,NA,1,Created
14620,2011-01-01,14620,Female,36,1975-06-15,0.00049,Single,0,,,No,,,Permanent contract,11671.0,129045,No,0,,NA,1,Created
14621,2011-01-01,14621,Male,82,1929-06-28,0.07771,Single,0,,,No,,,Retired,94024.0,216447,Yes,0,,NA,1,Created
14622,2011-01-01,14622,Male,79,1932-07-25,0.05364,Married,2943,,2036-06-14,No,,,Retired,41180.0,4161,No,1,,NA,1,Created
17041,2011-03-10,14622,Male,79,1932-07-25,0.05364,Married,2943,,2036-06-14,No,,,Retired,41180.0,4161,No,1,,NA,0,Life event: Deceased
14623,2011-01-01,14623,Female,62,1949-01-04,0.0057399999999999994,Widowed,0,,,No,,,Permanent contract,28232.0,827332,No,0,,NA,1,Created
14624,2011-01-01,14624,Male,10,2001-07-24,0.00011999999999999999,Single,0,,,No,,,Child,0.0,0,No,0,,NA,1,Created
14625,2011-01-01,14625,Female,7,2004-03-28,7e-05,Single,0,,,No,,,Child,0.0,0,No,0,28.0,2032-12-27,1,Created
14626,2011-01-01,14626,Male,60,1951-03-24,0.006840000000000001,Married,2944,,2038-05-19,No,,,Permanent contract,26729.0,461460,Yes,3,,NA,1,Created
14627,2011-01-01,14627,Male,67,1944-10-10,0.01396,Married,2945,,2055-01-09,No,,,Unemployed,308923.0,142002,No,1,,NA,1,Created
18034,2011-10-10,14627,Male,68,1944-10-10,0.01396,Married,2945,,2055-01-09,No,,,Retired,216246.09999999998,142002,No,1,,NA,1,Life event: Retired
14628,2011-01-01,14628,Female,53,1958-03-11,0.00312,Married,3028,,2054-07-19,No,,,Permanent contract,19299.0,-26991,No,2,,NA,1,Created
14629,2011-01-01,14629,Female,65,1946-06-19,0.007559999999999999,Married,3029,,2017-09-27,No,,,Permanent contract,32788.0,160678,Yes,2,,NA,1,Created
17535,2011-06-19,14629,Female,66,1946-06-19,0.007559999999999999,Married,3029,,2017-09-27,No,,,Retired,22951.6,160678,Yes,2,,NA,1,Life event: Retired
14630,2011-01-01,14630,Male,5,2006-04-12,9e-05,Single,0,,,Yes,35.0,2041-03-08,Child,0.0,0,Yes,0,,NA,1,Created
14631,2011-01-01,14631,Female,70,1941-10-06,0.01252,Married,3030,,2064-10-17,No,,,Retired,18199.0,770935,Yes,1,,NA,1,Created
14632,2011-01-01,14632,Male,50,1961-12-02,0.00257,Married,2946,,2051-07-22,No,,,Permanent contract,17558.0,379,Yes,1,,NA,1,Created
14633,2011-01-01,14633,Male,79,1932-05-07,0.05364,Married,2947,,2027-01-28,Yes,,,Retired,75555.0,-44521,Yes,2,,NA,1,Created
14634,2011-01-01,14634,Male,47,1964-07-18,0.00186,Married,2948,,2053-05-30,Yes,,,Permanent contract,9996.0,11216,Yes,1,,NA,1,Created
14635,2011-01-01,14635,Female,22,1989-07-10,0.00023999999999999998,Single,0,,,No,,,Entrepreneur without personnel,25234.0,-934,No,0,31.0,2020-08-29,1,Created
14636,2011-01-01,14636,Female,39,1972-01-27,0.00074,Married,3031,,2021-04-15,Yes,,,Permanent contract,38489.0,212184,No,1,39.0,2011-01-21,1,Created
16780,2011-01-21,14636,Female,39,1972-01-27,0.00074,Married,3031,,2021-04-15,Yes,,,Permanent contract,38489.0,212184,No,2,39,2011-01-21,1,Life event: Children born
14637,2011-01-01,14637,Female,63,1948-05-27,0.00672,Married,3032,,2027-03-23,Yes,,,Permanent contract,8436.0,68580,Yes,1,,NA,1,Created
18788,2012-05-27,14637,Female,65,1948-05-27,0.00672,Married,3032,,2027-03-23,Yes,,,Retired,5905.2,68580,Yes,1,,NA,1,Life event: Retired
14638,2011-01-01,14638,Female,41,1970-10-15,0.0007700000000000001,Married,3033,,2047-10-13,No,,,Entrepreneur without personnel,19973.0,640,No,1,,NA,1,Created
14639,2011-01-01,14639,Male,54,1957-10-03,0.00404,Divorced,0,,,Yes,,,Permanent contract,61629.0,2825,No,0,,NA,1,Created
14640,2011-01-01,14640,Female,65,1946-03-05,0.007559999999999999,Married,3034,,2026-10-05,No,,,Permanent contract,879.0,121556,No,1,,NA,1,Created
17023,2011-03-05,14640,Female,66,1946-03-05,0.007559999999999999,Married,3034,,2026-10-05,No,,,Retired,615.3,121556,No,1,,NA,1,Life event: Retired
14641,2011-01-01,14641,Male,69,1942-05-31,0.01804,Married,2949,,2052-04-03,No,,,Retired,31758.0,172026,Yes,1,,NA,1,Created
14642,2011-01-01,14642,Male,53,1958-06-02,0.0033299999999999996,Married,2950,,2012-01-06,Yes,,,Permanent contract,18966.0,25161,Yes,2,,NA,1,Created
18407,2012-01-06,14642,Male,54,1958-06-02,0.0033299999999999996,Divorced,2950,,2012-01-06,Yes,,,Permanent contract,18966.0,25161,Yes,2,,NA,1,Life event: Divorced
14643,2011-01-01,14643,Female,74,1937-12-23,0.0185,Single,0,,,Yes,33.0,,Retired,32972.0,474,Yes,0,,NA,1,Created
14644,2011-01-01,14644,Male,41,1970-12-04,0.0008900000000000001,Married,2951,,2053-12-29,No,,,Entrepreneur with personel,21013.0,805217,No,2,,NA,1,Created
14645,2011-01-01,14645,Female,40,1971-02-05,0.0006900000000000001,Married,3035,,2011-07-06,Yes,,,Permanent contract,24759.0,3739,Yes,3,43.0,2014-08-09,1,Created
17613,2011-07-06,14645,Female,41,1971-02-05,0.0006900000000000001,Divorced,3035,,2011-07-06,Yes,,,Permanent contract,24759.0,3739,Yes,3,43,2014-08-09,1,Life event: Divorced
14646,2011-01-01,14646,Female,61,1950-07-08,0.00562,Married,3036,,2024-02-05,Yes,,,Entrepreneur without personnel,20504.0,43473,No,2,,NA,1,Created
14647,2011-01-01,14647,Male,6,2005-08-03,5.9999999999999995e-05,Single,0,,,No,,,Child,0.0,0,No,0,,NA,1,Created
14648,2011-01-01,14648,Female,36,1975-08-27,0.00049,Single,0,,,No,,,Permanent contract,17829.0,31475,No,0,,NA,1,Created
14649,2011-01-01,14649,Male,63,1948-01-13,0.00945,Married,2952,,2046-08-05,No,,,Permanent contract,3157.0,170036,Yes,2,,NA,1,Created
18421,2012-01-13,14649,Male,65,1948-01-13,0.00945,Married,2952,,2046-08-05,No,,,Retired,2209.8999999999996,170036,Yes,2,,NA,1,Life event: Retired
14650,2011-01-01,14650,Male,54,1957-05-10,0.00404,Married,2953,,2040-05-28,Yes,,,Flexible contract,6651.0,26460,Yes,2,,NA,1,Created
14651,2011-01-01,14651,Male,45,1966-09-07,0.0014199999999999998,Married,2954,,2023-12-05,Yes,,,Permanent contract,12574.0,-2408,Yes,2,,NA,1,Created
14652,2011-01-01,14652,Female,88,1923-09-15,0.10577,Widowed,0,,,Yes,,,Retired,39364.0,854,No,0,,NA,1,Created
14653,2011-01-01,14653,Female,37,1974-01-15,0.00057,Married,3037,,2014-06-01,Yes,,,Flexible contract,27283.0,-2364,No,2,,NA,1,Created
14654,2011-01-01,14654,Male,59,1952-06-03,0.00717,Single,0,,,Yes,25.0,,Flexible contract,96534.0,-12901,Yes,0,,NA,1,Created
14655,2011-01-01,14655,Male,34,1977-08-01,0.00067,Single,0,,,No,,,Permanent contract,11272.0,24537,No,0,,NA,1,Created
14656,2011-01-01,14656,Female,73,1938-04-19,0.01577,Widowed,0,,,Yes,,,Retired,17364.0,5553,No,0,,NA,1,Created
14657,2011-01-01,14657,Female,28,1983-02-15,0.00025,Single,0,,,Yes,23.0,,Permanent contract,32877.0,3932,No,0,30.0,2013-07-20,1,Created
14658,2011-01-01,14658,Female,38,1973-06-09,0.00063,Divorced,0,,,No,,,Permanent contract,29405.0,8545,Yes,0,,NA,1,Created
14659,2011-01-01,14659,Female,19,1992-04-24,0.00014,Single,0,,,Yes,21.0,2013-07-09,Permanent contract,5650.0,403705,No,0,25.0,2017-12-07,1,Created
14660,2011-01-01,14660,Male,17,1994-07-08,0.00022999999999999998,Single,0,,,Yes,28.0,2022-05-02,Child,0.0,0,Yes,0,,NA,1,Created
17620,2011-07-08,14660,Male,18,1994-07-08,0.00022999999999999998,Single,0,,,No,,,Permanent contract,32560.0,313931,Yes,0,,NA,1,Life event: Adulthood
14661,2011-01-01,14661,Male,39,1972-08-30,0.0008699999999999999,Single,0,,,Yes,30.0,,Permanent contract,37062.0,703717,No,0,,NA,1,Created
14662,2011-01-01,14662,Female,51,1960-10-07,0.0023899999999999998,Married,3038,,2053-10-29,Yes,,,Flexible contract,13416.0,5998,No,2,,NA,1,Created
14663,2011-01-01,14663,Male,79,1932-09-12,0.05364,Widowed,0,,,No,,,Retired,9136.0,5219,No,0,,NA,1,Created
14664,2011-01-01,14664,Male,23,1988-03-13,0.00039,Single,0,,,No,,,Flexible contract,30035.0,115759,Yes,0,,NA,1,Created
14665,2011-01-01,14665,Male,33,1978-08-20,0.00047999999999999996,Single,0,,,No,,,Permanent contract,41948.0,10733,No,0,,NA,1,Created
14666,2011-01-01,14666,Male,21,1990-05-24,0.00045,Single,0,,,Yes,25.0,2015-12-11,Permanent contract,16810.0,3030,No,0,,NA,1,Created
14667,2011-01-01,14667,Female,15,1996-11-24,8e-05,Single,0,,,No,,,Child,0.0,0,No,0,42.0,2038-12-12,1,Created
14668,2011-01-01,14668,Female,26,1985-08-25,1.0,Single,0,,,Yes,29.0,2014-11-04,Entrepreneur without personnel,17513.0,2016,Yes,0,33.0,2018-03-26,1,Created
17914,2011-09-11,14668,Female,27,1985-08-25,1.0,Single,0,,,Yes,29,2014-11-04,Entrepreneur without personnel,17513.0,2016,Yes,0,33,2018-03-26,0,Life event: Deceased
14669,2011-01-01,14669,Female,71,1940-12-05,0.013009999999999999,Single,0,,,Yes,32.0,,Retired,22137.0,405260,Yes,0,,NA,1,Created
14670,2011-01-01,14670,Male,63,1948-06-20,0.00945,Divorced,0,,,No,,,Permanent contract,1916.0,40902,Yes,0,,NA,1,Created
18867,2012-06-20,14670,Male,65,1948-06-20,0.00945,Divorced,0,,,No,,,Retired,1341.1999999999998,40902,Yes,0,,NA,1,Life event: Retired
14671,2011-01-01,14671,Male,40,1971-09-02,0.0009400000000000001,Married,2955,,2014-01-14,No,,,Entrepreneur with personel,35786.0,368987,No,1,,NA,1,Created
14672,2011-01-01,14672,Female,3,2008-02-13,0.00013000000000000002,Single,0,,,No,,,Child,0.0,0,Yes,0,38.0,2046-10-04,1,Created
14673,2011-01-01,14673,Female,39,1972-03-14,0.00074,Single,0,,,No,,,Permanent contract,45560.0,33335,Yes,0,,NA,1,Created
14674,2011-01-01,14674,Male,61,1950-10-29,0.00747,Married,2956,,2028-11-06,No,,,Permanent contract,3211.0,-44142,Yes,1,,NA,1,Created
14675,2011-01-01,14675,Female,13,1998-11-19,0.00011999999999999999,Single,0,,,No,,,Child,0.0,0,Yes,0,34.0,2032-03-14,1,Created
14676,2011-01-01,14676,Female,44,1967-10-04,0.00107,Single,0,,,Yes,27.0,,Permanent contract,26695.0,130858,No,0,,NA,1,Created
14677,2011-01-01,14677,Female,11,2000-11-07,7e-05,Single,0,,,No,,,Child,0.0,0,Yes,0,34.0,2034-07-01,1,Created
14678,2011-01-01,14678,Female,80,1931-05-13,0.03682,Widowed,0,,,No,,,Retired,33803.0,319885,No,0,,NA,1,Created
14679,2011-01-01,14679,Male,65,1946-09-05,0.01141,Married,2957,,2031-07-02,Yes,,,Flexible contract,45779.0,17998,No,2,,NA,1,Created
17892,2011-09-05,14679,Male,66,1946-09-05,0.01141,Married,2957,,2031-07-02,Yes,,,Retired,32045.3,17998,No,2,,NA,1,Life event: Retired
14680,2011-01-01,14680,Male,12,1999-02-13,0.00011,Single,0,,,No,,,Child,0.0,0,No,0,,NA,1,Created
14681,2011-01-01,14681,Female,57,1954-11-19,0.00387,Married,3039,,2048-07-03,No,,,Permanent contract,90245.0,137292,Yes,2,,NA,1,Created
14682,2011-01-01,14682,Female,77,1934-12-01,0.0259,Widowed,0,,,Yes,,,Retired,21821.0,-27467,Yes,0,,NA,1,Created
14683,2011-01-01,14683,Female,56,1955-07-31,0.0041,Divorced,0,,,No,,,Permanent contract,35615.0,742018,Yes,0,,NA,1,Created
14684,2011-01-01,14684,Female,43,1968-09-29,0.0009699999999999999,Married,3040,,2042-02-28,Yes,,,Permanent contract,40889.0,488266,Yes,2,,NA,1,Created
14685,2011-01-01,14685,Male,39,1972-04-08,0.0008699999999999999,Married,2958,,2066-10-11,Yes,,,Permanent contract,6012.0,33287,Yes,1,,NA,1,Created
14686,2011-01-01,14686,Male,47,1964-11-29,0.00186,Married,2959,,2014-04-24,No,,,Permanent contract,26486.0,4,No,2,,NA,1,Created
14687,2011-01-01,14687,Male,16,1995-05-13,0.00029,Single,0,,,Yes,25.0,2020-08-30,Child,0.0,0,Yes,0,,NA,1,Created
18749,2012-05-13,14687,Male,18,1995-05-13,0.00029,Single,0,,,Yes,41,2035-09-06,Flexible contract,69275.0,-43722,Yes,0,,NA,1,Life event: Adulthood
14688,2011-01-01,14688,Male,24,1987-01-06,0.00047999999999999996,Single,0,,,Yes,35.0,2022-07-24,Permanent contract,624.0,1983,Yes,0,,NA,1,Created
14689,2011-01-01,14689,Female,74,1937-07-20,0.0185,Married,3041,,2040-08-17,No,,,Retired,4982.0,98162,No,1,,NA,1,Created
14690,2011-01-01,14690,Female,18,1993-02-10,0.00023999999999999998,Single,0,,,No,,,Permanent contract,3923.0,402266,Yes,0,28.0,2021-12-13,1,Created
14691,2011-01-01,14691,Female,37,1974-11-06,0.00057,Divorced,0,,,No,,,Permanent contract,91444.0,28688,Yes,0,,NA,1,Created
14692,2011-01-01,14692,Male,20,1991-09-28,0.00045,Single,0,,,No,,,Entrepreneur without personnel,5755.0,-14081,Yes,0,,NA,1,Created
14693,2011-01-01,14693,Female,80,1931-05-13,0.03682,Widowed,0,,,Yes,,,Retired,35694.0,52584,Yes,0,,NA,1,Created
14694,2011-01-01,14694,Male,34,1977-09-13,0.00067,Single,0,,,No,,,Permanent contract,34092.0,123559,No,0,,NA,1,Created
14695,2011-01-01,14695,Female,51,1960-04-25,0.0023899999999999998,Single,0,,,No,,,Permanent contract,12474.0,727,Yes,0,,NA,1,Created
14696,2011-01-01,14696,Male,38,1973-12-24,0.0009599999999999999,Single,0,,,No,,,Permanent contract,8743.0,-37358,Yes,0,,NA,1,Created
14697,2011-01-01,14697,Male,35,1976-01-08,0.00055,Single,0,,,No,,,Permanent contract,35002.0,-22709,No,0,,NA,1,Created
14698,2011-01-01,14698,Female,8,2003-12-16,2.9999999999999997e-05,Single,0,,,Yes,45.0,2048-03-19,Child,0.0,0,No,0,33.0,2036-11-25,1,Created
14699,2011-01-01,14699,Female,72,1939-12-08,0.01411,Married,3042,,2039-11-12,No,,,Retired,14002.0,-17698,No,2,,NA,1,Created
14700,2011-01-01,14700,Male,72,1939-11-27,0.02384,Single,0,,,Yes,60.0,,Retired,37712.0,649,No,0,,NA,1,Created
14701,2011-01-01,14701,Male,38,1973-08-11,0.0009599999999999999,Married,2960,,2049-04-22,No,,,Permanent contract,12182.0,443567,No,2,,NA,1,Created
14702,2011-01-01,14702,Female,58,1953-06-06,0.00448,Married,3043,,2048-11-30,No,,,Permanent contract,44043.0,14079,No,1,,NA,1,Created
14703,2011-01-01,14703,Female,3,2008-07-22,0.00013000000000000002,Single,0,,,No,,,Child,0.0,0,No,0,34.0,2042-08-07,1,Created
14704,2011-01-01,14704,Female,21,1990-05-13,0.00016,Single,0,,,Yes,26.0,2016-01-01,Entrepreneur with personel,14775.0,29613,Yes,0,32.0,2022-11-27,1,Created
14705,2011-01-01,14705,Female,2,2009-12-25,0.00015,Single,0,,,Yes,48.0,2057-11-14,Child,0.0,0,No,0,25.0,2034-04-24,1,Created
14706,2011-01-01,14706,Male,42,1969-04-04,0.00128,Married,2961,,2049-10-17,Yes,,,Unemployed,22352.0,49615,No,2,,NA,1,Created
14707,2011-01-01,14707,Female,43,1968-06-13,0.0009699999999999999,Married,3044,,2015-04-04,Yes,,,Permanent contract,7123.0,443006,Yes,1,,NA,1,Created
14708,2011-01-01,14708,Female,72,1939-05-14,0.01411,Married,3045,,2034-12-04,Yes,,,Retired,49420.0,41229,Yes,2,,NA,1,Created
14709,2011-01-01,14709,Male,18,1993-04-02,0.00032,Single,0,,,Yes,36.0,2029-10-27,Flexible contract,77460.0,595956,No,0,,NA,1,Created
14710,2011-01-01,14710,Male,8,2003-03-10,9e-05,Single,0,,,Yes,33.0,2036-07-19,Child,0.0,0,Yes,0,,NA,1,Created
14711,2011-01-01,14711,Female,13,1998-04-10,0.00011999999999999999,Single,0,,,No,,,Child,0.0,0,No,0,24.0,2022-10-25,1,Created
14712,2011-01-01,14712,Male,9,2002-02-22,0.00014,Single,0,,,No,,,Child,0.0,0,No,0,,NA,1,Created
14713,2011-01-01,14713,Female,63,1948-09-08,0.00672,Married,3046,,2045-11-28,No,,,Flexible contract,26584.0,3118,Yes,1,,NA,1,Created
19090,2012-09-08,14713,Female,65,1948-09-08,0.00672,Married,3046,,2045-11-28,No,,,Retired,18608.8,3118,Yes,1,,NA,1,Life event: Retired
14714,2011-01-01,14714,Female,78,1933-10-23,0.02817,Widowed,0,,,No,,,Retired,46909.0,16744,No,0,,NA,1,Created
14715,2011-01-01,14715,Female,33,1978-11-15,0.00035,Married,3047,,2031-09-17,No,,,Permanent contract,9964.0,169674,No,2,,NA,1,Created
14716,2011-01-01,14716,Female,6,2005-07-29,8e-05,Single,0,,,No,,,Child,0.0,0,No,0,27.0,2032-07-13,1,Created
14717,2011-01-01,14717,Male,79,1932-10-12,0.05364,Widowed,0,,,Yes,,,Retired,6430.0,10897,No,0,,NA,1,Created
17009,2011-03-02,14717,Male,79,1932-10-12,0.05364,Widowed,0,,,Yes,,,Retired,6430.0,10897,No,0,,NA,0,Life event: Deceased
14718,2011-01-01,14718,Male,45,1966-11-29,0.0014199999999999998,Married,2962,,2041-07-21,No,,,Flexible contract,22191.0,56778,Yes,1,,NA,1,Created
14719,2011-01-01,14719,Female,55,1956-05-11,0.00372,Married,3048,,2038-09-08,No,,,Flexible contract,33364.0,377000,No,3,,NA,1,Created
14720,2011-01-01,14720,Male,65,1946-09-29,0.01141,Married,2963,,2029-08-29,No,,,Permanent contract,19689.0,-32871,Yes,1,,NA,1,Created
17989,2011-09-29,14720,Male,66,1946-09-29,0.01141,Married,2963,,2029-08-29,No,,,Retired,13782.3,-32871,Yes,1,,NA,1,Life event: Retired
14721,2011-01-01,14721,Male,36,1975-11-06,0.0006,Married,2964,,2047-12-10,Yes,,,Entrepreneur without personnel,18292.0,740,No,3,,NA,1,Created
14722,2011-01-01,14722,Female,11,2000-04-29,7e-05,Single,0,,,No,,,Child,0.0,0,No,0,22.0,2022-04-16,1,Created
14723,2011-01-01,14723,Female,61,1950-10-23,0.00562,Divorced,0,,,Yes,,,Flexible contract,28846.0,-12799,No,0,,NA,1,Created
14724,2011-01-01,14724,Male,19,1992-05-21,0.00033,Single,0,,,No,,,Entrepreneur without personnel,31284.0,6132,No,0,,NA,1,Created
14725,2011-01-01,14725,Male,18,1993-04-06,0.00032,Single,0,,,No,,,Permanent contract,17858.0,2724,Yes,0,,NA,1,Created
14726,2011-01-01,14726,Female,47,1964-05-24,0.00168,Married,3049,,2013-07-13,No,,,Permanent contract,12242.0,942791,Yes,2,,NA,1,Created
14727,2011-01-01,14727,Male,26,1985-11-12,1.0,Single,0,,,Yes,35.0,2020-04-25,Permanent contract,33950.0,312644,Yes,0,,NA,1,Created
16985,2011-02-26,14727,Male,26,1985-11-12,1.0,Single,0,,,Yes,35,2020-04-25,Permanent contract,33950.0,312644,Yes,0,,NA,0,Life event: Deceased
14728,2011-01-01,14728,Male,2,2009-06-05,0.00021,Single,0,,,No,,,Child,0.0,0,No,0,,NA,1,Created
14729,2011-01-01,14729,Female,17,1994-05-09,0.0001,Single,0,,,No,,,Child,0.0,0,No,0,33.0,2027-06-24,1,Created
17337,2011-05-09,14729,Female,18,1994-05-09,0.0001,Single,0,,,Yes,38,2031-12-09,Permanent contract,22800.0,6650,No,0,33,2027-06-24,1,Life event: Adulthood
14730,2011-01-01,14730,Male,52,1959-01-30,0.00314,Single,0,,,Yes,27.0,,Permanent contract,16895.0,282154,Yes,0,,NA,1,Created
14731,2011-01-01,14731,Male,76,1935-09-24,0.0375,Married,2965,,2044-06-03,Yes,,,Retired,22775.0,1200,Yes,2,,NA,1,Created
14732,2011-01-01,14732,Male,23,1988-10-16,0.00039,Single,0,,,No,,,Unemployed,14161.0,223510,No,0,,NA,1,Created
14733,2011-01-01,14733,Female,34,1977-03-02,0.00037,Single,0,,,Yes,25.0,,Permanent contract,14484.0,259676,No,0,35.0,2012-02-18,1,Created
14734,2011-01-01,14734,Male,66,1945-01-13,0.01401,Married,2966,,2038-09-27,Yes,,,Permanent contract,3765.0,16222,Yes,3,,NA,1,Created
16734,2011-01-13,14734,Male,67,1945-01-13,0.01401,Married,2966,,2038-09-27,Yes,,,Retired,2635.5,16222,Yes,3,,NA,1,Life event: Retired
14735,2011-01-01,14735,Male,22,1989-07-03,0.00041,Single,0,,,No,,,Flexible contract,14957.0,229,Yes,0,,NA,1,Created
14736,2011-01-01,14736,Male,0,2011-03-19,0.0036200000000000004,Single,0,,,Yes,33.0,2044-02-04,Child,0.0,0,Yes,0,,NA,1,Created
14737,2011-01-01,14737,Female,7,2004-08-19,7e-05,Single,0,,,No,,,Child,0.0,0,No,0,30.0,2034-05-27,1,Created
14738,2011-01-01,14738,Female,62,1949-04-08,0.0057399999999999994,Married,3050,,2023-03-05,No,,,Permanent contract,37582.0,980685,Yes,1,,NA,1,Created
14739,2011-01-01,14739,Male,51,1960-07-10,0.00301,Married,2967,,2021-10-04,No,,,Permanent contract,22078.0,7486,Yes,1,,NA,1,Created
14740,2011-01-01,14740,Male,45,1966-10-26,0.0014199999999999998,Married,2968,,2034-05-09,No,,,Permanent contract,27419.0,573687,Yes,3,,NA,1,Created
14741,2011-01-01,14741,Male,52,1959-05-05,0.00314,Married,2969,,2016-09-11,No,,,Flexible contract,9174.0,-25757,No,3,,NA,1,Created
14742,2011-01-01,14742,Male,34,1977-07-23,0.00067,Married,2970,,2038-01-02,No,,,Permanent contract,29612.0,-11882,Yes,1,,NA,1,Created
14743,2011-01-01,14743,Female,49,1962-08-07,0.00193,Married,3051,,2030-11-05,Yes,,,Permanent contract,9122.0,-1355,Yes,1,,NA,1,Created
14744,2011-01-01,14744,Female,23,1988-08-29,0.0001,Single,0,,,Yes,57.0,2045-10-15,Permanent contract,9719.0,36528,Yes,0,,NA,1,Created
14745,2011-01-01,14745,Female,14,1997-10-04,9e-05,Single,0,,,No,,,Child,0.0,0,No,0,27.0,2024-07-14,1,Created
14746,2011-01-01,14746,Female,47,1964-04-12,0.00168,Divorced,0,,,Yes,,,Permanent contract,20589.0,2010030,No,0,,NA,1,Created
14747,2011-01-01,14747,Male,65,1946-02-14,0.01141,Married,2971,,2055-06-05,Yes,,,Permanent contract,27415.0,371384,Yes,1,,NA,1,Created
16914,2011-02-14,14747,Male,66,1946-02-14,0.01141,Married,2971,,2055-06-05,Yes,,,Retired,19190.5,371384,Yes,1,,NA,1,Life event: Retired
14748,2011-01-01,14748,Male,21,1990-01-20,0.00045,Single,0,,,No,,,Flexible contract,8703.0,-7544,Yes,0,,NA,1,Created
14749,2011-01-01,14749,Male,62,1949-10-17,0.008409999999999999,Widowed,0,,,No,,,Entrepreneur without personnel,13508.0,447,Yes,0,,NA,1,Created
14750,2011-01-01,14750,Male,41,1970-01-25,0.0008900000000000001,Married,2972,,2038-12-31,Yes,,,Permanent contract,9662.0,464,Yes,1,,NA,1,Created
14751,2011-01-01,14751,Male,65,1946-10-29,0.01141,Divorced,0,,,Yes,,,Permanent contract,28558.0,497252,No,0,,NA,1,Created
18111,2011-10-29,14751,Male,66,1946-10-29,0.01141,Divorced,0,,,Yes,,,Retired,19990.6,497252,No,0,,NA,1,Life event: Retired
14752,2011-01-01,14752,Female,2,2009-03-14,0.00015,Single,0,,,Yes,24.0,2033-12-15,Child,0.0,0,Yes,0,26.0,2035-08-27,1,Created
14753,2011-01-01,14753,Female,41,1970-08-04,0.0007700000000000001,Married,3052,,2057-04-13,No,,,Entrepreneur with personel,12298.0,-19156,Yes,3,,NA,1,Created
14754,2011-01-01,14754,Male,70,1941-03-05,0.01932,Married,2973,,2047-01-24,No,,,Retired,980.0,402,Yes,2,,NA,1,Created
14755,2011-01-01,14755,Male,40,1971-12-20,0.0009400000000000001,Married,2974,,2017-01-31,No,,,Permanent contract,35066.0,4205,Yes,1,,NA,1,Created
14756,2011-01-01,14756,Male,25,1986-09-12,0.00033999999999999997,Single,0,,,No,,,Permanent contract,26552.0,5606,Yes,0,,NA,1,Created
14757,2011-01-01,14757,Male,27,1984-08-10,0.00044,Married,2975,,2034-09-04,No,,,Permanent contract,67759.0,-718,Yes,1,,NA,1,Created
14758,2011-01-01,14758,Female,15,1996-08-13,8e-05,Single,0,,,No,,,Child,0.0,0,Yes,0,37.0,2033-09-08,1,Created
14759,2011-01-01,14759,Female,1,2010-11-17,0.00033999999999999997,Single,0,,,Yes,44.0,2054-12-29,Child,0.0,0,Yes,0,33.0,2043-06-24,1,Created
14760,2011-01-01,14760,Male,46,1965-05-15,0.00172,Married,2976,,2069-05-09,No,,,Permanent contract,20592.0,-2352,Yes,3,,NA,1,Created
14761,2011-01-01,14761,Female,84,1927-01-20,0.06362999999999999,Married,3053,,2031-06-14,Yes,,,Retired,9325.0,26068,No,3,,NA,1,Created
14762,2011-01-01,14762,Male,50,1961-02-19,0.00257,Married,2977,,2060-08-12,No,,,Permanent contract,16554.0,-691,No,2,,NA,1,Created
14763,2011-01-01,14763,Male,19,1992-05-10,0.00033,Single,0,,,No,,,Permanent contract,18454.0,-47856,Yes,0,,NA,1,Created
14764,2011-01-01,14764,Male,47,1964-10-06,0.00186,Married,2978,,2060-10-02,Yes,,,Permanent contract,788.0,261461,Yes,1,,NA,1,Created
14765,2011-01-01,14765,Male,28,1983-10-04,0.00045,Single,0,,,Yes,31.0,2014-06-14,Permanent contract,175082.0,-22657,Yes,0,,NA,1,Created
14766,2011-01-01,14766,Female,26,1985-12-04,1.0,Single,0,,,Yes,26.0,2011-11-08,Unemployed,1493.0,318746,Yes,0,39.0,2024-02-28,1,Created
18154,2011-11-08,14766,Female,26,1985-12-04,1.0,Married,3465,29,2040-02-03,Yes,26,2011-11-08,Unemployed,1493.0,318746,Yes,0,39,2024-02-28,1,Life event: Married
14767,2011-01-01,14767,Male,65,1946-10-08,0.01141,Married,2979,,2017-11-17,No,,,Permanent contract,79557.0,381211,No,2,,NA,1,Created
18027,2011-10-08,14767,Male,66,1946-10-08,0.01141,Married,2979,,2017-11-17,No,,,Retired,55689.899999999994,381211,No,2,,NA,1,Life event: Retired
14768,2011-01-01,14768,Male,9,2002-06-05,0.00014,Single,0,,,No,,,Child,0.0,0,No,0,,NA,1,Created
14769,2011-01-01,14769,Female,68,1943-12-27,0.00983,Married,3054,,2052-02-08,No,,,Retired,17854.0,674749,No,2,,NA,1,Created
14770,2011-01-01,14770,Male,42,1969-12-11,0.00128,Single,0,,,No,,,Permanent contract,21360.0,155461,Yes,0,,NA,1,Created
14771,2011-01-01,14771,Male,47,1964-10-14,0.00186,Married,2980,,2024-10-21,No,,,Permanent contract,13448.0,194771,No,2,,NA,1,Created
14772,2011-01-01,14772,Female,1,2010-09-22,0.00033999999999999997,Single,0,,,No,,,Child,0.0,0,No,0,26.0,2036-11-18,1,Created
14773,2011-01-01,14773,Female,79,1932-07-12,0.03112,Widowed,0,,,Yes,,,Retired,25094.0,358,Yes,0,,NA,1,Created
14774,2011-01-01,14774,Female,4,2007-03-31,5.9999999999999995e-05,Single,0,,,No,,,Child,0.0,0,Yes,0,39.0,2046-04-20,1,Created
14775,2011-01-01,14775,Female,16,1995-12-03,8e-05,Single,0,,,Yes,43.0,2038-04-19,Child,0.0,0,No,0,33.0,2028-06-11,1,Created
19288,2012-12-03,14775,Female,18,1995-12-03,8e-05,Single,0,,,Yes,65,2059-11-11,Permanent contract,7576.0,227082,No,0,33,2028-06-11,1,Life event: Adulthood
14776,2011-01-01,14776,Male,67,1944-07-08,0.01396,Married,2981,,2028-10-14,No,,,Permanent contract,26980.0,3289,No,2,,NA,1,Created
17621,2011-07-08,14776,Male,68,1944-07-08,0.01396,Married,2981,,2028-10-14,No,,,Retired,18886.0,3289,No,2,,NA,1,Life event: Retired
14777,2011-01-01,14777,Male,4,2007-03-14,0.00011,Single,0,,,No,,,Child,0.0,0,Yes,0,,NA,1,Created
14778,2011-01-01,14778,Female,17,1994-05-11,0.0001,Single,0,,,Yes,41.0,2035-03-14,Child,0.0,0,Yes,0,30.0,2024-04-20,1,Created
17350,2011-05-11,14778,Female,18,1994-05-11,0.0001,Single,0,,,Yes,64,2057-01-25,Permanent contract,20297.0,391586,Yes,0,30,2024-04-20,1,Life event: Adulthood
14779,2011-01-01,14779,Female,0,2011-08-17,0.0028899999999999998,Single,0,,,Yes,21.0,2032-08-22,Child,0.0,0,Yes,0,34.0,2045-10-16,1,Created
14780,2011-01-01,14780,Female,19,1992-12-09,0.00014,Single,0,,,No,,,Permanent contract,5246.0,159971,No,0,26.0,2018-08-15,1,Created
14781,2011-01-01,14781,Female,80,1931-05-01,0.03682,Married,3055,,2043-04-19,No,,,Retired,43457.0,33504,No,1,,NA,1,Created
18754,2012-05-15,14781,Female,82,1931-05-01,0.03682,Married,3055,,2043-04-19,No,,,Retired,43457.0,33504,No,1,,NA,0,Life event: Deceased
14782,2011-01-01,14782,Female,18,1993-09-23,0.00023999999999999998,Single,0,,,No,,,Permanent contract,351.0,-1246,Yes,0,25.0,2018-07-23,1,Created
14783,2011-01-01,14783,Male,32,1979-07-13,0.00059,Married,2982,,2011-11-29,No,,,Permanent contract,780.0,58078,No,1,,NA,1,Created
18233,2011-11-29,14783,Male,33,1979-07-13,0.00059,Divorced,2982,,2011-11-29,No,,,Permanent contract,780.0,58078,No,1,,NA,1,Life event: Divorced
14784,2011-01-01,14784,Female,23,1988-09-28,0.0001,Single,0,,,Yes,40.0,2028-04-26,Permanent contract,7552.0,370457,No,0,42.0,2030-03-02,1,Created
14785,2011-01-01,14785,Female,18,1993-12-19,0.00023999999999999998,Single,0,,,Yes,31.0,2024-06-22,Entrepreneur without personnel,30421.0,15945,No,0,29.0,2022-04-15,1,Created
14786,2011-01-01,14786,Female,38,1973-08-27,0.00063,Single,0,,,No,,,Permanent contract,15638.0,3981,Yes,0,,NA,1,Created
14787,2011-01-01,14787,Male,46,1965-08-11,0.00172,Married,2983,,2054-04-18,Yes,,,Flexible contract,31709.0,-2953,Yes,1,,NA,1,Created
14788,2011-01-01,14788,Male,52,1959-01-13,0.00314,Single,0,,,Yes,55.0,2014-04-05,Permanent contract,25601.0,3729,No,0,,NA,1,Created
14789,2011-01-01,14789,Male,42,1969-04-11,0.00128,Married,2984,,2055-12-09,Yes,,,Permanent contract,40731.0,34166,Yes,2,,NA,1,Created
14790,2011-01-01,14790,Male,6,2005-11-15,5.9999999999999995e-05,Single,0,,,No,,,Child,0.0,0,Yes,0,,NA,1,Created
14791,2011-01-01,14791,Female,9,2002-05-22,2.9999999999999997e-05,Single,0,,,Yes,23.0,2025-01-25,Child,0.0,0,Yes,0,30.0,2032-04-29,1,Created
14792,2011-01-01,14792,Male,91,1920-01-08,0.18929,Widowed,0,,,No,,,Retired,1254.0,197167,Yes,0,,NA,1,Created
14793,2011-01-01,14793,Female,15,1996-10-17,8e-05,Single,0,,,No,,,Child,0.0,0,Yes,0,30.0,2026-05-22,1,Created
14794,2011-01-01,14794,Male,13,1998-09-16,0.00014,Single,0,,,Yes,30.0,2028-09-09,Child,0.0,0,No,0,,NA,1,Created
14795,2011-01-01,14795,Female,12,1999-02-06,5e-05,Single,0,,,No,,,Child,0.0,0,Yes,0,34.0,2033-09-06,1,Created
14796,2011-01-01,14796,Male,26,1985-01-23,1.0,Single,0,,,No,,,Permanent contract,16101.0,434486,No,0,,NA,1,Created
18118,2011-10-30,14796,Male,27,1985-01-23,1.0,Single,0,,,No,,,Permanent contract,16101.0,434486,No,0,,NA,0,Life event: Deceased
14797,2011-01-01,14797,Female,4,2007-05-25,5.9999999999999995e-05,Single,0,,,No,,,Child,0.0,0,Yes,0,25.0,2032-02-05,1,Created
14798,2011-01-01,14798,Female,57,1954-06-14,0.00387,Married,3056,,2031-04-09,Yes,,,Entrepreneur without personnel,35582.0,24417,No,1,,NA,1,Created
14799,2011-01-01,14799,Female,2,2009-02-14,0.00015,Single,0,,,No,,,Child,0.0,0,Yes,0,34.0,2043-07-19,1,Created
14800,2011-01-01,14800,Male,48,1963-03-26,0.0021100000000000003,Married,2985,,2026-08-07,No,,,Permanent contract,38530.0,488404,Yes,2,,NA,1,Created
14801,2011-01-01,14801,Male,40,1971-12-05,0.0009400000000000001,Divorced,0,,,No,,,Flexible contract,99564.0,-4517,Yes,0,,NA,1,Created
14802,2011-01-01,14802,Male,16,1995-12-20,0.00029,Single,0,,,Yes,26.0,2021-05-14,Child,0.0,0,No,0,,NA,1,Created
19339,2012-12-20,14802,Male,18,1995-12-20,0.00029,Single,0,,,No,,,Permanent contract,70885.0,-3254,No,0,,NA,1,Life event: Adulthood
14803,2011-01-01,14803,Female,46,1965-01-01,0.00134,Married,3057,,2027-06-17,No,,,Permanent contract,38980.0,482145,Yes,2,,NA,1,Created
14804,2011-01-01,14804,Female,56,1955-07-11,0.0041,Married,3058,,2023-03-06,Yes,,,Permanent contract,29253.0,-34146,Yes,1,,NA,1,Created
14805,2011-01-01,14805,Male,19,1992-03-08,0.00033,Single,0,,,Yes,36.0,2028-08-16,Permanent contract,31729.0,-2735,Yes,0,,NA,1,Created
14806,2011-01-01,14806,Female,2,2009-10-02,0.00015,Single,0,,,Yes,13.0,2022-05-13,Child,0.0,0,Yes,0,31.0,2040-06-13,1,Created
14807,2011-01-01,14807,Female,55,1956-09-11,0.00372,Married,3059,,2018-03-12,Yes,,,Permanent contract,8118.0,38517,Yes,1,,NA,1,Created
14808,2011-01-01,14808,Female,54,1957-07-04,0.00313,Married,3060,,2011-08-21,Yes,,,Permanent contract,81499.0,93,Yes,3,,NA,1,Created
17837,2011-08-21,14808,Female,55,1957-07-04,0.00313,Divorced,3060,,2011-08-21,Yes,,,Permanent contract,81499.0,93,Yes,3,,NA,1,Life event: Divorced
14809,2011-01-01,14809,Male,67,1944-03-21,0.01396,Widowed,0,,,No,,,Flexible contract,23159.0,600306,No,0,,NA,1,Created
17103,2011-03-21,14809,Male,68,1944-03-21,0.01396,Widowed,0,,,No,,,Retired,16211.3,600306,No,0,,NA,1,Life event: Retired
14810,2011-01-01,14810,Male,6,2005-06-27,5.9999999999999995e-05,Single,0,,,Yes,54.0,2059-05-19,Child,0.0,0,Yes,0,,NA,1,Created
14811,2011-01-01,14811,Female,19,1992-10-24,0.00014,Single,0,,,No,,,Permanent contract,34481.0,-19072,Yes,0,32.0,2024-12-04,1,Created
14812,2011-01-01,14812,Female,30,1981-08-14,0.00027,Single,0,,,No,,,Flexible contract,11642.0,71096,Yes,0,,NA,1,Created
14813,2011-01-01,14813,Female,70,1941-03-17,0.01252,Divorced,0,,,Yes,,,Retired,45108.0,6658,Yes,0,,NA,1,Created
14814,2011-01-01,14814,Female,6,2005-05-03,8e-05,Single,0,,,No,,,Child,0.0,0,No,0,24.0,2029-10-19,1,Created
14815,2011-01-01,14815,Male,44,1967-01-26,0.0013599999999999999,Married,2986,,2011-12-26,No,,,Permanent contract,20626.0,196166,Yes,2,,NA,1,Created
18368,2011-12-26,14815,Male,45,1967-01-26,0.0013599999999999999,Divorced,2986,,2011-12-26,No,,,Permanent contract,20626.0,196166,Yes,2,,NA,1,Life event: Divorced
14816,2011-01-01,14816,Male,66,1945-08-17,0.01401,Married,2987,,2016-08-27,No,,,Entrepreneur without personnel,6441.0,35398,No,1,,NA,1,Created
17816,2011-08-17,14816,Male,67,1945-08-17,0.01401,Married,2987,,2016-08-27,No,,,Retired,4508.7,35398,No,1,,NA,1,Life event: Retired
14817,2011-01-01,14817,Female,2,2009-09-11,0.00015,Single,0,,,Yes,42.0,2051-11-06,Child,0.0,0,Yes,0,36.0,2045-04-24,1,Created
14818,2011-01-01,14818,Male,30,1981-10-06,0.00055,Single,0,,,No,,,Entrepreneur with personel,34528.0,488350,No,0,,NA,1,Created
14819,2011-01-01,14819,Male,56,1955-09-06,0.0052,Married,2988,,2015-03-10,No,,,Permanent contract,88173.0,179094,Yes,3,,NA,1,Created
14820,2011-01-01,14820,Female,77,1934-09-27,0.0259,Widowed,0,,,Yes,,,Retired,22680.0,28639,Yes,0,,NA,1,Created
14821,2011-01-01,14821,Female,79,1932-05-02,0.03112,Married,3061,,2028-08-14,No,,,Retired,46269.0,518,No,1,,NA,1,Created
14822,2011-01-01,14822,Female,39,1972-01-03,0.00074,Married,3062,,2017-12-25,Yes,,,Entrepreneur without personnel,80632.0,292396,No,1,,NA,1,Created
14823,2011-01-01,14823,Male,24,1987-02-12,0.00047999999999999996,Single,0,,,No,,,Permanent contract,18144.0,138509,Yes,0,,NA,1,Created
14824,2011-01-01,14824,Female,36,1975-02-01,0.00049,Single,0,,,No,,,Permanent contract,23202.0,48704,No,0,,NA,1,Created
14825,2011-01-01,14825,Male,49,1962-02-10,0.00242,Married,2989,,2048-08-17,No,,,Permanent contract,78814.0,2862,No,2,,NA,1,Created
14826,2011-01-01,14826,Male,4,2007-12-14,0.00011,Single,0,,,No,,,Child,0.0,0,Yes,0,,NA,1,Created
14827,2011-01-01,14827,Female,39,1972-04-26,0.00074,Married,3063,,2018-12-15,No,,,Permanent contract,79684.0,484068,Yes,2,,NA,1,Created
14828,2011-01-01,14828,Male,25,1986-08-14,0.00033999999999999997,Single,0,,,Yes,27.0,2013-10-04,Permanent contract,1207.0,531494,No,0,,NA,1,Created
14829,2011-01-01,14829,Female,50,1961-03-28,0.00225,Divorced,0,,,No,,,Permanent contract,10237.0,824127,No,0,,NA,1,Created
14830,2011-01-01,14830,Female,24,1987-07-17,0.00018999999999999998,Single,0,,,No,,,Flexible contract,60033.0,-19559,No,0,27.0,2014-06-14,1,Created
14831,2011-01-01,14831,Female,20,1991-11-19,0.00018,Single,0,,,No,,,Permanent contract,13068.0,132090,Yes,0,29.0,2020-07-19,1,Created
14832,2011-01-01,14832,Female,11,2000-08-05,7e-05,Single,0,,,Yes,35.0,2035-08-19,Child,0.0,0,Yes,0,42.0,2042-09-02,1,Created
14833,2011-01-01,14833,Female,65,1946-05-16,0.007559999999999999,Married,3064,,2028-09-10,No,,,Permanent contract,2334.0,1912,No,2,,NA,1,Created
17369,2011-05-16,14833,Female,66,1946-05-16,0.007559999999999999,Married,3064,,2028-09-10,No,,,Retired,1633.8,1912,No,2,,NA,1,Life event: Retired
14834,2011-01-01,14834,Male,39,1972-10-02,0.0008699999999999999,Married,2990,,2057-03-15,No,,,Permanent contract,33341.0,12372,Yes,1,,NA,1,Created
14835,2011-01-01,14835,Male,32,1979-09-17,0.00059,Single,0,,,No,,,Unemployed,26092.0,662219,Yes,0,,NA,1,Created
14836,2011-01-01,14836,Male,41,1970-05-10,0.0008900000000000001,Married,2991,,2054-01-08,No,,,Permanent contract,5287.0,36292,No,1,,NA,1,Created
14837,2011-01-01,14837,Male,60,1951-07-07,0.006840000000000001,Married,2992,,2019-04-28,No,,,Flexible contract,8745.0,87226,Yes,1,,NA,1,Created
14838,2011-01-01,14838,Female,48,1963-02-02,0.0018800000000000002,Married,3065,,2059-11-09,No,,,Permanent contract,6953.0,10860,Yes,2,,NA,1,Created
14839,2011-01-01,14839,Female,45,1966-04-02,0.00134,Single,0,,,No,,,Flexible contract,34984.0,401996,No,0,,NA,1,Created
14840,2011-01-01,14840,Male,40,1971-07-22,0.0009400000000000001,Married,2993,,2014-05-15,No,,,Permanent contract,78199.0,-5049,No,1,,NA,1,Created
14841,2011-01-01,14841,Male,50,1961-10-02,0.00257,Single,0,,,Yes,35.0,,Permanent contract,17847.0,203239,No,0,,NA,1,Created
14842,2011-01-01,14842,Male,53,1958-04-16,0.0033299999999999996,Married,2994,,2023-03-14,Yes,,,Permanent contract,29832.0,-27293,Yes,2,,NA,1,Created
14843,2011-01-01,14843,Female,19,1992-07-11,0.00014,Single,0,,,No,,,Flexible contract,38857.0,46270,Yes,0,28.0,2020-11-18,1,Created
14844,2011-01-01,14844,Male,81,1930-03-08,0.06966,Widowed,0,,,No,,,Retired,41063.0,19284,Yes,0,,NA,1,Created
14845,2011-01-01,14845,Female,25,1986-06-24,0.00022999999999999998,Single,0,,,No,,,Unemployed,709.0,694304,Yes,0,27.0,2013-02-18,1,Created
14846,2011-01-01,14846,Female,5,2006-02-01,4e-05,Single,0,,,Yes,48.0,2054-02-13,Child,0.0,0,No,0,22.0,2028-02-24,1,Created
14847,2011-01-01,14847,Female,18,1993-08-28,0.00023999999999999998,Single,0,,,Yes,21.0,2014-12-23,Permanent contract,40804.0,111082,Yes,0,27.0,2020-07-28,1,Created
14848,2011-01-01,14848,Female,68,1943-05-26,0.00983,Married,3066,,2011-11-23,No,,,Retired,12613.0,305615,Yes,1,,NA,1,Created
18215,2011-11-23,14848,Female,69,1943-05-26,0.00983,Divorced,3066,,2011-11-23,No,,,Retired,12613.0,305615,Yes,1,,NA,1,Life event: Divorced
14849,2011-01-01,14849,Female,46,1965-01-18,0.00134,Married,3067,,2021-01-15,Yes,,,Entrepreneur with personel,9685.0,447,Yes,2,,NA,1,Created
14850,2011-01-01,14850,Female,37,1974-03-05,0.00057,Single,0,,,Yes,30.0,,Unemployed,31338.0,259829,No,0,38.0,2012-01-21,1,Created
14851,2011-01-01,14851,Male,2,2009-01-22,0.00021,Single,0,,,No,,,Child,0.0,0,Yes,0,,NA,1,Created
14852,2011-01-01,14852,Female,9,2002-01-30,2.9999999999999997e-05,Single,0,,,No,,,Child,0.0,0,No,0,32.0,2034-08-17,1,Created
14853,2011-01-01,14853,Female,89,1922-06-04,0.11775999999999999,Married,3068,,2057-06-26,Yes,,,Retired,3834.0,33292,Yes,1,,NA,1,Created
14854,2011-01-01,14854,Male,92,1919-08-15,0.21226,Widowed,0,,,Yes,,,Retired,24798.0,-44402,Yes,0,,NA,1,Created
14855,2011-01-01,14855,Female,27,1984-10-17,0.00025,Single,0,,,Yes,30.0,2014-07-01,Entrepreneur with personel,12359.0,8926,Yes,0,31.0,2015-12-08,1,Created
14856,2011-01-01,14856,Female,43,1968-11-11,0.0009699999999999999,Married,3069,,2020-08-12,No,,,Entrepreneur without personnel,12092.0,59404,No,1,,NA,1,Created
14857,2011-01-01,14857,Female,10,2001-09-05,0.0001,Single,0,,,Yes,30.0,2031-03-11,Child,0.0,0,No,0,32.0,2033-09-03,1,Created
14858,2011-01-01,14858,Male,26,1985-11-21,1.0,Single,0,,,Yes,29.0,2014-10-07,Unemployed,9018.0,1809490,Yes,0,,NA,1,Created
16677,2011-01-04,14858,Male,26,1985-11-21,1.0,Single,0,,,Yes,29,2014-10-07,Unemployed,9018.0,1809490,Yes,0,,NA,0,Life event: Deceased
14859,2011-01-01,14859,Male,31,1980-08-13,0.00041,Single,0,,,Yes,24.0,,Entrepreneur without personnel,7260.0,44897,No,0,,NA,1,Created
14860,2011-01-01,14860,Female,28,1983-03-27,0.00025,Single,0,,,Yes,28.0,2011-10-15,Permanent contract,18812.0,443,No,0,,NA,1,Created
18056,2011-10-15,14860,Female,29,1983-03-27,0.00025,Married,3463,49,2060-03-31,Yes,28,2011-10-15,Permanent contract,18812.0,443,No,0,,NA,1,Life event: Married
14861,2011-01-01,14861,Female,51,1960-09-18,0.0023899999999999998,Married,3070,,2050-11-29,No,,,Permanent contract,35632.0,390818,No,2,,NA,1,Created
14862,2011-01-01,14862,Male,78,1933-02-25,0.04668,Married,2995,,2054-06-03,No,,,Retired,11541.0,-12894,No,2,,NA,1,Created
14863,2011-01-01,14863,Male,17,1994-11-27,0.00022999999999999998,Single,0,,,Yes,31.0,2025-05-18,Child,0.0,0,Yes,0,,NA,1,Created
18225,2011-11-27,14863,Male,18,1994-11-27,0.00022999999999999998,Single,0,,,Yes,43,2036-06-02,Permanent contract,5464.0,9032,Yes,0,,NA,1,Life event: Adulthood
14864,2011-01-01,14864,Female,40,1971-07-27,0.0006900000000000001,Married,3071,,2020-01-11,No,,,Flexible contract,40910.0,36,Yes,1,,NA,1,Created
14865,2011-01-01,14865,Female,23,1988-12-30,0.0001,Single,0,,,No,,,Flexible contract,1932.0,462490,Yes,0,31.0,2019-03-04,1,Created
14866,2011-01-01,14866,Male,28,1983-08-18,0.00045,Single,0,,,No,,,Permanent contract,17577.0,175353,Yes,0,,NA,1,Created
14867,2011-01-01,14867,Female,21,1990-09-16,0.00016,Single,0,,,No,,,Flexible contract,18338.0,-3450,No,0,37.0,2027-05-31,1,Created
14868,2011-01-01,14868,Female,94,1917-05-19,0.20800000000000002,Widowed,0,,,Yes,,,Retired,17374.0,749,Yes,0,,NA,1,Created
18499,2012-02-05,14868,Female,95,1917-05-19,0.20800000000000002,Widowed,0,,,Yes,,,Retired,17374.0,749,Yes,0,,NA,0,Life event: Deceased
14869,2011-01-01,14869,Female,44,1967-01-12,0.00107,Married,3072,,2030-01-21,Yes,,,Flexible contract,57878.0,402656,No,1,,NA,1,Created
14870,2011-01-01,14870,Female,18,1993-09-17,0.00023999999999999998,Single,0,,,No,,,Permanent contract,35936.0,148017,Yes,0,26.0,2019-09-23,1,Created
14871,2011-01-01,14871,Female,38,1973-10-25,0.00063,Single,0,,,Yes,36.0,,Permanent contract,4106.0,67053,Yes,0,39.0,2012-03-13,1,Created
14872,2011-01-01,14872,Female,16,1995-02-25,8e-05,Single,0,,,No,,,Child,0.0,0,No,0,33.0,2028-07-11,1,Created
18546,2012-02-25,14872,Female,18,1995-02-25,8e-05,Single,0,,,No,,,Entrepreneur without personnel,38961.0,1559729,No,0,33,2028-07-11,1,Life event: Adulthood
14873,2011-01-01,14873,Female,69,1942-12-17,0.0108,Married,3073,,2062-07-04,No,,,Retired,7666.0,-42747,Yes,1,,NA,1,Created
14874,2011-01-01,14874,Male,59,1952-04-03,0.00717,Divorced,0,,,No,,,Permanent contract,2547.0,26447,No,0,,NA,1,Created
18848,2012-06-15,14874,Male,61,1952-04-03,0.00717,Divorced,0,,,No,,,Permanent contract,2547.0,26447,No,0,,NA,0,Life event: Deceased
14875,2011-01-01,14875,Female,2,2009-10-26,0.00015,Single,0,,,No,,,Child,0.0,0,Yes,0,36.0,2045-10-03,1,Created
14876,2011-01-01,14876,Female,4,2007-12-27,5.9999999999999995e-05,Single,0,,,Yes,27.0,2034-04-09,Child,0.0,0,Yes,0,29.0,2036-01-11,1,Created
14877,2011-01-01,14877,Male,66,1945-10-05,0.01401,Married,2996,,2021-05-15,Yes,,,Permanent contract,30711.0,461,No,1,,NA,1,Created
18012,2011-10-05,14877,Male,67,1945-10-05,0.01401,Married,2996,,2021-05-15,Yes,,,Retired,21497.699999999997,461,No,1,,NA,1,Life event: Retired
14878,2011-01-01,14878,Male,52,1959-03-01,0.00314,Divorced,0,,,Yes,,,Permanent contract,24603.0,3055,No,0,,NA,1,Created
14879,2011-01-01,14879,Male,61,1950-01-17,0.00747,Married,2997,,2018-05-30,Yes,,,Permanent contract,46410.0,178655,Yes,2,,NA,1,Created
14880,2011-01-01,14880,Male,31,1980-12-08,0.00041,Single,0,,,No,,,Flexible contract,15072.0,18115,Yes,0,,NA,1,Created
14881,2011-01-01,14881,Female,36,1975-01-03,0.00049,Married,3074,,2035-06-22,Yes,,,Permanent contract,48229.0,-12250,No,3,,NA,1,Created
14882,2011-01-01,14882,Male,49,1962-08-12,0.00242,Married,2998,,2045-07-14,No,,,Permanent contract,62166.0,115815,Yes,2,,NA,1,Created
14883,2011-01-01,14883,Male,37,1974-07-21,0.00082,Single,0,,,No,,,Permanent contract,35629.0,733,Yes,0,,NA,1,Created
14884,2011-01-01,14884,Female,6,2005-09-29,8e-05,Single,0,,,No,,,Child,0.0,0,No,0,25.0,2030-02-18,1,Created
14885,2011-01-01,14885,Female,2,2009-01-31,0.00015,Single,0,,,Yes,39.0,2048-08-15,Child,0.0,0,Yes,0,38.0,2047-10-10,1,Created
14886,2011-01-01,14886,Female,7,2004-06-21,7e-05,Single,0,,,Yes,35.0,2039-07-21,Child,0.0,0,Yes,0,34.0,2038-01-16,1,Created
14887,2011-01-01,14887,Female,8,2003-01-30,2.9999999999999997e-05,Single,0,,,No,,,Child,0.0,0,Yes,0,26.0,2029-05-13,1,Created
14888,2011-01-01,14888,Male,61,1950-04-28,0.00747,Married,2999,,2022-06-11,Yes,,,Permanent contract,615.0,421035,Yes,1,,NA,1,Created
14889,2011-01-01,14889,Male,31,1980-10-28,0.00041,Single,0,,,No,,,Permanent contract,46636.0,12872,Yes,0,,NA,1,Created
14890,2011-01-01,14890,Female,37,1974-05-13,0.00057,Single,0,,,No,,,Permanent contract,45805.0,261124,Yes,0,,NA,1,Created
14891,2011-01-01,14891,Male,30,1981-10-16,0.00055,Single,0,,,Yes,29.0,,Permanent contract,23183.0,171,Yes,0,,NA,1,Created
14892,2011-01-01,14892,Female,69,1942-06-22,0.0108,Widowed,0,,,Yes,,,Retired,10326.0,-2694,No,0,,NA,1,Created
14893,2011-01-01,14893,Female,36,1975-01-02,0.00049,Single,0,,,Yes,26.0,,Permanent contract,9701.0,46454,Yes,0,,NA,1,Created
14894,2011-01-01,14894,Female,2,2009-10-13,0.00015,Single,0,,,No,,,Child,0.0,0,No,0,31.0,2040-10-20,1,Created
14895,2011-01-01,14895,Female,27,1984-09-26,0.00025,Single,0,,,No,,,Permanent contract,35027.0,331928,No,0,,NA,1,Created
14896,2011-01-01,14896,Female,33,1978-09-10,0.00035,Married,3075,,2042-02-20,Yes,,,Permanent contract,40644.0,-14589,Yes,1,37.0,2015-05-28,1,Created
14897,2011-01-01,14897,Female,34,1977-01-29,0.00037,Married,3076,,2030-09-07,Yes,,,Entrepreneur without personnel,81741.0,171193,Yes,1,36.0,2013-11-14,1,Created
14898,2011-01-01,14898,Male,62,1949-02-22,0.008409999999999999,Married,3000,,2035-07-26,Yes,,,Permanent contract,21361.0,20937,Yes,3,,NA,1,Created
14899,2011-01-01,14899,Male,47,1964-02-06,0.00186,Divorced,0,,,No,,,Permanent contract,32056.0,-39082,No,0,,NA,1,Created
14900,2011-01-01,14900,Male,62,1949-06-08,0.008409999999999999,Married,3001,,2012-11-11,No,,,Permanent contract,26559.0,373674,No,2,,NA,1,Created
19235,2012-11-11,14900,Male,64,1949-06-08,0.008409999999999999,Divorced,3001,,2012-11-11,No,,,Permanent contract,26559.0,373674,No,2,,NA,1,Life event: Divorced
14901,2011-01-01,14901,Male,7,2004-10-19,9e-05,Single,0,,,No,,,Child,0.0,0,Yes,0,,NA,1,Created
14902,2011-01-01,14902,Male,80,1931-07-22,0.05987000000000001,Married,3002,,2030-07-07,No,,,Retired,39846.0,169250,No,1,,NA,1,Created
14903,2011-01-01,14903,Male,4,2007-02-12,0.00011,Single,0,,,Yes,32.0,2039-05-10,Child,0.0,0,No,0,,NA,1,Created
14904,2011-01-01,14904,Male,53,1958-06-30,0.0033299999999999996,Married,3003,,2050-09-27,No,,,Permanent contract,10593.0,80124,No,2,,NA,1,Created
14905,2011-01-01,14905,Female,46,1965-01-14,0.00134,Single,0,,,No,,,Permanent contract,886.0,29471,Yes,0,,NA,1,Created
14906,2011-01-01,14906,Male,42,1969-06-18,0.00128,Married,3004,,2055-07-22,No,,,Permanent contract,19636.0,158066,No,2,,NA,1,Created
14907,2011-01-01,14907,Female,24,1987-08-10,0.00018999999999999998,Single,0,,,Yes,27.0,2014-09-23,Flexible contract,15085.0,182945,Yes,0,38.0,2025-07-05,1,Created
14908,2011-01-01,14908,Female,55,1956-07-06,0.00372,Married,3077,,2033-08-06,Yes,,,Entrepreneur without personnel,1881.0,-49452,No,3,,NA,1,Created
14909,2011-01-01,14909,Male,13,1998-02-28,0.00014,Single,0,,,Yes,40.0,2038-01-19,Child,0.0,0,No,0,,NA,1,Created
14910,2011-01-01,14910,Female,59,1952-03-27,0.00479,Married,3078,,2021-04-23,Yes,,,Permanent contract,22045.0,2754243,No,1,,NA,1,Created
14911,2011-01-01,14911,Male,24,1987-08-13,0.00047999999999999996,Single,0,,,Yes,21.0,,Permanent contract,18425.0,-8379,No,0,,NA,1,Created
14912,2011-01-01,14912,Female,35,1976-10-27,0.00033999999999999997,Single,0,,,Yes,45.0,2021-02-01,Permanent contract,68823.0,92292,No,0,37.0,2013-04-16,1,Created
14913,2011-01-01,14913,Male,71,1940-11-25,0.02034,Married,3005,,2057-11-09,No,,,Retired,21842.0,23,No,2,,NA,1,Created
14914,2011-01-01,14914,Male,13,1998-07-04,0.00014,Single,0,,,No,,,Child,0.0,0,Yes,0,,NA,1,Created
14915,2011-01-01,14915,Female,41,1970-03-19,0.0007700000000000001,Married,3079,,2029-01-18,No,,,Flexible contract,35456.0,2862,Yes,2,,NA,1,Created
14916,2011-01-01,14916,Male,68,1943-06-23,0.01522,Married,3006,,2012-05-22,No,,,Retired,31264.0,-34294,Yes,1,,NA,1,Created
18774,2012-05-22,14916,Male,69,1943-06-23,0.01522,Divorced,3006,,2012-05-22,No,,,Retired,31264.0,-34294,Yes,1,,NA,1,Life event: Divorced
14917,2011-01-01,14917,Male,16,1995-10-29,0.00029,Single,0,,,Yes,36.0,2031-08-18,Child,0.0,0,No,0,,NA,1,Created
19201,2012-10-29,14917,Male,18,1995-10-29,0.00029,Single,0,,,No,,,Permanent contract,6373.0,1102,No,0,,NA,1,Life event: Adulthood
14918,2011-01-01,14918,Male,33,1978-09-09,0.00047999999999999996,Single,0,,,Yes,20.0,,Flexible contract,16778.0,3572,Yes,0,,NA,1,Created
14919,2011-01-01,14919,Male,34,1977-05-29,0.00067,Married,3007,,2051-06-09,No,,,Permanent contract,12121.0,370770,Yes,1,,NA,1,Created
14920,2011-01-01,14920,Male,26,1985-10-09,1.0,Single,0,,,No,,,Permanent contract,45813.0,2734,No,0,,NA,1,Created
17151,2011-04-01,14920,Male,26,1985-10-09,1.0,Single,0,,,No,,,Permanent contract,45813.0,2734,No,0,,NA,0,Life event: Deceased
14921,2011-01-01,14921,Female,61,1950-01-15,0.00562,Married,3080,,2049-07-27,No,,,Flexible contract,4909.0,199945,No,1,,NA,1,Created
14922,2011-01-01,14922,Female,69,1942-03-28,0.0108,Married,3081,,2018-08-31,No,,,Retired,19563.0,186011,No,2,,NA,1,Created
14923,2011-01-01,14923,Female,70,1941-08-17,0.01252,Widowed,0,,,No,,,Retired,43856.0,9393,Yes,0,,NA,1,Created
14924,2011-01-01,14924,Male,25,1986-04-08,0.00033999999999999997,Single,0,,,Yes,31.0,2017-02-06,Permanent contract,38829.0,433650,Yes,0,,NA,1,Created
14925,2011-01-01,14925,Female,19,1992-02-18,0.00014,Single,0,,,No,,,Entrepreneur without personnel,28537.0,5102,No,0,30.0,2022-03-27,1,Created
14926,2011-01-01,14926,Female,70,1941-03-11,0.01252,Single,0,,,Yes,29.0,,Retired,1594.0,62792,Yes,0,,NA,1,Created
14927,2011-01-01,14927,Female,11,2000-10-15,7e-05,Single,0,,,No,,,Child,0.0,0,Yes,0,22.0,2022-07-04,1,Created
14928,2011-01-01,14928,Female,72,1939-03-12,0.01411,Divorced,0,,,Yes,,,Retired,86086.0,95662,Yes,0,,NA,1,Created
14929,2011-01-01,14929,Male,0,2011-03-10,0.0036200000000000004,Single,0,,,No,,,Child,0.0,0,No,0,,NA,1,Created
14930,2011-01-01,14930,Female,70,1941-01-19,0.01252,Married,3082,,2011-02-11,Yes,,,Retired,966.0,182712,No,1,,NA,1,Created
16893,2011-02-11,14930,Female,71,1941-01-19,0.01252,Divorced,3082,,2011-02-11,Yes,,,Retired,966.0,182712,No,1,,NA,1,Life event: Divorced
14931,2011-01-01,14931,Female,97,1914-12-30,0.27028,Widowed,0,,,No,,,Retired,1914.0,363522,No,0,,NA,1,Created
14932,2011-01-01,14932,Female,37,1974-11-02,0.00057,Single,0,,,Yes,22.0,,Permanent contract,29180.0,443203,Yes,0,,NA,1,Created
14933,2011-01-01,14933,Female,24,1987-09-13,0.00018999999999999998,Single,0,,,No,,,Flexible contract,16510.0,216596,Yes,0,37.0,2024-01-03,1,Created
14934,2011-01-01,14934,Male,13,1998-11-23,0.00014,Single,0,,,No,,,Child,0.0,0,No,0,,NA,1,Created
14935,2011-01-01,14935,Male,34,1977-09-16,0.00067,Single,0,,,Yes,44.0,2021-11-04,Flexible contract,81942.0,-30994,No,0,,NA,1,Created
14936,2011-01-01,14936,Female,71,1940-12-29,0.013009999999999999,Married,3083,,2011-03-19,Yes,,,Retired,19981.0,39000,No,3,,NA,1,Created
17087,2011-03-19,14936,Female,71,1940-12-29,0.013009999999999999,Divorced,3083,,2011-03-19,Yes,,,Retired,19981.0,39000,No,3,,NA,1,Life event: Divorced
14937,2011-01-01,14937,Male,34,1977-03-29,0.00067,Single,0,,,No,,,Flexible contract,36064.0,128065,Yes,0,,NA,1,Created
14938,2011-01-01,14938,Female,63,1948-06-22,0.00672,Married,3084,,2027-07-24,Yes,,,Entrepreneur without personnel,17954.0,1452466,Yes,3,,NA,1,Created
18875,2012-06-22,14938,Female,65,1948-06-22,0.00672,Married,3084,,2027-07-24,Yes,,,Retired,12567.8,1452466,Yes,3,,NA,1,Life event: Retired
14939,2011-01-01,14939,Female,39,1972-01-07,0.00074,Married,3085,,2045-03-15,Yes,,,Permanent contract,15402.0,130611,No,2,,NA,1,Created
14940,2011-01-01,14940,Female,76,1935-07-08,0.02337,Widowed,0,,,Yes,,,Retired,37559.0,416,No,0,,NA,1,Created
14941,2011-01-01,14941,Female,46,1965-11-08,0.00134,Single,0,,,Yes,34.0,,Permanent contract,19454.0,653,Yes,0,,NA,1,Created
14942,2011-01-01,14942,Female,6,2005-09-16,8e-05,Single,0,,,No,,,Child,0.0,0,No,0,26.0,2031-09-18,1,Created
14943,2011-01-01,14943,Female,29,1982-10-19,0.00032,Single,0,,,No,,,Permanent contract,4999.0,4243,No,0,,NA,1,Created
14944,2011-01-01,14944,Female,31,1980-03-29,0.00029,Married,3086,,2040-07-21,No,,,Permanent contract,33805.0,95975,Yes,2,34.0,2014-07-07,1,Created
14945,2011-01-01,14945,Male,50,1961-06-21,0.00257,Divorced,0,,,No,,,Entrepreneur with personel,18700.0,72582,No,0,,NA,1,Created
14946,2011-01-01,14946,Female,17,1994-12-23,0.0001,Single,0,,,No,,,Child,0.0,0,No,0,30.0,2024-10-12,1,Created
18348,2011-12-23,14946,Female,18,1994-12-23,0.0001,Single,0,,,No,,,Permanent contract,30176.0,-13807,No,0,30,2024-10-12,1,Life event: Adulthood
14947,2011-01-01,14947,Male,68,1943-10-08,0.01522,Married,3008,,2054-11-02,No,,,Retired,23630.0,409811,Yes,3,,NA,1,Created
14948,2011-01-01,14948,Female,76,1935-07-23,0.02337,Widowed,0,,,Yes,,,Retired,36512.0,181420,Yes,0,,NA,1,Created
14949,2011-01-01,14949,Female,46,1965-02-08,0.00134,Married,3087,,2039-04-19,No,,,Permanent contract,21330.0,-41124,No,1,,NA,1,Created
14950,2011-01-01,14950,Male,76,1935-08-28,0.0375,Widowed,0,,,No,,,Retired,16670.0,-13375,Yes,0,,NA,1,Created
14951,2011-01-01,14951,Female,38,1973-04-29,0.00063,Married,3088,,2032-07-19,Yes,,,Permanent contract,2863.0,33437,Yes,2,,NA,1,Created
14952,2011-01-01,14952,Female,29,1982-06-04,0.00032,Single,0,,,No,,,Permanent contract,22260.0,51957,Yes,0,37.0,2019-05-19,1,Created
14953,2011-01-01,14953,Male,53,1958-01-16,0.0033299999999999996,Married,3009,,2054-10-16,Yes,,,Entrepreneur without personnel,20795.0,247415,Yes,2,,NA,1,Created
14954,2011-01-01,14954,Female,37,1974-01-22,0.00057,Single,0,,,No,,,Permanent contract,38066.0,374883,No,0,,NA,1,Created
14955,2011-01-01,14955,Male,93,1918-12-21,0.22959000000000002,Widowed,0,,,Yes,,,Retired,23179.0,123239,No,0,,NA,1,Created
14956,2011-01-01,14956,Female,61,1950-11-10,0.00562,Married,3089,,2052-03-09,No,,,Permanent contract,19792.0,174,Yes,1,,NA,1,Created
14957,2011-01-01,14957,Male,43,1968-01-11,0.00103,Married,3010,,2048-12-06,No,,,Permanent contract,22811.0,424128,Yes,1,,NA,1,Created
14958,2011-01-01,14958,Female,21,1990-05-03,0.00016,Single,0,,,Yes,32.0,2022-08-28,Flexible contract,23808.0,-7544,Yes,0,30.0,2020-05-10,1,Created
14959,2011-01-01,14959,Male,63,1948-06-20,0.00945,Single,0,,,Yes,44.0,,Permanent contract,36526.0,6970,Yes,0,,NA,1,Created
18868,2012-06-20,14959,Male,65,1948-06-20,0.00945,Single,0,,,Yes,44,,Retired,25568.199999999997,6970,Yes,0,,NA,1,Life event: Retired
14960,2011-01-01,14960,Female,61,1950-08-09,0.00562,Married,3090,,2029-06-29,No,,,Permanent contract,43062.0,-5357,Yes,3,,NA,1,Created
14961,2011-01-01,14961,Male,68,1943-12-17,0.01522,Married,3011,,2041-09-25,No,,,Retired,18428.0,226165,No,2,,NA,1,Created
14962,2011-01-01,14962,Male,15,1996-10-13,0.00015,Single,0,,,No,,,Child,0.0,0,Yes,0,,NA,1,Created
14963,2011-01-01,14963,Female,27,1984-11-17,0.00025,Single,0,,,No,,,Permanent contract,42938.0,-13571,Yes,0,30.0,2014-05-24,1,Created
14964,2011-01-01,14964,Female,61,1950-10-20,0.00562,Married,3091,,2020-10-30,No,,,Permanent contract,931.0,767169,No,3,,NA,1,Created
14965,2011-01-01,14965,Male,33,1978-04-07,0.00047999999999999996,Single,0,,,Yes,34.0,2012-11-10,Unemployed,17130.0,264261,Yes,0,,NA,1,Created
19232,2012-11-10,14965,Male,35,1978-04-07,0.00047999999999999996,Married,3500,41,2053-04-08,Yes,34,2012-11-10,Unemployed,17130.0,264261,Yes,0,,NA,1,Life event: Married
14966,2011-01-01,14966,Female,21,1990-11-24,0.00016,Single,0,,,No,,,Permanent contract,15839.0,-15071,No,0,29.0,2019-11-30,1,Created
14967,2011-01-01,14967,Female,10,2001-11-25,0.0001,Single,0,,,No,,,Child,0.0,0,No,0,30.0,2031-10-17,1,Created
14968,2011-01-01,14968,Male,5,2006-06-19,9e-05,Single,0,,,Yes,40.0,2046-02-12,Child,0.0,0,Yes,0,,NA,1,Created
14969,2011-01-01,14969,Male,23,1988-09-15,0.00039,Single,0,,,Yes,48.0,2036-03-27,Permanent contract,11771.0,111883,Yes,0,,NA,1,Created
14970,2011-01-01,14970,Female,25,1986-06-02,0.00022999999999999998,Single,0,,,No,,,Permanent contract,30426.0,-3771,Yes,0,33.0,2019-10-05,1,Created
14971,2011-01-01,14971,Female,58,1953-06-20,0.00448,Divorced,0,,,No,,,Permanent contract,81875.0,4992299,Yes,0,,NA,1,Created
14972,2011-01-01,14972,Female,15,1996-11-12,8e-05,Single,0,,,No,,,Child,0.0,0,No,0,30.0,2026-07-10,1,Created
14973,2011-01-01,14973,Male,97,1914-01-04,0.30383000000000004,Widowed,0,,,Yes,,,Retired,11152.0,13606,Yes,0,,NA,1,Created
14974,2011-01-01,14974,Female,44,1967-03-09,0.00107,Single,0,,,Yes,27.0,,Permanent contract,3198.0,27926,No,0,,NA,1,Created
14975,2011-01-01,14975,Female,17,1994-07-23,0.0001,Single,0,,,Yes,27.0,2021-08-25,Child,0.0,0,Yes,0,21.0,2015-08-18,1,Created
17695,2011-07-23,14975,Female,18,1994-07-23,0.0001,Single,0,,,No,,,Permanent contract,28331.0,62720,Yes,0,21,2015-08-18,1,Life event: Adulthood
14976,2011-01-01,14976,Male,50,1961-07-18,0.00257,Single,0,,,No,,,Entrepreneur without personnel,22669.0,14755,No,0,,NA,1,Created
14977,2011-01-01,14977,Female,11,2000-09-30,7e-05,Single,0,,,No,,,Child,0.0,0,No,0,33.0,2033-07-07,1,Created
14978,2011-01-01,14978,Female,16,1995-01-21,8e-05,Single,0,,,No,,,Child,0.0,0,No,0,35.0,2030-08-09,1,Created
18457,2012-01-21,14978,Female,18,1995-01-21,8e-05,Single,0,,,Yes,30,2024-05-17,Permanent contract,181561.0,15857,No,0,35,2030-08-09,1,Life event: Adulthood
14979,2011-01-01,14979,Female,63,1948-03-03,0.00672,Divorced,0,,,Yes,,,Flexible contract,30521.0,362518,No,0,,NA,1,Created
18564,2012-03-03,14979,Female,65,1948-03-03,0.00672,Divorced,0,,,Yes,,,Retired,21364.699999999997,362518,No,0,,NA,1,Life event: Retired
14980,2011-01-01,14980,Male,71,1940-01-12,0.02034,Married,3012,,2026-05-07,Yes,,,Retired,38270.0,36740,Yes,3,,NA,1,Created
14981,2011-01-01,14981,Female,13,1998-10-11,0.00011999999999999999,Single,0,,,No,,,Child,0.0,0,No,0,27.0,2025-11-08,1,Created
14982,2011-01-01,14982,Male,59,1952-11-18,0.00717,Married,3013,,2049-08-07,Yes,,,Permanent contract,8416.0,51486,No,2,,NA,1,Created
14983,2011-01-01,14983,Male,5,2006-06-19,9e-05,Single,0,,,No,,,Child,0.0,0,Yes,0,,NA,1,Created
14984,2011-01-01,14984,Male,35,1976-11-24,0.00055,Married,3014,,2052-07-10,Yes,,,Permanent contract,8404.0,-4105,Yes,1,,NA,1,Created
14985,2011-01-01,14985,Female,92,1919-01-14,0.17376,Widowed,0,,,Yes,,,Retired,31679.0,59157,No,0,,NA,1,Created
17861,2011-08-26,14985,Female,93,1919-01-14,0.17376,Widowed,0,,,Yes,,,Retired,31679.0,59157,No,0,,NA,0,Life event: Deceased
14986,2011-01-01,14986,Male,22,1989-12-14,0.00041,Single,0,,,No,,,Permanent contract,45760.0,137013,Yes,0,,NA,1,Created
14987,2011-01-01,14987,Male,37,1974-06-01,0.00082,Single,0,,,No,,,Flexible contract,65059.0,105130,No,0,,NA,1,Created
14988,2011-01-01,14988,Male,28,1983-01-05,0.00045,Single,0,,,No,,,Entrepreneur without personnel,10849.0,475634,Yes,0,,NA,1,Created
14989,2011-01-01,14989,Male,59,1952-08-14,0.00717,Divorced,0,,,Yes,,,Permanent contract,24062.0,263310,Yes,0,,NA,1,Created
14990,2011-01-01,14990,Male,68,1943-02-20,0.01522,Married,3015,,2076-12-06,Yes,,,Retired,7283.0,47155,No,1,,NA,1,Created
14991,2011-01-01,14991,Female,40,1971-07-13,0.0006900000000000001,Married,3092,,2033-02-16,No,,,Permanent contract,195506.0,14613,No,3,,NA,1,Created
14992,2011-01-01,14992,Female,64,1947-02-27,0.00713,Married,3093,,2048-12-13,Yes,,,Flexible contract,37444.0,-46021,No,2,,NA,1,Created
16991,2011-02-27,14992,Female,65,1947-02-27,0.00713,Married,3093,,2048-12-13,Yes,,,Retired,26210.8,-46021,No,2,,NA,1,Life event: Retired
14993,2011-01-01,14993,Female,44,1967-08-19,0.00107,Married,3094,,2043-12-09,No,,,Entrepreneur with personel,17232.0,653155,Yes,2,,NA,1,Created
14994,2011-01-01,14994,Male,96,1915-05-29,0.30168,Widowed,0,,,No,,,Retired,26642.0,6058,Yes,0,,NA,1,Created
14995,2011-01-01,14995,Female,31,1980-07-25,0.00029,Married,3095,,2039-12-08,No,,,Entrepreneur without personnel,12420.0,241182,Yes,1,,NA,1,Created
14996,2011-01-01,14996,Male,40,1971-09-02,0.0009400000000000001,Single,0,,,No,,,Permanent contract,31665.0,3275,No,0,,NA,1,Created
14997,2011-01-01,14997,Female,52,1959-04-25,0.00268,Married,3096,,2038-05-17,Yes,,,Permanent contract,16222.0,-34716,Yes,2,,NA,1,Created
14998,2011-01-01,14998,Male,8,2003-12-11,9e-05,Single,0,,,Yes,24.0,2027-04-13,Child,0.0,0,No,0,,NA,1,Created
14999,2011-01-01,14999,Male,17,1994-07-07,0.00022999999999999998,Single,0,,,Yes,32.0,2026-03-05,Child,0.0,0,Yes,0,,NA,1,Created
17616,2011-07-07,14999,Male,18,1994-07-07,0.00022999999999999998,Single,0,,,Yes,24,2017-03-19,Permanent contract,10409.0,-935,Yes,0,,NA,1,Life event: Adulthood
15000,2011-01-01,15000,Male,11,2000-03-12,9e-05,Single,0,,,Yes,35.0,2035-05-10,Child,0.0,0,No,0,,NA,1,Created
15001,2011-01-01,15001,Male,28,1983-12-29,0.00045,Married,3016,,2043-07-26,No,,,Permanent contract,11931.0,160438,No,2,,NA,1,Created
15002,2011-01-01,15002,Female,75,1936-03-05,0.01986,Widowed,0,,,No,,,Retired,33233.0,287931,Yes,0,,NA,1,Created
15003,2011-01-01,15003,Female,70,1941-06-18,0.01252,Married,3097,,2044-10-10,No,,,Retired,47472.0,132996,No,3,,NA,1,Created
15004,2011-01-01,15004,Female,25,1986-11-10,0.00022999999999999998,Single,0,,,No,,,Unemployed,13657.0,45265,Yes,0,27.0,2013-11-08,1,Created
15005,2011-01-01,15005,Male,7,2004-03-26,9e-05,Single,0,,,Yes,58.0,2062-10-08,Child,0.0,0,Yes,0,,NA,1,Created
15006,2011-01-01,15006,Female,64,1947-01-25,0.00713,Single,0,,,Yes,27.0,,Entrepreneur with personel,14820.0,-34464,Yes,0,,NA,1,Created
16803,2011-01-25,15006,Female,65,1947-01-25,0.00713,Single,0,,,Yes,27,,Retired,10374.0,-34464,Yes,0,,NA,1,Life event: Retired
15007,2011-01-01,15007,Male,35,1976-04-26,0.00055,Married,3017,,2029-09-01,No,,,Entrepreneur with personel,33548.0,115815,Yes,3,,NA,1,Created
15008,2011-01-01,15008,Male,20,1991-08-31,0.00045,Married,3018,,2061-10-15,Yes,,,Permanent contract,22009.0,-19308,No,3,,NA,1,Created
15009,2011-01-01,15009,Male,3,2008-07-29,0.0002,Single,0,,,Yes,29.0,2037-02-10,Child,0.0,0,Yes,0,,NA,1,Created
15010,2011-01-01,15010,Female,17,1994-03-19,0.0001,Single,0,,,No,,,Child,0.0,0,No,0,28.0,2022-01-13,1,Created
17088,2011-03-19,15010,Female,18,1994-03-19,0.0001,Single,0,,,No,,,Entrepreneur with personel,47358.0,-8579,No,0,28,2022-01-13,1,Life event: Adulthood
15011,2011-01-01,15011,Male,21,1990-07-04,0.00045,Single,0,,,Yes,60.0,2050-05-21,Permanent contract,5346.0,137006,No,0,,NA,1,Created
15012,2011-01-01,15012,Male,48,1963-09-25,0.0021100000000000003,Married,3019,,2027-03-17,No,,,Permanent contract,16793.0,175043,No,2,,NA,1,Created
15013,2011-01-01,15013,Male,30,1981-01-18,0.00055,Single,0,,,No,,,Permanent contract,1832.0,-2423,No,0,,NA,1,Created
15014,2011-01-01,15014,Female,95,1916-10-01,0.23053,Married,3098,,2030-01-13,Yes,,,Retired,33017.0,42515,Yes,3,,NA,1,Created
15015,2011-01-01,15015,Female,8,2003-11-14,2.9999999999999997e-05,Single,0,,,Yes,30.0,2033-04-25,Child,0.0,0,No,0,35.0,2038-07-22,1,Created
15016,2011-01-01,15016,Male,73,1938-05-17,0.0262,Married,3020,,2029-12-16,No,,,Retired,1712.0,2253,No,2,,NA,1,Created
15017,2011-01-01,15017,Female,36,1975-02-21,0.00049,Married,3099,,2050-10-02,No,,,Permanent contract,43322.0,1056,Yes,1,,NA,1,Created
15018,2011-01-01,15018,Female,42,1969-11-05,0.001,Married,3100,,2017-09-19,No,,,Flexible contract,9420.0,9265,Yes,2,,NA,1,Created
15019,2011-01-01,15019,Female,58,1953-03-23,0.00448,Married,3101,,2036-05-27,No,,,Permanent contract,11134.0,147091,Yes,2,,NA,1,Created
15020,2011-01-01,15020,Female,27,1984-03-04,0.00025,Single,0,,,No,,,Permanent contract,50812.0,329904,Yes,0,27.0,2011-04-12,1,Created
15021,2011-01-01,15021,Male,65,1946-01-26,0.01141,Married,3021,,2038-07-11,No,,,Permanent contract,15679.0,136922,No,1,,NA,1,Created
16808,2011-01-26,15021,Male,66,1946-01-26,0.01141,Married,3021,,2038-07-11,No,,,Retired,10975.3,136922,No,1,,NA,1,Life event: Retired
17841,2011-08-22,15021,Male,66,1946-01-26,0.01141,Married,3021,,2038-07-11,No,,,Retired,10975.3,136922,No,1,,NA,0,Life event: Deceased
15022,2011-01-01,15022,Male,44,1967-05-22,0.0013599999999999999,Married,3022,,2024-07-25,Yes,,,Permanent contract,33675.0,2443,Yes,2,,NA,1,Created
15023,2011-01-01,15023,Male,22,1989-09-27,0.00041,Single,0,,,Yes,30.0,2019-08-28,Family business,35037.0,309618,No,0,,NA,1,Created
15024,2011-01-01,15024,Male,49,1962-06-10,0.00242,Married,3023,,2035-08-02,Yes,,,Permanent contract,37455.0,10817,No,2,,NA,1,Created
15025,2011-01-01,15025,Male,40,1971-06-16,0.0009400000000000001,Married,3024,,2027-11-01,No,,,Flexible contract,11154.0,282514,No,2,,NA,1,Created
15026,2011-01-01,15026,Male,69,1942-07-05,0.01804,Married,3025,,2051-10-05,No,,,Retired,34147.0,1012840,Yes,1,,NA,1,Created
15027,2011-01-01,15027,Female,44,1967-07-22,0.00107,Married,3102,,2034-04-30,No,,,Permanent contract,15788.0,46304,Yes,1,,NA,1,Created
15028,2011-01-01,15028,Male,33,1978-06-30,0.00047999999999999996,Single,0,,,Yes,85.0,2063-07-01,Permanent contract,17843.0,165652,No,0,,NA,1,Created
15029,2011-01-01,15029,Male,17,1994-11-10,0.00022999999999999998,Single,0,,,No,,,Child,0.0,0,Yes,0,,NA,1,Created
18167,2011-11-10,15029,Male,18,1994-11-10,0.00022999999999999998,Single,0,,,Yes,37,2030-08-07,Permanent contract,14422.0,347476,Yes,0,,NA,1,Life event: Adulthood
15030,2011-01-01,15030,Male,33,1978-03-02,0.00047999999999999996,Single,0,,,Yes,38.0,2016-06-03,Flexible contract,9603.0,85659,Yes,0,,NA,1,Created
15031,2011-01-01,15031,Female,77,1934-06-18,0.0259,Married,3103,,2013-05-25,No,,,Retired,8133.0,3543,No,3,,NA,1,Created
15032,2011-01-01,15032,Female,61,1950-06-19,0.00562,Divorced,0,,,No,,,Flexible contract,13666.0,6978,Yes,0,,NA,1,Created
15033,2011-01-01,15033,Female,73,1938-01-25,0.01577,Married,3104,,2043-02-10,Yes,,,Retired,18365.0,-45803,No,1,,NA,1,Created
15034,2011-01-01,15034,Female,61,1950-03-16,0.00562,Married,3105,,2048-07-01,Yes,,,Permanent contract,41450.0,27864,Yes,2,,NA,1,Created
15035,2011-01-01,15035,Male,31,1980-08-19,0.00041,Married,3026,,2024-06-20,Yes,,,Entrepreneur without personnel,27274.0,207430,Yes,2,,NA,1,Created
15036,2011-01-01,15036,Female,68,1943-07-15,0.00983,Single,0,,,Yes,46.0,,Retired,12808.0,127052,Yes,0,,NA,1,Created
15037,2011-01-01,15037,Female,45,1966-11-23,0.00134,Married,3106,,2032-11-21,Yes,,,Permanent contract,4942.0,2705,Yes,2,,NA,1,Created
15038,2011-01-01,15038,Male,69,1942-06-22,0.01804,Married,3027,,2048-11-15,Yes,,,Retired,3532.0,276800,No,1,,NA,1,Created
15039,2011-01-01,15039,Male,84,1927-07-19,0.09176000000000001,Married,3028,,2054-07-19,No,,,Retired,6571.0,111954,No,2,,NA,1,Created
15040,2011-01-01,15040,Male,7,2004-06-30,9e-05,Single,0,,,Yes,42.0,2046-02-11,Child,0.0,0,Yes,0,,NA,1,Created
15041,2011-01-01,15041,Male,32,1979-02-09,0.00059,Married,3029,,2017-09-27,No,,,Permanent contract,89841.0,57135,Yes,2,,NA,1,Created
15042,2011-01-01,15042,Female,23,1988-11-19,0.0001,Single,0,,,No,,,Permanent contract,20689.0,403101,No,0,24.0,2012-08-15,1,Created
15043,2011-01-01,15043,Female,6,2005-11-14,8e-05,Single,0,,,No,,,Child,0.0,0,No,0,36.0,2041-12-06,1,Created
15044,2011-01-01,15044,Male,68,1943-07-11,0.01522,Married,3030,,2064-10-17,No,,,Retired,9824.0,196135,Yes,1,,NA,1,Created
15045,2011-01-01,15045,Female,3,2008-09-17,0.00013000000000000002,Single,0,,,Yes,34.0,2042-05-31,Child,0.0,0,No,0,34.0,2042-12-27,1,Created
15046,2011-01-01,15046,Male,21,1990-04-06,0.00045,Single,0,,,No,,,Permanent contract,16753.0,-46272,Yes,0,,NA,1,Created
15047,2011-01-01,15047,Male,27,1984-04-17,0.00044,Married,3031,,2021-04-15,No,,,Permanent contract,17138.0,283768,No,1,,NA,1,Created
15048,2011-01-01,15048,Male,39,1972-06-05,0.0008699999999999999,Married,3032,,2027-03-23,Yes,,,Flexible contract,98472.0,1877982,Yes,1,,NA,1,Created
15049,2011-01-01,15049,Female,45,1966-10-12,0.00134,Married,3107,,2031-09-05,No,,,Unemployed,17858.0,588592,Yes,1,,NA,1,Created
15050,2011-01-01,15050,Male,60,1951-10-18,0.006840000000000001,Single,0,,,No,,,Permanent contract,1537.0,1585745,Yes,0,,NA,1,Created
15051,2011-01-01,15051,Male,47,1964-12-16,0.00186,Married,3033,,2047-10-13,No,,,Permanent contract,45415.0,2270,No,1,,NA,1,Created
15052,2011-01-01,15052,Female,46,1965-07-28,0.00134,Married,3108,,2041-09-15,No,,,Permanent contract,43688.0,-28671,No,1,,NA,1,Created
15053,2011-01-01,15053,Female,58,1953-06-19,0.00448,Single,0,,,No,,,Permanent contract,31657.0,3265,Yes,0,,NA,1,Created
15054,2011-01-01,15054,Female,16,1995-08-14,8e-05,Single,0,,,No,,,Child,0.0,0,No,0,31.0,2026-12-09,1,Created
19012,2012-08-14,15054,Female,18,1995-08-14,8e-05,Single,0,,,Yes,35,2029-02-21,Permanent contract,71614.0,792392,No,0,31,2026-12-09,1,Life event: Adulthood
15055,2011-01-01,15055,Female,31,1980-04-05,0.00029,Married,3109,,2019-01-01,No,,,Permanent contract,43564.0,167298,No,1,37.0,2017-03-02,1,Created
15056,2011-01-01,15056,Female,65,1946-03-16,0.007559999999999999,Married,3110,,2031-10-07,No,,,Permanent contract,4125.0,-27492,No,1,,NA,1,Created
17075,2011-03-16,15056,Female,66,1946-03-16,0.007559999999999999,Married,3110,,2031-10-07,No,,,Retired,2887.5,-27492,No,1,,NA,1,Life event: Retired
15057,2011-01-01,15057,Male,65,1946-10-23,0.01141,Married,3034,,2026-10-05,Yes,,,Unemployed,48572.0,2,No,1,,NA,1,Created
18093,2011-10-23,15057,Male,66,1946-10-23,0.01141,Married,3034,,2026-10-05,Yes,,,Retired,34000.4,2,No,1,,NA,1,Life event: Retired
15058,2011-01-01,15058,Female,57,1954-02-10,0.00387,Married,3111,,2050-09-21,Yes,,,Permanent contract,9307.0,407512,Yes,2,,NA,1,Created
15059,2011-01-01,15059,Female,41,1970-01-27,0.0007700000000000001,Divorced,0,,,No,,,Flexible contract,32749.0,147400,Yes,0,,NA,1,Created
15060,2011-01-01,15060,Male,18,1993-12-03,0.00032,Single,0,,,No,,,Entrepreneur without personnel,26282.0,4027,Yes,0,,NA,1,Created
15061,2011-01-01,15061,Male,61,1950-02-05,0.00747,Married,3035,,2011-07-06,Yes,,,Permanent contract,4349.0,177489,Yes,3,,NA,1,Created
17614,2011-07-06,15061,Male,62,1950-02-05,0.00747,Divorced,3035,,2011-07-06,Yes,,,Permanent contract,4349.0,177489,Yes,3,,NA,1,Life event: Divorced
15062,2011-01-01,15062,Male,34,1977-12-21,0.00067,Single,0,,,No,,,Permanent contract,27175.0,-35962,Yes,0,,NA,1,Created
15063,2011-01-01,15063,Male,38,1973-07-16,0.0009599999999999999,Single,0,,,No,,,Permanent contract,82434.0,18629,No,0,,NA,1,Created
15064,2011-01-01,15064,Female,44,1967-05-17,0.00107,Married,3112,,2064-12-24,No,,,Permanent contract,10131.0,61752,No,1,,NA,1,Created
15065,2011-01-01,15065,Male,29,1982-10-01,0.0005200000000000001,Single,0,,,No,,,Permanent contract,44110.0,26055,Yes,0,,NA,1,Created
15066,2011-01-01,15066,Male,53,1958-11-15,0.0033299999999999996,Married,3036,,2024-02-05,Yes,,,Flexible contract,134385.0,150127,No,2,,NA,1,Created
15067,2011-01-01,15067,Male,21,1990-03-08,0.00045,Single,0,,,No,,,Flexible contract,9584.0,4915,No,0,,NA,1,Created
15068,2011-01-01,15068,Female,33,1978-04-22,0.00035,Single,0,,,No,,,Flexible contract,7675.0,4227,No,0,42.0,2020-11-24,1,Created
15069,2011-01-01,15069,Male,44,1967-11-10,0.0013599999999999999,Married,3037,,2014-06-01,Yes,,,Permanent contract,27300.0,178,No,2,,NA,1,Created
15070,2011-01-01,15070,Female,3,2008-10-11,0.00013000000000000002,Single,0,,,No,,,Child,0.0,0,Yes,0,35.0,2043-07-21,1,Created
15071,2011-01-01,15071,Male,40,1971-10-09,0.0009400000000000001,Single,0,,,Yes,37.0,,Permanent contract,26917.0,64361,Yes,0,,NA,1,Created
15072,2011-01-01,15072,Female,20,1991-03-04,0.00018,Single,0,,,Yes,25.0,2016-12-01,Permanent contract,189.0,21438,No,0,23.0,2014-01-11,1,Created
15073,2011-01-01,15073,Male,56,1955-01-22,0.0052,Married,3038,,2053-10-29,Yes,,,Entrepreneur without personnel,16626.0,42633,No,2,,NA,1,Created
15074,2011-01-01,15074,Male,28,1983-10-09,0.00045,Single,0,,,Yes,27.0,,Flexible contract,1007.0,684912,No,0,,NA,1,Created
15075,2011-01-01,15075,Female,74,1937-06-18,0.0185,Married,3113,,2029-11-15,Yes,,,Retired,14960.0,1561,Yes,1,,NA,1,Created
15076,2011-01-01,15076,Male,55,1956-09-21,0.00419,Divorced,0,,,Yes,,,Entrepreneur without personnel,79688.0,115101,Yes,0,,NA,1,Created
15077,2011-01-01,15077,Male,28,1983-12-09,0.00045,Married,3039,,2048-07-03,Yes,,,Permanent contract,37888.0,189509,Yes,2,,NA,1,Created
15078,2011-01-01,15078,Female,9,2002-09-05,2.9999999999999997e-05,Single,0,,,Yes,30.0,2032-07-03,Child,0.0,0,Yes,0,25.0,2027-09-22,1,Created
15079,2011-01-01,15079,Male,50,1961-12-11,0.00257,Married,3040,,2042-02-28,Yes,,,Permanent contract,67632.0,4207,Yes,2,,NA,1,Created
15080,2011-01-01,15080,Male,19,1992-07-10,0.00033,Single,0,,,No,,,Unemployed,15856.0,13335,Yes,0,,NA,1,Created
15081,2011-01-01,15081,Female,42,1969-05-27,0.001,Divorced,0,,,Yes,,,Entrepreneur without personnel,30166.0,78459,Yes,0,,NA,1,Created
15082,2011-01-01,15082,Female,33,1978-12-31,0.00035,Single,0,,,No,,,Flexible contract,73150.0,3807,Yes,0,,NA,1,Created
15083,2011-01-01,15083,Male,72,1939-10-16,0.02384,Married,3041,,2040-08-17,Yes,,,Retired,9596.0,202,No,1,,NA,1,Created
15084,2011-01-01,15084,Male,56,1955-11-01,0.0052,Single,0,,,No,,,Entrepreneur with personel,54144.0,-11168,Yes,0,,NA,1,Created
15085,2011-01-01,15085,Female,52,1959-11-15,0.00268,Married,3114,,2056-03-29,No,,,Permanent contract,65856.0,34413,No,1,,NA,1,Created
15086,2011-01-01,15086,Female,46,1965-09-28,0.00134,Divorced,0,,,Yes,,,Permanent contract,62160.0,4475,No,0,,NA,1,Created
15087,2011-01-01,15087,Male,57,1954-04-27,0.00572,Married,3042,,2039-11-12,No,,,Permanent contract,79098.0,49974,No,2,,NA,1,Created
15088,2011-01-01,15088,Female,20,1991-01-05,0.00018,Single,0,,,No,,,Flexible contract,16593.0,-48707,No,0,37.0,2028-11-16,1,Created
15089,2011-01-01,15089,Female,10,2001-09-14,0.0001,Single,0,,,No,,,Child,0.0,0,Yes,0,27.0,2028-10-22,1,Created
15090,2011-01-01,15090,Male,17,1994-09-19,0.00022999999999999998,Single,0,,,No,,,Child,0.0,0,Yes,0,,NA,1,Created
17952,2011-09-19,15090,Male,18,1994-09-19,0.00022999999999999998,Single,0,,,No,,,Unemployed,11711.0,758883,Yes,0,,NA,1,Life event: Adulthood
15091,2011-01-01,15091,Female,43,1968-04-08,0.0009699999999999999,Single,0,,,No,,,Permanent contract,50414.0,14999,Yes,0,,NA,1,Created
15092,2011-01-01,15092,Female,37,1974-02-24,0.00057,Married,3115,,2029-02-23,No,,,Permanent contract,8586.0,1039,Yes,2,,NA,1,Created
15093,2011-01-01,15093,Male,18,1993-09-04,0.00032,Single,0,,,No,,,Entrepreneur without personnel,12491.0,43,Yes,0,,NA,1,Created
15094,2011-01-01,15094,Male,12,1999-02-27,0.00011,Single,0,,,Yes,43.0,2042-07-10,Child,0.0,0,No,0,,NA,1,Created
15095,2011-01-01,15095,Female,8,2003-05-10,2.9999999999999997e-05,Single,0,,,No,,,Child,0.0,0,Yes,0,37.0,2040-06-03,1,Created
15096,2011-01-01,15096,Female,40,1971-05-13,0.0006900000000000001,Single,0,,,No,,,Permanent contract,194474.0,215602,Yes,0,,NA,1,Created
15097,2011-01-01,15097,Male,44,1967-02-17,0.0013599999999999999,Single,0,,,Yes,53.0,2020-08-13,Entrepreneur without personnel,9111.0,47188,No,0,,NA,1,Created
15098,2011-01-01,15098,Female,53,1958-01-25,0.00312,Divorced,0,,,No,,,Entrepreneur without personnel,46573.0,-38583,No,0,,NA,1,Created
15099,2011-01-01,15099,Male,36,1975-01-05,0.0006,Single,0,,,Yes,38.0,2013-02-16,Flexible contract,35587.0,36545,Yes,0,,NA,1,Created
15100,2011-01-01,15100,Male,65,1946-09-13,0.01141,Divorced,0,,,No,,,Permanent contract,26377.0,26,Yes,0,,NA,1,Created
17917,2011-09-13,15100,Male,66,1946-09-13,0.01141,Divorced,0,,,No,,,Retired,18463.899999999998,26,Yes,0,,NA,1,Life event: Retired
15101,2011-01-01,15101,Male,49,1962-04-21,0.00242,Married,3043,,2048-11-30,Yes,,,Entrepreneur without personnel,46396.0,151484,No,1,,NA,1,Created
15102,2011-01-01,15102,Female,60,1951-08-17,0.00541,Married,3116,,2062-05-23,No,,,Permanent contract,21620.0,15403,Yes,2,,NA,1,Created
15103,2011-01-01,15103,Female,13,1998-11-08,0.00011999999999999999,Single,0,,,Yes,22.0,2020-08-07,Child,0.0,0,No,0,25.0,2023-08-27,1,Created
15104,2011-01-01,15104,Female,53,1958-10-02,0.00312,Married,3117,,2014-06-11,Yes,,,Permanent contract,161584.0,979366,Yes,3,,NA,1,Created
17438,2011-05-31,15104,Female,53,1958-10-02,0.00312,Widowed,3117,,2014-06-11,Yes,,,Permanent contract,161584.0,979366,Yes,3,,NA,1,Life event: Widowed
15105,2011-01-01,15105,Male,46,1965-08-28,0.00172,Married,3044,,2015-04-04,No,,,Permanent contract,35905.0,449074,Yes,1,,NA,1,Created
15106,2011-01-01,15106,Male,53,1958-09-02,0.0033299999999999996,Married,3045,,2034-12-04,Yes,,,Entrepreneur without personnel,11084.0,19324,Yes,2,,NA,1,Created
15107,2011-01-01,15107,Male,11,2000-05-23,9e-05,Single,0,,,No,,,Child,0.0,0,Yes,0,,NA,1,Created
15108,2011-01-01,15108,Male,55,1956-06-29,0.00419,Single,0,,,Yes,40.0,,Permanent contract,29872.0,4555,Yes,0,,NA,1,Created
15109,2011-01-01,15109,Male,24,1987-06-11,0.00047999999999999996,Single,0,,,Yes,34.0,2021-12-21,Permanent contract,136600.0,-38533,No,0,,NA,1,Created
15110,2011-01-01,15110,Female,40,1971-08-02,0.0006900000000000001,Divorced,0,,,No,,,Permanent contract,10940.0,354741,Yes,0,,NA,1,Created
15111,2011-01-01,15111,Male,79,1932-08-04,0.05364,Married,3046,,2045-11-28,No,,,Retired,19816.0,451563,Yes,1,,NA,1,Created
15112,2011-01-01,15112,Female,62,1949-01-25,0.0057399999999999994,Married,3118,,2029-01-12,Yes,,,Permanent contract,21239.0,581664,No,1,,NA,1,Created
15113,2011-01-01,15113,Female,20,1991-12-05,0.00018,Single,0,,,No,,,Entrepreneur with personel,85030.0,445534,Yes,0,30.0,2021-08-28,1,Created
15114,2011-01-01,15114,Male,59,1952-11-22,0.00717,Married,3047,,2031-09-17,No,,,Permanent contract,38744.0,62997,No,2,,NA,1,Created
15115,2011-01-01,15115,Male,36,1975-08-15,0.0006,Single,0,,,Yes,27.0,,Permanent contract,7776.0,86145,No,0,,NA,1,Created
15116,2011-01-01,15116,Male,44,1967-01-12,0.0013599999999999999,Married,3048,,2038-09-08,No,,,Permanent contract,1247.0,137445,No,3,,NA,1,Created
15117,2011-01-01,15117,Female,2,2009-05-04,0.00015,Single,0,,,Yes,33.0,2042-03-22,Child,0.0,0,Yes,0,39.0,2048-09-02,1,Created
15118,2011-01-01,15118,Female,19,1992-08-09,0.00014,Single,0,,,Yes,35.0,2027-04-14,Permanent contract,33869.0,-11364,Yes,0,34.0,2026-05-05,1,Created
15119,2011-01-01,15119,Female,70,1941-01-19,0.01252,Widowed,0,,,Yes,,,Retired,32706.0,-44030,No,0,,NA,1,Created
15120,2011-01-01,15120,Female,77,1934-01-02,0.0259,Widowed,0,,,Yes,,,Retired,98766.0,98799,No,0,,NA,1,Created
15121,2011-01-01,15121,Female,11,2000-11-06,7e-05,Single,0,,,No,,,Child,0.0,0,Yes,0,33.0,2033-02-05,1,Created
15122,2011-01-01,15122,Female,74,1937-08-22,0.0185,Married,3119,,2026-07-16,No,,,Retired,10235.0,244083,No,2,,NA,1,Created
15123,2011-01-01,15123,Female,47,1964-02-12,0.00168,Married,3120,,2060-11-23,Yes,,,Permanent contract,12971.0,698,Yes,2,,NA,1,Created
15124,2011-01-01,15124,Female,67,1944-12-25,0.00974,Married,3121,,2016-01-13,Yes,,,Permanent contract,27352.0,-16508,No,2,,NA,1,Created
18361,2011-12-25,15124,Female,68,1944-12-25,0.00974,Married,3121,,2016-01-13,Yes,,,Retired,19146.399999999998,-16508,No,2,,NA,1,Life event: Retired
15125,2011-01-01,15125,Male,49,1962-11-12,0.00242,Married,3049,,2013-07-13,No,,,Permanent contract,48695.0,-20843,Yes,2,,NA,1,Created
15126,2011-01-01,15126,Male,6,2005-10-10,5.9999999999999995e-05,Single,0,,,No,,,Child,0.0,0,No,0,,NA,1,Created
15127,2011-01-01,15127,Male,46,1965-11-07,0.00172,Married,3050,,2023-03-05,Yes,,,Flexible contract,8125.0,382744,Yes,1,,NA,1,Created
15128,2011-01-01,15128,Male,42,1969-12-13,0.00128,Married,3051,,2030-11-05,No,,,Permanent contract,82401.0,-33048,Yes,1,,NA,1,Created
15129,2011-01-01,15129,Female,57,1954-11-26,0.00387,Married,3122,,2013-10-11,Yes,,,Permanent contract,5961.0,343,Yes,1,,NA,1,Created
15130,2011-01-01,15130,Female,17,1994-01-31,0.0001,Single,0,,,No,,,Child,0.0,0,Yes,0,40.0,2034-04-28,1,Created
16829,2011-01-31,15130,Female,18,1994-01-31,0.0001,Single,0,,,Yes,27,2020-06-29,Permanent contract,17218.0,179620,Yes,0,40,2034-04-28,1,Life event: Adulthood
15131,2011-01-01,15131,Female,67,1944-05-03,0.00974,Widowed,0,,,Yes,,,Flexible contract,22982.0,84023,Yes,0,,NA,1,Created
17297,2011-05-03,15131,Female,68,1944-05-03,0.00974,Widowed,0,,,Yes,,,Retired,16087.4,84023,Yes,0,,NA,1,Life event: Retired
15132,2011-01-01,15132,Female,103,1908-10-20,1.0,Widowed,0,,,Yes,,,Retired,32866.0,411793,Yes,0,,NA,1,Created
18037,2011-10-11,15132,Female,103,1908-10-20,1.0,Widowed,0,,,Yes,,,Retired,32866.0,411793,Yes,0,,NA,0,Life event: Deceased
15133,2011-01-01,15133,Female,62,1949-09-29,0.0057399999999999994,Single,0,,,Yes,28.0,,Permanent contract,10559.0,65462,Yes,0,,NA,1,Created
15134,2011-01-01,15134,Female,80,1931-08-01,0.03682,Widowed,0,,,Yes,,,Retired,2682.0,349456,No,0,,NA,1,Created
15135,2011-01-01,15135,Male,22,1989-11-07,0.00041,Single,0,,,Yes,40.0,2029-01-17,Flexible contract,3308.0,15553,No,0,,NA,1,Created
15136,2011-01-01,15136,Female,15,1996-03-22,8e-05,Single,0,,,No,,,Child,0.0,0,No,0,30.0,2026-04-04,1,Created
15137,2011-01-01,15137,Male,37,1974-09-16,0.00082,Single,0,,,No,,,Permanent contract,1320.0,316073,No,0,,NA,1,Created
15138,2011-01-01,15138,Male,56,1955-11-09,0.0052,Married,3052,,2057-04-13,No,,,Permanent contract,4240.0,-12364,Yes,3,,NA,1,Created
15139,2011-01-01,15139,Male,31,1980-05-10,0.00041,Single,0,,,Yes,35.0,2015-05-26,Permanent contract,4501.0,18320,Yes,0,,NA,1,Created
15140,2011-01-01,15140,Male,60,1951-09-26,0.006840000000000001,Married,3053,,2031-06-14,No,,,Permanent contract,47778.0,-3276,No,3,,NA,1,Created
15141,2011-01-01,15141,Male,80,1931-04-12,0.05987000000000001,Married,3054,,2052-02-08,Yes,,,Retired,8109.0,437639,No,2,,NA,1,Created
15142,2011-01-01,15142,Male,31,1980-05-08,0.00041,Single,0,,,Yes,24.0,,Permanent contract,9331.0,84433,Yes,0,,NA,1,Created
15143,2011-01-01,15143,Male,55,1956-01-16,0.00419,Married,3055,,2043-04-19,Yes,,,Entrepreneur without personnel,13509.0,87986,No,1,,NA,1,Created
18755,2012-05-15,15143,Male,57,1956-01-16,0.00419,Widowed,3055,,2043-04-19,Yes,,,Entrepreneur without personnel,13509.0,87986,No,1,,NA,1,Life event: Widowed
15144,2011-01-01,15144,Male,36,1975-01-06,0.0006,Divorced,0,,,Yes,,,Permanent contract,17890.0,299792,No,0,,NA,1,Created
15145,2011-01-01,15145,Male,49,1962-02-13,0.00242,Married,3056,,2031-04-09,No,,,Permanent contract,57547.0,264373,No,1,,NA,1,Created
15146,2011-01-01,15146,Female,18,1993-06-11,0.00023999999999999998,Single,0,,,No,,,Entrepreneur without personnel,45671.0,999940,Yes,0,26.0,2019-12-18,1,Created
15147,2011-01-01,15147,Female,39,1972-02-02,0.00074,Single,0,,,No,,,Permanent contract,16369.0,53,No,0,,NA,1,Created
15148,2011-01-01,15148,Female,24,1987-11-17,0.00018999999999999998,Single,0,,,No,,,Permanent contract,23984.0,-15330,No,0,35.0,2022-02-23,1,Created
15149,2011-01-01,15149,Male,75,1936-06-14,0.033710000000000004,Widowed,0,,,Yes,,,Retired,28501.0,239693,Yes,0,,NA,1,Created
15150,2011-01-01,15150,Male,35,1976-03-11,0.00055,Divorced,0,,,No,,,Entrepreneur with personel,6313.0,99470,Yes,0,,NA,1,Created
15151,2011-01-01,15151,Male,21,1990-02-07,0.00045,Single,0,,,No,,,Permanent contract,65784.0,15485,No,0,,NA,1,Created
15152,2011-01-01,15152,Male,69,1942-12-02,0.01804,Widowed,0,,,Yes,,,Retired,20223.0,-22104,No,0,,NA,1,Created
15153,2011-01-01,15153,Female,58,1953-10-26,0.00448,Single,0,,,No,,,Permanent contract,14636.0,343070,No,0,,NA,1,Created
15154,2011-01-01,15154,Male,1,2010-04-06,0.00056,Single,0,,,Yes,35.0,2045-09-29,Child,0.0,0,No,0,,NA,1,Created
15155,2011-01-01,15155,Male,14,1997-04-20,0.00014,Single,0,,,No,,,Child,0.0,0,Yes,0,,NA,1,Created
15156,2011-01-01,15156,Male,40,1971-09-11,0.0009400000000000001,Single,0,,,No,,,Flexible contract,42824.0,-47096,Yes,0,,NA,1,Created
15157,2011-01-01,15157,Male,7,2004-03-28,9e-05,Single,0,,,No,,,Child,0.0,0,Yes,0,,NA,1,Created
15158,2011-01-01,15158,Male,14,1997-05-06,0.00014,Single,0,,,No,,,Child,0.0,0,Yes,0,,NA,1,Created
15159,2011-01-01,15159,Female,36,1975-03-26,0.00049,Married,3123,,2034-03-16,No,,,Permanent contract,32249.0,165333,No,3,,NA,1,Created
15160,2011-01-01,15160,Female,73,1938-02-04,0.01577,Married,3124,,2022-05-07,No,,,Retired,6281.0,1813688,Yes,2,,NA,1,Created
15161,2011-01-01,15161,Female,7,2004-12-28,7e-05,Single,0,,,Yes,23.0,2027-02-25,Child,0.0,0,Yes,0,28.0,2032-04-30,1,Created
15162,2011-01-01,15162,Female,61,1950-01-12,0.00562,Married,3125,,2053-07-01,No,,,Permanent contract,162790.0,-7432,Yes,1,,NA,1,Created
15163,2011-01-01,15163,Male,78,1933-05-10,0.04668,Widowed,0,,,No,,,Retired,21756.0,-21390,No,0,,NA,1,Created
15164,2011-01-01,15164,Male,4,2007-12-23,0.00011,Single,0,,,Yes,25.0,2032-08-30,Child,0.0,0,Yes,0,,NA,1,Created
15165,2011-01-01,15165,Male,7,2004-10-29,9e-05,Single,0,,,No,,,Child,0.0,0,Yes,0,,NA,1,Created
15166,2011-01-01,15166,Male,66,1945-11-22,0.01401,Married,3057,,2027-06-17,Yes,,,Permanent contract,45788.0,9248,Yes,2,,NA,1,Created
18212,2011-11-22,15166,Male,67,1945-11-22,0.01401,Married,3057,,2027-06-17,Yes,,,Retired,32051.6,9248,Yes,2,,NA,1,Life event: Retired
15167,2011-01-01,15167,Female,26,1985-05-05,1.0,Single,0,,,Yes,33.0,2018-10-22,Permanent contract,44896.0,943,No,0,26.0,2011-04-12,1,Created
15168,2011-01-01,15168,Female,61,1950-10-08,0.00562,Married,3126,,2063-08-19,No,,,Permanent contract,6035.0,-744,No,1,,NA,1,Created
15169,2011-01-01,15169,Female,68,1943-02-19,0.00983,Married,3127,,2037-03-21,Yes,,,Retired,1596.0,490935,Yes,1,,NA,1,Created
15170,2011-01-01,15170,Male,21,1990-08-20,0.00045,Single,0,,,No,,,Flexible contract,19675.0,-43169,No,0,,NA,1,Created
15171,2011-01-01,15171,Male,27,1984-01-12,0.00044,Single,0,,,No,,,Entrepreneur with personel,17051.0,845144,Yes,0,,NA,1,Created
15172,2011-01-01,15172,Female,51,1960-08-18,0.0023899999999999998,Married,3128,,2040-10-08,Yes,,,Permanent contract,64872.0,27664,No,2,,NA,1,Created
15173,2011-01-01,15173,Male,63,1948-03-11,0.00945,Married,3058,,2023-03-06,Yes,,,Flexible contract,81542.0,5416,Yes,1,,NA,1,Created
18585,2012-03-11,15173,Male,65,1948-03-11,0.00945,Married,3058,,2023-03-06,Yes,,,Retired,57079.399999999994,5416,Yes,1,,NA,1,Life event: Retired
15174,2011-01-01,15174,Female,48,1963-05-13,0.0018800000000000002,Married,3129,,2034-12-23,Yes,,,Permanent contract,42714.0,-6670,Yes,2,,NA,1,Created
15175,2011-01-01,15175,Female,19,1992-08-22,0.00014,Single,0,,,Yes,25.0,2017-07-22,Permanent contract,81084.0,18335,No,0,28.0,2020-03-23,1,Created
15176,2011-01-01,15176,Female,34,1977-08-28,0.00037,Single,0,,,Yes,22.0,,Flexible contract,38388.0,27652,No,0,,NA,1,Created
15177,2011-01-01,15177,Female,74,1937-01-29,0.0185,Married,3130,,2026-06-07,Yes,,,Retired,24658.0,57159,Yes,2,,NA,1,Created
15178,2011-01-01,15178,Female,61,1950-09-26,0.00562,Married,3131,,2014-02-20,No,,,Flexible contract,34922.0,492220,Yes,3,,NA,1,Created
15179,2011-01-01,15179,Female,31,1980-10-28,0.00029,Single,0,,,No,,,Flexible contract,40063.0,-11279,Yes,0,38.0,2018-01-17,1,Created
15180,2011-01-01,15180,Male,42,1969-07-23,0.00128,Married,3059,,2018-03-12,Yes,,,Permanent contract,74049.0,462032,Yes,1,,NA,1,Created
15181,2011-01-01,15181,Male,63,1948-05-18,0.00945,Married,3060,,2011-08-21,Yes,,,Permanent contract,42427.0,860,Yes,3,,NA,1,Created
17838,2011-08-21,15181,Male,64,1948-05-18,0.00945,Divorced,3060,,2011-08-21,Yes,,,Permanent contract,42427.0,860,Yes,3,,NA,1,Life event: Divorced
18761,2012-05-18,15181,Male,65,1948-05-18,0.00945,Divorced,3060,,2011-08-21,Yes,,,Retired,29698.899999999998,860,Yes,3,,NA,1,Life event: Retired
15182,2011-01-01,15182,Female,12,1999-11-27,5e-05,Single,0,,,No,,,Child,0.0,0,No,0,33.0,2032-01-31,1,Created
15183,2011-01-01,15183,Male,40,1971-03-05,0.0009400000000000001,Divorced,0,,,Yes,,,Flexible contract,17988.0,155345,Yes,0,,NA,1,Created
15184,2011-01-01,15184,Female,80,1931-12-22,0.03682,Widowed,0,,,No,,,Retired,78489.0,122,No,0,,NA,1,Created
15185,2011-01-01,15185,Female,23,1988-10-28,0.0001,Single,0,,,No,,,Permanent contract,7200.0,-45838,No,0,27.0,2015-08-10,1,Created
15186,2011-01-01,15186,Female,43,1968-02-14,0.0009699999999999999,Married,3132,,2018-07-29,Yes,,,Permanent contract,6605.0,123567,No,3,,NA,1,Created
15187,2011-01-01,15187,Female,11,2000-02-06,7e-05,Single,0,,,Yes,31.0,2031-05-09,Child,0.0,0,No,0,35.0,2035-03-25,1,Created
15188,2011-01-01,15188,Male,40,1971-02-15,0.0009400000000000001,Married,3061,,2028-08-14,Yes,,,Permanent contract,2876.0,350308,No,1,,NA,1,Created
15189,2011-01-01,15189,Male,75,1936-10-06,0.033710000000000004,Widowed,0,,,No,,,Retired,47522.0,-15354,No,0,,NA,1,Created
18787,2012-05-26,15189,Male,76,1936-10-06,0.033710000000000004,Widowed,0,,,No,,,Retired,47522.0,-15354,No,0,,NA,0,Life event: Deceased
15190,2011-01-01,15190,Male,62,1949-09-13,0.008409999999999999,Divorced,0,,,Yes,,,Permanent contract,9585.0,259393,Yes,0,,NA,1,Created
15191,2011-01-01,15191,Male,30,1981-10-21,0.00055,Married,3062,,2017-12-25,No,,,Permanent contract,12755.0,6258,No,1,,NA,1,Created
15192,2011-01-01,15192,Female,3,2008-03-25,0.00013000000000000002,Single,0,,,Yes,24.0,2032-05-06,Child,0.0,0,Yes,0,27.0,2035-04-08,1,Created
15193,2011-01-01,15193,Male,68,1943-10-07,0.01522,Single,0,,,Yes,45.0,,Retired,42414.0,220,No,0,,NA,1,Created
18297,2011-12-14,15193,Male,69,1943-10-07,0.01522,Single,0,,,Yes,45,,Retired,42414.0,220,No,0,,NA,0,Life event: Deceased
15194,2011-01-01,15194,Female,8,2003-09-17,2.9999999999999997e-05,Single,0,,,Yes,32.0,2035-01-10,Child,0.0,0,Yes,0,44.0,2047-12-21,1,Created
15195,2011-01-01,15195,Female,47,1964-12-17,0.00168,Married,3133,,2041-02-23,Yes,,,Permanent contract,8714.0,53105,Yes,2,,NA,1,Created
15196,2011-01-01,15196,Male,51,1960-03-21,0.00301,Married,3063,,2018-12-15,No,,,Permanent contract,28249.0,330300,Yes,2,,NA,1,Created
15197,2011-01-01,15197,Male,51,1960-02-14,0.00301,Divorced,0,,,Yes,,,Permanent contract,66935.0,-34530,Yes,0,,NA,1,Created
15198,2011-01-01,15198,Male,70,1941-12-09,0.01932,Widowed,0,,,No,,,Retired,17825.0,12483,No,0,,NA,1,Created
15199,2011-01-01,15199,Female,77,1934-12-03,0.0259,Single,0,,,No,,,Retired,5424.0,89667,No,0,,NA,1,Created
15200,2011-01-01,15200,Male,41,1970-03-24,0.0008900000000000001,Married,3064,,2028-09-10,Yes,,,Flexible contract,68628.0,173500,No,2,,NA,1,Created
15201,2011-01-01,15201,Male,85,1926-01-07,0.10312,Widowed,0,,,Yes,,,Retired,178942.0,4630,No,0,,NA,1,Created
15202,2011-01-01,15202,Female,28,1983-12-04,0.00025,Single,0,,,No,,,Permanent contract,24752.0,-1897,No,0,34.0,2017-02-23,1,Created
15203,2011-01-01,15203,Male,80,1931-03-23,0.05987000000000001,Widowed,0,,,No,,,Retired,138296.0,1771,Yes,0,,NA,1,Created
15204,2011-01-01,15204,Male,21,1990-07-14,0.00045,Single,0,,,No,,,Permanent contract,13359.0,787,Yes,0,,NA,1,Created
15205,2011-01-01,15205,Male,37,1974-02-03,0.00082,Single,0,,,Yes,35.0,,Permanent contract,30392.0,39551,No,0,,NA,1,Created
15206,2011-01-01,15206,Male,16,1995-06-04,0.00029,Single,0,,,Yes,33.0,2028-08-03,Child,0.0,0,No,0,,NA,1,Created
18815,2012-06-04,15206,Male,18,1995-06-04,0.00029,Single,0,,,Yes,32,2026-10-06,Flexible contract,56682.0,-4538,No,0,,NA,1,Life event: Adulthood
15207,2011-01-01,15207,Female,45,1966-08-14,0.00134,Married,3134,,2017-08-31,No,,,Permanent contract,30471.0,4909,No,3,,NA,1,Created
15208,2011-01-01,15208,Female,48,1963-02-27,0.0018800000000000002,Married,3135,,2023-04-15,Yes,,,Permanent contract,51523.0,425617,Yes,3,,NA,1,Created
15209,2011-01-01,15209,Male,70,1941-06-09,0.01932,Married,3065,,2059-11-09,No,,,Retired,26658.0,-18156,Yes,2,,NA,1,Created
15210,2011-01-01,15210,Male,17,1994-08-08,0.00022999999999999998,Single,0,,,No,,,Child,0.0,0,Yes,0,,NA,1,Created
17763,2011-08-08,15210,Male,18,1994-08-08,0.00022999999999999998,Single,0,,,No,,,Flexible contract,28392.0,88685,Yes,0,,NA,1,Life event: Adulthood
15211,2011-01-01,15211,Male,22,1989-06-11,0.00041,Single,0,,,Yes,29.0,2018-10-02,Permanent contract,92191.0,84591,No,0,,NA,1,Created
15212,2011-01-01,15212,Male,41,1970-01-24,0.0008900000000000001,Divorced,0,,,No,,,Permanent contract,3380.0,13797,No,0,,NA,1,Created
15213,2011-01-01,15213,Male,15,1996-10-02,0.00015,Single,0,,,No,,,Child,0.0,0,No,0,,NA,1,Created
15214,2011-01-01,15214,Female,72,1939-05-26,0.01411,Married,3136,,2050-09-10,Yes,,,Retired,1179.0,214390,No,1,,NA,1,Created
15215,2011-01-01,15215,Female,65,1946-03-10,0.007559999999999999,Divorced,0,,,No,,,Permanent contract,16088.0,76416,No,0,,NA,1,Created
17043,2011-03-10,15215,Female,66,1946-03-10,0.007559999999999999,Divorced,0,,,No,,,Retired,11261.599999999999,76416,No,0,,NA,1,Life event: Retired
15216,2011-01-01,15216,Male,83,1928-10-23,0.08242999999999999,Widowed,0,,,No,,,Retired,22975.0,43448,No,0,,NA,1,Created
15217,2011-01-01,15217,Female,60,1951-08-25,0.00541,Married,3137,,2025-07-18,No,,,Permanent contract,17001.0,-14250,Yes,1,,NA,1,Created
15218,2011-01-01,15218,Male,66,1945-02-16,0.01401,Single,0,,,Yes,37.0,,Permanent contract,30855.0,10597,Yes,0,,NA,1,Created
16922,2011-02-16,15218,Male,67,1945-02-16,0.01401,Single,0,,,Yes,37,,Retired,21598.5,10597,Yes,0,,NA,1,Life event: Retired
15219,2011-01-01,15219,Male,65,1946-08-07,0.01141,Married,3066,,2011-11-23,Yes,,,Permanent contract,32914.0,13741,Yes,1,,NA,1,Created
17757,2011-08-07,15219,Male,66,1946-08-07,0.01141,Married,3066,,2011-11-23,Yes,,,Retired,23039.8,13741,Yes,1,,NA,1,Life event: Retired
18216,2011-11-23,15219,Male,66,1946-08-07,0.01141,Divorced,3066,,2011-11-23,Yes,,,Retired,23039.8,13741,Yes,1,,NA,1,Life event: Divorced
15220,2011-01-01,15220,Male,20,1991-02-28,0.00045,Single,0,,,No,,,Permanent contract,4486.0,49363,No,0,,NA,1,Created
15221,2011-01-01,15221,Female,41,1970-03-25,0.0007700000000000001,Single,0,,,No,,,Permanent contract,6093.0,601,No,0,,NA,1,Created
15222,2011-01-01,15222,Female,65,1946-01-13,0.007559999999999999,Married,3138,,2016-06-07,Yes,,,Permanent contract,23505.0,40893,No,1,,NA,1,Created
16735,2011-01-13,15222,Female,66,1946-01-13,0.007559999999999999,Married,3138,,2016-06-07,Yes,,,Retired,16453.5,40893,No,1,,NA,1,Life event: Retired
17169,2011-04-03,15222,Female,66,1946-01-13,0.007559999999999999,Widowed,3138,,2016-06-07,Yes,,,Retired,16453.5,40893,No,1,,NA,1,Life event: Widowed
15223,2011-01-01,15223,Male,30,1981-10-02,0.00055,Married,3067,,2021-01-15,Yes,,,Flexible contract,188670.0,807,Yes,2,,NA,1,Created
15224,2011-01-01,15224,Male,36,1975-09-01,0.0006,Married,3068,,2057-06-26,Yes,,,Flexible contract,44462.0,-23795,Yes,1,,NA,1,Created
15225,2011-01-01,15225,Female,46,1965-11-05,0.00134,Single,0,,,Yes,50.0,2015-10-05,Entrepreneur with personel,16227.0,-20919,No,0,,NA,1,Created
15226,2011-01-01,15226,Female,33,1978-11-03,0.00035,Married,3139,,2040-02-15,Yes,,,Permanent contract,45108.0,6562,No,1,,NA,1,Created
15227,2011-01-01,15227,Female,24,1987-06-05,0.00018999999999999998,Single,0,,,No,,,Permanent contract,14385.0,2897,Yes,0,33.0,2020-03-23,1,Created
15228,2011-01-01,15228,Male,65,1946-11-28,0.01141,Married,3069,,2020-08-12,Yes,,,Permanent contract,14685.0,-1388,No,1,,NA,1,Created
18229,2011-11-28,15228,Male,66,1946-11-28,0.01141,Married,3069,,2020-08-12,Yes,,,Retired,10279.5,-1388,No,1,,NA,1,Life event: Retired
15229,2011-01-01,15229,Male,43,1968-04-25,0.00103,Married,3070,,2050-11-29,Yes,,,Flexible contract,18076.0,63422,No,2,,NA,1,Created
15230,2011-01-01,15230,Male,31,1980-08-04,0.00041,Married,3071,,2020-01-11,Yes,,,Flexible contract,15861.0,-6528,Yes,1,,NA,1,Created
15231,2011-01-01,15231,Female,78,1933-03-27,0.02817,Widowed,0,,,Yes,,,Retired,79754.0,6902,Yes,0,,NA,1,Created
15232,2011-01-01,15232,Male,30,1981-02-09,0.00055,Single,0,,,Yes,32.0,2013-09-30,Permanent contract,28594.0,344349,No,0,,NA,1,Created
15233,2011-01-01,15233,Female,95,1916-05-02,0.23053,Widowed,0,,,No,,,Retired,21539.0,-15373,No,0,,NA,1,Created
15234,2011-01-01,15234,Female,73,1938-10-19,0.01577,Married,3140,,2013-09-04,Yes,,,Retired,77290.0,20078,No,1,,NA,1,Created
15235,2011-01-01,15235,Female,78,1933-11-21,0.02817,Divorced,0,,,Yes,,,Retired,31780.0,-4815,No,0,,NA,1,Created
15236,2011-01-01,15236,Male,71,1940-03-20,0.02034,Married,3072,,2030-01-21,No,,,Retired,25735.0,3939,No,1,,NA,1,Created
15237,2011-01-01,15237,Female,18,1993-06-04,0.00023999999999999998,Single,0,,,No,,,Permanent contract,36027.0,265343,No,0,26.0,2019-12-16,1,Created
15238,2011-01-01,15238,Female,60,1951-05-05,0.00541,Married,3141,,2013-01-20,No,,,Entrepreneur without personnel,13275.0,177,Yes,1,,NA,1,Created
15239,2011-01-01,15239,Male,4,2007-11-11,0.00011,Single,0,,,Yes,20.0,2027-04-15,Child,0.0,0,Yes,0,,NA,1,Created
15240,2011-01-01,15240,Female,10,2001-12-02,0.0001,Single,0,,,Yes,26.0,2027-07-14,Child,0.0,0,No,0,40.0,2041-11-08,1,Created
15241,2011-01-01,15241,Female,31,1980-05-12,0.00029,Single,0,,,Yes,25.0,,Permanent contract,46572.0,21815,Yes,0,,NA,1,Created
15242,2011-01-01,15242,Female,93,1918-11-06,0.18566,Married,3142,,2049-05-27,Yes,,,Retired,10809.0,100562,Yes,1,,NA,1,Created
15243,2011-01-01,15243,Female,66,1945-10-05,0.009040000000000001,Married,3143,,2038-07-30,No,,,Permanent contract,24345.0,88233,Yes,1,,NA,1,Created
18013,2011-10-05,15243,Female,67,1945-10-05,0.009040000000000001,Married,3143,,2038-07-30,No,,,Retired,17041.5,88233,Yes,1,,NA,1,Life event: Retired
18482,2012-01-29,15243,Female,67,1945-10-05,0.009040000000000001,Married,3143,,2038-07-30,No,,,Retired,17041.5,88233,Yes,1,,NA,0,Life event: Deceased
15244,2011-01-01,15244,Male,63,1948-03-06,0.00945,Married,3073,,2062-07-04,No,,,Flexible contract,9824.0,37147,Yes,1,,NA,1,Created
18571,2012-03-06,15244,Male,65,1948-03-06,0.00945,Married,3073,,2062-07-04,No,,,Retired,6876.799999999999,37147,Yes,1,,NA,1,Life event: Retired
15245,2011-01-01,15245,Male,9,2002-02-24,0.00014,Single,0,,,No,,,Child,0.0,0,No,0,,NA,1,Created
15246,2011-01-01,15246,Male,24,1987-03-19,0.00047999999999999996,Single,0,,,No,,,Permanent contract,6449.0,409,Yes,0,,NA,1,Created
15247,2011-01-01,15247,Female,33,1978-07-16,0.00035,Single,0,,,No,,,Permanent contract,6028.0,107531,No,0,,NA,1,Created
15248,2011-01-01,15248,Male,50,1961-01-08,0.00257,Married,3074,,2035-06-22,No,,,Entrepreneur without personnel,31305.0,416577,No,3,,NA,1,Created
15249,2011-01-01,15249,Male,37,1974-10-19,0.00082,Married,3075,,2042-02-20,No,,,Permanent contract,15976.0,-10529,Yes,1,,NA,1,Created
15250,2011-01-01,15250,Female,79,1932-04-12,0.03112,Divorced,0,,,Yes,,,Retired,39552.0,170692,No,0,,NA,1,Created
15251,2011-01-01,15251,Male,10,2001-04-13,0.00011999999999999999,Single,0,,,No,,,Child,0.0,0,No,0,,NA,1,Created
15252,2011-01-01,15252,Male,53,1958-08-30,0.0033299999999999996,Divorced,0,,,No,,,Permanent contract,577.0,-32963,Yes,0,,NA,1,Created
15253,2011-01-01,15253,Female,19,1992-10-09,0.00014,Single,0,,,No,,,Permanent contract,19189.0,34734,Yes,0,37.0,2029-08-23,1,Created
15254,2011-01-01,15254,Male,38,1973-04-10,0.0009599999999999999,Single,0,,,Yes,32.0,,Family business,3210.0,679722,Yes,0,,NA,1,Created
15255,2011-01-01,15255,Male,61,1950-03-23,0.00747,Married,3076,,2030-09-07,No,,,Permanent contract,37503.0,-23550,Yes,1,,NA,1,Created
15256,2011-01-01,15256,Male,53,1958-10-22,0.0033299999999999996,Divorced,0,,,Yes,,,Permanent contract,36300.0,479471,Yes,0,,NA,1,Created
15257,2011-01-01,15257,Female,60,1951-10-26,0.00541,Married,3144,,2024-02-18,No,,,Flexible contract,5484.0,272323,Yes,2,,NA,1,Created
17010,2011-03-02,15257,Female,60,1951-10-26,0.00541,Married,3144,,2024-02-18,No,,,Flexible contract,5484.0,272323,Yes,2,,NA,0,Life event: Deceased
15258,2011-01-01,15258,Female,10,2001-04-17,0.0001,Single,0,,,Yes,41.0,2042-05-31,Child,0.0,0,No,0,37.0,2038-06-13,1,Created
15259,2011-01-01,15259,Female,91,1920-12-03,0.14715,Widowed,0,,,Yes,,,Retired,31163.0,-2197,No,0,,NA,1,Created
15260,2011-01-01,15260,Male,60,1951-05-02,0.006840000000000001,Married,3077,,2033-08-06,No,,,Permanent contract,19713.0,-3181,No,3,,NA,1,Created
15261,2011-01-01,15261,Male,91,1920-07-21,0.18929,Widowed,0,,,No,,,Retired,27093.0,328711,No,0,,NA,1,Created
17436,2011-05-31,15261,Male,91,1920-07-21,0.18929,Widowed,0,,,No,,,Retired,27093.0,328711,No,0,,NA,0,Life event: Deceased
15262,2011-01-01,15262,Female,41,1970-06-21,0.0007700000000000001,Married,3145,,2024-09-12,Yes,,,Permanent contract,82463.0,13989,No,3,,NA,1,Created
15263,2011-01-01,15263,Female,20,1991-02-18,0.00018,Single,0,,,No,,,Permanent contract,41596.0,12168,Yes,0,26.0,2017-01-11,1,Created
15264,2011-01-01,15264,Female,41,1970-05-20,0.0007700000000000001,Married,3146,,2056-09-24,Yes,,,Entrepreneur with personel,23460.0,-21254,Yes,2,,NA,1,Created
15265,2011-01-01,15265,Female,51,1960-08-10,0.0023899999999999998,Married,3147,,2035-05-19,Yes,,,Permanent contract,13427.0,3260,No,2,,NA,1,Created
18953,2012-07-21,15265,Female,52,1960-08-10,0.0023899999999999998,Married,3147,,2035-05-19,Yes,,,Permanent contract,13427.0,3260,No,2,,NA,0,Life event: Deceased
15266,2011-01-01,15266,Female,1,2010-05-23,0.00033999999999999997,Single,0,,,No,,,Child,0.0,0,Yes,0,24.0,2034-12-20,1,Created
15267,2011-01-01,15267,Male,65,1946-06-23,0.01141,Divorced,0,,,No,,,Flexible contract,110731.0,737432,Yes,0,,NA,1,Created
17555,2011-06-23,15267,Male,66,1946-06-23,0.01141,Divorced,0,,,No,,,Retired,77511.7,737432,Yes,0,,NA,1,Life event: Retired
15268,2011-01-01,15268,Male,43,1968-08-24,0.00103,Married,3078,,2021-04-23,No,,,Permanent contract,20332.0,465056,No,1,,NA,1,Created
15269,2011-01-01,15269,Male,60,1951-10-20,0.006840000000000001,Married,3079,,2029-01-18,Yes,,,Permanent contract,17736.0,271886,Yes,2,,NA,1,Created
15270,2011-01-01,15270,Female,0,2011-02-23,0.0028899999999999998,Single,0,,,Yes,20.0,2031-03-01,Child,0.0,0,No,0,28.0,2039-04-18,1,Created
15271,2011-01-01,15271,Female,45,1966-04-29,0.00134,Married,3148,,2021-02-14,No,,,Flexible contract,45385.0,147701,No,2,,NA,1,Created
15272,2011-01-01,15272,Female,66,1945-06-16,0.009040000000000001,Married,3149,,2060-01-14,No,,,Permanent contract,29554.0,-47521,No,2,,NA,1,Created
17523,2011-06-16,15272,Female,67,1945-06-16,0.009040000000000001,Married,3149,,2060-01-14,No,,,Retired,20687.8,-47521,No,2,,NA,1,Life event: Retired
15273,2011-01-01,15273,Male,57,1954-11-05,0.00572,Married,3080,,2049-07-27,No,,,Permanent contract,5178.0,145063,No,1,,NA,1,Created
15274,2011-01-01,15274,Female,1,2010-12-03,0.00033999999999999997,Single,0,,,Yes,35.0,2045-02-12,Child,0.0,0,Yes,0,26.0,2036-06-24,1,Created
15275,2011-01-01,15275,Female,90,1921-01-06,0.13302999999999998,Widowed,0,,,No,,,Retired,16101.0,8162,No,0,,NA,1,Created
15276,2011-01-01,15276,Male,57,1954-06-02,0.00572,Married,3081,,2018-08-31,No,,,Permanent contract,21914.0,136793,No,2,,NA,1,Created
15277,2011-01-01,15277,Female,70,1941-04-22,0.01252,Widowed,0,,,No,,,Retired,24260.0,153886,Yes,0,,NA,1,Created
15278,2011-01-01,15278,Female,70,1941-05-26,0.01252,Married,3150,,2022-10-29,No,,,Retired,124139.0,3010,No,2,,NA,1,Created
16748,2011-01-15,15278,Female,70,1941-05-26,0.01252,Widowed,3150,,2022-10-29,No,,,Retired,124139.0,3010,No,2,,NA,1,Life event: Widowed
15279,2011-01-01,15279,Female,0,2011-08-21,0.0028899999999999998,Single,0,,,Yes,31.0,2042-12-08,Child,0.0,0,No,0,23.0,2034-08-13,1,Created
15280,2011-01-01,15280,Female,34,1977-01-14,0.00037,Single,0,,,No,,,Permanent contract,8813.0,62677,Yes,0,,NA,1,Created
15281,2011-01-01,15281,Female,29,1982-11-22,0.00032,Single,0,,,No,,,Flexible contract,14409.0,50889,Yes,0,31.0,2013-02-23,1,Created
15282,2011-01-01,15282,Male,40,1971-10-02,0.0009400000000000001,Single,0,,,Yes,65.0,2036-05-04,Permanent contract,6123.0,1187,Yes,0,,NA,1,Created
15283,2011-01-01,15283,Male,29,1982-05-07,0.0005200000000000001,Single,0,,,Yes,56.0,2038-05-02,Permanent contract,10060.0,188861,No,0,,NA,1,Created
15284,2011-01-01,15284,Female,21,1990-04-15,0.00016,Single,0,,,No,,,Flexible contract,34983.0,6499,No,0,,NA,1,Created
15285,2011-01-01,15285,Male,44,1967-06-25,0.0013599999999999999,Divorced,0,,,No,,,Permanent contract,67.0,77867,Yes,0,,NA,1,Created
15286,2011-01-01,15286,Female,38,1973-01-03,0.00063,Married,3151,,2050-01-05,No,,,Entrepreneur without personnel,33513.0,578481,No,3,,NA,1,Created
15287,2011-01-01,15287,Female,40,1971-03-17,0.0006900000000000001,Single,0,,,Yes,35.0,,Flexible contract,95608.0,4204,No,0,,NA,1,Created
15288,2011-01-01,15288,Male,64,1947-08-14,0.01097,Married,3082,,2011-02-11,No,,,Entrepreneur without personnel,25793.0,792,No,1,,NA,1,Created
16894,2011-02-11,15288,Male,64,1947-08-14,0.01097,Divorced,3082,,2011-02-11,No,,,Entrepreneur without personnel,25793.0,792,No,1,,NA,1,Life event: Divorced
17800,2011-08-14,15288,Male,65,1947-08-14,0.01097,Divorced,3082,,2011-02-11,No,,,Retired,18055.1,792,No,1,,NA,1,Life event: Retired
15289,2011-01-01,15289,Female,21,1990-06-18,0.00016,Single,0,,,No,,,Flexible contract,13467.0,196928,Yes,0,33.0,2023-12-06,1,Created
15290,2011-01-01,15290,Male,26,1985-05-19,1.0,Single,0,,,Yes,34.0,2019-10-17,Permanent contract,15867.0,-11323,Yes,0,,NA,1,Created
16673,2011-01-03,15290,Male,26,1985-05-19,1.0,Single,0,,,Yes,34,2019-10-17,Permanent contract,15867.0,-11323,Yes,0,,NA,0,Life event: Deceased
15291,2011-01-01,15291,Male,59,1952-04-27,0.00717,Married,3083,,2011-03-19,Yes,,,Entrepreneur with personel,90782.0,549658,No,3,,NA,1,Created
17089,2011-03-19,15291,Male,59,1952-04-27,0.00717,Divorced,3083,,2011-03-19,Yes,,,Entrepreneur with personel,90782.0,549658,No,3,,NA,1,Life event: Divorced
15292,2011-01-01,15292,Male,49,1962-06-05,0.00242,Married,3084,,2027-07-24,No,,,Permanent contract,35531.0,-29795,Yes,3,,NA,1,Created
15293,2011-01-01,15293,Male,50,1961-02-17,0.00257,Married,3085,,2045-03-15,No,,,Unemployed,3595.0,-3820,No,2,,NA,1,Created
15294,2011-01-01,15294,Female,24,1987-03-23,0.00018999999999999998,Single,0,,,Yes,33.0,2020-05-11,Flexible contract,38698.0,23456,Yes,0,34.0,2021-07-17,1,Created
15295,2011-01-01,15295,Female,61,1950-11-24,0.00562,Married,3152,,2047-06-14,No,,,Entrepreneur without personnel,27124.0,175264,Yes,2,,NA,1,Created
15296,2011-01-01,15296,Male,41,1970-08-20,0.0008900000000000001,Divorced,0,,,Yes,,,Permanent contract,6608.0,7409,No,0,,NA,1,Created
15297,2011-01-01,15297,Male,36,1975-08-23,0.0006,Single,0,,,No,,,Flexible contract,15175.0,4060,Yes,0,,NA,1,Created
15298,2011-01-01,15298,Male,31,1980-08-12,0.00041,Married,3086,,2040-07-21,Yes,,,Permanent contract,24955.0,198711,Yes,2,,NA,1,Created
15299,2011-01-01,15299,Male,76,1935-05-28,0.0375,Married,3087,,2039-04-19,Yes,,,Retired,32629.0,293070,No,1,,NA,1,Created
15300,2011-01-01,15300,Male,65,1946-11-07,0.01141,Divorced,0,,,No,,,Permanent contract,37809.0,25158,Yes,0,,NA,1,Created
18148,2011-11-07,15300,Male,66,1946-11-07,0.01141,Divorced,0,,,No,,,Retired,26466.3,25158,Yes,0,,NA,1,Life event: Retired
15301,2011-01-01,15301,Male,70,1941-12-05,0.01932,Married,3088,,2032-07-19,No,,,Retired,24370.0,226,Yes,2,,NA,1,Created
15302,2011-01-01,15302,Female,19,1992-02-07,0.00014,Single,0,,,No,,,Entrepreneur with personel,1051.0,16945,Yes,0,37.0,2029-12-07,1,Created
15303,2011-01-01,15303,Female,65,1946-05-07,0.007559999999999999,Widowed,0,,,Yes,,,Permanent contract,283.0,-29095,Yes,0,,NA,1,Created
17323,2011-05-07,15303,Female,66,1946-05-07,0.007559999999999999,Widowed,0,,,Yes,,,Retired,198.1,-29095,Yes,0,,NA,1,Life event: Retired
15304,2011-01-01,15304,Female,80,1931-09-04,0.03682,Widowed,0,,,No,,,Retired,49841.0,17548,Yes,0,,NA,1,Created
17161,2011-04-02,15304,Female,80,1931-09-04,0.03682,Widowed,0,,,No,,,Retired,49841.0,17548,Yes,0,,NA,0,Life event: Deceased
15305,2011-01-01,15305,Male,24,1987-12-20,0.00047999999999999996,Single,0,,,No,,,Flexible contract,2855.0,4320,Yes,0,,NA,1,Created
15306,2011-01-01,15306,Male,24,1987-12-08,0.00047999999999999996,Single,0,,,No,,,Permanent contract,32357.0,806,No,0,,NA,1,Created
15307,2011-01-01,15307,Female,16,1995-03-20,8e-05,Single,0,,,No,,,Child,0.0,0,Yes,0,28.0,2023-12-28,1,Created
18605,2012-03-20,15307,Female,18,1995-03-20,8e-05,Single,0,,,No,,,Permanent contract,7856.0,308759,Yes,0,28,2023-12-28,1,Life event: Adulthood
15308,2011-01-01,15308,Male,52,1959-12-20,0.00314,Divorced,0,,,No,,,Permanent contract,65125.0,49742,No,0,,NA,1,Created
15309,2011-01-01,15309,Male,33,1978-06-18,0.00047999999999999996,Married,3089,,2052-03-09,Yes,,,Permanent contract,2780.0,481746,Yes,1,,NA,1,Created
15310,2011-01-01,15310,Male,3,2008-10-08,0.0002,Single,0,,,Yes,30.0,2038-06-17,Child,0.0,0,No,0,,NA,1,Created
15311,2011-01-01,15311,Male,65,1946-04-08,0.01141,Married,3090,,2029-06-29,Yes,,,Entrepreneur without personnel,17404.0,853597,Yes,3,,NA,1,Created
17192,2011-04-08,15311,Male,66,1946-04-08,0.01141,Married,3090,,2029-06-29,Yes,,,Retired,12182.8,853597,Yes,3,,NA,1,Life event: Retired
15312,2011-01-01,15312,Male,21,1990-01-28,0.00045,Single,0,,,No,,,Flexible contract,14065.0,144562,Yes,0,,NA,1,Created
15313,2011-01-01,15313,Female,99,1912-03-18,0.34497,Widowed,0,,,Yes,,,Retired,7511.0,358338,No,0,,NA,1,Created
15314,2011-01-01,15314,Male,20,1991-03-19,0.00045,Single,0,,,No,,,Permanent contract,80095.0,4323,No,0,,NA,1,Created
15315,2011-01-01,15315,Female,52,1959-08-31,0.00268,Married,3153,,2043-12-25,No,,,Flexible contract,61765.0,9352,No,1,,NA,1,Created
15316,2011-01-01,15316,Male,57,1954-11-05,0.00572,Married,3091,,2020-10-30,Yes,,,Flexible contract,47291.0,7853,No,3,,NA,1,Created
15317,2011-01-01,15317,Female,43,1968-11-21,0.0009699999999999999,Married,3154,,2016-05-13,No,,,Permanent contract,37685.0,463205,Yes,2,,NA,1,Created
15318,2011-01-01,15318,Male,80,1931-03-13,0.05987000000000001,Widowed,0,,,No,,,Retired,20546.0,332516,Yes,0,,NA,1,Created
15319,2011-01-01,15319,Male,36,1975-12-16,0.0006,Married,3092,,2033-02-16,No,,,Flexible contract,27486.0,-7505,No,3,,NA,1,Created
15320,2011-01-01,15320,Female,42,1969-02-17,0.001,Married,3155,,2065-04-01,Yes,,,Entrepreneur with personel,22165.0,24094,No,2,,NA,1,Created
15321,2011-01-01,15321,Male,39,1972-09-05,0.0008699999999999999,Married,3093,,2048-12-13,Yes,,,Permanent contract,48813.0,73,No,2,,NA,1,Created
15322,2011-01-01,15322,Male,29,1982-05-01,0.0005200000000000001,Single,0,,,Yes,43.0,2025-05-25,Entrepreneur with personel,22057.0,2770,Yes,0,,NA,1,Created
15323,2011-01-01,15323,Female,43,1968-12-14,0.0009699999999999999,Married,3156,,2039-04-21,Yes,,,Entrepreneur with personel,22636.0,1334400,Yes,2,,NA,1,Created
15324,2011-01-01,15324,Female,30,1981-10-22,0.00027,Married,3157,,2023-03-23,Yes,,,Permanent contract,20463.0,63959,Yes,3,35.0,2016-08-23,1,Created
15325,2011-01-01,15325,Female,5,2006-12-01,4e-05,Single,0,,,No,,,Child,0.0,0,Yes,0,35.0,2041-05-22,1,Created
15326,2011-01-01,15326,Female,23,1988-01-20,0.0001,Single,0,,,Yes,50.0,2038-03-25,Permanent contract,36084.0,17082,Yes,0,40.0,2028-03-15,1,Created
15327,2011-01-01,15327,Female,44,1967-02-19,0.00107,Married,3158,,2042-02-24,No,,,Entrepreneur with personel,17629.0,4149,Yes,1,,NA,1,Created
15328,2011-01-01,15328,Female,47,1964-08-20,0.00168,Divorced,0,,,Yes,,,Flexible contract,31809.0,197330,No,0,,NA,1,Created
15329,2011-01-01,15329,Female,86,1925-11-08,0.08317000000000001,Widowed,0,,,No,,,Retired,19506.0,375060,No,0,,NA,1,Created
15330,2011-01-01,15330,Female,44,1967-02-26,0.00107,Single,0,,,No,,,Flexible contract,34604.0,387,Yes,0,,NA,1,Created
15331,2011-01-01,15331,Male,57,1954-09-29,0.00572,Divorced,0,,,No,,,Permanent contract,14852.0,14602,No,0,,NA,1,Created
15332,2011-01-01,15332,Female,59,1952-06-15,0.00479,Married,3159,,2055-04-25,Yes,,,Flexible contract,10273.0,42470,Yes,2,,NA,1,Created
15333,2011-01-01,15333,Female,55,1956-05-02,0.00372,Married,3160,,2022-04-13,Yes,,,Entrepreneur with personel,20860.0,226,Yes,1,,NA,1,Created
15334,2011-01-01,15334,Female,1,2010-09-25,0.00033999999999999997,Single,0,,,No,,,Child,0.0,0,No,0,28.0,2038-04-02,1,Created
15335,2011-01-01,15335,Male,47,1964-10-03,0.00186,Married,3094,,2043-12-09,Yes,,,Permanent contract,29014.0,513772,Yes,2,,NA,1,Created
15336,2011-01-01,15336,Male,26,1985-02-08,1.0,Single,0,,,Yes,35.0,2020-08-06,Permanent contract,8771.0,4735,No,0,,NA,1,Created
16762,2011-01-18,15336,Male,26,1985-02-08,1.0,Single,0,,,Yes,35,2020-08-06,Permanent contract,8771.0,4735,No,0,,NA,0,Life event: Deceased
15337,2011-01-01,15337,Female,61,1950-02-02,0.00562,Married,3161,,2033-08-25,Yes,,,Permanent contract,45518.0,168505,No,1,,NA,1,Created
15338,2011-01-01,15338,Female,12,1999-07-09,5e-05,Single,0,,,No,,,Child,0.0,0,No,0,38.0,2037-03-04,1,Created
15339,2011-01-01,15339,Male,41,1970-09-11,0.0008900000000000001,Married,3095,,2039-12-08,Yes,,,Entrepreneur without personnel,27185.0,363275,Yes,1,,NA,1,Created
15340,2011-01-01,15340,Male,90,1921-10-24,0.16977,Widowed,0,,,Yes,,,Retired,15444.0,64312,Yes,0,,NA,1,Created
15341,2011-01-01,15341,Male,58,1953-03-02,0.00603,Divorced,0,,,No,,,Permanent contract,12150.0,991518,Yes,0,,NA,1,Created
15342,2011-01-01,15342,Male,57,1954-12-17,0.00572,Divorced,0,,,Yes,,,Permanent contract,35136.0,307,Yes,0,,NA,1,Created
15343,2011-01-01,15343,Female,56,1955-09-01,0.0041,Married,3162,,2056-08-28,No,,,Flexible contract,31854.0,133091,Yes,1,,NA,1,Created
15344,2011-01-01,15344,Female,62,1949-08-22,0.0057399999999999994,Divorced,0,,,Yes,,,Entrepreneur without personnel,11197.0,92693,Yes,0,,NA,1,Created
15345,2011-01-01,15345,Female,2,2009-12-10,0.00015,Single,0,,,No,,,Child,0.0,0,Yes,0,41.0,2050-08-03,1,Created
15346,2011-01-01,15346,Male,4,2007-11-10,0.00011,Single,0,,,Yes,33.0,2040-09-12,Child,0.0,0,No,0,,NA,1,Created
15347,2011-01-01,15347,Female,52,1959-12-03,0.00268,Married,3163,,2062-01-15,No,,,Permanent contract,8319.0,268,No,2,,NA,1,Created
15348,2011-01-01,15348,Female,7,2004-01-25,7e-05,Single,0,,,Yes,24.0,2028-08-25,Child,0.0,0,Yes,0,25.0,2029-01-30,1,Created
15349,2011-01-01,15349,Female,27,1984-11-24,0.00025,Single,0,,,No,,,Permanent contract,15734.0,17688,No,0,28.0,2012-12-08,1,Created
15350,2011-01-01,15350,Male,14,1997-10-08,0.00014,Single,0,,,No,,,Child,0.0,0,No,0,,NA,1,Created
15351,2011-01-01,15351,Female,52,1959-08-20,0.00268,Married,3164,,2030-01-01,No,,,Entrepreneur without personnel,23565.0,126293,No,3,,NA,1,Created
15352,2011-01-01,15352,Female,63,1948-09-15,0.00672,Divorced,0,,,No,,,Flexible contract,13591.0,22632,No,0,,NA,1,Created
19105,2012-09-15,15352,Female,65,1948-09-15,0.00672,Divorced,0,,,No,,,Retired,9513.699999999999,22632,No,0,,NA,1,Life event: Retired
15353,2011-01-01,15353,Male,23,1988-09-01,0.00039,Single,0,,,Yes,38.0,2026-05-23,Flexible contract,23869.0,6404,Yes,0,,NA,1,Created
15354,2011-01-01,15354,Male,19,1992-04-15,0.00033,Single,0,,,No,,,Unemployed,27196.0,662283,Yes,0,,NA,1,Created
15355,2011-01-01,15355,Female,64,1947-12-07,0.00713,Divorced,0,,,No,,,Permanent contract,2556.0,413,Yes,0,,NA,1,Created
18271,2011-12-07,15355,Female,65,1947-12-07,0.00713,Divorced,0,,,No,,,Retired,1789.1999999999998,413,Yes,0,,NA,1,Life event: Retired
15356,2011-01-01,15356,Male,51,1960-05-11,0.00301,Married,3096,,2038-05-17,Yes,,,Permanent contract,6963.0,32449,Yes,2,,NA,1,Created
15357,2011-01-01,15357,Male,60,1951-07-14,0.006840000000000001,Married,3097,,2044-10-10,No,,,Permanent contract,17922.0,38646,No,3,,NA,1,Created
15358,2011-01-01,15358,Male,33,1978-05-06,0.00047999999999999996,Married,3098,,2030-01-13,No,,,Permanent contract,39049.0,176462,Yes,3,,NA,1,Created
15359,2011-01-01,15359,Female,54,1957-04-26,0.00313,Single,0,,,No,,,Unemployed,7289.0,-12731,Yes,0,,NA,1,Created
15360,2011-01-01,15360,Female,70,1941-05-21,0.01252,Widowed,0,,,No,,,Retired,8888.0,41575,Yes,0,,NA,1,Created
15361,2011-01-01,15361,Male,16,1995-07-14,0.00029,Single,0,,,Yes,25.0,2020-09-29,Child,0.0,0,Yes,0,,NA,1,Created
18930,2012-07-14,15361,Male,18,1995-07-14,0.00029,Single,0,,,No,,,Permanent contract,25916.0,272647,Yes,0,,NA,1,Life event: Adulthood
15362,2011-01-01,15362,Male,30,1981-01-30,0.00055,Single,0,,,Yes,45.0,2026-10-31,Permanent contract,68995.0,18520,Yes,0,,NA,1,Created
15363,2011-01-01,15363,Female,76,1935-03-09,0.02337,Married,3165,,2012-07-05,No,,,Retired,28911.0,946494,No,1,,NA,1,Created
18900,2012-07-05,15363,Female,78,1935-03-09,0.02337,Divorced,3165,,2012-07-05,No,,,Retired,28911.0,946494,No,1,,NA,1,Life event: Divorced
15364,2011-01-01,15364,Male,77,1934-05-09,0.0418,Married,3099,,2050-10-02,No,,,Retired,17032.0,-26141,Yes,1,,NA,1,Created
15365,2011-01-01,15365,Female,33,1978-08-09,0.00035,Single,0,,,No,,,Permanent contract,19543.0,115,Yes,0,,NA,1,Created
15366,2011-01-01,15366,Female,59,1952-01-09,0.00479,Married,3166,,2053-08-30,No,,,Permanent contract,13367.0,65775,No,2,,NA,1,Created
15367,2011-01-01,15367,Male,65,1946-02-05,0.01141,Married,3100,,2017-09-19,No,,,Unemployed,31202.0,-40406,Yes,2,,NA,1,Created
16852,2011-02-05,15367,Male,66,1946-02-05,0.01141,Married,3100,,2017-09-19,No,,,Retired,21841.399999999998,-40406,Yes,2,,NA,1,Life event: Retired
15368,2011-01-01,15368,Male,45,1966-03-26,0.0014199999999999998,Married,3101,,2036-05-27,No,,,Permanent contract,13801.0,143932,Yes,2,,NA,1,Created
15369,2011-01-01,15369,Female,20,1991-03-14,0.00018,Single,0,,,No,,,Entrepreneur with personel,42358.0,1066,No,0,36.0,2027-03-08,1,Created
15370,2011-01-01,15370,Male,51,1960-04-21,0.00301,Married,3102,,2034-04-30,No,,,Flexible contract,23205.0,980,Yes,1,,NA,1,Created
15371,2011-01-01,15371,Female,40,1971-01-17,0.0006900000000000001,Married,3167,,2022-07-15,No,,,Flexible contract,38085.0,193886,No,2,,NA,1,Created
15372,2011-01-01,15372,Female,65,1946-12-03,0.007559999999999999,Married,3168,,2018-11-15,Yes,,,Permanent contract,17318.0,244906,No,3,,NA,1,Created
18258,2011-12-03,15372,Female,66,1946-12-03,0.007559999999999999,Married,3168,,2018-11-15,Yes,,,Retired,12122.599999999999,244906,No,3,,NA,1,Life event: Retired
15373,2011-01-01,15373,Male,42,1969-05-20,0.00128,Married,3103,,2013-05-25,No,,,Permanent contract,4568.0,283,No,3,,NA,1,Created
15374,2011-01-01,15374,Male,29,1982-04-08,0.0005200000000000001,Single,0,,,No,,,Permanent contract,9651.0,212,Yes,0,,NA,1,Created
15375,2011-01-01,15375,Male,15,1996-07-25,0.00015,Single,0,,,Yes,39.0,2035-01-05,Child,0.0,0,No,0,,NA,1,Created
15376,2011-01-01,15376,Male,65,1946-09-08,0.01141,Married,3104,,2043-02-10,No,,,Unemployed,19174.0,-29058,No,1,,NA,1,Created
17902,2011-09-08,15376,Male,66,1946-09-08,0.01141,Married,3104,,2043-02-10,No,,,Retired,13421.8,-29058,No,1,,NA,1,Life event: Retired
15377,2011-01-01,15377,Male,54,1957-06-19,0.00404,Divorced,0,,,Yes,,,Entrepreneur with personel,5271.0,467148,No,0,,NA,1,Created
15378,2011-01-01,15378,Male,45,1966-06-15,0.0014199999999999998,Married,3105,,2048-07-01,No,,,Permanent contract,16840.0,-28332,Yes,2,,NA,1,Created
15379,2011-01-01,15379,Male,50,1961-10-28,0.00257,Married,3106,,2032-11-21,Yes,,,Permanent contract,21415.0,176865,Yes,2,,NA,1,Created
15380,2011-01-01,15380,Male,23,1988-02-21,0.00039,Single,0,,,Yes,37.0,2025-07-19,Permanent contract,25366.0,118778,No,0,,NA,1,Created
15381,2011-01-01,15381,Female,40,1971-05-24,0.0006900000000000001,Married,3169,,2030-03-21,No,,,Permanent contract,18125.0,21020,No,2,,NA,1,Created
15382,2011-01-01,15382,Female,23,1988-04-18,0.0001,Single,0,,,No,,,Permanent contract,19530.0,417203,Yes,0,34.0,2022-07-04,1,Created
15383,2011-01-01,15383,Male,15,1996-07-18,0.00015,Single,0,,,Yes,27.0,2023-11-23,Child,0.0,0,Yes,0,,NA,1,Created
15384,2011-01-01,15384,Male,18,1993-05-07,0.00032,Single,0,,,No,,,Permanent contract,14170.0,552471,No,0,,NA,1,Created
15385,2011-01-01,15385,Female,32,1979-05-08,0.00041,Married,3170,,2053-07-11,Yes,,,Permanent contract,16591.0,843,Yes,2,38.0,2017-11-12,1,Created
15386,2011-01-01,15386,Female,42,1969-12-02,0.001,Single,0,,,Yes,25.0,,Entrepreneur without personnel,20101.0,153750,Yes,0,,NA,1,Created
15387,2011-01-01,15387,Female,20,1991-02-04,0.00018,Single,0,,,Yes,30.0,2021-09-24,Flexible contract,33988.0,319936,Yes,0,38.0,2029-10-06,1,Created
15388,2011-01-01,15388,Female,70,1941-01-21,0.01252,Married,3171,,2051-05-16,No,,,Retired,8961.0,404366,No,1,,NA,1,Created
15389,2011-01-01,15389,Female,15,1996-10-17,8e-05,Single,0,,,Yes,31.0,2027-08-18,Child,0.0,0,Yes,0,35.0,2031-11-18,1,Created
15390,2011-01-01,15390,Male,29,1982-05-05,0.0005200000000000001,Single,0,,,Yes,26.0,,Permanent contract,14234.0,7540,Yes,0,,NA,1,Created
15391,2011-01-01,15391,Male,72,1939-04-30,0.02384,Married,3107,,2031-09-05,No,,,Retired,18800.0,17754,Yes,1,,NA,1,Created
15392,2011-01-01,15392,Female,36,1975-10-04,0.00049,Married,3172,,2058-08-11,No,,,Permanent contract,21597.0,880,No,1,,NA,1,Created
15393,2011-01-01,15393,Male,57,1954-07-11,0.00572,Married,3108,,2041-09-15,Yes,,,Permanent contract,19297.0,465430,No,1,,NA,1,Created
15394,2011-01-01,15394,Male,67,1944-06-25,0.01396,Married,3109,,2019-01-01,Yes,,,Permanent contract,16219.0,206,No,1,,NA,1,Created
17569,2011-06-25,15394,Male,68,1944-06-25,0.01396,Married,3109,,2019-01-01,Yes,,,Retired,11353.3,206,No,1,,NA,1,Life event: Retired
15395,2011-01-01,15395,Male,57,1954-12-26,0.00572,Married,3110,,2031-10-07,No,,,Permanent contract,36764.0,179749,No,1,,NA,1,Created
15396,2011-01-01,15396,Female,40,1971-10-09,0.0006900000000000001,Married,3173,,2061-07-15,No,,,Permanent contract,22828.0,474,Yes,1,,NA,1,Created
15397,2011-01-01,15397,Female,65,1946-04-05,0.007559999999999999,Married,3174,,2049-02-18,Yes,,,Permanent contract,48835.0,-668,No,1,,NA,1,Created
17178,2011-04-05,15397,Female,66,1946-04-05,0.007559999999999999,Married,3174,,2049-02-18,Yes,,,Retired,34184.5,-668,No,1,,NA,1,Life event: Retired
15398,2011-01-01,15398,Male,65,1946-10-16,0.01141,Married,3111,,2050-09-21,Yes,,,Permanent contract,42665.0,160240,Yes,2,,NA,1,Created
18061,2011-10-16,15398,Male,66,1946-10-16,0.01141,Married,3111,,2050-09-21,Yes,,,Retired,29865.499999999996,160240,Yes,2,,NA,1,Life event: Retired
15399,2011-01-01,15399,Female,44,1967-04-14,0.00107,Married,3175,,2031-06-15,Yes,,,Permanent contract,15943.0,-2762,Yes,1,,NA,1,Created
15400,2011-01-01,15400,Female,4,2007-06-10,5.9999999999999995e-05,Single,0,,,Yes,35.0,2042-03-22,Child,0.0,0,Yes,0,26.0,2033-06-03,1,Created
15401,2011-01-01,15401,Male,54,1957-01-09,0.00404,Married,3112,,2064-12-24,No,,,Permanent contract,11227.0,3013,No,1,,NA,1,Created
15402,2011-01-01,15402,Female,40,1971-07-31,0.0006900000000000001,Married,3176,,2051-06-17,No,,,Permanent contract,37412.0,-2240,Yes,2,,NA,1,Created
15403,2011-01-01,15403,Male,97,1914-07-16,0.30383000000000004,Single,0,,,No,,,Retired,869.0,80062,Yes,0,,NA,1,Created
18610,2012-03-21,15403,Male,98,1914-07-16,0.30383000000000004,Single,0,,,No,,,Retired,869.0,80062,Yes,0,,NA,0,Life event: Deceased
15404,2011-01-01,15404,Female,33,1978-10-16,0.00035,Married,3177,,2024-10-17,No,,,Permanent contract,5544.0,2110,No,2,33.0,2011-05-19,1,Created
17394,2011-05-19,15404,Female,33,1978-10-16,0.00035,Married,3177,,2024-10-17,No,,,Permanent contract,5544.0,2110,No,1,33,2011-05-19,1,Life event: Children born
15405,2011-01-01,15405,Female,17,1994-02-23,0.0001,Single,0,,,No,,,Child,0.0,0,No,0,28.0,2022-09-28,1,Created
16957,2011-02-23,15405,Female,18,1994-02-23,0.0001,Single,0,,,No,,,Entrepreneur without personnel,23746.0,16383,No,0,28,2022-09-28,1,Life event: Adulthood
15406,2011-01-01,15406,Male,45,1966-06-03,0.0014199999999999998,Single,0,,,Yes,40.0,,Flexible contract,29696.0,37324,Yes,0,,NA,1,Created
15407,2011-01-01,15407,Female,52,1959-03-17,0.00268,Married,3178,,2071-09-18,No,,,Permanent contract,2767.0,2315,Yes,1,,NA,1,Created
15408,2011-01-01,15408,Male,74,1937-02-17,0.0295,Married,3113,,2029-11-15,No,,,Retired,72015.0,10655,Yes,1,,NA,1,Created
15409,2011-01-01,15409,Male,38,1973-06-20,0.0009599999999999999,Single,0,,,No,,,Permanent contract,89888.0,4370,No,0,,NA,1,Created
15410,2011-01-01,15410,Female,15,1996-06-04,8e-05,Single,0,,,No,,,Child,0.0,0,Yes,0,38.0,2034-07-20,1,Created
15411,2011-01-01,15411,Female,60,1951-05-26,0.00541,Married,3179,,2048-06-24,No,,,Flexible contract,12576.0,68740,No,1,,NA,1,Created
15412,2011-01-01,15412,Male,64,1947-08-13,0.01097,Divorced,0,,,Yes,,,Permanent contract,29517.0,653,Yes,0,,NA,1,Created
17792,2011-08-13,15412,Male,65,1947-08-13,0.01097,Divorced,0,,,Yes,,,Retired,20661.899999999998,653,Yes,0,,NA,1,Life event: Retired
15413,2011-01-01,15413,Male,59,1952-12-19,0.00717,Married,3114,,2056-03-29,No,,,Permanent contract,17199.0,3028,No,1,,NA,1,Created
15414,2011-01-01,15414,Female,79,1932-05-02,0.03112,Married,3180,,2034-01-10,No,,,Retired,26380.0,275296,Yes,2,,NA,1,Created
15415,2011-01-01,15415,Female,39,1972-04-01,0.00074,Married,3181,,2019-09-23,No,,,Permanent contract,38777.0,-33635,Yes,1,,NA,1,Created
15416,2011-01-01,15416,Female,9,2002-10-27,2.9999999999999997e-05,Single,0,,,Yes,39.0,2041-05-29,Child,0.0,0,Yes,0,26.0,2028-10-18,1,Created
15417,2011-01-01,15417,Female,66,1945-02-04,0.009040000000000001,Married,3182,,2035-08-09,No,,,Entrepreneur with personel,9513.0,-9243,Yes,2,,NA,1,Created
16845,2011-02-04,15417,Female,67,1945-02-04,0.009040000000000001,Married,3182,,2035-08-09,No,,,Retired,6659.099999999999,-9243,Yes,2,,NA,1,Life event: Retired
15418,2011-01-01,15418,Male,80,1931-02-21,0.05987000000000001,Married,3115,,2029-02-23,No,,,Retired,20434.0,-23122,Yes,2,,NA,1,Created
15419,2011-01-01,15419,Female,63,1948-04-25,0.00672,Widowed,0,,,No,,,Permanent contract,42958.0,342686,No,0,,NA,1,Created
18697,2012-04-25,15419,Female,65,1948-04-25,0.00672,Widowed,0,,,No,,,Retired,30070.6,342686,No,0,,NA,1,Life event: Retired
15420,2011-01-01,15420,Female,14,1997-06-20,9e-05,Single,0,,,No,,,Child,0.0,0,Yes,0,29.0,2026-03-19,1,Created
15421,2011-01-01,15421,Female,60,1951-05-09,0.00541,Married,3183,,2016-06-23,No,,,Permanent contract,98152.0,645,Yes,2,,NA,1,Created
15422,2011-01-01,15422,Female,27,1984-05-04,0.00025,Single,0,,,Yes,35.0,2019-05-02,Permanent contract,20183.0,165816,Yes,0,34.0,2018-07-19,1,Created
15423,2011-01-01,15423,Male,56,1955-06-14,0.0052,Married,3116,,2062-05-23,No,,,Permanent contract,9731.0,39864,Yes,2,,NA,1,Created
15424,2011-01-01,15424,Female,49,1962-09-13,0.00193,Married,3184,,2012-07-10,No,,,Permanent contract,6976.0,419859,Yes,2,,NA,1,Created
18914,2012-07-10,15424,Female,50,1962-09-13,0.00193,Divorced,3184,,2012-07-10,No,,,Permanent contract,6976.0,419859,Yes,2,,NA,1,Life event: Divorced
15425,2011-01-01,15425,Male,7,2004-08-08,9e-05,Single,0,,,No,,,Child,0.0,0,No,0,,NA,1,Created
15426,2011-01-01,15426,Male,2,2009-09-27,0.00021,Single,0,,,No,,,Child,0.0,0,Yes,0,,NA,1,Created
15427,2011-01-01,15427,Female,14,1997-05-01,9e-05,Single,0,,,No,,,Child,0.0,0,Yes,0,32.0,2029-04-02,1,Created
15428,2011-01-01,15428,Female,25,1986-03-29,0.00022999999999999998,Single,0,,,No,,,Flexible contract,47588.0,87957,Yes,0,,NA,1,Created
15429,2011-01-01,15429,Male,18,1993-07-19,0.00032,Single,0,,,No,,,Permanent contract,14611.0,-4254,No,0,,NA,1,Created
15430,2011-01-01,15430,Female,49,1962-07-19,0.00193,Married,3185,,2032-02-21,Yes,,,Flexible contract,39135.0,-30317,Yes,3,,NA,1,Created
15431,2011-01-01,15431,Female,62,1949-02-10,0.0057399999999999994,Married,3186,,2015-02-23,Yes,,,Permanent contract,1518.0,219659,No,2,,NA,1,Created
15432,2011-01-01,15432,Female,6,2005-11-30,8e-05,Single,0,,,Yes,23.0,2028-11-20,Child,0.0,0,No,0,31.0,2036-01-11,1,Created
15433,2011-01-01,15433,Female,4,2007-07-03,5.9999999999999995e-05,Single,0,,,Yes,29.0,2036-11-09,Child,0.0,0,No,0,38.0,2045-01-16,1,Created
15434,2011-01-01,15434,Female,16,1995-07-09,8e-05,Single,0,,,No,,,Child,0.0,0,No,0,30.0,2025-05-23,1,Created
18911,2012-07-09,15434,Female,18,1995-07-09,8e-05,Single,0,,,Yes,34,2028-04-02,Flexible contract,30458.0,-4102,No,0,30,2025-05-23,1,Life event: Adulthood
15435,2011-01-01,15435,Female,51,1960-03-30,0.0023899999999999998,Single,0,,,Yes,40.0,,Permanent contract,2149.0,3717,Yes,0,,NA,1,Created
15436,2011-01-01,15436,Female,25,1986-02-21,0.00022999999999999998,Single,0,,,Yes,21.0,,Permanent contract,14162.0,44999,No,0,33.0,2019-10-08,1,Created
15437,2011-01-01,15437,Female,44,1967-03-22,0.00107,Married,3187,,2069-05-16,Yes,,,Entrepreneur without personnel,657.0,83731,No,3,,NA,1,Created
15438,2011-01-01,15438,Female,62,1949-01-27,0.0057399999999999994,Married,3188,,2048-03-01,No,,,Entrepreneur without personnel,44432.0,127624,Yes,3,,NA,1,Created
15439,2011-01-01,15439,Male,75,1936-05-12,0.033710000000000004,Married,3117,,2014-06-11,No,,,Retired,68121.0,4869,Yes,3,,NA,1,Created
17437,2011-05-31,15439,Male,76,1936-05-12,0.033710000000000004,Married,3117,,2014-06-11,No,,,Retired,68121.0,4869,Yes,3,,NA,0,Life event: Deceased
15440,2011-01-01,15440,Female,65,1946-08-28,0.007559999999999999,Married,3189,,2048-12-29,No,,,Entrepreneur without personnel,2649.0,-30998,Yes,1,,NA,1,Created
17870,2011-08-28,15440,Female,66,1946-08-28,0.007559999999999999,Married,3189,,2048-12-29,No,,,Retired,1854.3,-30998,Yes,1,,NA,1,Life event: Retired
15441,2011-01-01,15441,Male,41,1970-06-10,0.0008900000000000001,Married,3118,,2029-01-12,No,,,Flexible contract,14689.0,35599,No,1,,NA,1,Created
15442,2011-01-01,15442,Male,65,1946-05-29,0.01141,Married,3119,,2026-07-16,Yes,,,Flexible contract,27114.0,292702,No,2,,NA,1,Created
17430,2011-05-29,15442,Male,66,1946-05-29,0.01141,Married,3119,,2026-07-16,Yes,,,Retired,18979.8,292702,No,2,,NA,1,Life event: Retired
15443,2011-01-01,15443,Male,46,1965-04-15,0.00172,Married,3120,,2060-11-23,Yes,,,Permanent contract,7626.0,2866,Yes,2,,NA,1,Created
15444,2011-01-01,15444,Male,44,1967-03-06,0.0013599999999999999,Married,3121,,2016-01-13,Yes,,,Permanent contract,39282.0,-932,No,2,,NA,1,Created
15445,2011-01-01,15445,Female,38,1973-03-18,0.00063,Single,0,,,No,,,Permanent contract,78077.0,3255,No,0,,NA,1,Created
15446,2011-01-01,15446,Female,16,1995-03-05,8e-05,Single,0,,,No,,,Child,0.0,0,No,0,26.0,2021-09-20,1,Created
18570,2012-03-05,15446,Female,18,1995-03-05,8e-05,Single,0,,,Yes,29,2023-04-24,Flexible contract,21584.0,873,No,0,26,2021-09-20,1,Life event: Adulthood
15447,2011-01-01,15447,Female,80,1931-06-13,0.03682,Widowed,0,,,Yes,,,Retired,18731.0,8048,Yes,0,,NA,1,Created
15448,2011-01-01,15448,Female,20,1991-12-05,0.00018,Single,0,,,Yes,25.0,2016-08-19,Permanent contract,23843.0,435238,No,0,21.0,2012-06-06,1,Created
15449,2011-01-01,15449,Female,20,1991-07-23,0.00018,Single,0,,,No,,,Permanent contract,20509.0,3751,Yes,0,31.0,2022-03-19,1,Created
15450,2011-01-01,15450,Female,40,1971-01-08,0.0006900000000000001,Married,3190,,2019-07-23,No,,,Permanent contract,56123.0,159,No,2,,NA,1,Created
15451,2011-01-01,15451,Male,69,1942-08-26,0.01804,Married,3122,,2013-10-11,Yes,,,Retired,49144.0,63491,Yes,1,,NA,1,Created
15452,2011-01-01,15452,Female,14,1997-09-16,9e-05,Single,0,,,No,,,Child,0.0,0,No,0,27.0,2024-10-30,1,Created
15453,2011-01-01,15453,Male,52,1959-06-08,0.00314,Married,3123,,2034-03-16,No,,,Permanent contract,28339.0,75356,No,3,,NA,1,Created
15454,2011-01-01,15454,Male,11,2000-11-14,9e-05,Single,0,,,Yes,44.0,2044-08-13,Child,0.0,0,Yes,0,,NA,1,Created
15455,2011-01-01,15455,Female,27,1984-08-29,0.00025,Divorced,0,,,No,,,Entrepreneur without personnel,23850.0,-429,Yes,0,32.0,2016-02-14,1,Created
15456,2011-01-01,15456,Female,80,1931-01-16,0.03682,Divorced,0,,,No,,,Retired,41160.0,887100,Yes,0,,NA,1,Created
15457,2011-01-01,15457,Male,7,2004-12-26,9e-05,Single,0,,,No,,,Child,0.0,0,Yes,0,,NA,1,Created
15458,2011-01-01,15458,Male,105,1906-01-26,1.0,Widowed,0,,,No,,,Retired,18894.0,13891,Yes,0,,NA,1,Created
17439,2011-05-31,15458,Male,106,1906-01-26,1.0,Widowed,0,,,No,,,Retired,18894.0,13891,Yes,0,,NA,0,Life event: Deceased
15459,2011-01-01,15459,Male,13,1998-04-17,0.00014,Single,0,,,No,,,Child,0.0,0,No,0,,NA,1,Created
15460,2011-01-01,15460,Female,38,1973-12-09,0.00063,Divorced,0,,,No,,,Flexible contract,11019.0,29167,No,0,,NA,1,Created
18669,2012-04-14,15460,Female,39,1973-12-09,0.00063,Divorced,0,,,No,,,Flexible contract,11019.0,29167,No,0,,NA,0,Life event: Deceased
15461,2011-01-01,15461,Female,31,1980-06-09,0.00029,Single,0,,,Yes,33.0,2013-03-26,Permanent contract,11658.0,1319,Yes,0,,NA,1,Created
15462,2011-01-01,15462,Male,65,1946-11-04,0.01141,Widowed,0,,,Yes,,,Entrepreneur without personnel,10270.0,2844,No,0,,NA,1,Created
18130,2011-11-04,15462,Male,66,1946-11-04,0.01141,Widowed,0,,,Yes,,,Retired,7188.999999999999,2844,No,0,,NA,1,Life event: Retired
15463,2011-01-01,15463,Female,8,2003-01-11,2.9999999999999997e-05,Single,0,,,No,,,Child,0.0,0,Yes,0,21.0,2024-12-29,1,Created
15464,2011-01-01,15464,Female,49,1962-05-10,0.00193,Married,3191,,2047-10-16,Yes,,,Entrepreneur without personnel,39939.0,36134,Yes,1,,NA,1,Created
15465,2011-01-01,15465,Male,58,1953-03-05,0.00603,Single,0,,,No,,,Permanent contract,26763.0,-29978,No,0,,NA,1,Created
15466,2011-01-01,15466,Male,50,1961-03-22,0.00257,Married,3124,,2022-05-07,No,,,Permanent contract,18007.0,81129,Yes,2,,NA,1,Created
15467,2011-01-01,15467,Male,65,1946-01-07,0.01141,Married,3125,,2053-07-01,No,,,Flexible contract,1458.0,65106,Yes,1,,NA,1,Created
16695,2011-01-07,15467,Male,66,1946-01-07,0.01141,Married,3125,,2053-07-01,No,,,Retired,1020.5999999999999,65106,Yes,1,,NA,1,Life event: Retired
15468,2011-01-01,15468,Male,61,1950-11-30,0.00747,Married,3126,,2063-08-19,No,,,Flexible contract,9662.0,612,No,1,,NA,1,Created
15469,2011-01-01,15469,Male,24,1987-05-12,0.00047999999999999996,Single,0,,,No,,,Permanent contract,13144.0,941244,Yes,0,,NA,1,Created
15470,2011-01-01,15470,Female,8,2003-05-26,2.9999999999999997e-05,Single,0,,,No,,,Child,0.0,0,Yes,0,27.0,2030-03-17,1,Created
15471,2011-01-01,15471,Male,70,1941-12-03,0.01932,Married,3127,,2037-03-21,Yes,,,Retired,1284.0,2473,Yes,1,,NA,1,Created
15472,2011-01-01,15472,Male,65,1946-02-24,0.01141,Single,0,,,No,,,Entrepreneur with personel,44732.0,-32716,Yes,0,,NA,1,Created
16972,2011-02-24,15472,Male,66,1946-02-24,0.01141,Single,0,,,No,,,Retired,31312.399999999998,-32716,Yes,0,,NA,1,Life event: Retired
19181,2012-10-21,15472,Male,67,1946-02-24,0.01141,Single,0,,,No,,,Retired,31312.399999999998,-32716,Yes,0,,NA,0,Life event: Deceased
15473,2011-01-01,15473,Female,86,1925-06-29,0.08317000000000001,Widowed,0,,,Yes,,,Retired,35529.0,67125,No,0,,NA,1,Created
15474,2011-01-01,15474,Female,37,1974-09-01,0.00057,Single,0,,,Yes,37.0,2011-05-08,Entrepreneur without personnel,7937.0,319461,Yes,0,,NA,1,Created
17328,2011-05-08,15474,Female,37,1974-09-01,0.00057,Married,3436,43,2054-11-10,Yes,37,2011-05-08,Entrepreneur without personnel,7937.0,319461,Yes,0,,NA,1,Life event: Married
15475,2011-01-01,15475,Female,16,1995-01-16,8e-05,Single,0,,,No,,,Child,0.0,0,No,0,41.0,2036-10-19,1,Created
18434,2012-01-16,15475,Female,18,1995-01-16,8e-05,Single,0,,,Yes,30,2024-06-10,Unemployed,22557.0,135397,No,0,41,2036-10-19,1,Life event: Adulthood
15476,2011-01-01,15476,Male,5,2006-11-01,9e-05,Single,0,,,Yes,59.0,2065-09-05,Child,0.0,0,Yes,0,,NA,1,Created
15477,2011-01-01,15477,Female,63,1948-02-16,0.00672,Married,3192,,2030-02-11,Yes,,,Permanent contract,19355.0,205828,Yes,3,,NA,1,Created
18523,2012-02-16,15477,Female,65,1948-02-16,0.00672,Married,3192,,2030-02-11,Yes,,,Retired,13548.5,205828,Yes,3,,NA,1,Life event: Retired
15478,2011-01-01,15478,Male,8,2003-09-27,9e-05,Single,0,,,Yes,29.0,2032-10-07,Child,0.0,0,Yes,0,,NA,1,Created
15479,2011-01-01,15479,Male,11,2000-04-18,9e-05,Single,0,,,No,,,Child,0.0,0,Yes,0,,NA,1,Created
15480,2011-01-01,15480,Female,55,1956-08-14,0.00372,Married,3193,,2045-01-25,Yes,,,Permanent contract,26728.0,2828,Yes,3,,NA,1,Created
15481,2011-01-01,15481,Male,57,1954-02-11,0.00572,Married,3128,,2040-10-08,No,,,Permanent contract,42119.0,776,No,2,,NA,1,Created
15482,2011-01-01,15482,Male,16,1995-01-31,0.00029,Single,0,,,No,,,Child,0.0,0,No,0,,NA,1,Created
18488,2012-01-31,15482,Male,18,1995-01-31,0.00029,Single,0,,,No,,,Permanent contract,38475.0,-2903,No,0,,NA,1,Life event: Adulthood
15483,2011-01-01,15483,Female,8,2003-08-07,2.9999999999999997e-05,Single,0,,,Yes,40.0,2043-10-24,Child,0.0,0,Yes,0,28.0,2031-12-30,1,Created
15484,2011-01-01,15484,Female,8,2003-04-25,2.9999999999999997e-05,Single,0,,,Yes,4.0,,Child,0.0,0,Yes,0,33.0,2036-10-25,1,Created
15485,2011-01-01,15485,Male,12,1999-04-17,0.00011,Single,0,,,No,,,Child,0.0,0,No,0,,NA,1,Created
15486,2011-01-01,15486,Female,40,1971-07-12,0.0006900000000000001,Married,3194,,2015-02-17,No,,,Permanent contract,27675.0,3408070,No,1,43.0,2014-02-09,1,Created
15487,2011-01-01,15487,Male,19,1992-04-06,0.00033,Single,0,,,No,,,Permanent contract,20350.0,357245,Yes,0,,NA,1,Created
15488,2011-01-01,15488,Male,38,1973-08-02,0.0009599999999999999,Married,3129,,2034-12-23,No,,,Entrepreneur without personnel,7202.0,19452,Yes,2,,NA,1,Created
15489,2011-01-01,15489,Female,52,1959-09-24,0.00268,Married,3195,,2013-05-16,Yes,,,Permanent contract,36394.0,-3894,No,2,,NA,1,Created
15490,2011-01-01,15490,Male,24,1987-11-24,0.00047999999999999996,Single,0,,,Yes,35.0,2022-05-12,Permanent contract,32660.0,145790,Yes,0,,NA,1,Created
15491,2011-01-01,15491,Male,51,1960-03-11,0.00301,Married,3130,,2026-06-07,Yes,,,Permanent contract,13823.0,6482,Yes,2,,NA,1,Created
15492,2011-01-01,15492,Female,68,1943-04-07,0.00983,Married,3196,,2023-09-01,No,,,Retired,2873.0,22341,No,2,,NA,1,Created
15493,2011-01-01,15493,Male,57,1954-07-21,0.00572,Single,0,,,Yes,27.0,,Permanent contract,19992.0,2078,Yes,0,,NA,1,Created
15494,2011-01-01,15494,Female,18,1993-11-17,0.00023999999999999998,Single,0,,,Yes,31.0,2024-02-29,Entrepreneur without personnel,20975.0,335382,No,0,30.0,2023-03-21,1,Created
15495,2011-01-01,15495,Female,41,1970-03-01,0.0007700000000000001,Married,3197,,2028-11-05,Yes,,,Permanent contract,4339.0,26095,Yes,2,,NA,1,Created
15496,2011-01-01,15496,Male,8,2003-03-31,9e-05,Single,0,,,Yes,21.0,2024-12-12,Child,0.0,0,Yes,0,,NA,1,Created
15497,2011-01-01,15497,Male,51,1960-02-21,0.00301,Single,0,,,Yes,37.0,,Permanent contract,4844.0,-4305,Yes,0,,NA,1,Created
15498,2011-01-01,15498,Male,68,1943-07-20,0.01522,Married,3131,,2014-02-20,Yes,,,Retired,28344.0,197112,Yes,3,,NA,1,Created
15499,2011-01-01,15499,Male,72,1939-11-06,0.02384,Widowed,0,,,No,,,Retired,35350.0,58754,No,0,,NA,1,Created
15500,2011-01-01,15500,Male,62,1949-07-13,0.008409999999999999,Married,3132,,2018-07-29,Yes,,,Flexible contract,47066.0,55084,No,3,,NA,1,Created
15501,2011-01-01,15501,Male,20,1991-11-02,0.00045,Single,0,,,Yes,34.0,2025-12-20,Entrepreneur without personnel,7219.0,248831,No,0,,NA,1,Created
15502,2011-01-01,15502,Female,60,1951-04-22,0.00541,Married,3198,,2042-09-21,No,,,Flexible contract,23383.0,372835,Yes,2,,NA,1,Created
15503,2011-01-01,15503,Female,47,1964-10-31,0.00168,Single,0,,,No,,,Permanent contract,19023.0,145606,Yes,0,,NA,1,Created
15504,2011-01-01,15504,Female,59,1952-11-13,0.00479,Married,3199,,2018-03-02,No,,,Flexible contract,19569.0,15665,Yes,1,,NA,1,Created
15505,2011-01-01,15505,Male,51,1960-11-11,0.00301,Married,3133,,2041-02-23,Yes,,,Permanent contract,41994.0,3971713,Yes,2,,NA,1,Created
15506,2011-01-01,15506,Female,36,1975-12-09,0.00049,Single,0,,,Yes,30.0,,Flexible contract,24500.0,9761,Yes,0,,NA,1,Created
15507,2011-01-01,15507,Female,25,1986-03-23,0.00022999999999999998,Single,0,,,Yes,76.0,2062-12-27,Entrepreneur without personnel,17971.0,38344,Yes,0,28.0,2014-04-08,1,Created
15508,2011-01-01,15508,Female,53,1958-01-05,0.00312,Single,0,,,Yes,35.0,,Entrepreneur without personnel,84244.0,-16184,No,0,,NA,1,Created
15509,2011-01-01,15509,Male,35,1976-04-07,0.00055,Married,3134,,2017-08-31,No,,,Flexible contract,10719.0,505038,No,3,,NA,1,Created
15510,2011-01-01,15510,Male,55,1956-03-06,0.00419,Divorced,0,,,No,,,Permanent contract,22632.0,-34606,No,0,,NA,1,Created
15511,2011-01-01,15511,Female,43,1968-04-03,0.0009699999999999999,Divorced,0,,,Yes,,,Permanent contract,20661.0,1760,Yes,0,,NA,1,Created
15512,2011-01-01,15512,Female,6,2005-05-10,8e-05,Single,0,,,No,,,Child,0.0,0,Yes,0,34.0,2039-09-11,1,Created
15513,2011-01-01,15513,Male,58,1953-11-13,0.00603,Married,3135,,2023-04-15,No,,,Permanent contract,16484.0,380118,Yes,3,,NA,1,Created
15514,2011-01-01,15514,Male,12,1999-07-04,0.00011,Single,0,,,No,,,Child,0.0,0,No,0,,NA,1,Created
15515,2011-01-01,15515,Male,1,2010-08-16,0.00056,Single,0,,,No,,,Child,0.0,0,Yes,0,,NA,1,Created
15516,2011-01-01,15516,Male,8,2003-03-22,9e-05,Single,0,,,No,,,Child,0.0,0,Yes,0,,NA,1,Created
15517,2011-01-01,15517,Female,40,1971-07-19,0.0006900000000000001,Single,0,,,Yes,36.0,,Flexible contract,14504.0,250264,No,0,,NA,1,Created
15518,2011-01-01,15518,Female,63,1948-06-07,0.00672,Married,3200,,2044-07-31,No,,,Permanent contract,39423.0,-42302,Yes,2,,NA,1,Created
18820,2012-06-07,15518,Female,65,1948-06-07,0.00672,Married,3200,,2044-07-31,No,,,Retired,27596.1,-42302,Yes,2,,NA,1,Life event: Retired
15519,2011-01-01,15519,Male,20,1991-05-01,0.00045,Single,0,,,No,,,Permanent contract,42207.0,43453,No,0,,NA,1,Created
15520,2011-01-01,15520,Male,15,1996-08-22,0.00015,Single,0,,,Yes,25.0,2021-07-11,Child,0.0,0,No,0,,NA,1,Created
15521,2011-01-01,15521,Male,15,1996-08-31,0.00015,Single,0,,,Yes,30.0,2026-12-16,Child,0.0,0,Yes,0,,NA,1,Created
15522,2011-01-01,15522,Male,4,2007-06-08,0.00011,Single,0,,,Yes,45.0,2052-12-30,Child,0.0,0,No,0,,NA,1,Created
15523,2011-01-01,15523,Female,62,1949-12-07,0.0057399999999999994,Divorced,0,,,No,,,Permanent contract,12838.0,-47664,Yes,0,,NA,1,Created
15524,2011-01-01,15524,Female,50,1961-03-07,0.00225,Divorced,0,,,No,,,Permanent contract,16249.0,277765,No,0,,NA,1,Created
15525,2011-01-01,15525,Female,16,1995-08-24,8e-05,Single,0,,,Yes,25.0,2020-05-24,Child,0.0,0,No,0,31.0,2026-03-17,1,Created
19032,2012-08-24,15525,Female,18,1995-08-24,8e-05,Single,0,,,No,,,Entrepreneur without personnel,10436.0,164441,No,0,31,2026-03-17,1,Life event: Adulthood
15526,2011-01-01,15526,Female,45,1966-06-29,0.00134,Divorced,0,,,No,,,Permanent contract,6172.0,59763,Yes,0,,NA,1,Created
15527,2011-01-01,15527,Male,43,1968-04-29,0.00103,Married,3136,,2050-09-10,Yes,,,Permanent contract,11415.0,8816,No,1,,NA,1,Created
15528,2011-01-01,15528,Male,4,2007-06-23,0.00011,Single,0,,,Yes,36.0,2043-08-24,Child,0.0,0,No,0,,NA,1,Created
15529,2011-01-01,15529,Male,11,2000-04-05,9e-05,Single,0,,,No,,,Child,0.0,0,No,0,,NA,1,Created
15530,2011-01-01,15530,Female,73,1938-10-04,0.01577,Widowed,0,,,Yes,,,Retired,7231.0,5550,Yes,0,,NA,1,Created
15531,2011-01-01,15531,Male,62,1949-05-17,0.008409999999999999,Married,3137,,2025-07-18,No,,,Permanent contract,40445.0,-4827,Yes,1,,NA,1,Created
15532,2011-01-01,15532,Male,33,1978-12-12,0.00047999999999999996,Single,0,,,No,,,Permanent contract,38776.0,1432,No,0,,NA,1,Created
15533,2011-01-01,15533,Female,33,1978-08-04,0.00035,Single,0,,,No,,,Permanent contract,19333.0,128260,No,0,36.0,2014-10-22,1,Created
15534,2011-01-01,15534,Male,75,1936-04-23,0.033710000000000004,Widowed,0,,,Yes,,,Retired,4061.0,1055,No,0,,NA,1,Created
15535,2011-01-01,15535,Female,4,2007-12-24,5.9999999999999995e-05,Single,0,,,Yes,31.0,2038-03-23,Child,0.0,0,Yes,0,35.0,2042-05-23,1,Created
15536,2011-01-01,15536,Female,44,1967-02-25,0.00107,Married,3201,,2011-04-18,Yes,,,Permanent contract,39586.0,238913,Yes,3,,NA,1,Created
17233,2011-04-18,15536,Female,45,1967-02-25,0.00107,Divorced,3201,,2011-04-18,Yes,,,Permanent contract,39586.0,238913,Yes,3,,NA,1,Life event: Divorced
15537,2011-01-01,15537,Female,50,1961-12-09,0.00225,Divorced,0,,,Yes,,,Unemployed,24707.0,22892,Yes,0,,NA,1,Created
15538,2011-01-01,15538,Female,3,2008-04-21,0.00013000000000000002,Single,0,,,Yes,32.0,2040-07-14,Child,0.0,0,No,0,28.0,2036-02-03,1,Created
15539,2011-01-01,15539,Male,79,1932-10-08,0.05364,Married,3138,,2016-06-07,Yes,,,Retired,38624.0,-16661,No,1,,NA,1,Created
17168,2011-04-03,15539,Male,79,1932-10-08,0.05364,Married,3138,,2016-06-07,Yes,,,Retired,38624.0,-16661,No,1,,NA,0,Life event: Deceased
15540,2011-01-01,15540,Female,37,1974-10-08,0.00057,Married,3202,,2035-01-04,No,,,Flexible contract,74461.0,37154,Yes,2,,NA,1,Created
15541,2011-01-01,15541,Female,52,1959-02-05,0.00268,Married,3203,,2011-10-22,Yes,,,Permanent contract,15674.0,478450,Yes,1,,NA,1,Created
18086,2011-10-22,15541,Female,53,1959-02-05,0.00268,Divorced,3203,,2011-10-22,Yes,,,Permanent contract,15674.0,478450,Yes,1,,NA,1,Life event: Divorced
15542,2011-01-01,15542,Female,23,1988-08-23,0.0001,Single,0,,,No,,,Entrepreneur without personnel,20861.0,-37884,Yes,0,36.0,2024-10-01,1,Created
15543,2011-01-01,15543,Female,44,1967-11-28,0.00107,Married,3204,,2048-11-15,No,,,Permanent contract,8632.0,81680,No,1,,NA,1,Created
15544,2011-01-01,15544,Female,64,1947-09-26,0.00713,Divorced,0,,,Yes,,,Permanent contract,6593.0,350512,No,0,,NA,1,Created
16830,2011-01-31,15544,Female,64,1947-09-26,0.00713,Divorced,0,,,Yes,,,Permanent contract,6593.0,350512,No,0,,NA,0,Life event: Deceased
15545,2011-01-01,15545,Female,52,1959-12-05,0.00268,Single,0,,,Yes,49.0,,Permanent contract,10964.0,983142,Yes,0,,NA,1,Created
15546,2011-01-01,15546,Male,66,1945-10-08,0.01401,Married,3139,,2040-02-15,No,,,Flexible contract,47163.0,-5333,No,1,,NA,1,Created
18028,2011-10-08,15546,Male,67,1945-10-08,0.01401,Married,3139,,2040-02-15,No,,,Retired,33014.1,-5333,No,1,,NA,1,Life event: Retired
15547,2011-01-01,15547,Male,34,1977-07-21,0.00067,Married,3140,,2013-09-04,Yes,,,Permanent contract,35724.0,922667,No,1,,NA,1,Created
15548,2011-01-01,15548,Female,42,1969-03-09,0.001,Single,0,,,No,,,Permanent contract,27145.0,-5770,Yes,0,,NA,1,Created
15549,2011-01-01,15549,Female,48,1963-06-24,0.0018800000000000002,Divorced,0,,,Yes,,,Entrepreneur without personnel,14823.0,2815,No,0,,NA,1,Created
15550,2011-01-01,15550,Female,0,2011-11-24,0.0028899999999999998,Single,0,,,No,,,Child,0.0,0,No,0,33.0,2044-10-14,1,Created
15551,2011-01-01,15551,Female,41,1970-04-09,0.0007700000000000001,Divorced,0,,,No,,,Permanent contract,34127.0,225,No,0,,NA,1,Created
15552,2011-01-01,15552,Male,31,1980-03-04,0.00041,Single,0,,,Yes,94.0,2074-07-22,Permanent contract,93000.0,320878,Yes,0,,NA,1,Created
15553,2011-01-01,15553,Male,46,1965-01-27,0.00172,Single,0,,,No,,,Permanent contract,15819.0,63081,No,0,,NA,1,Created
15554,2011-01-01,15554,Female,22,1989-10-12,0.00023999999999999998,Single,0,,,Yes,43.0,2032-06-18,Permanent contract,171985.0,487111,Yes,0,30.0,2019-01-15,1,Created
15555,2011-01-01,15555,Male,4,2007-07-29,0.00011,Single,0,,,No,,,Child,0.0,0,Yes,0,,NA,1,Created
15556,2011-01-01,15556,Female,54,1957-11-24,0.00313,Single,0,,,No,,,Permanent contract,21975.0,-31475,Yes,0,,NA,1,Created
15557,2011-01-01,15557,Male,58,1953-08-31,0.00603,Married,3141,,2013-01-20,No,,,Entrepreneur with personel,36616.0,374752,Yes,1,,NA,1,Created
15558,2011-01-01,15558,Female,2,2009-06-15,0.00015,Single,0,,,No,,,Child,0.0,0,No,0,32.0,2041-07-28,1,Created
15559,2011-01-01,15559,Female,40,1971-09-17,0.0006900000000000001,Married,3205,,2030-12-20,No,,,Permanent contract,15372.0,16997,No,1,,NA,1,Created
15560,2011-01-01,15560,Male,68,1943-04-20,0.01522,Married,3142,,2049-05-27,No,,,Retired,7740.0,-22863,Yes,1,,NA,1,Created
15561,2011-01-01,15561,Female,62,1949-02-03,0.0057399999999999994,Married,3206,,2016-03-07,No,,,Entrepreneur without personnel,17221.0,148378,Yes,2,,NA,1,Created
15562,2011-01-01,15562,Male,17,1994-08-04,0.00022999999999999998,Single,0,,,Yes,36.0,2030-11-27,Child,0.0,0,No,0,,NA,1,Created
17741,2011-08-04,15562,Male,18,1994-08-04,0.00022999999999999998,Single,0,,,Yes,29,2022-12-16,Permanent contract,91983.0,26784,No,0,,NA,1,Life event: Adulthood
15563,2011-01-01,15563,Female,20,1991-10-04,0.00018,Single,0,,,No,,,Permanent contract,39540.0,185035,No,0,30.0,2021-03-02,1,Created
15564,2011-01-01,15564,Female,60,1951-07-17,0.00541,Divorced,0,,,Yes,,,Permanent contract,10418.0,115803,Yes,0,,NA,1,Created
15565,2011-01-01,15565,Male,65,1946-09-06,0.01141,Married,3143,,2038-07-30,No,,,Unemployed,16574.0,-1938,Yes,1,,NA,1,Created
17896,2011-09-06,15565,Male,66,1946-09-06,0.01141,Married,3143,,2038-07-30,No,,,Retired,11601.8,-1938,Yes,1,,NA,1,Life event: Retired
18483,2012-01-29,15565,Male,66,1946-09-06,0.01141,Widowed,3143,,2038-07-30,No,,,Retired,11601.8,-1938,Yes,1,,NA,1,Life event: Widowed
15566,2011-01-01,15566,Male,46,1965-08-10,0.00172,Married,3144,,2024-02-18,No,,,Permanent contract,44010.0,684,Yes,2,,NA,1,Created
17011,2011-03-02,15566,Male,46,1965-08-10,0.00172,Widowed,3144,,2024-02-18,No,,,Permanent contract,44010.0,684,Yes,2,,NA,1,Life event: Widowed
15567,2011-01-01,15567,Female,40,1971-08-28,0.0006900000000000001,Married,3207,,2025-05-24,No,,,Flexible contract,20708.0,-31114,No,2,,NA,1,Created
15568,2011-01-01,15568,Male,43,1968-03-28,0.00103,Married,3145,,2024-09-12,Yes,,,Flexible contract,3130.0,230316,No,3,,NA,1,Created
15569,2011-01-01,15569,Male,17,1994-05-29,0.00022999999999999998,Single,0,,,No,,,Child,0.0,0,No,0,,NA,1,Created
17431,2011-05-29,15569,Male,18,1994-05-29,0.00022999999999999998,Single,0,,,No,,,Permanent contract,49302.0,176124,No,0,,NA,1,Life event: Adulthood
15570,2011-01-01,15570,Female,19,1992-07-21,0.00014,Single,0,,,Yes,45.0,2037-04-24,Permanent contract,925.0,29926,Yes,0,22.0,2014-05-08,1,Created
15571,2011-01-01,15571,Male,31,1980-07-30,0.00041,Married,3146,,2056-09-24,No,,,Entrepreneur without personnel,25827.0,-3151,Yes,2,,NA,1,Created
15572,2011-01-01,15572,Male,41,1970-01-17,0.0008900000000000001,Single,0,,,Yes,60.0,2030-09-08,Permanent contract,22727.0,518679,Yes,0,,NA,1,Created
15573,2011-01-01,15573,Male,69,1942-12-04,0.01804,Married,3147,,2035-05-19,No,,,Retired,48651.0,172135,No,2,,NA,1,Created
18954,2012-07-21,15573,Male,70,1942-12-04,0.01804,Widowed,3147,,2035-05-19,No,,,Retired,48651.0,172135,No,2,,NA,1,Life event: Widowed
15574,2011-01-01,15574,Male,72,1939-02-13,0.02384,Married,3148,,2021-02-14,Yes,,,Retired,89111.0,40539,No,2,,NA,1,Created
15575,2011-01-01,15575,Female,14,1997-11-09,9e-05,Single,0,,,Yes,25.0,2022-05-22,Child,0.0,0,Yes,0,28.0,2025-08-14,1,Created
15576,2011-01-01,15576,Female,39,1972-06-12,0.00074,Divorced,0,,,Yes,,,Permanent contract,6678.0,-7636,Yes,0,,NA,1,Created
15577,2011-01-01,15577,Male,50,1961-05-09,0.00257,Married,3149,,2060-01-14,Yes,,,Flexible contract,18494.0,518,No,2,,NA,1,Created
15578,2011-01-01,15578,Female,36,1975-06-16,0.00049,Married,3208,,2057-01-08,Yes,,,Permanent contract,17985.0,13188,No,2,,NA,1,Created
15579,2011-01-01,15579,Male,3,2008-04-07,0.0002,Single,0,,,No,,,Child,0.0,0,No,0,,NA,1,Created
15580,2011-01-01,15580,Male,26,1985-12-06,1.0,Married,3150,,2022-10-29,Yes,,,Permanent contract,11563.0,169866,No,2,,NA,1,Created
16747,2011-01-15,15580,Male,26,1985-12-06,1.0,Married,3150,,2022-10-29,Yes,,,Permanent contract,11563.0,169866,No,2,,NA,0,Life event: Deceased
15581,2011-01-01,15581,Female,78,1933-02-14,0.02817,Married,3209,,2023-10-06,No,,,Retired,34947.0,79532,No,3,,NA,1,Created
15582,2011-01-01,15582,Female,68,1943-07-30,0.00983,Married,3210,,2023-03-28,No,,,Retired,44519.0,2714,No,2,,NA,1,Created
15583,2011-01-01,15583,Female,36,1975-11-17,0.00049,Married,3211,,2039-11-14,No,,,Permanent contract,15031.0,4004682,Yes,1,,NA,1,Created
15584,2011-01-01,15584,Female,45,1966-10-13,0.00134,Married,3212,,2023-05-08,No,,,Permanent contract,23654.0,16022,No,1,,NA,1,Created
15585,2011-01-01,15585,Female,57,1954-05-09,0.00387,Married,3213,,2050-09-11,Yes,,,Permanent contract,13933.0,920836,Yes,2,,NA,1,Created
15586,2011-01-01,15586,Male,2,2009-08-21,0.00021,Single,0,,,No,,,Child,0.0,0,No,0,,NA,1,Created
15587,2011-01-01,15587,Male,57,1954-02-26,0.00572,Married,3151,,2050-01-05,No,,,Entrepreneur without personnel,7355.0,-33325,No,3,,NA,1,Created
15588,2011-01-01,15588,Female,19,1992-11-01,0.00014,Single,0,,,No,,,Permanent contract,90613.0,-17265,Yes,0,39.0,2031-11-14,1,Created
15589,2011-01-01,15589,Female,49,1962-08-09,0.00193,Married,3214,,2052-03-09,No,,,Permanent contract,19255.0,468272,Yes,3,,NA,1,Created
15590,2011-01-01,15590,Male,10,2001-10-13,0.00011999999999999999,Single,0,,,No,,,Child,0.0,0,Yes,0,,NA,1,Created
15591,2011-01-01,15591,Female,5,2006-04-11,4e-05,Single,0,,,No,,,Child,0.0,0,Yes,0,26.0,2032-03-27,1,Created
15592,2011-01-01,15592,Male,4,2007-07-20,0.00011,Single,0,,,Yes,26.0,2033-12-04,Child,0.0,0,No,0,,NA,1,Created
15593,2011-01-01,15593,Male,44,1967-02-10,0.0013599999999999999,Single,0,,,No,,,Permanent contract,30122.0,106673,Yes,0,,NA,1,Created
15594,2011-01-01,15594,Male,37,1974-07-25,0.00082,Single,0,,,No,,,Permanent contract,73770.0,-395,No,0,,NA,1,Created
15595,2011-01-01,15595,Female,55,1956-01-07,0.00372,Married,3215,,2011-11-02,Yes,,,Flexible contract,41816.0,15672,No,1,,NA,1,Created
18126,2011-11-02,15595,Female,56,1956-01-07,0.00372,Divorced,3215,,2011-11-02,Yes,,,Flexible contract,41816.0,15672,No,1,,NA,1,Life event: Divorced
15596,2011-01-01,15596,Male,17,1994-09-23,0.00022999999999999998,Single,0,,,Yes,31.0,2025-06-19,Child,0.0,0,No,0,,NA,1,Created
17968,2011-09-23,15596,Male,18,1994-09-23,0.00022999999999999998,Single,0,,,No,,,Entrepreneur without personnel,14857.0,-32239,No,0,,NA,1,Life event: Adulthood
15597,2011-01-01,15597,Female,48,1963-01-22,0.0018800000000000002,Single,0,,,No,,,Permanent contract,42045.0,86460,Yes,0,,NA,1,Created
15598,2011-01-01,15598,Male,25,1986-10-28,0.00033999999999999997,Single,0,,,No,,,Flexible contract,5907.0,145609,Yes,0,,NA,1,Created
15599,2011-01-01,15599,Female,43,1968-10-08,0.0009699999999999999,Single,0,,,Yes,38.0,,Permanent contract,18884.0,995725,No,0,,NA,1,Created
15600,2011-01-01,15600,Male,65,1946-10-03,0.01141,Married,3152,,2047-06-14,Yes,,,Entrepreneur without personnel,35737.0,423267,Yes,2,,NA,1,Created
18003,2011-10-03,15600,Male,66,1946-10-03,0.01141,Married,3152,,2047-06-14,Yes,,,Retired,25015.899999999998,423267,Yes,2,,NA,1,Life event: Retired
15601,2011-01-01,15601,Male,14,1997-01-20,0.00014,Single,0,,,No,,,Child,0.0,0,No,0,,NA,1,Created
15602,2011-01-01,15602,Male,36,1975-12-23,0.0006,Single,0,,,No,,,Flexible contract,18820.0,139955,Yes,0,,NA,1,Created
15603,2011-01-01,15603,Male,20,1991-12-23,0.00045,Single,0,,,No,,,Flexible contract,31590.0,362277,Yes,0,,NA,1,Created
15604,2011-01-01,15604,Female,71,1940-05-09,0.013009999999999999,Married,3216,,2051-04-19,No,,,Retired,39121.0,78303,No,2,,NA,1,Created
15605,2011-01-01,15605,Male,70,1941-07-06,0.01932,Married,3153,,2043-12-25,No,,,Retired,8721.0,43048,No,1,,NA,1,Created
15606,2011-01-01,15606,Male,58,1953-11-10,0.00603,Married,3154,,2016-05-13,No,,,Permanent contract,22186.0,70202,Yes,2,,NA,1,Created
15607,2011-01-01,15607,Female,78,1933-07-17,0.02817,Widowed,0,,,No,,,Retired,17403.0,117447,Yes,0,,NA,1,Created
15608,2011-01-01,15608,Female,50,1961-05-10,0.00225,Married,3217,,2021-06-26,Yes,,,Permanent contract,17116.0,-10901,Yes,2,,NA,1,Created
15609,2011-01-01,15609,Female,38,1973-03-09,0.00063,Married,3218,,2059-10-14,No,,,Permanent contract,16419.0,1262,Yes,2,,NA,1,Created
15610,2011-01-01,15610,Female,76,1935-06-08,0.02337,Married,3219,,2019-03-04,No,,,Retired,20696.0,104473,No,2,,NA,1,Created
15611,2011-01-01,15611,Female,41,1970-07-12,0.0007700000000000001,Married,3220,,2037-04-17,No,,,Flexible contract,26807.0,60994,No,2,,NA,1,Created
15612,2011-01-01,15612,Female,57,1954-04-17,0.00387,Divorced,0,,,Yes,,,Permanent contract,32865.0,-41410,No,0,,NA,1,Created
15613,2011-01-01,15613,Male,32,1979-05-30,0.00059,Single,0,,,No,,,Permanent contract,29697.0,791,Yes,0,,NA,1,Created
15614,2011-01-01,15614,Male,43,1968-12-14,0.00103,Married,3155,,2065-04-01,Yes,,,Unemployed,6095.0,-17874,No,2,,NA,1,Created
15615,2011-01-01,15615,Female,20,1991-07-25,0.00018,Single,0,,,No,,,Entrepreneur with personel,78427.0,807394,Yes,0,29.0,2020-05-29,1,Created
15616,2011-01-01,15616,Female,51,1960-06-07,0.0023899999999999998,Married,3221,,2017-01-04,Yes,,,Permanent contract,6244.0,254175,Yes,3,,NA,1,Created
15617,2011-01-01,15617,Female,32,1979-10-05,0.00041,Married,3222,,2046-04-16,No,,,Permanent contract,23878.0,334378,Yes,1,39.0,2018-05-24,1,Created
15618,2011-01-01,15618,Female,3,2008-11-08,0.00013000000000000002,Single,0,,,Yes,34.0,2042-06-13,Child,0.0,0,No,0,36.0,2044-10-22,1,Created
15619,2011-01-01,15619,Male,62,1949-05-21,0.008409999999999999,Widowed,0,,,Yes,,,Flexible contract,39690.0,-7122,Yes,0,,NA,1,Created
15620,2011-01-01,15620,Female,79,1932-04-27,0.03112,Married,3223,,2022-01-31,No,,,Retired,1096.0,343923,Yes,1,,NA,1,Created
15621,2011-01-01,15621,Male,29,1982-05-03,0.0005200000000000001,Single,0,,,No,,,Permanent contract,25531.0,-10479,Yes,0,,NA,1,Created
15622,2011-01-01,15622,Female,42,1969-02-15,0.001,Single,0,,,No,,,Permanent contract,1514.0,-29013,No,0,,NA,1,Created
15623,2011-01-01,15623,Male,56,1955-09-01,0.0052,Married,3156,,2039-04-21,Yes,,,Flexible contract,27676.0,3070,Yes,2,,NA,1,Created
15624,2011-01-01,15624,Male,55,1956-10-27,0.00419,Married,3157,,2023-03-23,No,,,Unemployed,26295.0,94691,Yes,3,,NA,1,Created
15625,2011-01-01,15625,Female,64,1947-10-07,0.00713,Divorced,0,,,Yes,,,Permanent contract,28047.0,33207,No,0,,NA,1,Created
18023,2011-10-07,15625,Female,65,1947-10-07,0.00713,Divorced,0,,,Yes,,,Retired,19632.899999999998,33207,No,0,,NA,1,Life event: Retired
15626,2011-01-01,15626,Female,12,1999-12-30,5e-05,Single,0,,,No,,,Child,0.0,0,Yes,0,23.0,2022-06-02,1,Created
15627,2011-01-01,15627,Male,21,1990-01-30,0.00045,Single,0,,,Yes,54.0,2044-07-22,Permanent contract,14220.0,2270,Yes,0,,NA,1,Created
15628,2011-01-01,15628,Female,30,1981-08-10,0.00027,Single,0,,,Yes,35.0,2016-07-22,Permanent contract,15764.0,841,Yes,0,,NA,1,Created
15629,2011-01-01,15629,Male,80,1931-10-07,0.05987000000000001,Divorced,0,,,No,,,Retired,40445.0,-2497,No,0,,NA,1,Created
15630,2011-01-01,15630,Female,15,1996-02-21,8e-05,Single,0,,,No,,,Child,0.0,0,Yes,0,32.0,2028-03-19,1,Created
15631,2011-01-01,15631,Male,23,1988-01-24,0.00039,Single,0,,,Yes,60.0,2048-05-25,Permanent contract,5156.0,-39785,No,0,,NA,1,Created
15632,2011-01-01,15632,Male,55,1956-09-12,0.00419,Single,0,,,No,,,Permanent contract,24571.0,311681,Yes,0,,NA,1,Created
15633,2011-01-01,15633,Male,36,1975-08-25,0.0006,Single,0,,,No,,,Permanent contract,38420.0,137639,No,0,,NA,1,Created
15634,2011-01-01,15634,Female,59,1952-08-26,0.00479,Single,0,,,No,,,Permanent contract,42806.0,65720,Yes,0,,NA,1,Created
15635,2011-01-01,15635,Female,0,2011-10-16,0.0028899999999999998,Single,0,,,Yes,44.0,2055-05-05,Child,0.0,0,No,0,30.0,2041-12-26,1,Created
15636,2011-01-01,15636,Male,27,1984-09-06,0.00044,Married,3158,,2042-02-24,Yes,,,Permanent contract,33748.0,845703,Yes,1,,NA,1,Created
15637,2011-01-01,15637,Male,21,1990-01-12,0.00045,Single,0,,,No,,,Permanent contract,79389.0,497792,Yes,0,,NA,1,Created
15638,2011-01-01,15638,Female,103,1908-09-23,1.0,Widowed,0,,,No,,,Retired,16359.0,489811,No,0,,NA,1,Created
16793,2011-01-23,15638,Female,103,1908-09-23,1.0,Widowed,0,,,No,,,Retired,16359.0,489811,No,0,,NA,0,Life event: Deceased
15639,2011-01-01,15639,Male,25,1986-01-16,0.00033999999999999997,Single,0,,,No,,,Unemployed,5946.0,690,Yes,0,,NA,1,Created
15640,2011-01-01,15640,Female,71,1940-01-05,0.013009999999999999,Married,3224,,2050-11-03,No,,,Retired,15462.0,35693,Yes,2,,NA,1,Created
15641,2011-01-01,15641,Female,0,2011-05-29,0.0028899999999999998,Single,0,,,Yes,47.0,2058-12-16,Child,0.0,0,Yes,0,30.0,2041-12-20,1,Created
15642,2011-01-01,15642,Male,33,1978-02-28,0.00047999999999999996,Single,0,,,No,,,Permanent contract,82629.0,4838,Yes,0,,NA,1,Created
15643,2011-01-01,15643,Female,68,1943-07-15,0.00983,Married,3225,,2017-02-26,Yes,,,Retired,6964.0,342869,Yes,3,,NA,1,Created
15644,2011-01-01,15644,Male,22,1989-06-19,0.00041,Single,0,,,No,,,Permanent contract,25579.0,126126,Yes,0,,NA,1,Created
15645,2011-01-01,15645,Female,43,1968-03-07,0.0009699999999999999,Married,3226,,2026-03-18,Yes,,,Permanent contract,36692.0,502402,Yes,1,,NA,1,Created
15646,2011-01-01,15646,Male,63,1948-03-14,0.00945,Married,3159,,2055-04-25,No,,,Permanent contract,11877.0,2274,Yes,2,,NA,1,Created
18588,2012-03-14,15646,Male,65,1948-03-14,0.00945,Married,3159,,2055-04-25,No,,,Retired,8313.9,2274,Yes,2,,NA,1,Life event: Retired
15647,2011-01-01,15647,Male,65,1946-02-12,0.01141,Married,3160,,2022-04-13,Yes,,,Permanent contract,12921.0,8235,Yes,1,,NA,1,Created
16900,2011-02-12,15647,Male,66,1946-02-12,0.01141,Married,3160,,2022-04-13,Yes,,,Retired,9044.699999999999,8235,Yes,1,,NA,1,Life event: Retired
15648,2011-01-01,15648,Male,59,1952-04-30,0.00717,Single,0,,,No,,,Permanent contract,3946.0,12358,No,0,,NA,1,Created
15649,2011-01-01,15649,Female,27,1984-09-10,0.00025,Single,0,,,No,,,Permanent contract,15098.0,-3843,Yes,0,,NA,1,Created
15650,2011-01-01,15650,Female,37,1974-02-15,0.00057,Single,0,,,No,,,Permanent contract,14612.0,143393,No,0,,NA,1,Created
15651,2011-01-01,15651,Female,40,1971-03-07,0.0006900000000000001,Single,0,,,No,,,Entrepreneur without personnel,17093.0,4764,Yes,0,,NA,1,Created
15652,2011-01-01,15652,Male,65,1946-12-15,0.01141,Married,3161,,2033-08-25,No,,,Permanent contract,37888.0,264,No,1,,NA,1,Created
18302,2011-12-15,15652,Male,66,1946-12-15,0.01141,Married,3161,,2033-08-25,No,,,Retired,26521.6,264,No,1,,NA,1,Life event: Retired
15653,2011-01-01,15653,Female,64,1947-06-30,0.00713,Married,3227,,2030-04-06,No,,,Entrepreneur without personnel,26236.0,138982,Yes,2,,NA,1,Created
17588,2011-06-30,15653,Female,65,1947-06-30,0.00713,Married,3227,,2030-04-06,No,,,Retired,18365.199999999997,138982,Yes,2,,NA,1,Life event: Retired
18492,2012-02-03,15653,Female,65,1947-06-30,0.00713,Married,3227,,2030-04-06,No,,,Retired,18365.199999999997,138982,Yes,2,,NA,0,Life event: Deceased
15654,2011-01-01,15654,Female,49,1962-07-28,0.00193,Single,0,,,Yes,31.0,,Permanent contract,24583.0,-17753,No,0,,NA,1,Created
15655,2011-01-01,15655,Male,3,2008-02-19,0.0002,Single,0,,,Yes,30.0,2038-08-19,Child,0.0,0,Yes,0,,NA,1,Created
15656,2011-01-01,15656,Female,45,1966-12-30,0.00134,Single,0,,,No,,,Entrepreneur with personel,402.0,96098,Yes,0,,NA,1,Created
15657,2011-01-01,15657,Male,35,1976-08-03,0.00055,Married,3162,,2056-08-28,No,,,Permanent contract,11096.0,430808,Yes,1,,NA,1,Created
15658,2011-01-01,15658,Female,64,1947-06-09,0.00713,Divorced,0,,,Yes,,,Permanent contract,28163.0,43568,No,0,,NA,1,Created
17483,2011-06-09,15658,Female,65,1947-06-09,0.00713,Divorced,0,,,Yes,,,Retired,19714.1,43568,No,0,,NA,1,Life event: Retired
15659,2011-01-01,15659,Male,2,2009-04-27,0.00021,Single,0,,,Yes,37.0,2046-06-27,Child,0.0,0,Yes,0,,NA,1,Created
15660,2011-01-01,15660,Male,57,1954-12-24,0.00572,Married,3163,,2062-01-15,Yes,,,Flexible contract,14653.0,309461,No,2,,NA,1,Created
15661,2011-01-01,15661,Female,49,1962-07-23,0.00193,Married,3228,,2035-10-29,No,,,Entrepreneur without personnel,11497.0,177551,No,2,,NA,1,Created
15662,2011-01-01,15662,Male,83,1928-11-22,0.08242999999999999,Widowed,0,,,Yes,,,Retired,7208.0,52392,No,0,,NA,1,Created
17047,2011-03-11,15662,Male,83,1928-11-22,0.08242999999999999,Widowed,0,,,Yes,,,Retired,7208.0,52392,No,0,,NA,0,Life event: Deceased
15663,2011-01-01,15663,Female,43,1968-06-03,0.0009699999999999999,Single,0,,,No,,,Permanent contract,19470.0,14253,No,0,,NA,1,Created
15664,2011-01-01,15664,Male,6,2005-09-11,5.9999999999999995e-05,Single,0,,,Yes,32.0,2037-09-04,Child,0.0,0,Yes,0,,NA,1,Created
15665,2011-01-01,15665,Female,18,1993-06-23,0.00023999999999999998,Single,0,,,No,,,Permanent contract,29546.0,8666,No,0,32.0,2025-08-16,1,Created
15666,2011-01-01,15666,Male,46,1965-01-13,0.00172,Single,0,,,No,,,Permanent contract,2170.0,367421,Yes,0,,NA,1,Created
15667,2011-01-01,15667,Female,14,1997-02-06,9e-05,Single,0,,,No,,,Child,0.0,0,Yes,0,34.0,2031-08-20,1,Created
15668,2011-01-01,15668,Female,20,1991-03-17,0.00018,Single,0,,,No,,,Permanent contract,29692.0,174004,Yes,0,31.0,2022-01-21,1,Created
15669,2011-01-01,15669,Female,55,1956-04-20,0.00372,Married,3229,,2039-12-14,No,,,Permanent contract,1570.0,4223562,Yes,1,,NA,1,Created
15670,2011-01-01,15670,Male,78,1933-01-31,0.04668,Widowed,0,,,No,,,Retired,33581.0,253431,No,0,,NA,1,Created
15671,2011-01-01,15671,Female,20,1991-10-19,0.00018,Single,0,,,No,,,Permanent contract,11482.0,118354,No,0,32.0,2023-02-06,1,Created
15672,2011-01-01,15672,Female,103,1908-08-07,1.0,Widowed,0,,,No,,,Retired,26071.0,131632,Yes,0,,NA,1,Created
17701,2011-07-24,15672,Female,103,1908-08-07,1.0,Widowed,0,,,No,,,Retired,26071.0,131632,Yes,0,,NA,0,Life event: Deceased
15673,2011-01-01,15673,Female,8,2003-06-03,2.9999999999999997e-05,Single,0,,,No,,,Child,0.0,0,No,0,40.0,2043-08-23,1,Created
15674,2011-01-01,15674,Female,80,1931-04-24,0.03682,Widowed,0,,,Yes,,,Retired,2677.0,-6931,Yes,0,,NA,1,Created
15675,2011-01-01,15675,Male,27,1984-12-07,0.00044,Single,0,,,No,,,Flexible contract,7400.0,504,No,0,,NA,1,Created
15676,2011-01-01,15676,Female,33,1978-02-01,0.00035,Single,0,,,Yes,26.0,,Permanent contract,2327.0,179852,No,0,,NA,1,Created
15677,2011-01-01,15677,Male,36,1975-11-10,0.0006,Married,3164,,2030-01-01,No,,,Permanent contract,31548.0,300693,No,3,,NA,1,Created
15678,2011-01-01,15678,Female,13,1998-03-06,0.00011999999999999999,Single,0,,,No,,,Child,0.0,0,No,0,26.0,2024-03-14,1,Created
15679,2011-01-01,15679,Male,27,1984-08-02,0.00044,Single,0,,,Yes,35.0,2019-03-13,Permanent contract,18932.0,-19521,Yes,0,,NA,1,Created
15680,2011-01-01,15680,Male,31,1980-04-20,0.00041,Single,0,,,No,,,Permanent contract,14871.0,6090,Yes,0,,NA,1,Created
15681,2011-01-01,15681,Female,29,1982-08-03,0.00032,Single,0,,,No,,,Permanent contract,36954.0,864,Yes,0,30.0,2012-12-02,1,Created
15682,2011-01-01,15682,Female,55,1956-01-03,0.00372,Married,3230,,2054-03-28,Yes,,,Permanent contract,20163.0,-2033,No,2,,NA,1,Created
15683,2011-01-01,15683,Female,61,1950-03-18,0.00562,Married,3231,,2037-06-26,Yes,,,Permanent contract,35533.0,200021,No,1,,NA,1,Created
15684,2011-01-01,15684,Male,13,1998-04-16,0.00014,Single,0,,,Yes,26.0,2024-05-02,Child,0.0,0,Yes,0,,NA,1,Created
15685,2011-01-01,15685,Male,40,1971-08-24,0.0009400000000000001,Single,0,,,Yes,35.0,,Permanent contract,167473.0,999387,Yes,0,,NA,1,Created
15686,2011-01-01,15686,Female,54,1957-04-08,0.00313,Single,0,,,No,,,Unemployed,18315.0,266594,No,0,,NA,1,Created
15687,2011-01-01,15687,Male,63,1948-05-24,0.00945,Single,0,,,No,,,Permanent contract,5087.0,55332,Yes,0,,NA,1,Created
18783,2012-05-24,15687,Male,65,1948-05-24,0.00945,Single,0,,,No,,,Retired,3560.8999999999996,55332,Yes,0,,NA,1,Life event: Retired
15688,2011-01-01,15688,Female,72,1939-12-31,0.01411,Divorced,0,,,Yes,,,Retired,23775.0,772,No,0,,NA,1,Created
15689,2011-01-01,15689,Female,26,1985-09-05,1.0,Married,3232,,2049-12-28,No,,,Entrepreneur with personel,68709.0,449416,Yes,1,29.0,2014-09-13,1,Created
15690,2011-01-01,15690,Female,34,1977-08-22,0.00037,Single,0,,,Yes,44.0,2021-09-02,Permanent contract,34203.0,139014,Yes,0,,NA,1,Created
15691,2011-01-01,15691,Female,47,1964-08-13,0.00168,Married,3233,,2048-07-30,Yes,,,Permanent contract,8760.0,-22469,No,3,,NA,1,Created
15692,2011-01-01,15692,Female,66,1945-07-11,0.009040000000000001,Widowed,0,,,No,,,Permanent contract,35921.0,153325,No,0,,NA,1,Created
17638,2011-07-11,15692,Female,67,1945-07-11,0.009040000000000001,Widowed,0,,,No,,,Retired,25144.699999999997,153325,No,0,,NA,1,Life event: Retired
15693,2011-01-01,15693,Female,42,1969-12-16,0.001,Married,3234,,2042-04-17,Yes,,,Flexible contract,12204.0,-2358,Yes,1,,NA,1,Created
15694,2011-01-01,15694,Male,33,1978-04-25,0.00047999999999999996,Married,3165,,2012-07-05,No,,,Permanent contract,91800.0,-28265,No,1,,NA,1,Created
18901,2012-07-05,15694,Male,35,1978-04-25,0.00047999999999999996,Divorced,3165,,2012-07-05,No,,,Permanent contract,91800.0,-28265,No,1,,NA,1,Life event: Divorced
15695,2011-01-01,15695,Female,35,1976-07-07,0.00033999999999999997,Married,3235,,2012-01-13,Yes,,,Flexible contract,9047.0,-37952,Yes,1,,NA,1,Created
18422,2012-01-13,15695,Female,36,1976-07-07,0.00033999999999999997,Divorced,3235,,2012-01-13,Yes,,,Flexible contract,9047.0,-37952,Yes,1,,NA,1,Life event: Divorced
15696,2011-01-01,15696,Female,11,2000-11-10,7e-05,Single,0,,,Yes,39.0,2039-08-29,Child,0.0,0,No,0,32.0,2032-01-21,1,Created
15697,2011-01-01,15697,Female,51,1960-02-14,0.0023899999999999998,Married,3236,,2051-07-06,No,,,Permanent contract,23452.0,188039,No,1,,NA,1,Created
15698,2011-01-01,15698,Male,75,1936-01-02,0.033710000000000004,Married,3166,,2053-08-30,No,,,Retired,98703.0,460370,No,2,,NA,1,Created
15699,2011-01-01,15699,Female,17,1994-10-20,0.0001,Single,0,,,Yes,35.0,2029-01-09,Child,0.0,0,Yes,0,30.0,2024-05-14,1,Created
18073,2011-10-20,15699,Female,18,1994-10-20,0.0001,Single,0,,,Yes,22,2015-07-01,Permanent contract,24098.0,-13149,Yes,0,30,2024-05-14,1,Life event: Adulthood
15700,2011-01-01,15700,Male,29,1982-01-29,0.0005200000000000001,Single,0,,,Yes,23.0,,Permanent contract,95523.0,887960,No,0,,NA,1,Created
15701,2011-01-01,15701,Male,72,1939-10-14,0.02384,Married,3167,,2022-07-15,No,,,Retired,28337.0,144205,No,2,,NA,1,Created
15702,2011-01-01,15702,Female,62,1949-08-31,0.0057399999999999994,Married,3237,,2020-04-23,No,,,Permanent contract,9141.0,389,Yes,2,,NA,1,Created
15703,2011-01-01,15703,Male,49,1962-06-02,0.00242,Single,0,,,No,,,Permanent contract,18227.0,495828,No,0,,NA,1,Created
15704,2011-01-01,15704,Male,4,2007-01-29,0.00011,Single,0,,,No,,,Child,0.0,0,Yes,0,,NA,1,Created
15705,2011-01-01,15705,Male,63,1948-10-18,0.00945,Married,3168,,2018-11-15,No,,,Permanent contract,68765.0,432475,No,3,,NA,1,Created
19171,2012-10-18,15705,Male,65,1948-10-18,0.00945,Married,3168,,2018-11-15,No,,,Retired,48135.5,432475,No,3,,NA,1,Life event: Retired
15706,2011-01-01,15706,Male,42,1969-05-03,0.00128,Married,3169,,2030-03-21,Yes,,,Permanent contract,11586.0,145,No,2,,NA,1,Created
15707,2011-01-01,15707,Female,17,1994-07-15,0.0001,Single,0,,,No,,,Child,0.0,0,No,0,31.0,2025-04-28,1,Created
17655,2011-07-15,15707,Female,18,1994-07-15,0.0001,Single,0,,,No,,,Permanent contract,54730.0,-653,No,0,31,2025-04-28,1,Life event: Adulthood
15708,2011-01-01,15708,Female,25,1986-08-01,0.00022999999999999998,Divorced,0,,,No,,,Permanent contract,5085.0,160059,Yes,0,29.0,2015-08-08,1,Created
15709,2011-01-01,15709,Male,25,1986-10-12,0.00033999999999999997,Single,0,,,No,,,Permanent contract,86829.0,96824,No,0,,NA,1,Created
15710,2011-01-01,15710,Female,31,1980-06-19,0.00029,Single,0,,,Yes,39.0,2019-04-08,Flexible contract,17164.0,-27345,No,0,35.0,2015-06-21,1,Created
15711,2011-01-01,15711,Female,48,1963-03-14,0.0018800000000000002,Single,0,,,Yes,31.0,,Permanent contract,3135.0,779,Yes,0,,NA,1,Created
15712,2011-01-01,15712,Female,57,1954-06-15,0.00387,Married,3238,,2041-11-22,No,,,Permanent contract,27250.0,-795,Yes,2,,NA,1,Created
15713,2011-01-01,15713,Female,20,1991-03-12,0.00018,Single,0,,,Yes,35.0,2026-01-22,Flexible contract,12597.0,67496,No,0,21.0,2012-10-10,1,Created
15714,2011-01-01,15714,Male,40,1971-09-22,0.0009400000000000001,Divorced,0,,,Yes,,,Permanent contract,101114.0,26447,Yes,0,,NA,1,Created
15715,2011-01-01,15715,Male,104,1907-07-25,1.0,Widowed,0,,,Yes,,,Retired,27863.0,252260,No,0,,NA,1,Created
17843,2011-08-22,15715,Male,105,1907-07-25,1.0,Widowed,0,,,Yes,,,Retired,27863.0,252260,No,0,,NA,0,Life event: Deceased
15716,2011-01-01,15716,Male,34,1977-03-02,0.00067,Single,0,,,No,,,Permanent contract,44724.0,860930,Yes,0,,NA,1,Created
15717,2011-01-01,15717,Female,48,1963-08-04,0.0018800000000000002,Divorced,0,,,No,,,Flexible contract,33620.0,300970,Yes,0,,NA,1,Created
15718,2011-01-01,15718,Female,43,1968-11-20,0.0009699999999999999,Married,3239,,2038-11-03,No,,,Permanent contract,14396.0,417701,Yes,2,,NA,1,Created
15719,2011-01-01,15719,Male,56,1955-09-27,0.0052,Divorced,0,,,Yes,,,Permanent contract,34990.0,38918,No,0,,NA,1,Created
15720,2011-01-01,15720,Male,11,2000-11-13,9e-05,Single,0,,,No,,,Child,0.0,0,No,0,,NA,1,Created
15721,2011-01-01,15721,Male,8,2003-07-18,9e-05,Single,0,,,Yes,48.0,2051-03-26,Child,0.0,0,Yes,0,,NA,1,Created
15722,2011-01-01,15722,Female,7,2004-03-19,7e-05,Single,0,,,Yes,39.0,2043-11-02,Child,0.0,0,Yes,0,36.0,2040-05-05,1,Created
15723,2011-01-01,15723,Male,14,1997-06-27,0.00014,Single,0,,,No,,,Child,0.0,0,No,0,,NA,1,Created
15724,2011-01-01,15724,Male,54,1957-09-11,0.00404,Married,3170,,2053-07-11,No,,,Permanent contract,6426.0,660158,Yes,2,,NA,1,Created
15725,2011-01-01,15725,Male,66,1945-02-23,0.01401,Married,3171,,2051-05-16,Yes,,,Permanent contract,25440.0,-44786,No,1,,NA,1,Created
16958,2011-02-23,15725,Male,67,1945-02-23,0.01401,Married,3171,,2051-05-16,Yes,,,Retired,17808.0,-44786,No,1,,NA,1,Life event: Retired
15726,2011-01-01,15726,Female,62,1949-10-01,0.0057399999999999994,Divorced,0,,,No,,,Flexible contract,63523.0,115410,Yes,0,,NA,1,Created
15727,2011-01-01,15727,Male,55,1956-03-06,0.00419,Married,3172,,2058-08-11,No,,,Flexible contract,28908.0,39180,No,1,,NA,1,Created
15728,2011-01-01,15728,Female,14,1997-03-22,9e-05,Single,0,,,No,,,Child,0.0,0,Yes,0,36.0,2033-01-01,1,Created
15729,2011-01-01,15729,Male,55,1956-03-02,0.00419,Married,3173,,2061-07-15,Yes,,,Permanent contract,8242.0,107944,Yes,1,,NA,1,Created
15730,2011-01-01,15730,Male,46,1965-09-20,0.00172,Married,3174,,2049-02-18,No,,,Flexible contract,15063.0,2046,No,1,,NA,1,Created
15731,2011-01-01,15731,Male,66,1945-08-14,0.01401,Married,3175,,2031-06-15,No,,,Entrepreneur without personnel,5332.0,146019,Yes,1,,NA,1,Created
17801,2011-08-14,15731,Male,67,1945-08-14,0.01401,Married,3175,,2031-06-15,No,,,Retired,3732.3999999999996,146019,Yes,1,,NA,1,Life event: Retired
15732,2011-01-01,15732,Male,6,2005-10-26,5.9999999999999995e-05,Single,0,,,Yes,21.0,2026-02-14,Child,0.0,0,Yes,0,,NA,1,Created
15733,2011-01-01,15733,Female,59,1952-01-02,0.00479,Married,3240,,2048-01-09,No,,,Entrepreneur without personnel,13633.0,321746,No,2,,NA,1,Created
15734,2011-01-01,15734,Female,12,1999-08-15,5e-05,Single,0,,,No,,,Child,0.0,0,Yes,0,28.0,2027-07-23,1,Created
15735,2011-01-01,15735,Male,0,2011-05-13,0.0036200000000000004,Single,0,,,No,,,Child,0.0,0,No,0,,NA,1,Created
15736,2011-01-01,15736,Female,45,1966-04-22,0.00134,Single,0,,,Yes,48.0,2014-06-01,Permanent contract,5403.0,874,Yes,0,,NA,1,Created
15737,2011-01-01,15737,Male,15,1996-12-07,0.00015,Single,0,,,No,,,Child,0.0,0,No,0,,NA,1,Created
15738,2011-01-01,15738,Female,27,1984-03-16,0.00025,Single,0,,,No,,,Permanent contract,46459.0,211,No,0,32.0,2016-05-19,1,Created
15739,2011-01-01,15739,Female,65,1946-09-20,0.007559999999999999,Widowed,0,,,Yes,,,Flexible contract,10368.0,37617,No,0,,NA,1,Created
17956,2011-09-20,15739,Female,66,1946-09-20,0.007559999999999999,Widowed,0,,,Yes,,,Retired,7257.599999999999,37617,No,0,,NA,1,Life event: Retired
15740,2011-01-01,15740,Male,26,1985-08-19,1.0,Single,0,,,Yes,33.0,2018-08-22,Permanent contract,7380.0,171649,Yes,0,,NA,1,Created
15741,2011-01-01,15741,Female,58,1953-09-06,0.00448,Married,3241,,2053-09-11,Yes,,,Permanent contract,48937.0,190527,No,3,,NA,1,Created
15742,2011-01-01,15742,Female,69,1942-02-17,0.0108,Married,3242,,2047-07-14,Yes,,,Retired,7988.0,24875,Yes,2,,NA,1,Created
15743,2011-01-01,15743,Male,18,1993-07-18,0.00032,Single,0,,,No,,,Entrepreneur with personel,31278.0,503091,Yes,0,,NA,1,Created
15744,2011-01-01,15744,Female,52,1959-08-01,0.00268,Married,3243,,2065-11-26,No,,,Permanent contract,37220.0,373944,Yes,2,,NA,1,Created
15745,2011-01-01,15745,Female,32,1979-07-26,0.00041,Married,3244,,2056-01-15,No,,,Permanent contract,165951.0,27964,No,2,,NA,1,Created
15746,2011-01-01,15746,Female,40,1971-08-14,0.0006900000000000001,Married,3245,,2048-08-28,Yes,,,Permanent contract,67070.0,785588,Yes,2,,NA,1,Created
15747,2011-01-01,15747,Male,25,1986-04-12,0.00033999999999999997,Single,0,,,Yes,40.0,2026-12-14,Permanent contract,86739.0,72972,No,0,,NA,1,Created
15748,2011-01-01,15748,Male,36,1975-01-03,0.0006,Married,3176,,2051-06-17,No,,,Entrepreneur without personnel,34114.0,162875,Yes,2,,NA,1,Created
15749,2011-01-01,15749,Male,43,1968-01-16,0.00103,Married,3177,,2024-10-17,Yes,,,Permanent contract,27150.0,44129,No,2,,NA,1,Created
15750,2011-01-01,15750,Female,9,2002-09-01,2.9999999999999997e-05,Single,0,,,Yes,58.0,2060-07-09,Child,0.0,0,No,0,26.0,2028-12-02,1,Created
15751,2011-01-01,15751,Female,47,1964-11-09,0.00168,Single,0,,,No,,,Entrepreneur without personnel,16591.0,401077,No,0,,NA,1,Created
15752,2011-01-01,15752,Female,43,1968-01-27,0.0009699999999999999,Single,0,,,Yes,34.0,,Permanent contract,25587.0,331490,Yes,0,,NA,1,Created
15753,2011-01-01,15753,Female,16,1995-04-13,8e-05,Single,0,,,No,,,Child,0.0,0,Yes,0,38.0,2033-10-16,1,Created
18665,2012-04-13,15753,Female,18,1995-04-13,8e-05,Single,0,,,No,,,Permanent contract,23364.0,495524,Yes,0,38,2033-10-16,1,Life event: Adulthood
15754,2011-01-01,15754,Female,61,1950-04-17,0.00562,Married,3246,,2013-09-30,No,,,Permanent contract,10223.0,170722,No,2,,NA,1,Created
15755,2011-01-01,15755,Female,38,1973-12-18,0.00063,Married,3247,,2038-10-14,No,,,Permanent contract,4260.0,46864,No,1,,NA,1,Created
15756,2011-01-01,15756,Male,23,1988-08-04,0.00039,Single,0,,,No,,,Permanent contract,17588.0,-14155,No,0,,NA,1,Created
15757,2011-01-01,15757,Male,80,1931-01-19,0.05987000000000001,Married,3178,,2071-09-18,Yes,,,Retired,49844.0,-36941,Yes,1,,NA,1,Created
15758,2011-01-01,15758,Male,13,1998-01-11,0.00014,Single,0,,,Yes,58.0,2056-08-13,Child,0.0,0,Yes,0,,NA,1,Created
15759,2011-01-01,15759,Male,61,1950-12-27,0.00747,Married,3179,,2048-06-24,Yes,,,Entrepreneur without personnel,2949.0,2257,No,1,,NA,1,Created
15760,2011-01-01,15760,Female,25,1986-06-16,0.00022999999999999998,Single,0,,,No,,,Flexible contract,31182.0,351785,No,0,28.0,2014-01-02,1,Created
15761,2011-01-01,15761,Female,42,1969-03-26,0.001,Single,0,,,Yes,29.0,,Permanent contract,18200.0,18921,No,0,,NA,1,Created
15762,2011-01-01,15762,Female,26,1985-05-06,1.0,Single,0,,,No,,,Permanent contract,15808.0,-369,Yes,0,,NA,1,Created
16831,2011-01-31,15762,Female,26,1985-05-06,1.0,Single,0,,,No,,,Permanent contract,15808.0,-369,Yes,0,,NA,0,Life event: Deceased
15763,2011-01-01,15763,Female,7,2004-05-17,7e-05,Single,0,,,Yes,27.0,2031-12-28,Child,0.0,0,Yes,0,23.0,2027-09-06,1,Created
15764,2011-01-01,15764,Female,39,1972-11-17,0.00074,Single,0,,,Yes,21.0,,Permanent contract,22854.0,243980,Yes,0,,NA,1,Created
15765,2011-01-01,15765,Female,91,1920-01-02,0.14715,Married,3248,,2067-01-10,No,,,Retired,71886.0,455502,Yes,1,,NA,1,Created
15766,2011-01-01,15766,Female,25,1986-05-26,0.00022999999999999998,Married,3249,,2061-10-21,Yes,,,Flexible contract,35541.0,-13259,Yes,2,39.0,2025-04-26,1,Created
15767,2011-01-01,15767,Female,49,1962-05-11,0.00193,Divorced,0,,,Yes,,,Permanent contract,59388.0,12396,No,0,,NA,1,Created
15768,2011-01-01,15768,Female,16,1995-08-02,8e-05,Single,0,,,Yes,32.0,2027-06-23,Child,0.0,0,No,0,25.0,2020-03-29,1,Created
18981,2012-08-02,15768,Female,18,1995-08-02,8e-05,Single,0,,,No,,,Permanent contract,83719.0,310726,No,0,25,2020-03-29,1,Life event: Adulthood
15769,2011-01-01,15769,Male,55,1956-03-17,0.00419,Married,3180,,2034-01-10,No,,,Permanent contract,31568.0,-31764,Yes,2,,NA,1,Created
15770,2011-01-01,15770,Male,9,2002-12-23,0.00014,Single,0,,,Yes,30.0,2032-10-03,Child,0.0,0,Yes,0,,NA,1,Created
15771,2011-01-01,15771,Male,14,1997-04-28,0.00014,Single,0,,,Yes,22.0,2019-11-08,Child,0.0,0,Yes,0,,NA,1,Created
15772,2011-01-01,15772,Female,40,1971-01-31,0.0006900000000000001,Married,3250,,2057-02-19,Yes,,,Permanent contract,33306.0,-34646,No,2,,NA,1,Created
15773,2011-01-01,15773,Male,40,1971-11-23,0.0009400000000000001,Married,3181,,2019-09-23,No,,,Permanent contract,7130.0,-43957,Yes,1,,NA,1,Created
15774,2011-01-01,15774,Female,37,1974-07-04,0.00057,Single,0,,,Yes,50.0,2024-01-06,Permanent contract,22545.0,-3690,No,0,37.0,2011-11-17,1,Created
15775,2011-01-01,15775,Female,65,1946-01-29,0.007559999999999999,Married,3251,,2057-08-13,No,,,Permanent contract,88212.0,11200,Yes,1,,NA,1,Created
16819,2011-01-29,15775,Female,66,1946-01-29,0.007559999999999999,Married,3251,,2057-08-13,No,,,Retired,61748.399999999994,11200,Yes,1,,NA,1,Life event: Retired
15776,2011-01-01,15776,Male,40,1971-08-04,0.0009400000000000001,Married,3182,,2035-08-09,Yes,,,Permanent contract,26652.0,36698,Yes,2,,NA,1,Created
15777,2011-01-01,15777,Female,41,1970-08-22,0.0007700000000000001,Married,3252,,2020-09-06,Yes,,,Permanent contract,18103.0,-38153,Yes,3,,NA,1,Created
15778,2011-01-01,15778,Female,17,1994-08-04,0.0001,Single,0,,,No,,,Child,0.0,0,No,0,29.0,2023-03-29,1,Created
17742,2011-08-04,15778,Female,18,1994-08-04,0.0001,Single,0,,,Yes,48,2041-06-26,Permanent contract,15964.0,2166,No,0,29,2023-03-29,1,Life event: Adulthood
15779,2011-01-01,15779,Male,13,1998-01-30,0.00014,Single,0,,,Yes,27.0,2025-04-06,Child,0.0,0,No,0,,NA,1,Created
15780,2011-01-01,15780,Female,53,1958-06-12,0.00312,Married,3253,,2046-07-20,No,,,Permanent contract,27639.0,160997,Yes,1,,NA,1,Created
15781,2011-01-01,15781,Male,27,1984-05-31,0.00044,Single,0,,,Yes,40.0,2024-05-24,Permanent contract,42648.0,-22646,Yes,0,,NA,1,Created
15782,2011-01-01,15782,Male,74,1937-02-25,0.0295,Single,0,,,Yes,52.0,,Retired,26693.0,155145,No,0,,NA,1,Created
15783,2011-01-01,15783,Male,1,2010-04-14,0.00056,Single,0,,,No,,,Child,0.0,0,No,0,,NA,1,Created
15784,2011-01-01,15784,Male,6,2005-03-15,5.9999999999999995e-05,Single,0,,,No,,,Child,0.0,0,No,0,,NA,1,Created
15785,2011-01-01,15785,Female,36,1975-08-21,0.00049,Married,3254,,2060-03-25,No,,,Flexible contract,42744.0,-37875,No,1,,NA,1,Created
15786,2011-01-01,15786,Male,52,1959-08-02,0.00314,Single,0,,,No,,,Permanent contract,14648.0,349,Yes,0,,NA,1,Created
15787,2011-01-01,15787,Female,6,2005-09-27,8e-05,Single,0,,,No,,,Child,0.0,0,No,0,30.0,2035-10-25,1,Created
15788,2011-01-01,15788,Male,59,1952-02-06,0.00717,Divorced,0,,,No,,,Permanent contract,27663.0,196,No,0,,NA,1,Created
15789,2011-01-01,15789,Male,61,1950-05-30,0.00747,Married,3183,,2016-06-23,No,,,Permanent contract,57805.0,38710,Yes,2,,NA,1,Created
15790,2011-01-01,15790,Male,0,2011-06-02,0.0036200000000000004,Single,0,,,No,,,Child,0.0,0,Yes,0,,NA,1,Created
15791,2011-01-01,15791,Female,9,2002-05-14,2.9999999999999997e-05,Single,0,,,No,,,Child,0.0,0,No,0,31.0,2033-05-20,1,Created
15792,2011-01-01,15792,Male,47,1964-11-15,0.00186,Married,3184,,2012-07-10,No,,,Permanent contract,478438.0,843634,Yes,2,,NA,1,Created
18915,2012-07-10,15792,Male,48,1964-11-15,0.00186,Divorced,3184,,2012-07-10,No,,,Permanent contract,478438.0,843634,Yes,2,,NA,1,Life event: Divorced
15793,2011-01-01,15793,Female,12,1999-03-24,5e-05,Single,0,,,Yes,59.0,2058-11-24,Child,0.0,0,No,0,30.0,2029-07-09,1,Created
15794,2011-01-01,15794,Male,52,1959-03-14,0.00314,Married,3185,,2032-02-21,No,,,Permanent contract,29323.0,7140,Yes,3,,NA,1,Created
15795,2011-01-01,15795,Female,55,1956-03-17,0.00372,Married,3255,,2026-11-03,No,,,Entrepreneur without personnel,24448.0,438309,Yes,3,,NA,1,Created
15796,2011-01-01,15796,Female,17,1994-05-17,0.0001,Single,0,,,Yes,28.0,2022-10-12,Child,0.0,0,No,0,32.0,2026-07-24,1,Created
17374,2011-05-17,15796,Female,18,1994-05-17,0.0001,Single,0,,,Yes,29,2022-07-12,Flexible contract,35574.0,336202,No,0,32,2026-07-24,1,Life event: Adulthood
15797,2011-01-01,15797,Male,63,1948-07-09,0.00945,Married,3186,,2015-02-23,No,,,Permanent contract,26268.0,142270,No,2,,NA,1,Created
18912,2012-07-09,15797,Male,65,1948-07-09,0.00945,Married,3186,,2015-02-23,No,,,Retired,18387.6,142270,No,2,,NA,1,Life event: Retired
15798,2011-01-01,15798,Male,12,1999-12-16,0.00011,Single,0,,,Yes,25.0,2024-10-08,Child,0.0,0,No,0,,NA,1,Created
15799,2011-01-01,15799,Male,20,1991-09-23,0.00045,Single,0,,,No,,,Permanent contract,30207.0,160448,Yes,0,,NA,1,Created
15800,2011-01-01,15800,Female,62,1949-11-20,0.0057399999999999994,Married,3256,,2037-12-19,No,,,Permanent contract,53103.0,98445,No,1,,NA,1,Created
15801,2011-01-01,15801,Male,1,2010-11-18,0.00056,Single,0,,,Yes,40.0,2050-01-18,Child,0.0,0,No,0,,NA,1,Created
15802,2011-01-01,15802,Male,27,1984-08-01,0.00044,Divorced,0,,,No,,,Permanent contract,34679.0,345270,Yes,0,,NA,1,Created
15803,2011-01-01,15803,Female,21,1990-09-01,0.00016,Married,3257,,2063-05-09,No,,,Permanent contract,42179.0,460531,No,2,29.0,2019-12-20,1,Created
15804,2011-01-01,15804,Female,16,1995-02-23,8e-05,Single,0,,,No,,,Child,0.0,0,No,0,39.0,2034-03-26,1,Created
18544,2012-02-23,15804,Female,18,1995-02-23,8e-05,Single,0,,,No,,,Permanent contract,10826.0,33740,No,0,39,2034-03-26,1,Life event: Adulthood
15805,2011-01-01,15805,Male,13,1998-05-11,0.00014,Single,0,,,Yes,35.0,2033-06-11,Child,0.0,0,Yes,0,,NA,1,Created
15806,2011-01-01,15806,Male,7,2004-12-23,9e-05,Single,0,,,No,,,Child,0.0,0,Yes,0,,NA,1,Created
15807,2011-01-01,15807,Female,39,1972-05-20,0.00074,Single,0,,,Yes,59.0,2031-12-20,Flexible contract,5406.0,112235,No,0,,NA,1,Created
15808,2011-01-01,15808,Male,46,1965-05-22,0.00172,Married,3187,,2069-05-16,Yes,,,Permanent contract,13495.0,74607,No,3,,NA,1,Created
15809,2011-01-01,15809,Male,78,1933-05-19,0.04668,Married,3188,,2048-03-01,No,,,Retired,89094.0,20323,Yes,3,,NA,1,Created
15810,2011-01-01,15810,Male,6,2005-11-20,5.9999999999999995e-05,Single,0,,,Yes,28.0,2033-02-09,Child,0.0,0,Yes,0,,NA,1,Created
15811,2011-01-01,15811,Male,58,1953-03-04,0.00603,Married,3189,,2048-12-29,Yes,,,Permanent contract,16917.0,-48105,Yes,1,,NA,1,Created
15812,2011-01-01,15812,Male,3,2008-11-18,0.0002,Single,0,,,No,,,Child,0.0,0,No,0,,NA,1,Created
15813,2011-01-01,15813,Female,14,1997-06-03,9e-05,Single,0,,,No,,,Child,0.0,0,No,0,26.0,2023-05-13,1,Created
15814,2011-01-01,15814,Male,67,1944-12-20,0.01396,Married,3190,,2019-07-23,Yes,,,Permanent contract,27893.0,1463,No,2,,NA,1,Created
18329,2011-12-20,15814,Male,68,1944-12-20,0.01396,Married,3190,,2019-07-23,Yes,,,Retired,19525.1,1463,No,2,,NA,1,Life event: Retired
15815,2011-01-01,15815,Male,80,1931-02-08,0.05987000000000001,Widowed,0,,,No,,,Retired,24584.0,-24439,No,0,,NA,1,Created
15816,2011-01-01,15816,Male,22,1989-03-23,0.00041,Single,0,,,Yes,38.0,2027-08-06,Entrepreneur without personnel,7361.0,59096,No,0,,NA,1,Created
15817,2011-01-01,15817,Female,42,1969-01-29,0.001,Married,3258,,2038-08-28,No,,,Permanent contract,20879.0,-34166,Yes,2,,NA,1,Created
15818,2011-01-01,15818,Male,104,1907-01-25,1.0,Widowed,0,,,Yes,,,Retired,26672.0,151727,Yes,0,,NA,1,Created
17426,2011-05-28,15818,Male,105,1907-01-25,1.0,Widowed,0,,,Yes,,,Retired,26672.0,151727,Yes,0,,NA,0,Life event: Deceased
15819,2011-01-01,15819,Male,40,1971-09-09,0.0009400000000000001,Married,3191,,2047-10-16,Yes,,,Permanent contract,14916.0,437497,Yes,1,,NA,1,Created
15820,2011-01-01,15820,Male,48,1963-03-22,0.0021100000000000003,Married,3192,,2030-02-11,Yes,,,Permanent contract,31579.0,19164,Yes,3,,NA,1,Created
15821,2011-01-01,15821,Male,57,1954-12-03,0.00572,Single,0,,,No,,,Flexible contract,22401.0,2066,Yes,0,,NA,1,Created
15822,2011-01-01,15822,Male,36,1975-10-16,0.0006,Married,3193,,2045-01-25,Yes,,,Entrepreneur without personnel,15196.0,19378,Yes,3,,NA,1,Created
15823,2011-01-01,15823,Male,0,2011-11-03,0.0036200000000000004,Single,0,,,Yes,50.0,2061-12-23,Child,0.0,0,Yes,0,,NA,1,Created
15824,2011-01-01,15824,Female,7,2004-03-15,7e-05,Single,0,,,No,,,Child,0.0,0,No,0,23.0,2027-08-28,1,Created
15825,2011-01-01,15825,Male,20,1991-08-06,0.00045,Single,0,,,Yes,48.0,2039-04-03,Permanent contract,32995.0,400692,Yes,0,,NA,1,Created
15826,2011-01-01,15826,Female,55,1956-10-29,0.00372,Married,3259,,2012-03-26,No,,,Permanent contract,16882.0,3896,Yes,2,,NA,1,Created
18623,2012-03-26,15826,Female,56,1956-10-29,0.00372,Divorced,3259,,2012-03-26,No,,,Permanent contract,16882.0,3896,Yes,2,,NA,1,Life event: Divorced
15827,2011-01-01,15827,Female,29,1982-10-04,0.00032,Single,0,,,No,,,Permanent contract,24732.0,-5170,Yes,0,39.0,2021-12-02,1,Created
15828,2011-01-01,15828,Female,56,1955-04-21,0.0041,Widowed,0,,,Yes,,,Entrepreneur without personnel,8753.0,723,No,0,,NA,1,Created
15829,2011-01-01,15829,Male,41,1970-08-27,0.0008900000000000001,Single,0,,,No,,,Permanent contract,36426.0,-34684,Yes,0,,NA,1,Created
15830,2011-01-01,15830,Male,73,1938-03-29,0.0262,Married,3194,,2015-02-17,No,,,Retired,37202.0,47277,No,1,,NA,1,Created
15831,2011-01-01,15831,Male,45,1966-10-02,0.0014199999999999998,Divorced,0,,,Yes,,,Permanent contract,31088.0,-709,Yes,0,,NA,1,Created
15832,2011-01-01,15832,Male,64,1947-07-01,0.01097,Divorced,0,,,Yes,,,Permanent contract,16778.0,291224,Yes,0,,NA,1,Created
17591,2011-07-01,15832,Male,65,1947-07-01,0.01097,Divorced,0,,,Yes,,,Retired,11744.599999999999,291224,Yes,0,,NA,1,Life event: Retired
15833,2011-01-01,15833,Male,54,1957-03-19,0.00404,Single,0,,,Yes,76.0,2033-08-11,Permanent contract,66270.0,-46129,Yes,0,,NA,1,Created
15834,2011-01-01,15834,Female,8,2003-11-07,2.9999999999999997e-05,Single,0,,,No,,,Child,0.0,0,Yes,0,28.0,2031-12-21,1,Created
15835,2011-01-01,15835,Female,15,1996-10-28,8e-05,Single,0,,,No,,,Child,0.0,0,Yes,0,26.0,2022-11-05,1,Created
15836,2011-01-01,15836,Female,61,1950-11-25,0.00562,Married,3260,,2022-02-25,No,,,Permanent contract,5272.0,-47684,No,1,,NA,1,Created
15837,2011-01-01,15837,Female,49,1962-11-26,0.00193,Married,3261,,2050-06-24,Yes,,,Permanent contract,16133.0,129862,No,1,,NA,1,Created
15838,2011-01-01,15838,Female,8,2003-03-02,2.9999999999999997e-05,Single,0,,,No,,,Child,0.0,0,No,0,30.0,2033-07-30,1,Created
15839,2011-01-01,15839,Male,44,1967-10-03,0.0013599999999999999,Married,3195,,2013-05-16,No,,,Entrepreneur without personnel,30242.0,464034,No,2,,NA,1,Created
15840,2011-01-01,15840,Male,52,1959-12-26,0.00314,Married,3196,,2023-09-01,Yes,,,Permanent contract,28807.0,14755,No,2,,NA,1,Created
15841,2011-01-01,15841,Female,70,1941-02-15,0.01252,Married,3262,,2052-12-04,Yes,,,Retired,36878.0,-24753,Yes,2,,NA,1,Created
15842,2011-01-01,15842,Male,74,1937-10-07,0.0295,Widowed,0,,,Yes,,,Retired,13761.0,-36593,No,0,,NA,1,Created
15843,2011-01-01,15843,Male,44,1967-11-04,0.0013599999999999999,Married,3197,,2028-11-05,No,,,Flexible contract,84577.0,125315,Yes,2,,NA,1,Created
15844,2011-01-01,15844,Male,16,1995-08-05,0.00029,Single,0,,,Yes,30.0,2025-03-18,Child,0.0,0,Yes,0,,NA,1,Created
18986,2012-08-05,15844,Male,18,1995-08-05,0.00029,Single,0,,,Yes,55,2049-12-25,Permanent contract,19631.0,12768,Yes,0,,NA,1,Life event: Adulthood
15845,2011-01-01,15845,Female,20,1991-03-26,0.00018,Single,0,,,No,,,Flexible contract,30349.0,119395,No,0,27.0,2018-06-05,1,Created
15846,2011-01-01,15846,Female,33,1978-06-30,0.00035,Single,0,,,Yes,28.0,,Family business,3579.0,412235,Yes,0,,NA,1,Created
15847,2011-01-01,15847,Female,22,1989-08-05,0.00023999999999999998,Single,0,,,No,,,Entrepreneur without personnel,41176.0,975147,No,0,31.0,2020-11-28,1,Created
15848,2011-01-01,15848,Male,14,1997-12-12,0.00014,Single,0,,,No,,,Child,0.0,0,No,0,,NA,1,Created
15849,2011-01-01,15849,Male,37,1974-10-24,0.00082,Single,0,,,No,,,Permanent contract,49164.0,185821,No,0,,NA,1,Created
15850,2011-01-01,15850,Male,40,1971-05-21,0.0009400000000000001,Divorced,0,,,Yes,,,Permanent contract,15981.0,58625,Yes,0,,NA,1,Created
15851,2011-01-01,15851,Male,77,1934-06-12,0.0418,Married,3198,,2042-09-21,Yes,,,Retired,131056.0,18441,Yes,2,,NA,1,Created
15852,2011-01-01,15852,Male,42,1969-02-09,0.00128,Married,3199,,2018-03-02,Yes,,,Unemployed,36295.0,3781,Yes,1,,NA,1,Created
15853,2011-01-01,15853,Male,68,1943-10-18,0.01522,Widowed,0,,,No,,,Retired,3093.0,613,No,0,,NA,1,Created
15854,2011-01-01,15854,Male,53,1958-09-14,0.0033299999999999996,Married,3200,,2044-07-31,No,,,Permanent contract,24934.0,317455,Yes,2,,NA,1,Created
15855,2011-01-01,15855,Male,28,1983-11-14,0.00045,Single,0,,,No,,,Flexible contract,2490.0,220651,No,0,,NA,1,Created
15856,2011-01-01,15856,Female,32,1979-01-19,0.00041,Single,0,,,No,,,Permanent contract,39926.0,42337,Yes,0,,NA,1,Created
15857,2011-01-01,15857,Male,9,2002-10-09,0.00014,Single,0,,,No,,,Child,0.0,0,Yes,0,,NA,1,Created
15858,2011-01-01,15858,Female,26,1985-09-10,1.0,Single,0,,,No,,,Permanent contract,4579.0,75954,No,0,36.0,2021-02-18,1,Created
15859,2011-01-01,15859,Male,81,1930-02-15,0.06966,Widowed,0,,,Yes,,,Retired,4904.0,262125,No,0,,NA,1,Created
15860,2011-01-01,15860,Female,26,1985-01-06,1.0,Single,0,,,No,,,Permanent contract,31132.0,64123,Yes,0,37.0,2022-06-22,1,Created
17648,2011-07-13,15860,Female,27,1985-01-06,1.0,Single,0,,,No,,,Permanent contract,31132.0,64123,Yes,0,37,2022-06-22,0,Life event: Deceased
15861,2011-01-01,15861,Male,5,2006-05-10,9e-05,Single,0,,,No,,,Child,0.0,0,Yes,0,,NA,1,Created
15862,2011-01-01,15862,Male,38,1973-07-09,0.0009599999999999999,Married,3201,,2011-04-18,Yes,,,Entrepreneur without personnel,19656.0,335,Yes,3,,NA,1,Created
17234,2011-04-18,15862,Male,38,1973-07-09,0.0009599999999999999,Divorced,3201,,2011-04-18,Yes,,,Entrepreneur without personnel,19656.0,335,Yes,3,,NA,1,Life event: Divorced
15863,2011-01-01,15863,Female,26,1985-08-04,1.0,Married,3263,,2035-06-17,No,,,Permanent contract,68616.0,389797,Yes,2,37.0,2022-05-01,1,Created
17525,2011-06-17,15863,Female,26,1985-08-04,1.0,Married,3263,,2035-06-17,No,,,Permanent contract,68616.0,389797,Yes,2,37,2022-05-01,0,Life event: Deceased
15864,2011-01-01,15864,Female,1,2010-03-28,0.00033999999999999997,Single,0,,,Yes,28.0,2038-12-20,Child,0.0,0,Yes,0,36.0,2046-04-17,1,Created
15865,2011-01-01,15865,Male,48,1963-10-02,0.0021100000000000003,Single,0,,,No,,,Permanent contract,13579.0,17950,Yes,0,,NA,1,Created
15866,2011-01-01,15866,Female,19,1992-07-27,0.00014,Single,0,,,Yes,27.0,2019-09-21,Flexible contract,9544.0,151672,No,0,30.0,2022-04-05,1,Created
15867,2011-01-01,15867,Female,45,1966-02-15,0.00134,Married,3264,,2011-01-06,Yes,,,Permanent contract,14307.0,-2393,No,2,,NA,1,Created
16683,2011-01-06,15867,Female,45,1966-02-15,0.00134,Divorced,3264,,2011-01-06,Yes,,,Permanent contract,14307.0,-2393,No,2,,NA,1,Life event: Divorced
15868,2011-01-01,15868,Male,55,1956-10-06,0.00419,Married,3202,,2035-01-04,No,,,Permanent contract,27860.0,391195,Yes,2,,NA,1,Created
15869,2011-01-01,15869,Female,18,1993-12-09,0.00023999999999999998,Single,0,,,No,,,Flexible contract,68191.0,558510,Yes,0,39.0,2032-06-21,1,Created
15870,2011-01-01,15870,Male,73,1938-01-29,0.0262,Married,3203,,2011-10-22,No,,,Retired,21937.0,440,Yes,1,,NA,1,Created
18087,2011-10-22,15870,Male,74,1938-01-29,0.0262,Divorced,3203,,2011-10-22,No,,,Retired,21937.0,440,Yes,1,,NA,1,Life event: Divorced
15871,2011-01-01,15871,Male,18,1993-07-16,0.00032,Single,0,,,Yes,37.0,2030-04-03,Permanent contract,11309.0,3880328,Yes,0,,NA,1,Created
15872,2011-01-01,15872,Male,50,1961-01-05,0.00257,Single,0,,,No,,,Permanent contract,17453.0,18790,Yes,0,,NA,1,Created
15873,2011-01-01,15873,Male,40,1971-05-04,0.0009400000000000001,Married,3204,,2048-11-15,Yes,,,Flexible contract,3463.0,19789,No,1,,NA,1,Created
15874,2011-01-01,15874,Male,6,2005-08-28,5.9999999999999995e-05,Single,0,,,No,,,Child,0.0,0,No,0,,NA,1,Created
15875,2011-01-01,15875,Male,75,1936-09-01,0.033710000000000004,Widowed,0,,,Yes,,,Retired,5176.0,231,No,0,,NA,1,Created
15876,2011-01-01,15876,Female,21,1990-01-23,0.00016,Single,0,,,Yes,40.0,2030-08-16,Flexible contract,30854.0,150655,Yes,0,31.0,2021-12-11,1,Created
15877,2011-01-01,15877,Male,23,1988-07-28,0.00039,Single,0,,,Yes,29.0,2017-10-05,Permanent contract,25303.0,14351,Yes,0,,NA,1,Created
15878,2011-01-01,15878,Female,46,1965-09-15,0.00134,Married,3265,,2013-11-15,No,,,Entrepreneur without personnel,2666.0,13608,Yes,1,,NA,1,Created
15879,2011-01-01,15879,Female,78,1933-12-16,0.02817,Married,3266,,2023-08-25,Yes,,,Retired,37201.0,106656,Yes,1,,NA,1,Created
15880,2011-01-01,15880,Female,5,2006-10-17,4e-05,Single,0,,,Yes,42.0,2048-04-14,Child,0.0,0,Yes,0,39.0,2045-04-09,1,Created
15881,2011-01-01,15881,Male,3,2008-11-01,0.0002,Single,0,,,Yes,33.0,2041-05-10,Child,0.0,0,Yes,0,,NA,1,Created
15882,2011-01-01,15882,Male,70,1941-03-30,0.01932,Married,3205,,2030-12-20,No,,,Retired,11131.0,463817,No,1,,NA,1,Created
15883,2011-01-01,15883,Male,9,2002-05-23,0.00014,Single,0,,,Yes,42.0,2044-09-21,Child,0.0,0,No,0,,NA,1,Created
15884,2011-01-01,15884,Male,28,1983-03-29,0.00045,Married,3206,,2016-03-07,No,,,Entrepreneur without personnel,9014.0,2625,Yes,2,,NA,1,Created
15885,2011-01-01,15885,Female,18,1993-02-22,0.00023999999999999998,Single,0,,,Yes,35.0,2028-02-16,Permanent contract,19974.0,14488,Yes,0,28.0,2021-12-03,1,Created
15886,2011-01-01,15886,Male,74,1937-08-03,0.0295,Married,3207,,2025-05-24,No,,,Retired,2050.0,351,No,2,,NA,1,Created
15887,2011-01-01,15887,Female,20,1991-01-26,0.00018,Single,0,,,Yes,26.0,2017-12-28,Permanent contract,19046.0,44544,Yes,0,20.0,2011-08-07,1,Created
15888,2011-01-01,15888,Male,55,1956-09-04,0.00419,Single,0,,,No,,,Permanent contract,24982.0,2755,No,0,,NA,1,Created
15889,2011-01-01,15889,Male,51,1960-06-27,0.00301,Married,3208,,2057-01-08,No,,,Permanent contract,9770.0,-35646,No,2,,NA,1,Created
15890,2011-01-01,15890,Male,76,1935-02-09,0.0375,Married,3209,,2023-10-06,No,,,Retired,70569.0,473424,No,3,,NA,1,Created
15891,2011-01-01,15891,Female,54,1957-03-12,0.00313,Single,0,,,Yes,25.0,,Permanent contract,567.0,2336,No,0,,NA,1,Created
15892,2011-01-01,15892,Female,51,1960-08-27,0.0023899999999999998,Single,0,,,Yes,42.0,,Permanent contract,38255.0,40775,No,0,,NA,1,Created
15893,2011-01-01,15893,Male,22,1989-08-29,0.00041,Married,3210,,2023-03-28,No,,,Flexible contract,21695.0,-44621,No,2,,NA,1,Created
15894,2011-01-01,15894,Female,51,1960-08-23,0.0023899999999999998,Married,3267,,2022-07-20,Yes,,,Permanent contract,14020.0,875,No,2,,NA,1,Created
15895,2011-01-01,15895,Male,44,1967-02-07,0.0013599999999999999,Single,0,,,Yes,50.0,2017-04-02,Permanent contract,38321.0,665,No,0,,NA,1,Created
15896,2011-01-01,15896,Male,22,1989-04-21,0.00041,Single,0,,,No,,,Entrepreneur without personnel,10765.0,-4446,Yes,0,,NA,1,Created
15897,2011-01-01,15897,Female,21,1990-09-08,0.00016,Single,0,,,No,,,Permanent contract,11050.0,877161,No,0,27.0,2017-06-04,1,Created
15898,2011-01-01,15898,Male,31,1980-11-06,0.00041,Single,0,,,Yes,35.0,2015-03-14,Permanent contract,23585.0,122098,Yes,0,,NA,1,Created
15899,2011-01-01,15899,Male,80,1931-09-28,0.05987000000000001,Widowed,0,,,No,,,Retired,23784.0,59282,Yes,0,,NA,1,Created
15900,2011-01-01,15900,Female,61,1950-04-20,0.00562,Married,3268,,2017-05-20,Yes,,,Permanent contract,66652.0,4533462,Yes,2,,NA,1,Created
15901,2011-01-01,15901,Female,8,2003-10-31,2.9999999999999997e-05,Single,0,,,Yes,35.0,2038-05-28,Child,0.0,0,Yes,0,28.0,2031-08-05,1,Created
15902,2011-01-01,15902,Male,51,1960-09-02,0.00301,Divorced,0,,,Yes,,,Permanent contract,10135.0,290388,No,0,,NA,1,Created
15903,2011-01-01,15903,Male,53,1958-12-09,0.0033299999999999996,Single,0,,,No,,,Unemployed,27525.0,-37697,Yes,0,,NA,1,Created
15904,2011-01-01,15904,Male,22,1989-08-22,0.00041,Single,0,,,Yes,25.0,2014-06-16,Flexible contract,21612.0,41940,No,0,,NA,1,Created
15905,2011-01-01,15905,Male,3,2008-01-28,0.0002,Single,0,,,No,,,Child,0.0,0,No,0,,NA,1,Created
15906,2011-01-01,15906,Female,73,1938-11-20,0.01577,Widowed,0,,,No,,,Retired,31160.0,8522,No,0,,NA,1,Created
15907,2011-01-01,15907,Female,47,1964-02-13,0.00168,Married,3269,,2029-05-31,Yes,,,Permanent contract,25482.0,45927,No,2,,NA,1,Created
15908,2011-01-01,15908,Male,65,1946-05-16,0.01141,Married,3211,,2039-11-14,No,,,Permanent contract,3128.0,280727,Yes,1,,NA,1,Created
17370,2011-05-16,15908,Male,66,1946-05-16,0.01141,Married,3211,,2039-11-14,No,,,Retired,2189.6,280727,Yes,1,,NA,1,Life event: Retired
15909,2011-01-01,15909,Female,0,2011-03-18,0.0028899999999999998,Single,0,,,No,,,Child,0.0,0,Yes,0,31.0,2042-08-01,1,Created
15910,2011-01-01,15910,Female,21,1990-06-10,0.00016,Single,0,,,No,,,Permanent contract,1899.0,2940,No,0,28.0,2018-11-04,1,Created
15911,2011-01-01,15911,Male,0,2011-02-25,0.0036200000000000004,Single,0,,,No,,,Child,0.0,0,No,0,,NA,1,Created
15912,2011-01-01,15912,Male,24,1987-07-19,0.00047999999999999996,Single,0,,,Yes,32.0,2019-05-02,Permanent contract,13234.0,26327,No,0,,NA,1,Created
15913,2011-01-01,15913,Male,60,1951-01-19,0.006840000000000001,Married,3212,,2023-05-08,No,,,Flexible contract,82096.0,33900,No,1,,NA,1,Created
15914,2011-01-01,15914,Female,45,1966-05-31,0.00134,Married,3270,,2050-12-03,Yes,,,Flexible contract,17310.0,-3992,No,2,,NA,1,Created
15915,2011-01-01,15915,Male,27,1984-09-30,0.00044,Single,0,,,No,,,Permanent contract,51312.0,311270,No,0,,NA,1,Created
15916,2011-01-01,15916,Female,43,1968-03-21,0.0009699999999999999,Married,3271,,2012-11-30,Yes,,,Entrepreneur without personnel,33495.0,3673,No,1,,NA,1,Created
19283,2012-11-30,15916,Female,45,1968-03-21,0.0009699999999999999,Divorced,3271,,2012-11-30,Yes,,,Entrepreneur without personnel,33495.0,3673,No,1,,NA,1,Life event: Divorced
15917,2011-01-01,15917,Male,8,2003-09-02,9e-05,Single,0,,,Yes,59.0,2062-08-29,Child,0.0,0,Yes,0,,NA,1,Created
15918,2011-01-01,15918,Male,66,1945-08-25,0.01401,Widowed,0,,,Yes,,,Flexible contract,19668.0,42975,No,0,,NA,1,Created
17853,2011-08-25,15918,Male,67,1945-08-25,0.01401,Widowed,0,,,Yes,,,Retired,13767.599999999999,42975,No,0,,NA,1,Life event: Retired
15919,2011-01-01,15919,Male,38,1973-10-31,0.0009599999999999999,Single,0,,,Yes,31.0,,Permanent contract,308.0,8187,Yes,0,,NA,1,Created
15920,2011-01-01,15920,Female,0,2011-11-24,0.0028899999999999998,Single,0,,,No,,,Child,0.0,0,Yes,0,21.0,2032-10-01,1,Created
15921,2011-01-01,15921,Female,70,1941-06-09,0.01252,Married,3272,,2065-02-27,No,,,Retired,25907.0,175728,No,2,,NA,1,Created
15922,2011-01-01,15922,Male,30,1981-02-04,0.00055,Single,0,,,Yes,35.0,2016-10-24,Permanent contract,20223.0,361855,Yes,0,,NA,1,Created
15923,2011-01-01,15923,Male,54,1957-07-11,0.00404,Married,3213,,2050-09-11,No,,,Permanent contract,37623.0,5607,Yes,2,,NA,1,Created
15924,2011-01-01,15924,Female,43,1968-04-10,0.0009699999999999999,Married,3273,,2052-03-29,Yes,,,Permanent contract,8717.0,-48465,Yes,3,,NA,1,Created
15925,2011-01-01,15925,Female,73,1938-05-31,0.01577,Married,3274,,2017-04-18,Yes,,,Retired,33190.0,147745,No,2,,NA,1,Created
15926,2011-01-01,15926,Male,70,1941-08-24,0.01932,Married,3214,,2052-03-09,No,,,Retired,22909.0,165763,Yes,3,,NA,1,Created
15927,2011-01-01,15927,Male,7,2004-04-21,9e-05,Single,0,,,No,,,Child,0.0,0,No,0,,NA,1,Created
15928,2011-01-01,15928,Female,47,1964-03-05,0.00168,Single,0,,,Yes,28.0,,Permanent contract,3653.0,119215,Yes,0,,NA,1,Created
15929,2011-01-01,15929,Male,65,1946-12-30,0.01141,Married,3215,,2011-11-02,No,,,Permanent contract,48000.0,238591,No,1,,NA,1,Created
18127,2011-11-02,15929,Male,65,1946-12-30,0.01141,Divorced,3215,,2011-11-02,No,,,Permanent contract,48000.0,238591,No,1,,NA,1,Life event: Divorced
18384,2011-12-30,15929,Male,66,1946-12-30,0.01141,Divorced,3215,,2011-11-02,No,,,Retired,33600.0,238591,No,1,,NA,1,Life event: Retired
15930,2011-01-01,15930,Female,22,1989-06-20,0.00023999999999999998,Single,0,,,No,,,Entrepreneur without personnel,19890.0,32736,Yes,0,34.0,2023-05-09,1,Created
15931,2011-01-01,15931,Male,63,1948-02-27,0.00945,Married,3216,,2051-04-19,Yes,,,Entrepreneur without personnel,13274.0,-35489,No,2,,NA,1,Created
18558,2012-02-27,15931,Male,65,1948-02-27,0.00945,Married,3216,,2051-04-19,Yes,,,Retired,9291.8,-35489,No,2,,NA,1,Life event: Retired
15932,2011-01-01,15932,Female,3,2008-10-01,0.00013000000000000002,Single,0,,,No,,,Child,0.0,0,Yes,0,40.0,2048-05-17,1,Created
15933,2011-01-01,15933,Male,76,1935-08-17,0.0375,Married,3217,,2021-06-26,Yes,,,Retired,23659.0,1161,Yes,2,,NA,1,Created
15934,2011-01-01,15934,Male,43,1968-08-17,0.00103,Married,3218,,2059-10-14,No,,,Flexible contract,37012.0,-42663,Yes,2,,NA,1,Created
15935,2011-01-01,15935,Female,30,1981-11-11,0.00027,Single,0,,,Yes,22.0,,Permanent contract,17727.0,195496,No,0,41.0,2022-07-14,1,Created
15936,2011-01-01,15936,Female,48,1963-04-19,0.0018800000000000002,Divorced,0,,,No,,,Permanent contract,26082.0,-34357,No,0,,NA,1,Created
15937,2011-01-01,15937,Female,17,1994-07-13,0.0001,Single,0,,,Yes,26.0,2020-08-17,Child,0.0,0,No,0,22.0,2016-04-25,1,Created
17649,2011-07-13,15937,Female,18,1994-07-13,0.0001,Single,0,,,No,,,Flexible contract,28859.0,1348,No,0,22,2016-04-25,1,Life event: Adulthood
15938,2011-01-01,15938,Female,4,2007-05-27,5.9999999999999995e-05,Single,0,,,No,,,Child,0.0,0,No,0,26.0,2033-03-07,1,Created
15939,2011-01-01,15939,Female,63,1948-01-22,0.00672,Married,3275,,2032-08-19,No,,,Unemployed,7989.0,548318,No,1,,NA,1,Created
18462,2012-01-22,15939,Female,65,1948-01-22,0.00672,Married,3275,,2032-08-19,No,,,Retired,5592.299999999999,548318,No,1,,NA,1,Life event: Retired
19343,2012-12-21,15939,Female,65,1948-01-22,0.00672,Widowed,3275,,2032-08-19,No,,,Retired,5592.299999999999,548318,No,1,,NA,1,Life event: Widowed
15940,2011-01-01,15940,Male,1,2010-05-27,0.00056,Single,0,,,Yes,45.0,2055-04-14,Child,0.0,0,Yes,0,,NA,1,Created
15941,2011-01-01,15941,Male,53,1958-03-18,0.0033299999999999996,Married,3219,,2019-03-04,No,,,Flexible contract,32258.0,-25105,No,2,,NA,1,Created
15942,2011-01-01,15942,Male,20,1991-12-12,0.00045,Single,0,,,No,,,Permanent contract,17357.0,27624,Yes,0,,NA,1,Created
15943,2011-01-01,15943,Female,80,1931-07-29,0.03682,Widowed,0,,,Yes,,,Retired,59139.0,469,Yes,0,,NA,1,Created
15944,2011-01-01,15944,Female,6,2005-10-06,8e-05,Single,0,,,No,,,Child,0.0,0,No,0,41.0,2046-02-13,1,Created
15945,2011-01-01,15945,Female,19,1992-04-16,0.00014,Single,0,,,Yes,27.0,2019-11-04,Entrepreneur without personnel,2545.0,41185,No,0,35.0,2027-07-03,1,Created
15946,2011-01-01,15946,Female,23,1988-05-15,0.0001,Single,0,,,Yes,40.0,2028-03-31,Permanent contract,23748.0,55098,Yes,0,27.0,2015-04-02,1,Created
15947,2011-01-01,15947,Male,46,1965-12-29,0.00172,Single,0,,,No,,,Permanent contract,5936.0,-30460,No,0,,NA,1,Created
15948,2011-01-01,15948,Male,27,1984-05-05,0.00044,Single,0,,,No,,,Permanent contract,6005.0,723638,No,0,,NA,1,Created
15949,2011-01-01,15949,Female,56,1955-05-13,0.0041,Married,3276,,2020-12-08,No,,,Flexible contract,27570.0,37595,No,3,,NA,1,Created
17997,2011-10-02,15949,Female,57,1955-05-13,0.0041,Married,3276,,2020-12-08,No,,,Flexible contract,27570.0,37595,No,3,,NA,0,Life event: Deceased
15950,2011-01-01,15950,Female,44,1967-05-19,0.00107,Married,3277,,2042-10-01,No,,,Permanent contract,70068.0,-45934,Yes,2,,NA,1,Created
15951,2011-01-01,15951,Female,11,2000-12-15,7e-05,Single,0,,,Yes,27.0,2027-11-16,Child,0.0,0,Yes,0,30.0,2030-03-22,1,Created
15952,2011-01-01,15952,Female,48,1963-04-29,0.0018800000000000002,Married,3278,,2035-12-30,No,,,Permanent contract,5545.0,955249,Yes,2,,NA,1,Created
15953,2011-01-01,15953,Male,1,2010-12-19,0.00056,Single,0,,,No,,,Child,0.0,0,No,0,,NA,1,Created
15954,2011-01-01,15954,Female,67,1944-01-30,0.00974,Married,3279,,2059-09-09,No,,,Permanent contract,30483.0,-25445,No,2,,NA,1,Created
16821,2011-01-30,15954,Female,68,1944-01-30,0.00974,Married,3279,,2059-09-09,No,,,Retired,21338.1,-25445,No,2,,NA,1,Life event: Retired
15955,2011-01-01,15955,Female,56,1955-05-21,0.0041,Widowed,0,,,Yes,,,Permanent contract,9638.0,14865,No,0,,NA,1,Created
15956,2011-01-01,15956,Female,19,1992-03-21,0.00014,Single,0,,,No,,,Permanent contract,14316.0,228924,Yes,0,21.0,2013-07-29,1,Created
15957,2011-01-01,15957,Female,50,1961-11-16,0.00225,Single,0,,,No,,,Permanent contract,94.0,-47415,Yes,0,,NA,1,Created
15958,2011-01-01,15958,Male,24,1987-01-06,0.00047999999999999996,Single,0,,,No,,,Permanent contract,31581.0,423863,No,0,,NA,1,Created
15959,2011-01-01,15959,Female,14,1997-01-01,9e-05,Single,0,,,Yes,21.0,2018-10-17,Child,0.0,0,Yes,0,25.0,2022-10-05,1,Created
15960,2011-01-01,15960,Male,40,1971-05-01,0.0009400000000000001,Married,3220,,2037-04-17,No,,,Entrepreneur without personnel,31130.0,879865,No,2,,NA,1,Created
15961,2011-01-01,15961,Female,20,1991-12-31,0.00018,Single,0,,,No,,,Entrepreneur without personnel,5695.0,423047,Yes,0,33.0,2024-09-22,1,Created
15962,2011-01-01,15962,Female,36,1975-11-15,0.00049,Married,3280,,2023-03-05,No,,,Permanent contract,9674.0,-40409,Yes,2,,NA,1,Created
15963,2011-01-01,15963,Female,10,2001-03-17,0.0001,Single,0,,,No,,,Child,0.0,0,No,0,40.0,2041-11-06,1,Created
15964,2011-01-01,15964,Male,1,2010-11-07,0.00056,Single,0,,,Yes,25.0,2035-05-19,Child,0.0,0,Yes,0,,NA,1,Created
15965,2011-01-01,15965,Male,46,1965-02-20,0.00172,Married,3221,,2017-01-04,No,,,Flexible contract,14669.0,-14286,Yes,3,,NA,1,Created
15966,2011-01-01,15966,Male,1,2010-06-11,0.00056,Single,0,,,No,,,Child,0.0,0,Yes,0,,NA,1,Created
15967,2011-01-01,15967,Female,52,1959-12-31,0.00268,Married,3281,,2063-01-03,No,,,Entrepreneur without personnel,4021.0,415976,Yes,3,,NA,1,Created
15968,2011-01-01,15968,Male,13,1998-05-24,0.00014,Single,0,,,No,,,Child,0.0,0,Yes,0,,NA,1,Created
15969,2011-01-01,15969,Male,17,1994-05-26,0.00022999999999999998,Single,0,,,Yes,32.0,2026-06-10,Child,0.0,0,Yes,0,,NA,1,Created
17421,2011-05-26,15969,Male,18,1994-05-26,0.00022999999999999998,Single,0,,,No,,,Flexible contract,55694.0,107837,Yes,0,,NA,1,Life event: Adulthood
15970,2011-01-01,15970,Male,64,1947-04-14,0.01097,Married,3222,,2046-04-16,No,,,Permanent contract,8401.0,1303,Yes,1,,NA,1,Created
17211,2011-04-14,15970,Male,65,1947-04-14,0.01097,Married,3222,,2046-04-16,No,,,Retired,5880.7,1303,Yes,1,,NA,1,Life event: Retired
15971,2011-01-01,15971,Female,27,1984-06-29,0.00025,Single,0,,,Yes,39.0,2023-12-30,Flexible contract,9411.0,119163,No,0,31.0,2015-06-17,1,Created
15972,2011-01-01,15972,Female,44,1967-01-13,0.00107,Married,3282,,2024-08-14,Yes,,,Permanent contract,39918.0,880,Yes,1,,NA,1,Created
15973,2011-01-01,15973,Male,56,1955-04-21,0.0052,Single,0,,,Yes,35.0,,Flexible contract,83158.0,12480,Yes,0,,NA,1,Created
15974,2011-01-01,15974,Female,65,1946-05-31,0.007559999999999999,Married,3283,,2052-11-17,No,,,Permanent contract,27389.0,27285,No,3,,NA,1,Created
17440,2011-05-31,15974,Female,66,1946-05-31,0.007559999999999999,Married,3283,,2052-11-17,No,,,Retired,19172.3,27285,No,3,,NA,1,Life event: Retired
15975,2011-01-01,15975,Male,42,1969-10-17,0.00128,Single,0,,,Yes,33.0,,Permanent contract,35952.0,49958,No,0,,NA,1,Created
15976,2011-01-01,15976,Female,55,1956-04-14,0.00372,Married,3284,,2028-02-25,No,,,Flexible contract,9491.0,161934,Yes,1,,NA,1,Created
15977,2011-01-01,15977,Female,1,2010-09-11,0.00033999999999999997,Single,0,,,No,,,Child,0.0,0,No,0,29.0,2039-09-03,1,Created
15978,2011-01-01,15978,Male,73,1938-03-02,0.0262,Widowed,0,,,No,,,Retired,35505.0,3108,Yes,0,,NA,1,Created
15979,2011-01-01,15979,Female,63,1948-02-07,0.00672,Married,3285,,2037-03-04,Yes,,,Permanent contract,3064.0,-19151,No,1,,NA,1,Created
18505,2012-02-07,15979,Female,65,1948-02-07,0.00672,Married,3285,,2037-03-04,Yes,,,Retired,2144.7999999999997,-19151,No,1,,NA,1,Life event: Retired
15980,2011-01-01,15980,Female,72,1939-09-20,0.01411,Single,0,,,No,,,Retired,39094.0,74040,Yes,0,,NA,1,Created
15981,2011-01-01,15981,Male,6,2005-09-14,5.9999999999999995e-05,Single,0,,,Yes,55.0,2060-01-14,Child,0.0,0,No,0,,NA,1,Created
15982,2011-01-01,15982,Male,52,1959-08-30,0.00314,Single,0,,,No,,,Flexible contract,1121.0,-2531,Yes,0,,NA,1,Created
15983,2011-01-01,15983,Male,31,1980-01-28,0.00041,Single,0,,,Yes,37.0,2017-03-30,Permanent contract,8845.0,-45903,Yes,0,,NA,1,Created
15984,2011-01-01,15984,Female,8,2003-03-25,2.9999999999999997e-05,Single,0,,,No,,,Child,0.0,0,No,0,30.0,2033-07-07,1,Created
15985,2011-01-01,15985,Male,60,1951-08-23,0.006840000000000001,Single,0,,,No,,,Permanent contract,12796.0,4675870,Yes,0,,NA,1,Created
15986,2011-01-01,15986,Male,43,1968-04-05,0.00103,Married,3223,,2022-01-31,No,,,Permanent contract,7863.0,94891,Yes,1,,NA,1,Created
15987,2011-01-01,15987,Female,58,1953-01-06,0.00448,Married,3286,,2013-11-08,No,,,Permanent contract,16477.0,106673,Yes,1,,NA,1,Created
15988,2011-01-01,15988,Female,79,1932-05-07,0.03112,Widowed,0,,,Yes,,,Retired,1252.0,18475,Yes,0,,NA,1,Created
15989,2011-01-01,15989,Female,20,1991-04-04,0.00018,Single,0,,,Yes,34.0,2025-10-07,Permanent contract,66288.0,465,Yes,0,37.0,2028-03-11,1,Created
15990,2011-01-01,15990,Male,91,1920-08-27,0.18929,Widowed,0,,,No,,,Retired,38309.0,27079,Yes,0,,NA,1,Created
15991,2011-01-01,15991,Male,45,1966-03-02,0.0014199999999999998,Divorced,0,,,Yes,,,Flexible contract,15904.0,274748,No,0,,NA,1,Created
15992,2011-01-01,15992,Male,64,1947-07-13,0.01097,Widowed,0,,,No,,,Permanent contract,37634.0,354418,No,0,,NA,1,Created
17650,2011-07-13,15992,Male,65,1947-07-13,0.01097,Widowed,0,,,No,,,Retired,26343.8,354418,No,0,,NA,1,Life event: Retired
15993,2011-01-01,15993,Male,74,1937-03-21,0.0295,Married,3224,,2050-11-03,No,,,Retired,8220.0,430119,Yes,2,,NA,1,Created
15994,2011-01-01,15994,Male,29,1982-12-10,0.0005200000000000001,Single,0,,,No,,,Permanent contract,37508.0,-27552,Yes,0,,NA,1,Created
15995,2011-01-01,15995,Male,22,1989-01-09,0.00041,Single,0,,,No,,,Permanent contract,13827.0,-32880,Yes,0,,NA,1,Created
15996,2011-01-01,15996,Female,66,1945-09-12,0.009040000000000001,Married,3287,,2025-04-01,Yes,,,Permanent contract,13537.0,-49177,No,2,,NA,1,Created
17916,2011-09-12,15996,Female,67,1945-09-12,0.009040000000000001,Married,3287,,2025-04-01,Yes,,,Retired,9475.9,-49177,No,2,,NA,1,Life event: Retired
15997,2011-01-01,15997,Male,65,1946-07-17,0.01141,Married,3225,,2017-02-26,Yes,,,Permanent contract,19459.0,-39383,Yes,3,,NA,1,Created
17665,2011-07-17,15997,Male,66,1946-07-17,0.01141,Married,3225,,2017-02-26,Yes,,,Retired,13621.3,-39383,Yes,3,,NA,1,Life event: Retired
15998,2011-01-01,15998,Female,45,1966-12-16,0.00134,Married,3288,,2011-04-05,Yes,,,Permanent contract,61740.0,3016,Yes,3,,NA,1,Created
17179,2011-04-05,15998,Female,45,1966-12-16,0.00134,Divorced,3288,,2011-04-05,Yes,,,Permanent contract,61740.0,3016,Yes,3,,NA,1,Life event: Divorced
15999,2011-01-01,15999,Male,50,1961-04-08,0.00257,Married,3226,,2026-03-18,Yes,,,Permanent contract,3405.0,3409262,Yes,1,,NA,1,Created
16000,2011-01-01,16000,Male,49,1962-04-23,0.00242,Married,3227,,2030-04-06,Yes,,,Entrepreneur with personel,31183.0,207413,Yes,2,,NA,1,Created
18493,2012-02-03,16000,Male,50,1962-04-23,0.00242,Widowed,3227,,2030-04-06,Yes,,,Entrepreneur with personel,31183.0,207413,Yes,2,,NA,1,Life event: Widowed
16001,2011-01-01,16001,Female,16,1995-06-11,8e-05,Single,0,,,No,,,Child,0.0,0,Yes,0,33.0,2028-04-24,1,Created
18832,2012-06-11,16001,Female,18,1995-06-11,8e-05,Single,0,,,No,,,Permanent contract,20607.0,367048,Yes,0,33,2028-04-24,1,Life event: Adulthood
16002,2011-01-01,16002,Female,45,1966-07-06,0.00134,Married,3289,,2057-08-27,No,,,Permanent contract,6740.0,765951,Yes,1,,NA,1,Created
16003,2011-01-01,16003,Male,59,1952-04-02,0.00717,Married,3228,,2035-10-29,No,,,Permanent contract,40573.0,-544,No,2,,NA,1,Created
16004,2011-01-01,16004,Female,23,1988-10-22,0.0001,Single,0,,,No,,,Permanent contract,21235.0,204,No,0,31.0,2019-01-03,1,Created
16005,2011-01-01,16005,Female,94,1917-03-03,0.20800000000000002,Widowed,0,,,No,,,Retired,26084.0,4955,No,0,,NA,1,Created
18762,2012-05-18,16005,Female,96,1917-03-03,0.20800000000000002,Widowed,0,,,No,,,Retired,26084.0,4955,No,0,,NA,0,Life event: Deceased
16006,2011-01-01,16006,Female,77,1934-09-03,0.0259,Widowed,0,,,Yes,,,Retired,1717.0,5730,Yes,0,,NA,1,Created
16007,2011-01-01,16007,Male,27,1984-07-11,0.00044,Married,3229,,2039-12-14,Yes,,,Entrepreneur without personnel,21447.0,-36761,Yes,1,,NA,1,Created
16008,2011-01-01,16008,Female,43,1968-08-27,0.0009699999999999999,Married,3290,,2011-12-23,Yes,,,Permanent contract,816.0,226,Yes,1,,NA,1,Created
18349,2011-12-23,16008,Female,44,1968-08-27,0.0009699999999999999,Divorced,3290,,2011-12-23,Yes,,,Permanent contract,816.0,226,Yes,1,,NA,1,Life event: Divorced
16009,2011-01-01,16009,Female,25,1986-07-18,0.00022999999999999998,Single,0,,,Yes,60.0,2046-09-16,Permanent contract,36481.0,32031,No,0,30.0,2016-10-29,1,Created
16010,2011-01-01,16010,Male,63,1948-06-24,0.00945,Married,3230,,2054-03-28,Yes,,,Permanent contract,13260.0,-36590,No,2,,NA,1,Created
18883,2012-06-24,16010,Male,65,1948-06-24,0.00945,Married,3230,,2054-03-28,Yes,,,Retired,9282.0,-36590,No,2,,NA,1,Life event: Retired
16011,2011-01-01,16011,Female,42,1969-01-19,0.001,Married,3291,,2024-01-09,Yes,,,Permanent contract,186333.0,287681,No,3,,NA,1,Created
16012,2011-01-01,16012,Male,58,1953-03-20,0.00603,Married,3231,,2037-06-26,Yes,,,Entrepreneur with personel,377.0,259771,No,1,,NA,1,Created
16013,2011-01-01,16013,Male,7,2004-09-19,9e-05,Single,0,,,Yes,32.0,2036-06-16,Child,0.0,0,Yes,0,,NA,1,Created
16014,2011-01-01,16014,Male,27,1984-07-24,0.00044,Single,0,,,Yes,45.0,2029-11-13,Permanent contract,961.0,81101,Yes,0,,NA,1,Created
16015,2011-01-01,16015,Male,13,1998-07-21,0.00014,Single,0,,,No,,,Child,0.0,0,No,0,,NA,1,Created
16016,2011-01-01,16016,Male,22,1989-11-08,0.00041,Single,0,,,No,,,Permanent contract,36370.0,213636,Yes,0,,NA,1,Created
16017,2011-01-01,16017,Male,77,1934-04-05,0.0418,Married,3232,,2049-12-28,Yes,,,Retired,12977.0,27868,Yes,1,,NA,1,Created
16018,2011-01-01,16018,Male,31,1980-11-17,0.00041,Single,0,,,No,,,Permanent contract,45413.0,358032,Yes,0,,NA,1,Created
16019,2011-01-01,16019,Female,16,1995-01-04,8e-05,Single,0,,,No,,,Child,0.0,0,Yes,0,33.0,2028-01-22,1,Created
18402,2012-01-04,16019,Female,18,1995-01-04,8e-05,Single,0,,,Yes,28,2022-10-12,Entrepreneur without personnel,94791.0,4043,Yes,0,33,2028-01-22,1,Life event: Adulthood
16020,2011-01-01,16020,Male,59,1952-06-23,0.00717,Single,0,,,No,,,Permanent contract,14233.0,3315,Yes,0,,NA,1,Created
16021,2011-01-01,16021,Male,40,1971-02-25,0.0009400000000000001,Married,3233,,2048-07-30,No,,,Flexible contract,6966.0,808,No,3,,NA,1,Created
16022,2011-01-01,16022,Male,49,1962-01-15,0.00242,Divorced,0,,,Yes,,,Permanent contract,13194.0,254570,No,0,,NA,1,Created
16023,2011-01-01,16023,Female,55,1956-11-14,0.00372,Married,3292,,2053-04-02,Yes,,,Permanent contract,24920.0,48455,Yes,1,,NA,1,Created
16024,2011-01-01,16024,Male,70,1941-11-25,0.01932,Married,3234,,2042-04-17,Yes,,,Retired,33849.0,7305,Yes,1,,NA,1,Created
16025,2011-01-01,16025,Male,63,1948-04-06,0.00945,Married,3235,,2012-01-13,No,,,Permanent contract,74121.0,2852,Yes,1,,NA,1,Created
18423,2012-01-13,16025,Male,64,1948-04-06,0.00945,Divorced,3235,,2012-01-13,No,,,Permanent contract,74121.0,2852,Yes,1,,NA,1,Life event: Divorced
18650,2012-04-06,16025,Male,65,1948-04-06,0.00945,Divorced,3235,,2012-01-13,No,,,Retired,51884.7,2852,Yes,1,,NA,1,Life event: Retired
16026,2011-01-01,16026,Male,54,1957-02-14,0.00404,Married,3236,,2051-07-06,No,,,Permanent contract,11948.0,560,No,1,,NA,1,Created
16027,2011-01-01,16027,Female,28,1983-03-06,0.00025,Single,0,,,No,,,Permanent contract,10994.0,834,Yes,0,35.0,2018-09-05,1,Created
16028,2011-01-01,16028,Male,32,1979-06-16,0.00059,Married,3237,,2020-04-23,Yes,,,Permanent contract,76171.0,19390,Yes,2,,NA,1,Created
16029,2011-01-01,16029,Male,47,1964-11-04,0.00186,Married,3238,,2041-11-22,No,,,Permanent contract,13704.0,22023,Yes,2,,NA,1,Created
16030,2011-01-01,16030,Female,4,2007-01-28,5.9999999999999995e-05,Single,0,,,Yes,27.0,2034-02-16,Child,0.0,0,Yes,0,36.0,2043-08-01,1,Created
16031,2011-01-01,16031,Male,1,2010-08-03,0.00056,Single,0,,,Yes,50.0,2060-02-01,Child,0.0,0,No,0,,NA,1,Created
16032,2011-01-01,16032,Male,18,1993-06-05,0.00032,Single,0,,,No,,,Permanent contract,26872.0,315105,No,0,,NA,1,Created
16033,2011-01-01,16033,Male,30,1981-01-26,0.00055,Single,0,,,No,,,Permanent contract,12931.0,1505,No,0,,NA,1,Created
16034,2011-01-01,16034,Male,39,1972-11-30,0.0008699999999999999,Single,0,,,No,,,Permanent contract,31871.0,8607,No,0,,NA,1,Created
16035,2011-01-01,16035,Female,43,1968-02-26,0.0009699999999999999,Married,3293,,2031-07-18,No,,,Permanent contract,32253.0,-238,Yes,1,,NA,1,Created
16036,2011-01-01,16036,Male,20,1991-06-19,0.00045,Single,0,,,Yes,46.0,2037-12-18,Flexible contract,32450.0,151522,Yes,0,,NA,1,Created
16037,2011-01-01,16037,Male,40,1971-08-01,0.0009400000000000001,Married,3239,,2038-11-03,Yes,,,Permanent contract,2838.0,3797,Yes,2,,NA,1,Created
16038,2011-01-01,16038,Female,41,1970-07-28,0.0007700000000000001,Single,0,,,Yes,24.0,,Unemployed,1367.0,25974,No,0,,NA,1,Created
16039,2011-01-01,16039,Male,62,1949-10-25,0.008409999999999999,Married,3240,,2048-01-09,No,,,Entrepreneur with personel,47318.0,3920,No,2,,NA,1,Created
16040,2011-01-01,16040,Female,9,2002-02-11,2.9999999999999997e-05,Single,0,,,Yes,25.0,2027-06-20,Child,0.0,0,No,0,34.0,2036-11-30,1,Created
16041,2011-01-01,16041,Male,61,1950-05-29,0.00747,Divorced,0,,,No,,,Entrepreneur with personel,30475.0,-21934,Yes,0,,NA,1,Created
16042,2011-01-01,16042,Female,57,1954-09-03,0.00387,Divorced,0,,,Yes,,,Permanent contract,49484.0,457014,No,0,,NA,1,Created
16043,2011-01-01,16043,Male,72,1939-10-27,0.02384,Divorced,0,,,No,,,Retired,5965.0,4994,Yes,0,,NA,1,Created
16044,2011-01-01,16044,Male,64,1947-03-12,0.01097,Married,3241,,2053-09-11,Yes,,,Flexible contract,31918.0,438058,No,3,,NA,1,Created
17052,2011-03-12,16044,Male,65,1947-03-12,0.01097,Married,3241,,2053-09-11,Yes,,,Retired,22342.6,438058,No,3,,NA,1,Life event: Retired
16045,2011-01-01,16045,Male,28,1983-04-22,0.00045,Married,3242,,2047-07-14,No,,,Permanent contract,46243.0,210919,Yes,2,,NA,1,Created
16046,2011-01-01,16046,Male,38,1973-05-27,0.0009599999999999999,Single,0,,,Yes,23.0,,Permanent contract,1588.0,230737,No,0,,NA,1,Created
16047,2011-01-01,16047,Male,5,2006-07-08,9e-05,Single,0,,,No,,,Child,0.0,0,Yes,0,,NA,1,Created
16048,2011-01-01,16048,Female,46,1965-07-24,0.00134,Married,3294,,2030-06-27,Yes,,,Entrepreneur without personnel,9698.0,796017,No,1,,NA,1,Created
16049,2011-01-01,16049,Male,55,1956-12-29,0.00419,Married,3243,,2065-11-26,No,,,Permanent contract,4985.0,594,Yes,2,,NA,1,Created
16050,2011-01-01,16050,Female,45,1966-03-26,0.00134,Married,3295,,2023-12-13,Yes,,,Family business,22052.0,364505,Yes,1,,NA,1,Created
16051,2011-01-01,16051,Female,34,1977-04-04,0.00037,Single,0,,,No,,,Entrepreneur without personnel,47021.0,-537,Yes,0,,NA,1,Created
16052,2011-01-01,16052,Male,44,1967-06-04,0.0013599999999999999,Married,3244,,2056-01-15,No,,,Permanent contract,38473.0,4455,No,2,,NA,1,Created
16053,2011-01-01,16053,Male,9,2002-05-04,0.00014,Single,0,,,Yes,28.0,2030-05-04,Child,0.0,0,No,0,,NA,1,Created
16054,2011-01-01,16054,Female,57,1954-11-19,0.00387,Married,3296,,2039-02-20,Yes,,,Permanent contract,39310.0,46910,No,1,,NA,1,Created
18643,2012-04-03,16054,Female,58,1954-11-19,0.00387,Married,3296,,2039-02-20,Yes,,,Permanent contract,39310.0,46910,No,1,,NA,0,Life event: Deceased
16055,2011-01-01,16055,Female,29,1982-11-15,0.00032,Single,0,,,No,,,Flexible contract,30615.0,-35977,No,0,47.0,2029-10-30,1,Created
16056,2011-01-01,16056,Female,77,1934-07-14,0.0259,Married,3297,,2020-05-14,No,,,Retired,24386.0,18324,No,2,,NA,1,Created
16057,2011-01-01,16057,Male,28,1983-12-29,0.00045,Single,0,,,No,,,Permanent contract,506.0,-12644,Yes,0,,NA,1,Created
16058,2011-01-01,16058,Male,74,1937-04-15,0.0295,Married,3245,,2048-08-28,No,,,Retired,13293.0,13667,Yes,2,,NA,1,Created
16059,2011-01-01,16059,Male,39,1972-08-10,0.0008699999999999999,Single,0,,,Yes,30.0,,Permanent contract,14802.0,-38310,Yes,0,,NA,1,Created
16060,2011-01-01,16060,Female,45,1966-12-10,0.00134,Married,3298,,2025-06-30,Yes,,,Permanent contract,18100.0,902270,No,1,,NA,1,Created
16061,2011-01-01,16061,Female,14,1997-05-01,9e-05,Single,0,,,Yes,39.0,2036-09-21,Child,0.0,0,No,0,38.0,2035-04-22,1,Created
16062,2011-01-01,16062,Female,79,1932-07-28,0.03112,Widowed,0,,,Yes,,,Retired,19362.0,113259,No,0,,NA,1,Created
16063,2011-01-01,16063,Female,48,1963-03-19,0.0018800000000000002,Married,3299,,2035-06-08,No,,,Flexible contract,353.0,39610,Yes,1,,NA,1,Created
16064,2011-01-01,16064,Male,56,1955-08-03,0.0052,Single,0,,,Yes,45.0,,Permanent contract,28980.0,222734,No,0,,NA,1,Created
16065,2011-01-01,16065,Male,39,1972-04-07,0.0008699999999999999,Single,0,,,No,,,Unemployed,172199.0,4307,Yes,0,,NA,1,Created
16066,2011-01-01,16066,Female,46,1965-09-06,0.00134,Married,3300,,2017-08-10,No,,,Entrepreneur without personnel,11598.0,4709,Yes,2,,NA,1,Created
16067,2011-01-01,16067,Female,25,1986-03-07,0.00022999999999999998,Single,0,,,No,,,Permanent contract,27681.0,427255,No,0,26.0,2012-11-25,1,Created
16068,2011-01-01,16068,Male,61,1950-08-01,0.00747,Married,3246,,2013-09-30,Yes,,,Permanent contract,172558.0,-33323,No,2,,NA,1,Created
16069,2011-01-01,16069,Female,58,1953-10-21,0.00448,Married,3301,,2025-09-13,Yes,,,Flexible contract,86469.0,-20316,Yes,2,,NA,1,Created
16070,2011-01-01,16070,Female,48,1963-08-04,0.0018800000000000002,Married,3302,,2045-07-19,No,,,Permanent contract,79121.0,-68,Yes,1,,NA,1,Created
16071,2011-01-01,16071,Female,36,1975-06-15,0.00049,Single,0,,,Yes,41.0,2016-07-20,Entrepreneur without personnel,32521.0,156882,Yes,0,37.0,2012-10-15,1,Created
16072,2011-01-01,16072,Male,32,1979-03-20,0.00059,Married,3247,,2038-10-14,No,,,Permanent contract,27939.0,116853,No,1,,NA,1,Created
16073,2011-01-01,16073,Female,67,1944-06-02,0.00974,Married,3303,,2013-07-29,No,,,Permanent contract,16951.0,18522,Yes,1,,NA,1,Created
17450,2011-06-02,16073,Female,68,1944-06-02,0.00974,Married,3303,,2013-07-29,No,,,Retired,11865.699999999999,18522,Yes,1,,NA,1,Life event: Retired
16074,2011-01-01,16074,Female,21,1990-09-19,0.00016,Single,0,,,No,,,Permanent contract,10187.0,198440,No,0,23.0,2013-11-18,1,Created
16075,2011-01-01,16075,Female,18,1993-05-28,0.00023999999999999998,Single,0,,,Yes,39.0,2032-04-24,Flexible contract,5114.0,27251,Yes,0,29.0,2022-12-10,1,Created
16076,2011-01-01,16076,Male,34,1977-07-25,0.00067,Single,0,,,No,,,Permanent contract,33022.0,581,No,0,,NA,1,Created
16077,2011-01-01,16077,Male,43,1968-12-04,0.00103,Married,3248,,2067-01-10,No,,,Permanent contract,29818.0,239888,Yes,1,,NA,1,Created
16078,2011-01-01,16078,Male,27,1984-07-23,0.00044,Single,0,,,Yes,25.0,,Permanent contract,35257.0,-12109,Yes,0,,NA,1,Created
16079,2011-01-01,16079,Male,73,1938-05-24,0.0262,Widowed,0,,,Yes,,,Retired,32206.0,33369,Yes,0,,NA,1,Created
16080,2011-01-01,16080,Female,30,1981-08-15,0.00027,Single,0,,,No,,,Permanent contract,28713.0,121705,No,0,30.0,2011-06-30,1,Created
16081,2011-01-01,16081,Female,3,2008-08-26,0.00013000000000000002,Single,0,,,No,,,Child,0.0,0,Yes,0,32.0,2040-11-28,1,Created
16082,2011-01-01,16082,Female,28,1983-11-24,0.00025,Single,0,,,No,,,Permanent contract,11483.0,12180,Yes,0,33.0,2016-10-04,1,Created
16083,2011-01-01,16083,Female,53,1958-06-13,0.00312,Divorced,0,,,Yes,,,Permanent contract,44642.0,184535,Yes,0,,NA,1,Created
16084,2011-01-01,16084,Male,25,1986-03-24,0.00033999999999999997,Single,0,,,Yes,34.0,2020-03-31,Permanent contract,18752.0,98294,No,0,,NA,1,Created
16085,2011-01-01,16085,Male,52,1959-11-10,0.00314,Married,3249,,2061-10-21,No,,,Permanent contract,6486.0,163867,Yes,2,,NA,1,Created
16086,2011-01-01,16086,Female,63,1948-05-22,0.00672,Married,3304,,2035-08-08,No,,,Permanent contract,49159.0,944,No,1,,NA,1,Created
18775,2012-05-22,16086,Female,65,1948-05-22,0.00672,Married,3304,,2035-08-08,No,,,Retired,34411.299999999996,944,No,1,,NA,1,Life event: Retired
16087,2011-01-01,16087,Male,40,1971-10-29,0.0009400000000000001,Married,3250,,2057-02-19,No,,,Entrepreneur without personnel,97336.0,868,No,2,,NA,1,Created
16088,2011-01-01,16088,Male,5,2006-04-22,9e-05,Single,0,,,Yes,42.0,2048-05-20,Child,0.0,0,No,0,,NA,1,Created
16089,2011-01-01,16089,Female,30,1981-05-18,0.00027,Married,3305,,2015-12-16,No,,,Permanent contract,49343.0,13906,Yes,1,35.0,2016-10-04,1,Created
16090,2011-01-01,16090,Female,26,1985-12-09,1.0,Single,0,,,Yes,64.0,2049-08-06,Permanent contract,7081.0,7772,No,0,27.0,2012-04-17,1,Created
17532,2011-06-18,16090,Female,26,1985-12-09,1.0,Single,0,,,Yes,64,2049-08-06,Permanent contract,7081.0,7772,No,0,27,2012-04-17,0,Life event: Deceased
16091,2011-01-01,16091,Female,60,1951-05-04,0.00541,Single,0,,,Yes,27.0,,Permanent contract,2801.0,13,No,0,,NA,1,Created
16092,2011-01-01,16092,Male,10,2001-08-27,0.00011999999999999999,Single,0,,,No,,,Child,0.0,0,No,0,,NA,1,Created
16093,2011-01-01,16093,Male,80,1931-10-02,0.05987000000000001,Divorced,0,,,No,,,Retired,28274.0,3759,Yes,0,,NA,1,Created
16094,2011-01-01,16094,Female,11,2000-11-14,7e-05,Single,0,,,Yes,37.0,2037-02-17,Child,0.0,0,Yes,0,31.0,2031-12-31,1,Created
16095,2011-01-01,16095,Male,34,1977-04-13,0.00067,Married,3251,,2057-08-13,No,,,Flexible contract,62666.0,93552,Yes,1,,NA,1,Created
16096,2011-01-01,16096,Female,69,1942-06-15,0.0108,Married,3306,,2029-03-23,Yes,,,Retired,26908.0,88,No,1,,NA,1,Created
16097,2011-01-01,16097,Male,11,2000-11-15,9e-05,Single,0,,,Yes,50.0,2050-06-01,Child,0.0,0,Yes,0,,NA,1,Created
16098,2011-01-01,16098,Female,55,1956-05-06,0.00372,Married,3307,,2016-06-19,No,,,Permanent contract,31258.0,-1622,Yes,1,,NA,1,Created
16099,2011-01-01,16099,Female,25,1986-07-14,0.00022999999999999998,Single,0,,,Yes,54.0,2040-07-15,Permanent contract,18406.0,201811,Yes,0,30.0,2016-04-26,1,Created
16100,2011-01-01,16100,Female,9,2002-09-18,2.9999999999999997e-05,Single,0,,,No,,,Child,0.0,0,Yes,0,27.0,2029-11-24,1,Created
16101,2011-01-01,16101,Female,38,1973-03-16,0.00063,Married,3308,,2013-08-06,No,,,Permanent contract,186272.0,42005,No,1,,NA,1,Created
16102,2011-01-01,16102,Female,56,1955-11-12,0.0041,Married,3309,,2066-02-14,Yes,,,Entrepreneur without personnel,16838.0,6960,Yes,2,,NA,1,Created
16103,2011-01-01,16103,Male,49,1962-07-09,0.00242,Married,3252,,2020-09-06,Yes,,,Permanent contract,96235.0,460378,Yes,3,,NA,1,Created
16104,2011-01-01,16104,Male,73,1938-05-27,0.0262,Widowed,0,,,Yes,,,Retired,26848.0,765761,No,0,,NA,1,Created
16105,2011-01-01,16105,Male,9,2002-09-09,0.00014,Single,0,,,No,,,Child,0.0,0,Yes,0,,NA,1,Created
16106,2011-01-01,16106,Female,31,1980-09-30,0.00029,Married,3310,,2023-04-15,Yes,,,Permanent contract,34812.0,-11361,Yes,1,,NA,1,Created
16107,2011-01-01,16107,Male,37,1974-07-11,0.00082,Single,0,,,No,,,Entrepreneur without personnel,5012.0,-37845,No,0,,NA,1,Created
16108,2011-01-01,16108,Female,30,1981-08-31,0.00027,Married,3311,,2022-08-30,Yes,,,Permanent contract,1058.0,188017,No,2,39.0,2020-08-30,1,Created
16109,2011-01-01,16109,Female,12,1999-11-07,5e-05,Single,0,,,No,,,Child,0.0,0,Yes,0,27.0,2026-07-26,1,Created
16110,2011-01-01,16110,Female,66,1945-05-06,0.009040000000000001,Married,3312,,2052-03-05,No,,,Permanent contract,32284.0,238403,Yes,1,,NA,1,Created
17314,2011-05-06,16110,Female,67,1945-05-06,0.009040000000000001,Married,3312,,2052-03-05,No,,,Retired,22598.8,238403,Yes,1,,NA,1,Life event: Retired
16111,2011-01-01,16111,Female,46,1965-01-31,0.00134,Married,3313,,2028-05-13,No,,,Entrepreneur with personel,10761.0,-39264,Yes,1,,NA,1,Created
16112,2011-01-01,16112,Male,10,2001-09-02,0.00011999999999999999,Single,0,,,Yes,21.0,2022-10-12,Child,0.0,0,No,0,,NA,1,Created
16113,2011-01-01,16113,Female,46,1965-01-07,0.00134,Single,0,,,No,,,Permanent contract,6942.0,27162,Yes,0,,NA,1,Created
16114,2011-01-01,16114,Male,43,1968-01-06,0.00103,Married,3253,,2046-07-20,Yes,,,Permanent contract,37938.0,239119,Yes,1,,NA,1,Created
16115,2011-01-01,16115,Female,64,1947-12-19,0.00713,Single,0,,,No,,,Flexible contract,2118.0,13568,No,0,,NA,1,Created
18322,2011-12-19,16115,Female,65,1947-12-19,0.00713,Single,0,,,No,,,Retired,1482.6,13568,No,0,,NA,1,Life event: Retired
16116,2011-01-01,16116,Female,14,1997-04-25,9e-05,Single,0,,,No,,,Child,0.0,0,Yes,0,31.0,2028-05-24,1,Created
16117,2011-01-01,16117,Female,52,1959-11-23,0.00268,Married,3314,,2034-10-19,Yes,,,Flexible contract,79204.0,3947,Yes,1,,NA,1,Created
16118,2011-01-01,16118,Male,52,1959-10-19,0.00314,Single,0,,,No,,,Flexible contract,29071.0,995,Yes,0,,NA,1,Created
16119,2011-01-01,16119,Female,51,1960-06-22,0.0023899999999999998,Married,3315,,2041-01-17,Yes,,,Flexible contract,4879.0,5815,Yes,2,,NA,1,Created
16120,2011-01-01,16120,Male,20,1991-05-06,0.00045,Single,0,,,No,,,Permanent contract,89025.0,4136091,Yes,0,,NA,1,Created
16121,2011-01-01,16121,Female,33,1978-07-07,0.00035,Married,3316,,2063-11-04,No,,,Entrepreneur with personel,745.0,-1151,No,2,,NA,1,Created
16122,2011-01-01,16122,Female,43,1968-08-25,0.0009699999999999999,Married,3317,,2027-10-29,No,,,Flexible contract,45469.0,2350,Yes,1,,NA,1,Created
16123,2011-01-01,16123,Female,61,1950-07-21,0.00562,Divorced,0,,,Yes,,,Permanent contract,128534.0,56923,Yes,0,,NA,1,Created
16124,2011-01-01,16124,Female,46,1965-02-16,0.00134,Married,3318,,2049-10-28,Yes,,,Permanent contract,11114.0,49485,No,2,,NA,1,Created
16125,2011-01-01,16125,Male,45,1966-09-16,0.0014199999999999998,Single,0,,,No,,,Entrepreneur without personnel,156.0,2393,Yes,0,,NA,1,Created
16126,2011-01-01,16126,Female,19,1992-05-11,0.00014,Single,0,,,No,,,Entrepreneur without personnel,2601.0,290945,No,0,34.0,2026-06-04,1,Created
16127,2011-01-01,16127,Female,103,1908-08-24,1.0,Widowed,0,,,No,,,Retired,77082.0,131659,Yes,0,,NA,1,Created
16885,2011-02-10,16127,Female,103,1908-08-24,1.0,Widowed,0,,,No,,,Retired,77082.0,131659,Yes,0,,NA,0,Life event: Deceased
16128,2011-01-01,16128,Male,61,1950-05-04,0.00747,Married,3254,,2060-03-25,No,,,Permanent contract,18898.0,4384,No,1,,NA,1,Created
16129,2011-01-01,16129,Male,57,1954-10-28,0.00572,Divorced,0,,,Yes,,,Permanent contract,5247.0,-14934,No,0,,NA,1,Created
16130,2011-01-01,16130,Male,11,2000-08-18,9e-05,Single,0,,,No,,,Child,0.0,0,No,0,,NA,1,Created
16131,2011-01-01,16131,Male,66,1945-02-24,0.01401,Married,3255,,2026-11-03,Yes,,,Permanent contract,30345.0,7128,Yes,3,,NA,1,Created
16973,2011-02-24,16131,Male,67,1945-02-24,0.01401,Married,3255,,2026-11-03,Yes,,,Retired,21241.5,7128,Yes,3,,NA,1,Life event: Retired
16132,2011-01-01,16132,Female,32,1979-05-06,0.00041,Single,0,,,No,,,Permanent contract,71717.0,-44323,Yes,0,,NA,1,Created
16133,2011-01-01,16133,Female,61,1950-10-07,0.00562,Single,0,,,Yes,28.0,,Permanent contract,11295.0,-13893,No,0,,NA,1,Created
16134,2011-01-01,16134,Female,6,2005-02-03,8e-05,Single,0,,,Yes,43.0,2048-02-23,Child,0.0,0,Yes,0,19.0,2024-11-08,1,Created
16135,2011-01-01,16135,Male,19,1992-03-16,0.00033,Single,0,,,Yes,36.0,2028-08-31,Entrepreneur without personnel,31765.0,4824118,No,0,,NA,1,Created
16136,2011-01-01,16136,Female,54,1957-01-07,0.00313,Divorced,0,,,Yes,,,Permanent contract,6025.0,42884,Yes,0,,NA,1,Created
16137,2011-01-01,16137,Female,24,1987-10-18,0.00018999999999999998,Single,0,,,No,,,Unemployed,71220.0,249649,Yes,0,32.0,2019-12-29,1,Created
16138,2011-01-01,16138,Female,33,1978-04-25,0.00035,Married,3319,,2033-07-19,Yes,,,Permanent contract,18194.0,348194,No,1,39.0,2017-01-19,1,Created
16139,2011-01-01,16139,Female,45,1966-06-30,0.00134,Divorced,0,,,Yes,,,Permanent contract,2640.0,452360,Yes,0,,NA,1,Created
16140,2011-01-01,16140,Male,40,1971-09-30,0.0009400000000000001,Married,3256,,2037-12-19,No,,,Permanent contract,47654.0,104744,No,1,,NA,1,Created
16141,2011-01-01,16141,Female,62,1949-01-08,0.0057399999999999994,Married,3320,,2013-02-10,Yes,,,Entrepreneur with personel,78968.0,3652,Yes,1,,NA,1,Created
16142,2011-01-01,16142,Female,62,1949-08-16,0.0057399999999999994,Married,3321,,2040-12-10,No,,,Permanent contract,92399.0,-16439,No,1,,NA,1,Created
16143,2011-01-01,16143,Female,89,1922-07-24,0.11775999999999999,Divorced,0,,,Yes,,,Retired,16869.0,3026,Yes,0,,NA,1,Created
17029,2011-03-06,16143,Female,89,1922-07-24,0.11775999999999999,Divorced,0,,,Yes,,,Retired,16869.0,3026,Yes,0,,NA,0,Life event: Deceased
16144,2011-01-01,16144,Male,37,1974-06-19,0.00082,Single,0,,,Yes,29.0,,Flexible contract,23034.0,-2259,Yes,0,,NA,1,Created
16145,2011-01-01,16145,Male,13,1998-12-26,0.00014,Single,0,,,Yes,25.0,2023-10-15,Child,0.0,0,Yes,0,,NA,1,Created
16146,2011-01-01,16146,Male,56,1955-03-21,0.0052,Divorced,0,,,No,,,Permanent contract,8371.0,-47912,Yes,0,,NA,1,Created
16147,2011-01-01,16147,Male,47,1964-04-18,0.00186,Single,0,,,No,,,Permanent contract,14961.0,307246,No,0,,NA,1,Created
16148,2011-01-01,16148,Female,35,1976-02-22,0.00033999999999999997,Single,0,,,No,,,Permanent contract,11111.0,130429,No,0,,NA,1,Created
16149,2011-01-01,16149,Male,96,1915-07-11,0.30168,Widowed,0,,,Yes,,,Retired,68287.0,89706,No,0,,NA,1,Created
16150,2011-01-01,16150,Male,20,1991-08-16,0.00045,Single,0,,,Yes,29.0,2020-11-23,Entrepreneur without personnel,11731.0,9568,Yes,0,,NA,1,Created
16151,2011-01-01,16151,Female,4,2007-11-03,5.9999999999999995e-05,Single,0,,,No,,,Child,0.0,0,No,0,33.0,2040-02-04,1,Created
16152,2011-01-01,16152,Female,66,1945-11-17,0.009040000000000001,Divorced,0,,,Yes,,,Permanent contract,22107.0,69701,Yes,0,,NA,1,Created
18195,2011-11-17,16152,Female,67,1945-11-17,0.009040000000000001,Divorced,0,,,Yes,,,Retired,15474.9,69701,Yes,0,,NA,1,Life event: Retired
16153,2011-01-01,16153,Female,56,1955-04-04,0.0041,Married,3322,,2047-04-13,No,,,Permanent contract,11981.0,97,Yes,1,,NA,1,Created
16154,2011-01-01,16154,Female,36,1975-04-02,0.00049,Divorced,0,,,No,,,Permanent contract,38602.0,-7917,Yes,0,,NA,1,Created
16155,2011-01-01,16155,Male,59,1952-12-03,0.00717,Married,3257,,2063-05-09,No,,,Permanent contract,94692.0,119806,No,2,,NA,1,Created
16156,2011-01-01,16156,Male,56,1955-02-02,0.0052,Married,3258,,2038-08-28,Yes,,,Flexible contract,11274.0,162540,Yes,2,,NA,1,Created
16157,2011-01-01,16157,Female,35,1976-03-20,0.00033999999999999997,Married,3323,,2013-08-28,No,,,Entrepreneur without personnel,26973.0,-206,Yes,2,,NA,1,Created
16158,2011-01-01,16158,Male,101,1910-08-04,1.0,Widowed,0,,,No,,,Retired,3288.0,341,No,0,,NA,1,Created
16926,2011-02-17,16158,Male,101,1910-08-04,1.0,Widowed,0,,,No,,,Retired,3288.0,341,No,0,,NA,0,Life event: Deceased
16159,2011-01-01,16159,Female,27,1984-01-10,0.00025,Single,0,,,Yes,29.0,2013-03-07,Flexible contract,79472.0,-27669,No,0,,NA,1,Created
16160,2011-01-01,16160,Female,0,2011-07-11,0.0028899999999999998,Single,0,,,Yes,30.0,2041-07-14,Child,0.0,0,Yes,0,37.0,2048-07-11,1,Created
16161,2011-01-01,16161,Male,42,1969-11-06,0.00128,Single,0,,,Yes,32.0,,Flexible contract,30191.0,98000,No,0,,NA,1,Created
16162,2011-01-01,16162,Female,2,2009-08-20,0.00015,Single,0,,,No,,,Child,0.0,0,Yes,0,26.0,2035-03-23,1,Created
16163,2011-01-01,16163,Male,59,1952-06-23,0.00717,Married,3259,,2012-03-26,No,,,Permanent contract,35867.0,400998,Yes,2,,NA,1,Created
18624,2012-03-26,16163,Male,60,1952-06-23,0.00717,Divorced,3259,,2012-03-26,No,,,Permanent contract,35867.0,400998,Yes,2,,NA,1,Life event: Divorced
16164,2011-01-01,16164,Female,67,1944-09-01,0.00974,Single,0,,,Yes,30.0,,Flexible contract,31787.0,720516,Yes,0,,NA,1,Created
17882,2011-09-01,16164,Female,68,1944-09-01,0.00974,Single,0,,,Yes,30,,Retired,22250.899999999998,720516,Yes,0,,NA,1,Life event: Retired
16165,2011-01-01,16165,Female,54,1957-02-16,0.00313,Married,3324,,2015-12-28,No,,,Permanent contract,24185.0,1352,Yes,1,,NA,1,Created
16166,2011-01-01,16166,Male,10,2001-08-31,0.00011999999999999999,Single,0,,,Yes,37.0,2038-04-16,Child,0.0,0,No,0,,NA,1,Created
16167,2011-01-01,16167,Female,28,1983-11-26,0.00025,Single,0,,,Yes,61.0,2044-03-30,Permanent contract,25715.0,327041,No,0,30.0,2013-09-25,1,Created
16168,2011-01-01,16168,Male,77,1934-12-08,0.0418,Married,3260,,2022-02-25,Yes,,,Retired,37626.0,4489,No,1,,NA,1,Created
16169,2011-01-01,16169,Male,37,1974-01-21,0.00082,Single,0,,,Yes,30.0,,Permanent contract,99362.0,-22053,Yes,0,,NA,1,Created
16170,2011-01-01,16170,Female,67,1944-03-27,0.00974,Married,3325,,2055-05-13,Yes,,,Permanent contract,31785.0,36724,Yes,3,,NA,1,Created
17130,2011-03-27,16170,Female,68,1944-03-27,0.00974,Married,3325,,2055-05-13,Yes,,,Retired,22249.5,36724,Yes,3,,NA,1,Life event: Retired
16171,2011-01-01,16171,Female,40,1971-01-22,0.0006900000000000001,Married,3326,,2053-08-03,No,,,Permanent contract,13007.0,189511,Yes,2,,NA,1,Created
16172,2011-01-01,16172,Female,45,1966-07-21,0.00134,Divorced,0,,,No,,,Permanent contract,160792.0,-18307,Yes,0,,NA,1,Created
16173,2011-01-01,16173,Female,1,2010-06-10,0.00033999999999999997,Single,0,,,No,,,Child,0.0,0,Yes,0,36.0,2046-10-07,1,Created
16174,2011-01-01,16174,Female,11,2000-04-09,7e-05,Single,0,,,Yes,31.0,2031-02-17,Child,0.0,0,Yes,0,24.0,2024-07-23,1,Created
16175,2011-01-01,16175,Male,47,1964-06-21,0.00186,Married,3261,,2050-06-24,No,,,Permanent contract,28425.0,-16915,No,1,,NA,1,Created
16176,2011-01-01,16176,Male,57,1954-03-12,0.00572,Married,3262,,2052-12-04,No,,,Permanent contract,2934.0,363894,Yes,2,,NA,1,Created
16177,2011-01-01,16177,Male,11,2000-10-23,9e-05,Single,0,,,No,,,Child,0.0,0,No,0,,NA,1,Created
16178,2011-01-01,16178,Female,41,1970-08-05,0.0007700000000000001,Divorced,0,,,No,,,Flexible contract,28711.0,-46808,No,0,,NA,1,Created
16179,2011-01-01,16179,Male,58,1953-01-12,0.00603,Married,3263,,2035-06-17,No,,,Permanent contract,31141.0,933443,Yes,2,,NA,1,Created
17526,2011-06-17,16179,Male,59,1953-01-12,0.00603,Widowed,3263,,2035-06-17,No,,,Permanent contract,31141.0,933443,Yes,2,,NA,1,Life event: Widowed
16180,2011-01-01,16180,Male,45,1966-09-02,0.0014199999999999998,Married,3264,,2011-01-06,Yes,,,Entrepreneur without personnel,61208.0,32370,No,2,,NA,1,Created
16684,2011-01-06,16180,Male,45,1966-09-02,0.0014199999999999998,Divorced,3264,,2011-01-06,Yes,,,Entrepreneur without personnel,61208.0,32370,No,2,,NA,1,Life event: Divorced
16181,2011-01-01,16181,Male,52,1959-01-25,0.00314,Married,3265,,2013-11-15,No,,,Permanent contract,81472.0,89775,Yes,1,,NA,1,Created
16182,2011-01-01,16182,Male,22,1989-06-27,0.00041,Single,0,,,Yes,34.0,2023-07-27,Permanent contract,12375.0,38490,No,0,,NA,1,Created
16183,2011-01-01,16183,Female,16,1995-03-28,8e-05,Single,0,,,No,,,Child,0.0,0,Yes,0,30.0,2025-10-16,1,Created
18629,2012-03-28,16183,Female,18,1995-03-28,8e-05,Single,0,,,No,,,Permanent contract,82631.0,-3985,Yes,0,30,2025-10-16,1,Life event: Adulthood
16184,2011-01-01,16184,Male,1,2010-12-15,0.00056,Single,0,,,Yes,30.0,2040-04-02,Child,0.0,0,No,0,,NA,1,Created
16185,2011-01-01,16185,Female,21,1990-08-01,0.00016,Single,0,,,Yes,44.0,2034-07-25,Permanent contract,53525.0,633737,Yes,0,25.0,2015-05-04,1,Created
16186,2011-01-01,16186,Male,34,1977-12-01,0.00067,Married,3266,,2023-08-25,Yes,,,Flexible contract,87900.0,-2647,Yes,1,,NA,1,Created
16187,2011-01-01,16187,Male,69,1942-03-05,0.01804,Married,3267,,2022-07-20,Yes,,,Retired,39987.0,6554,No,2,,NA,1,Created
16188,2011-01-01,16188,Male,13,1998-09-08,0.00014,Single,0,,,No,,,Child,0.0,0,No,0,,NA,1,Created
16189,2011-01-01,16189,Male,0,2011-01-14,0.0036200000000000004,Single,0,,,No,,,Child,0.0,0,Yes,0,,NA,1,Created
16190,2011-01-01,16190,Male,46,1965-04-19,0.00172,Married,3268,,2017-05-20,Yes,,,Permanent contract,25306.0,1139,Yes,2,,NA,1,Created
16191,2011-01-01,16191,Female,5,2006-02-04,4e-05,Single,0,,,No,,,Child,0.0,0,Yes,0,42.0,2048-10-21,1,Created
16192,2011-01-01,16192,Male,54,1957-09-03,0.00404,Married,3269,,2029-05-31,No,,,Flexible contract,12139.0,95746,No,2,,NA,1,Created
16193,2011-01-01,16193,Male,16,1995-01-25,0.00029,Single,0,,,No,,,Child,0.0,0,No,0,,NA,1,Created
18469,2012-01-25,16193,Male,18,1995-01-25,0.00029,Single,0,,,Yes,34,2028-01-26,Permanent contract,11900.0,-50000,No,0,,NA,1,Life event: Adulthood
16194,2011-01-01,16194,Female,43,1968-05-23,0.0009699999999999999,Married,3327,,2060-09-28,Yes,,,Unemployed,15373.0,209967,No,1,,NA,1,Created
16195,2011-01-01,16195,Male,42,1969-09-20,0.00128,Single,0,,,Yes,25.0,,Entrepreneur without personnel,56931.0,113025,Yes,0,,NA,1,Created
16196,2011-01-01,16196,Female,56,1955-04-27,0.0041,Married,3328,,2048-04-18,No,,,Permanent contract,43649.0,5596,No,2,,NA,1,Created
16197,2011-01-01,16197,Male,87,1924-11-14,0.12537,Widowed,0,,,Yes,,,Retired,11868.0,3988,No,0,,NA,1,Created
16198,2011-01-01,16198,Male,6,2005-03-30,5.9999999999999995e-05,Single,0,,,Yes,34.0,2039-04-17,Child,0.0,0,Yes,0,,NA,1,Created
16199,2011-01-01,16199,Female,24,1987-10-05,0.00018999999999999998,Single,0,,,Yes,21.0,,Unemployed,31307.0,-4991,Yes,0,31.0,2018-12-01,1,Created
16200,2011-01-01,16200,Female,14,1997-04-26,9e-05,Single,0,,,No,,,Child,0.0,0,No,0,30.0,2027-08-14,1,Created
16201,2011-01-01,16201,Female,43,1968-02-12,0.0009699999999999999,Married,3329,,2016-08-20,No,,,Entrepreneur without personnel,30104.0,9296,Yes,3,,NA,1,Created
16202,2011-01-01,16202,Male,19,1992-03-05,0.00033,Single,0,,,Yes,28.0,2020-05-06,Permanent contract,25667.0,-40108,No,0,,NA,1,Created
16203,2011-01-01,16203,Male,33,1978-12-30,0.00047999999999999996,Married,3270,,2050-12-03,No,,,Entrepreneur without personnel,28595.0,127152,No,2,,NA,1,Created
16204,2011-01-01,16204,Female,62,1949-12-17,0.0057399999999999994,Married,3330,,2045-10-26,No,,,Permanent contract,31753.0,60965,Yes,1,,NA,1,Created
16205,2011-01-01,16205,Male,36,1975-06-09,0.0006,Married,3271,,2012-11-30,No,,,Permanent contract,35392.0,18574,No,1,,NA,1,Created
19284,2012-11-30,16205,Male,38,1975-06-09,0.0006,Divorced,3271,,2012-11-30,No,,,Permanent contract,35392.0,18574,No,1,,NA,1,Life event: Divorced
16206,2011-01-01,16206,Male,6,2005-05-14,5.9999999999999995e-05,Single,0,,,No,,,Child,0.0,0,No,0,,NA,1,Created
16207,2011-01-01,16207,Female,25,1986-10-05,0.00022999999999999998,Single,0,,,No,,,Permanent contract,32379.0,8389,Yes,0,32.0,2018-09-24,1,Created
16208,2011-01-01,16208,Male,56,1955-04-10,0.0052,Married,3272,,2065-02-27,No,,,Permanent contract,30687.0,757,No,2,,NA,1,Created
16209,2011-01-01,16209,Male,51,1960-02-27,0.00301,Married,3273,,2052-03-29,No,,,Unemployed,19916.0,430597,Yes,3,,NA,1,Created
16210,2011-01-01,16210,Female,15,1996-07-13,8e-05,Single,0,,,No,,,Child,0.0,0,No,0,34.0,2030-07-26,1,Created
16211,2011-01-01,16211,Female,37,1974-06-04,0.00057,Single,0,,,Yes,32.0,,Flexible contract,10400.0,934537,Yes,0,,NA,1,Created
16212,2011-01-01,16212,Male,4,2007-06-03,0.00011,Single,0,,,No,,,Child,0.0,0,Yes,0,,NA,1,Created
16213,2011-01-01,16213,Female,4,2007-06-04,5.9999999999999995e-05,Single,0,,,No,,,Child,0.0,0,No,0,39.0,2046-01-27,1,Created
16214,2011-01-01,16214,Male,34,1977-12-02,0.00067,Single,0,,,No,,,Permanent contract,22297.0,-4790,No,0,,NA,1,Created
16215,2011-01-01,16215,Female,22,1989-05-04,0.00023999999999999998,Single,0,,,Yes,65.0,2054-02-04,Permanent contract,12493.0,184221,Yes,0,35.0,2024-01-10,1,Created
16216,2011-01-01,16216,Female,64,1947-12-20,0.00713,Married,3331,,2028-11-14,Yes,,,Entrepreneur with personel,25944.0,83762,Yes,2,,NA,1,Created
18330,2011-12-20,16216,Female,65,1947-12-20,0.00713,Married,3331,,2028-11-14,Yes,,,Retired,18160.8,83762,Yes,2,,NA,1,Life event: Retired
16217,2011-01-01,16217,Male,76,1935-01-26,0.0375,Married,3274,,2017-04-18,No,,,Retired,21951.0,-22907,No,2,,NA,1,Created
16218,2011-01-01,16218,Male,50,1961-04-14,0.00257,Married,3275,,2032-08-19,No,,,Permanent contract,19077.0,368924,No,1,,NA,1,Created
19342,2012-12-21,16218,Male,52,1961-04-14,0.00257,Married,3275,,2032-08-19,No,,,Permanent contract,19077.0,368924,No,1,,NA,0,Life event: Deceased
16219,2011-01-01,16219,Female,13,1998-01-28,0.00011999999999999999,Single,0,,,Yes,25.0,2023-06-22,Child,0.0,0,No,0,25.0,2023-02-24,1,Created
16220,2011-01-01,16220,Male,8,2003-02-05,9e-05,Single,0,,,Yes,26.0,2029-01-27,Child,0.0,0,Yes,0,,NA,1,Created
16221,2011-01-01,16221,Male,63,1948-05-12,0.00945,Divorced,0,,,Yes,,,Entrepreneur without personnel,92910.0,11568,Yes,0,,NA,1,Created
18742,2012-05-12,16221,Male,65,1948-05-12,0.00945,Divorced,0,,,Yes,,,Retired,65036.99999999999,11568,Yes,0,,NA,1,Life event: Retired
16222,2011-01-01,16222,Male,34,1977-04-01,0.00067,Single,0,,,Yes,32.0,,Permanent contract,36496.0,19441,Yes,0,,NA,1,Created
16223,2011-01-01,16223,Male,47,1964-01-20,0.00186,Single,0,,,No,,,Permanent contract,24353.0,3253,Yes,0,,NA,1,Created
16224,2011-01-01,16224,Male,52,1959-11-16,0.00314,Married,3276,,2020-12-08,No,,,Permanent contract,82480.0,89093,No,3,,NA,1,Created
17998,2011-10-02,16224,Male,52,1959-11-16,0.00314,Widowed,3276,,2020-12-08,No,,,Permanent contract,82480.0,89093,No,3,,NA,1,Life event: Widowed
16225,2011-01-01,16225,Male,72,1939-11-14,0.02384,Married,3277,,2042-10-01,No,,,Retired,70510.0,71315,Yes,2,,NA,1,Created
16226,2011-01-01,16226,Female,78,1933-09-03,0.02817,Married,3332,,2026-01-04,No,,,Retired,33829.0,-8136,No,2,,NA,1,Created
18821,2012-06-07,16226,Female,79,1933-09-03,0.02817,Married,3332,,2026-01-04,No,,,Retired,33829.0,-8136,No,2,,NA,0,Life event: Deceased
16227,2011-01-01,16227,Female,55,1956-10-04,0.00372,Married,3333,,2052-01-15,Yes,,,Permanent contract,7725.0,5796,Yes,1,,NA,1,Created
16228,2011-01-01,16228,Female,9,2002-08-24,2.9999999999999997e-05,Single,0,,,Yes,38.0,2040-10-25,Child,0.0,0,Yes,0,33.0,2035-06-07,1,Created
16229,2011-01-01,16229,Male,6,2005-06-14,5.9999999999999995e-05,Single,0,,,Yes,48.0,2053-11-07,Child,0.0,0,No,0,,NA,1,Created
16230,2011-01-01,16230,Female,47,1964-02-03,0.00168,Married,3334,,2037-07-05,No,,,Family business,382.0,-32027,Yes,3,,NA,1,Created
16231,2011-01-01,16231,Female,8,2003-02-16,2.9999999999999997e-05,Single,0,,,No,,,Child,0.0,0,No,0,33.0,2036-11-11,1,Created
16232,2011-01-01,16232,Female,53,1958-11-21,0.00312,Married,3335,,2060-09-24,No,,,Flexible contract,19998.0,3908552,No,1,,NA,1,Created
16233,2011-01-01,16233,Male,31,1980-04-03,0.00041,Single,0,,,Yes,45.0,2025-03-29,Permanent contract,5710.0,39701,Yes,0,,NA,1,Created
16234,2011-01-01,16234,Male,40,1971-09-12,0.0009400000000000001,Divorced,0,,,Yes,,,Permanent contract,1487.0,386,No,0,,NA,1,Created
16235,2011-01-01,16235,Female,50,1961-05-26,0.00225,Single,0,,,Yes,30.0,,Permanent contract,9204.0,286259,Yes,0,,NA,1,Created
16236,2011-01-01,16236,Female,23,1988-11-06,0.0001,Single,0,,,No,,,Flexible contract,29826.0,191206,No,0,31.0,2019-02-12,1,Created
16237,2011-01-01,16237,Female,86,1925-07-02,0.08317000000000001,Married,3336,,2070-01-29,No,,,Retired,27190.0,2005,No,2,,NA,1,Created
16238,2011-01-01,16238,Male,14,1997-12-29,0.00014,Single,0,,,No,,,Child,0.0,0,No,0,,NA,1,Created
16239,2011-01-01,16239,Male,73,1938-07-01,0.0262,Married,3278,,2035-12-30,Yes,,,Retired,3480.0,277286,Yes,2,,NA,1,Created
16240,2011-01-01,16240,Female,41,1970-03-10,0.0007700000000000001,Married,3337,,2035-08-27,No,,,Unemployed,118872.0,375107,No,2,,NA,1,Created
16241,2011-01-01,16241,Male,20,1991-03-22,0.00045,Single,0,,,Yes,40.0,2031-07-10,Permanent contract,20614.0,9817,Yes,0,,NA,1,Created
16242,2011-01-01,16242,Male,91,1920-11-19,0.18929,Widowed,0,,,Yes,,,Retired,10535.0,150285,Yes,0,,NA,1,Created
18630,2012-03-28,16242,Male,92,1920-11-19,0.18929,Widowed,0,,,Yes,,,Retired,10535.0,150285,Yes,0,,NA,0,Life event: Deceased
16243,2011-01-01,16243,Female,35,1976-07-26,0.00033999999999999997,Single,0,,,No,,,Permanent contract,27950.0,-27697,No,0,37.0,2013-10-06,1,Created
16244,2011-01-01,16244,Male,61,1950-06-14,0.00747,Married,3279,,2059-09-09,No,,,Unemployed,17742.0,-2377,No,2,,NA,1,Created
16245,2011-01-01,16245,Female,4,2007-08-20,5.9999999999999995e-05,Single,0,,,Yes,51.0,2058-12-05,Child,0.0,0,No,0,23.0,2030-04-07,1,Created
16246,2011-01-01,16246,Female,23,1988-09-21,0.0001,Single,0,,,No,,,Permanent contract,93857.0,175964,No,0,27.0,2015-09-01,1,Created
16247,2011-01-01,16247,Female,13,1998-10-11,0.00011999999999999999,Single,0,,,No,,,Child,0.0,0,Yes,0,24.0,2022-07-25,1,Created
16248,2011-01-01,16248,Male,43,1968-06-18,0.00103,Single,0,,,Yes,58.0,2026-10-14,Flexible contract,12848.0,-16830,Yes,0,,NA,1,Created
16249,2011-01-01,16249,Male,93,1918-03-15,0.22959000000000002,Widowed,0,,,No,,,Retired,2435.0,151678,Yes,0,,NA,1,Created
16250,2011-01-01,16250,Male,42,1969-11-24,0.00128,Single,0,,,No,,,Entrepreneur without personnel,38275.0,-49373,No,0,,NA,1,Created
16251,2011-01-01,16251,Male,45,1966-06-24,0.0014199999999999998,Divorced,0,,,Yes,,,Permanent contract,6896.0,90171,Yes,0,,NA,1,Created
16252,2011-01-01,16252,Male,62,1949-07-22,0.008409999999999999,Married,3280,,2023-03-05,Yes,,,Permanent contract,22776.0,283234,Yes,2,,NA,1,Created
16253,2011-01-01,16253,Male,48,1963-06-29,0.0021100000000000003,Married,3281,,2063-01-03,No,,,Permanent contract,39402.0,930,Yes,3,,NA,1,Created
16254,2011-01-01,16254,Male,12,1999-05-29,0.00011,Single,0,,,No,,,Child,0.0,0,No,0,,NA,1,Created
16255,2011-01-01,16255,Female,31,1980-02-09,0.00029,Married,3338,,2042-03-05,Yes,,,Permanent contract,3912.0,28461,Yes,2,33.0,2013-03-30,1,Created
16256,2011-01-01,16256,Male,4,2007-01-01,0.00011,Single,0,,,No,,,Child,0.0,0,No,0,,NA,1,Created
16257,2011-01-01,16257,Female,8,2003-11-18,2.9999999999999997e-05,Single,0,,,No,,,Child,0.0,0,No,0,34.0,2037-04-05,1,Created
16258,2011-01-01,16258,Female,21,1990-04-20,0.00016,Single,0,,,Yes,23.0,2013-07-29,Entrepreneur without personnel,24085.0,11168,No,0,35.0,2025-10-04,1,Created
16259,2011-01-01,16259,Male,37,1974-03-24,0.00082,Single,0,,,No,,,Permanent contract,9473.0,-3546,Yes,0,,NA,1,Created
16260,2011-01-01,16260,Female,60,1951-06-25,0.00541,Widowed,0,,,No,,,Entrepreneur without personnel,21292.0,149125,Yes,0,,NA,1,Created
16261,2011-01-01,16261,Male,0,2011-05-18,0.0036200000000000004,Single,0,,,Yes,30.0,2041-08-20,Child,0.0,0,No,0,,NA,1,Created
16262,2011-01-01,16262,Male,56,1955-11-07,0.0052,Married,3282,,2024-08-14,Yes,,,Permanent contract,99827.0,56751,Yes,1,,NA,1,Created
16263,2011-01-01,16263,Male,62,1949-01-15,0.008409999999999999,Married,3283,,2052-11-17,No,,,Entrepreneur without personnel,9771.0,19000,No,3,,NA,1,Created
16264,2011-01-01,16264,Male,23,1988-10-22,0.00039,Single,0,,,No,,,Permanent contract,18700.0,310761,Yes,0,,NA,1,Created
16265,2011-01-01,16265,Male,56,1955-07-13,0.0052,Married,3284,,2028-02-25,Yes,,,Permanent contract,4775.0,53516,Yes,1,,NA,1,Created
16266,2011-01-01,16266,Male,11,2000-10-01,9e-05,Single,0,,,No,,,Child,0.0,0,No,0,,NA,1,Created
16267,2011-01-01,16267,Male,16,1995-08-18,0.00029,Single,0,,,Yes,28.0,2023-01-06,Child,0.0,0,Yes,0,,NA,1,Created
19024,2012-08-18,16267,Male,18,1995-08-18,0.00029,Single,0,,,Yes,30,2024-08-10,Permanent contract,98098.0,384,Yes,0,,NA,1,Life event: Adulthood
16268,2011-01-01,16268,Female,18,1993-11-25,0.00023999999999999998,Single,0,,,No,,,Permanent contract,35160.0,8844,Yes,0,32.0,2025-03-15,1,Created
16269,2011-01-01,16269,Male,48,1963-08-29,0.0021100000000000003,Divorced,0,,,No,,,Entrepreneur without personnel,17160.0,117097,No,0,,NA,1,Created
16270,2011-01-01,16270,Male,15,1996-08-01,0.00015,Single,0,,,No,,,Child,0.0,0,Yes,0,,NA,1,Created
16271,2011-01-01,16271,Male,25,1986-10-04,0.00033999999999999997,Single,0,,,No,,,Permanent contract,23814.0,-26974,Yes,0,,NA,1,Created
16272,2011-01-01,16272,Male,10,2001-11-30,0.00011999999999999999,Single,0,,,No,,,Child,0.0,0,No,0,,NA,1,Created
16273,2011-01-01,16273,Male,41,1970-11-09,0.0008900000000000001,Single,0,,,No,,,Permanent contract,29472.0,56633,Yes,0,,NA,1,Created
16274,2011-01-01,16274,Female,12,1999-04-01,5e-05,Single,0,,,No,,,Child,0.0,0,No,0,29.0,2028-10-22,1,Created
16275,2011-01-01,16275,Female,19,1992-09-30,0.00014,Single,0,,,No,,,Permanent contract,2664.0,-811,No,0,28.0,2020-07-15,1,Created
16276,2011-01-01,16276,Male,37,1974-05-18,0.00082,Single,0,,,No,,,Family business,5149.0,-22682,No,0,,NA,1,Created
16277,2011-01-01,16277,Male,34,1977-10-11,0.00067,Single,0,,,No,,,Entrepreneur with personel,15020.0,68501,Yes,0,,NA,1,Created
16278,2011-01-01,16278,Male,59,1952-04-20,0.00717,Married,3285,,2037-03-04,No,,,Permanent contract,45467.0,978397,No,1,,NA,1,Created
16279,2011-01-01,16279,Male,36,1975-08-11,0.0006,Married,3286,,2013-11-08,No,,,Permanent contract,12319.0,49212,Yes,1,,NA,1,Created
16280,2011-01-01,16280,Female,59,1952-06-08,0.00479,Married,3339,,2018-05-27,No,,,Permanent contract,31289.0,14106,Yes,2,,NA,1,Created
16281,2011-01-01,16281,Male,33,1978-04-29,0.00047999999999999996,Married,3287,,2025-04-01,No,,,Flexible contract,21733.0,72260,No,2,,NA,1,Created
16282,2011-01-01,16282,Male,26,1985-06-08,1.0,Single,0,,,Yes,34.0,2019-02-23,Permanent contract,34503.0,64744,Yes,0,,NA,1,Created
18323,2011-12-19,16282,Male,27,1985-06-08,1.0,Single,0,,,Yes,34,2019-02-23,Permanent contract,34503.0,64744,Yes,0,,NA,0,Life event: Deceased
16283,2011-01-01,16283,Male,40,1971-05-25,0.0009400000000000001,Single,0,,,Yes,25.0,,Permanent contract,35797.0,60192,No,0,,NA,1,Created
16284,2011-01-01,16284,Male,38,1973-08-13,0.0009599999999999999,Married,3288,,2011-04-05,No,,,Flexible contract,46776.0,452302,Yes,3,,NA,1,Created
17180,2011-04-05,16284,Male,38,1973-08-13,0.0009599999999999999,Divorced,3288,,2011-04-05,No,,,Flexible contract,46776.0,452302,Yes,3,,NA,1,Life event: Divorced
16285,2011-01-01,16285,Female,63,1948-03-08,0.00672,Married,3340,,2034-07-11,Yes,,,Permanent contract,13843.0,-37080,Yes,2,,NA,1,Created
18578,2012-03-08,16285,Female,65,1948-03-08,0.00672,Married,3340,,2034-07-11,Yes,,,Retired,9690.099999999999,-37080,Yes,2,,NA,1,Life event: Retired
16286,2011-01-01,16286,Male,41,1970-11-03,0.0008900000000000001,Divorced,0,,,Yes,,,Entrepreneur with personel,20084.0,90025,Yes,0,,NA,1,Created
16287,2011-01-01,16287,Male,54,1957-01-19,0.00404,Married,3289,,2057-08-27,Yes,,,Unemployed,93793.0,-4654,Yes,1,,NA,1,Created
16288,2011-01-01,16288,Female,20,1991-01-27,0.00018,Single,0,,,Yes,41.0,2032-05-27,Entrepreneur without personnel,48752.0,3056,No,0,39.0,2030-07-14,1,Created
16289,2011-01-01,16289,Male,36,1975-08-19,0.0006,Single,0,,,No,,,Entrepreneur without personnel,78428.0,37263,Yes,0,,NA,1,Created
16290,2011-01-01,16290,Male,23,1988-01-16,0.00039,Single,0,,,Yes,54.0,2042-04-28,Flexible contract,43696.0,187931,No,0,,NA,1,Created
16291,2011-01-01,16291,Male,1,2010-03-26,0.00056,Single,0,,,No,,,Child,0.0,0,Yes,0,,NA,1,Created
16292,2011-01-01,16292,Female,24,1987-04-30,0.00018999999999999998,Single,0,,,Yes,43.0,2030-12-21,Permanent contract,39585.0,132788,No,0,38.0,2025-03-17,1,Created
16293,2011-01-01,16293,Male,74,1937-03-03,0.0295,Widowed,0,,,No,,,Retired,15135.0,-37313,No,0,,NA,1,Created
16294,2011-01-01,16294,Male,20,1991-01-24,0.00045,Single,0,,,Yes,32.0,2023-10-25,Permanent contract,37933.0,-2870,Yes,0,,NA,1,Created
16295,2011-01-01,16295,Male,25,1986-02-08,0.00033999999999999997,Married,3290,,2011-12-23,Yes,,,Entrepreneur with personel,19956.0,313322,Yes,1,,NA,1,Created
18350,2011-12-23,16295,Male,26,1986-02-08,0.00033999999999999997,Divorced,3290,,2011-12-23,Yes,,,Entrepreneur with personel,19956.0,313322,Yes,1,,NA,1,Life event: Divorced
16296,2011-01-01,16296,Male,68,1943-11-25,0.01522,Married,3291,,2024-01-09,No,,,Retired,58858.0,712854,No,3,,NA,1,Created
16297,2011-01-01,16297,Male,60,1951-10-29,0.006840000000000001,Married,3292,,2053-04-02,Yes,,,Flexible contract,9999.0,4985019,Yes,1,,NA,1,Created
16298,2011-01-01,16298,Female,59,1952-02-06,0.00479,Single,0,,,Yes,32.0,,Permanent contract,13702.0,27808,No,0,,NA,1,Created
16299,2011-01-01,16299,Female,8,2003-12-10,2.9999999999999997e-05,Single,0,,,Yes,29.0,2032-06-13,Child,0.0,0,Yes,0,26.0,2029-04-17,1,Created
16300,2011-01-01,16300,Female,22,1989-05-30,0.00023999999999999998,Single,0,,,Yes,27.0,2016-04-08,Permanent contract,5906.0,70537,No,0,28.0,2017-11-28,1,Created
16301,2011-01-01,16301,Female,31,1980-08-31,0.00029,Single,0,,,No,,,Permanent contract,21934.0,-23979,Yes,0,31.0,2011-01-19,1,Created
16302,2011-01-01,16302,Female,69,1942-10-06,0.0108,Divorced,0,,,No,,,Retired,3178.0,-17233,Yes,0,,NA,1,Created
16303,2011-01-01,16303,Female,4,2007-11-29,5.9999999999999995e-05,Single,0,,,Yes,24.0,2031-10-26,Child,0.0,0,No,0,31.0,2038-10-09,1,Created
16304,2011-01-01,16304,Male,56,1955-12-07,0.0052,Single,0,,,No,,,Permanent contract,14718.0,151161,Yes,0,,NA,1,Created
16305,2011-01-01,16305,Male,8,2003-06-26,9e-05,Single,0,,,No,,,Child,0.0,0,No,0,,NA,1,Created
16306,2011-01-01,16306,Male,58,1953-04-08,0.00603,Married,3293,,2031-07-18,No,,,Entrepreneur without personnel,774.0,398089,Yes,1,,NA,1,Created
16307,2011-01-01,16307,Male,75,1936-02-16,0.033710000000000004,Widowed,0,,,No,,,Retired,32459.0,39332,Yes,0,,NA,1,Created
16308,2011-01-01,16308,Female,44,1967-12-30,0.00107,Married,3341,,2049-10-19,Yes,,,Permanent contract,11027.0,12305,No,3,,NA,1,Created
16309,2011-01-01,16309,Male,45,1966-12-11,0.0014199999999999998,Single,0,,,No,,,Permanent contract,6405.0,264906,No,0,,NA,1,Created
16310,2011-01-01,16310,Female,45,1966-03-30,0.00134,Married,3342,,2023-05-24,No,,,Permanent contract,34646.0,1296,Yes,2,,NA,1,Created
16311,2011-01-01,16311,Male,28,1983-06-17,0.00045,Single,0,,,Yes,48.0,2031-01-23,Entrepreneur without personnel,69716.0,448350,Yes,0,,NA,1,Created
16312,2011-01-01,16312,Male,75,1936-01-25,0.033710000000000004,Married,3294,,2030-06-27,Yes,,,Retired,33943.0,968244,No,1,,NA,1,Created
16313,2011-01-01,16313,Male,44,1967-09-21,0.0013599999999999999,Single,0,,,No,,,Permanent contract,49869.0,4562,Yes,0,,NA,1,Created
16314,2011-01-01,16314,Female,105,1906-08-17,1.0,Widowed,0,,,No,,,Retired,10464.0,848914,Yes,0,,NA,1,Created
17851,2011-08-24,16314,Female,106,1906-08-17,1.0,Widowed,0,,,No,,,Retired,10464.0,848914,Yes,0,,NA,0,Life event: Deceased
16315,2011-01-01,16315,Male,52,1959-12-16,0.00314,Divorced,0,,,No,,,Unemployed,98615.0,7175,No,0,,NA,1,Created
16316,2011-01-01,16316,Male,29,1982-12-13,0.0005200000000000001,Single,0,,,No,,,Permanent contract,12392.0,381646,No,0,,NA,1,Created
16317,2011-01-01,16317,Female,32,1979-07-15,0.00041,Single,0,,,Yes,30.0,,Unemployed,6181.0,922,No,0,,NA,1,Created
16318,2011-01-01,16318,Female,61,1950-05-14,0.00562,Married,3343,,2015-02-27,No,,,Permanent contract,13164.0,8730,No,3,,NA,1,Created
16319,2011-01-01,16319,Male,17,1994-05-03,0.00022999999999999998,Single,0,,,Yes,41.0,2035-07-29,Child,0.0,0,Yes,0,,NA,1,Created
17298,2011-05-03,16319,Male,18,1994-05-03,0.00022999999999999998,Single,0,,,Yes,53,2046-08-28,Flexible contract,20584.0,585757,Yes,0,,NA,1,Life event: Adulthood
16320,2011-01-01,16320,Male,63,1948-09-07,0.00945,Married,3295,,2023-12-13,No,,,Permanent contract,92051.0,34305,Yes,1,,NA,1,Created
19087,2012-09-07,16320,Male,65,1948-09-07,0.00945,Married,3295,,2023-12-13,No,,,Retired,64435.7,34305,Yes,1,,NA,1,Life event: Retired
16321,2011-01-01,16321,Male,40,1971-05-16,0.0009400000000000001,Married,3296,,2039-02-20,No,,,Permanent contract,9335.0,33222,No,1,,NA,1,Created
18644,2012-04-03,16321,Male,41,1971-05-16,0.0009400000000000001,Widowed,3296,,2039-02-20,No,,,Permanent contract,9335.0,33222,No,1,,NA,1,Life event: Widowed
16322,2011-01-01,16322,Female,86,1925-11-20,0.08317000000000001,Widowed,0,,,No,,,Retired,21938.0,47508,Yes,0,,NA,1,Created
16323,2011-01-01,16323,Female,6,2005-04-12,8e-05,Single,0,,,Yes,29.0,2034-06-20,Child,0.0,0,Yes,0,36.0,2041-03-10,1,Created
16324,2011-01-01,16324,Female,34,1977-10-18,0.00037,Married,3344,,2030-06-30,No,,,Permanent contract,16696.0,438686,No,2,,NA,1,Created
16325,2011-01-01,16325,Female,11,2000-03-21,7e-05,Single,0,,,Yes,33.0,2033-11-11,Child,0.0,0,Yes,0,29.0,2029-05-01,1,Created
16326,2011-01-01,16326,Male,57,1954-04-14,0.00572,Married,3297,,2020-05-14,Yes,,,Permanent contract,13474.0,672,No,2,,NA,1,Created
16327,2011-01-01,16327,Male,50,1961-12-27,0.00257,Divorced,0,,,No,,,Permanent contract,126517.0,-15204,No,0,,NA,1,Created
16328,2011-01-01,16328,Female,8,2003-08-02,2.9999999999999997e-05,Single,0,,,Yes,50.0,2053-04-04,Child,0.0,0,Yes,0,33.0,2036-07-28,1,Created
16329,2011-01-01,16329,Female,77,1934-05-31,0.0259,Widowed,0,,,No,,,Retired,11106.0,71866,No,0,,NA,1,Created
16330,2011-01-01,16330,Male,43,1968-07-21,0.00103,Married,3298,,2025-06-30,Yes,,,Unemployed,36261.0,73945,No,1,,NA,1,Created
16331,2011-01-01,16331,Male,69,1942-05-10,0.01804,Married,3299,,2035-06-08,Yes,,,Retired,15464.0,379694,Yes,1,,NA,1,Created
16332,2011-01-01,16332,Male,65,1946-04-25,0.01141,Single,0,,,Yes,42.0,,Permanent contract,40781.0,923567,Yes,0,,NA,1,Created
17262,2011-04-25,16332,Male,66,1946-04-25,0.01141,Single,0,,,Yes,42,,Retired,28546.699999999997,923567,Yes,0,,NA,1,Life event: Retired
16333,2011-01-01,16333,Female,39,1972-07-17,0.00074,Married,3345,,2014-08-08,No,,,Permanent contract,11353.0,25231,No,2,,NA,1,Created
16334,2011-01-01,16334,Female,41,1970-12-16,0.0007700000000000001,Divorced,0,,,No,,,Permanent contract,10533.0,13696,No,0,,NA,1,Created
16335,2011-01-01,16335,Male,14,1997-07-24,0.00014,Single,0,,,No,,,Child,0.0,0,Yes,0,,NA,1,Created
16336,2011-01-01,16336,Female,65,1946-11-07,0.007559999999999999,Married,3346,,2050-08-07,Yes,,,Permanent contract,48822.0,167541,No,1,,NA,1,Created
18149,2011-11-07,16336,Female,66,1946-11-07,0.007559999999999999,Married,3346,,2050-08-07,Yes,,,Retired,34175.4,167541,No,1,,NA,1,Life event: Retired
18442,2012-01-17,16336,Female,66,1946-11-07,0.007559999999999999,Married,3346,,2050-08-07,Yes,,,Retired,34175.4,167541,No,1,,NA,0,Life event: Deceased
16337,2011-01-01,16337,Male,10,2001-02-22,0.00011999999999999999,Single,0,,,Yes,47.0,2048-08-23,Child,0.0,0,No,0,,NA,1,Created
16338,2011-01-01,16338,Female,68,1943-08-30,0.00983,Married,3347,,2057-09-12,Yes,,,Retired,16001.0,-25511,No,1,,NA,1,Created
16339,2011-01-01,16339,Male,93,1918-08-03,0.22959000000000002,Widowed,0,,,No,,,Retired,22170.0,165219,No,0,,NA,1,Created
16340,2011-01-01,16340,Male,66,1945-07-31,0.01401,Married,3300,,2017-08-10,No,,,Entrepreneur without personnel,24325.0,10124,Yes,2,,NA,1,Created
17731,2011-07-31,16340,Male,67,1945-07-31,0.01401,Married,3300,,2017-08-10,No,,,Retired,17027.5,10124,Yes,2,,NA,1,Life event: Retired
16341,2011-01-01,16341,Male,63,1948-05-13,0.00945,Divorced,0,,,No,,,Permanent contract,18577.0,412050,Yes,0,,NA,1,Created
18750,2012-05-13,16341,Male,65,1948-05-13,0.00945,Divorced,0,,,No,,,Retired,13003.9,412050,Yes,0,,NA,1,Life event: Retired
16342,2011-01-01,16342,Female,31,1980-02-26,0.00029,Married,3348,,2039-01-31,Yes,,,Entrepreneur with personel,80808.0,498,No,1,31.0,2011-03-23,1,Created
17111,2011-03-23,16342,Female,32,1980-02-26,0.00029,Married,3348,,2039-01-31,Yes,,,Entrepreneur with personel,80808.0,498,No,2,31,2011-03-23,1,Life event: Children born
16343,2011-01-01,16343,Female,50,1961-05-06,0.00225,Divorced,0,,,Yes,,,Permanent contract,38268.0,18760,No,0,,NA,1,Created
16344,2011-01-01,16344,Female,23,1988-07-11,0.0001,Single,0,,,No,,,Permanent contract,23505.0,74186,Yes,0,,NA,1,Created
16345,2011-01-01,16345,Female,34,1977-12-03,0.00037,Divorced,0,,,No,,,Permanent contract,17540.0,264641,Yes,0,,NA,1,Created
16346,2011-01-01,16346,Female,54,1957-08-24,0.00313,Married,3349,,2045-12-09,No,,,Permanent contract,2592.0,8714,Yes,1,,NA,1,Created
16347,2011-01-01,16347,Female,57,1954-08-12,0.00387,Married,3350,,2033-11-04,Yes,,,Flexible contract,32697.0,49664,Yes,1,,NA,1,Created
16348,2011-01-01,16348,Male,51,1960-02-19,0.00301,Single,0,,,No,,,Flexible contract,32207.0,100535,Yes,0,,NA,1,Created
16349,2011-01-01,16349,Female,46,1965-10-14,0.00134,Married,3351,,2044-12-13,Yes,,,Flexible contract,29712.0,91472,No,2,,NA,1,Created
16350,2011-01-01,16350,Female,19,1992-07-11,0.00014,Single,0,,,Yes,54.0,2046-08-04,Permanent contract,23314.0,232195,No,0,30.0,2022-05-20,1,Created
16351,2011-01-01,16351,Female,21,1990-07-07,0.00016,Single,0,,,No,,,Entrepreneur with personel,902.0,75839,No,0,28.0,2018-02-19,1,Created
16352,2011-01-01,16352,Male,76,1935-08-02,0.0375,Divorced,0,,,No,,,Retired,18850.0,405020,Yes,0,,NA,1,Created
16353,2011-01-01,16353,Male,43,1968-10-16,0.00103,Single,0,,,Yes,55.0,2023-06-01,Flexible contract,22001.0,-4109,Yes,0,,NA,1,Created
16354,2011-01-01,16354,Female,29,1982-02-06,0.00032,Married,3352,,2051-06-25,No,,,Permanent contract,16007.0,1104,No,2,40.0,2022-01-07,1,Created
16355,2011-01-01,16355,Male,34,1977-06-25,0.00067,Single,0,,,No,,,Permanent contract,25698.0,75224,Yes,0,,NA,1,Created
16356,2011-01-01,16356,Male,2,2009-02-13,0.00021,Single,0,,,No,,,Child,0.0,0,No,0,,NA,1,Created
16357,2011-01-01,16357,Male,27,1984-11-19,0.00044,Single,0,,,No,,,Permanent contract,21440.0,463201,Yes,0,,NA,1,Created
16358,2011-01-01,16358,Male,58,1953-06-08,0.00603,Divorced,0,,,Yes,,,Entrepreneur without personnel,5457.0,2433,No,0,,NA,1,Created
16359,2011-01-01,16359,Male,10,2001-02-05,0.00011999999999999999,Single,0,,,Yes,31.0,2032-01-03,Child,0.0,0,Yes,0,,NA,1,Created
16360,2011-01-01,16360,Female,12,1999-10-24,5e-05,Single,0,,,No,,,Child,0.0,0,No,0,29.0,2028-01-12,1,Created
16361,2011-01-01,16361,Male,27,1984-06-01,0.00044,Single,0,,,Yes,60.0,2044-02-28,Permanent contract,16504.0,255377,Yes,0,,NA,1,Created
16362,2011-01-01,16362,Male,57,1954-10-10,0.00572,Divorced,0,,,No,,,Flexible contract,35607.0,109023,No,0,,NA,1,Created
16363,2011-01-01,16363,Male,22,1989-02-21,0.00041,Single,0,,,No,,,Permanent contract,77499.0,15884,Yes,0,,NA,1,Created
16364,2011-01-01,16364,Male,20,1991-07-14,0.00045,Single,0,,,Yes,60.0,2051-11-01,Flexible contract,31987.0,430452,No,0,,NA,1,Created
16365,2011-01-01,16365,Female,52,1959-11-19,0.00268,Divorced,0,,,No,,,Entrepreneur without personnel,34503.0,98052,No,0,,NA,1,Created
16366,2011-01-01,16366,Female,45,1966-02-13,0.00134,Married,3353,,2012-04-01,No,,,Entrepreneur without personnel,7314.0,88122,No,1,,NA,1,Created
18634,2012-04-01,16366,Female,47,1966-02-13,0.00134,Divorced,3353,,2012-04-01,No,,,Entrepreneur without personnel,7314.0,88122,No,1,,NA,1,Life event: Divorced
16367,2011-01-01,16367,Female,20,1991-07-25,0.00018,Single,0,,,No,,,Entrepreneur without personnel,48629.0,1111671,No,0,29.0,2020-07-15,1,Created
16368,2011-01-01,16368,Male,12,1999-03-21,0.00011,Single,0,,,Yes,31.0,2030-02-12,Child,0.0,0,Yes,0,,NA,1,Created
16369,2011-01-01,16369,Female,64,1947-02-13,0.00713,Married,3354,,2039-09-20,Yes,,,Entrepreneur with personel,86517.0,655578,No,2,,NA,1,Created
16908,2011-02-13,16369,Female,65,1947-02-13,0.00713,Married,3354,,2039-09-20,Yes,,,Retired,60561.899999999994,655578,No,2,,NA,1,Life event: Retired
16370,2011-01-01,16370,Male,54,1957-02-27,0.00404,Married,3301,,2025-09-13,Yes,,,Permanent contract,64199.0,126999,Yes,2,,NA,1,Created
16371,2011-01-01,16371,Female,49,1962-06-19,0.00193,Married,3355,,2040-07-04,No,,,Flexible contract,23839.0,458907,Yes,2,,NA,1,Created
16372,2011-01-01,16372,Male,36,1975-10-07,0.0006,Single,0,,,No,,,Permanent contract,21115.0,73772,Yes,0,,NA,1,Created
16373,2011-01-01,16373,Male,48,1963-12-29,0.0021100000000000003,Married,3302,,2045-07-19,Yes,,,Permanent contract,7619.0,696,Yes,1,,NA,1,Created
16374,2011-01-01,16374,Male,15,1996-08-27,0.00015,Single,0,,,No,,,Child,0.0,0,No,0,,NA,1,Created
16375,2011-01-01,16375,Female,80,1931-08-23,0.03682,Widowed,0,,,Yes,,,Retired,18772.0,377,Yes,0,,NA,1,Created
16376,2011-01-01,16376,Female,59,1952-06-20,0.00479,Married,3356,,2042-04-27,No,,,Flexible contract,15999.0,238730,No,2,,NA,1,Created
16377,2011-01-01,16377,Male,1,2010-02-15,0.00056,Single,0,,,No,,,Child,0.0,0,Yes,0,,NA,1,Created
16378,2011-01-01,16378,Male,15,1996-09-03,0.00015,Single,0,,,No,,,Child,0.0,0,Yes,0,,NA,1,Created
16379,2011-01-01,16379,Female,56,1955-01-12,0.0041,Married,3357,,2026-04-20,Yes,,,Unemployed,46093.0,2010,Yes,2,,NA,1,Created
16380,2011-01-01,16380,Female,72,1939-07-18,0.01411,Married,3358,,2049-06-10,No,,,Retired,17182.0,452108,No,1,,NA,1,Created
16381,2011-01-01,16381,Female,58,1953-07-16,0.00448,Married,3359,,2037-09-17,Yes,,,Flexible contract,43803.0,61021,Yes,1,,NA,1,Created
16382,2011-01-01,16382,Male,13,1998-05-05,0.00014,Single,0,,,Yes,37.0,2035-11-17,Child,0.0,0,Yes,0,,NA,1,Created
16383,2011-01-01,16383,Male,76,1935-06-12,0.0375,Widowed,0,,,No,,,Retired,54405.0,4324,Yes,0,,NA,1,Created
16384,2011-01-01,16384,Male,74,1937-10-24,0.0295,Widowed,0,,,Yes,,,Retired,43572.0,2795874,No,0,,NA,1,Created
16385,2011-01-01,16385,Female,37,1974-07-22,0.00057,Single,0,,,No,,,Flexible contract,90532.0,6514,Yes,0,37.0,2011-12-12,1,Created
16386,2011-01-01,16386,Female,35,1976-08-28,0.00033999999999999997,Single,0,,,Yes,30.0,,Flexible contract,14892.0,696,No,0,36.0,2012-03-06,1,Created
16387,2011-01-01,16387,Male,59,1952-11-29,0.00717,Widowed,0,,,Yes,,,Permanent contract,8261.0,17320,Yes,0,,NA,1,Created
16388,2011-01-01,16388,Female,10,2001-01-22,0.0001,Single,0,,,No,,,Child,0.0,0,No,0,28.0,2029-07-16,1,Created
16389,2011-01-01,16389,Female,12,1999-07-18,5e-05,Single,0,,,No,,,Child,0.0,0,No,0,32.0,2031-02-28,1,Created
16390,2011-01-01,16390,Female,46,1965-06-04,0.00134,Divorced,0,,,No,,,Permanent contract,20373.0,171255,No,0,,NA,1,Created
16391,2011-01-01,16391,Female,40,1971-12-18,0.0006900000000000001,Married,3360,,2040-05-22,Yes,,,Permanent contract,48349.0,2324,No,1,40.0,2011-01-09,1,Created
16709,2011-01-09,16391,Female,40,1971-12-18,0.0006900000000000001,Married,3360,,2040-05-22,Yes,,,Permanent contract,48349.0,2324,No,2,40,2011-01-09,1,Life event: Children born
18854,2012-06-16,16391,Female,41,1971-12-18,0.0006900000000000001,Widowed,3360,,2040-05-22,Yes,,,Permanent contract,48349.0,2324,No,2,40,2011-01-09,1,Life event: Widowed
16392,2011-01-01,16392,Female,47,1964-10-14,0.00168,Single,0,,,No,,,Entrepreneur with personel,25994.0,507384,Yes,0,,NA,1,Created
16393,2011-01-01,16393,Female,63,1948-01-18,0.00672,Married,3361,,2056-09-01,No,,,Permanent contract,1619.0,232130,No,3,,NA,1,Created
18444,2012-01-18,16393,Female,65,1948-01-18,0.00672,Married,3361,,2056-09-01,No,,,Retired,1133.3,232130,No,3,,NA,1,Life event: Retired
16394,2011-01-01,16394,Male,73,1938-07-29,0.0262,Married,3303,,2013-07-29,No,,,Retired,10932.0,164658,Yes,1,,NA,1,Created
16395,2011-01-01,16395,Female,16,1995-03-17,8e-05,Single,0,,,No,,,Child,0.0,0,Yes,0,22.0,2017-09-12,1,Created
18597,2012-03-17,16395,Female,18,1995-03-17,8e-05,Single,0,,,Yes,50,2044-07-22,Permanent contract,30141.0,409278,Yes,0,22,2017-09-12,1,Life event: Adulthood
16396,2011-01-01,16396,Female,25,1986-04-21,0.00022999999999999998,Single,0,,,Yes,30.0,2016-02-01,Permanent contract,25909.0,142081,Yes,0,30.0,2016-04-14,1,Created
16397,2011-01-01,16397,Male,34,1977-01-25,0.00067,Single,0,,,No,,,Flexible contract,45387.0,14187,Yes,0,,NA,1,Created
17315,2011-05-06,16397,Male,35,1977-01-25,0.00067,Single,0,,,No,,,Flexible contract,45387.0,14187,Yes,0,,NA,0,Life event: Deceased
16398,2011-01-01,16398,Male,44,1967-07-15,0.0013599999999999999,Married,3304,,2035-08-08,No,,,Permanent contract,22611.0,83604,No,1,,NA,1,Created
16399,2011-01-01,16399,Female,47,1964-06-16,0.00168,Married,3362,,2049-07-03,No,,,Entrepreneur with personel,33339.0,87030,Yes,1,,NA,1,Created
16400,2011-01-01,16400,Female,13,1998-12-02,0.00011999999999999999,Single,0,,,Yes,53.0,2051-12-29,Child,0.0,0,Yes,0,31.0,2029-10-06,1,Created
16401,2011-01-01,16401,Female,30,1981-02-22,0.00027,Single,0,,,No,,,Permanent contract,11870.0,404562,Yes,0,38.0,2019-09-24,1,Created
16402,2011-01-01,16402,Male,20,1991-05-12,0.00045,Single,0,,,No,,,Entrepreneur without personnel,20389.0,65742,Yes,0,,NA,1,Created
16403,2011-01-01,16403,Male,43,1968-03-09,0.00103,Married,3305,,2015-12-16,No,,,Flexible contract,16482.0,994393,Yes,1,,NA,1,Created
16404,2011-01-01,16404,Male,45,1966-02-21,0.0014199999999999998,Married,3306,,2029-03-23,Yes,,,Permanent contract,37113.0,158795,No,1,,NA,1,Created
16405,2011-01-01,16405,Female,64,1947-11-12,0.00713,Divorced,0,,,Yes,,,Entrepreneur without personnel,43710.0,347085,Yes,0,,NA,1,Created
18172,2011-11-12,16405,Female,65,1947-11-12,0.00713,Divorced,0,,,Yes,,,Retired,30596.999999999996,347085,Yes,0,,NA,1,Life event: Retired
16406,2011-01-01,16406,Female,41,1970-06-12,0.0007700000000000001,Married,3363,,2048-02-18,No,,,Permanent contract,14201.0,46543,No,1,,NA,1,Created
16407,2011-01-01,16407,Male,51,1960-08-24,0.00301,Married,3307,,2016-06-19,Yes,,,Flexible contract,21331.0,-40085,Yes,1,,NA,1,Created
16408,2011-01-01,16408,Female,28,1983-08-12,0.00025,Single,0,,,Yes,33.0,2016-01-19,Permanent contract,36130.0,256464,Yes,0,,NA,1,Created
16409,2011-01-01,16409,Male,28,1983-09-05,0.00045,Married,3308,,2013-08-06,Yes,,,Permanent contract,23581.0,493,No,1,,NA,1,Created
16410,2011-01-01,16410,Male,30,1981-07-23,0.00055,Single,0,,,No,,,Flexible contract,9869.0,99524,No,0,,NA,1,Created
16411,2011-01-01,16411,Male,65,1946-02-09,0.01141,Married,3309,,2066-02-14,Yes,,,Permanent contract,19072.0,646960,Yes,2,,NA,1,Created
16881,2011-02-09,16411,Male,66,1946-02-09,0.01141,Married,3309,,2066-02-14,Yes,,,Retired,13350.4,646960,Yes,2,,NA,1,Life event: Retired
16412,2011-01-01,16412,Male,17,1994-05-10,0.00022999999999999998,Single,0,,,No,,,Child,0.0,0,Yes,0,,NA,1,Created
17343,2011-05-10,16412,Male,18,1994-05-10,0.00022999999999999998,Single,0,,,Yes,37,2030-03-17,Permanent contract,19824.0,58273,Yes,0,,NA,1,Life event: Adulthood
16413,2011-01-01,16413,Male,7,2004-10-16,9e-05,Single,0,,,No,,,Child,0.0,0,No,0,,NA,1,Created
16414,2011-01-01,16414,Female,46,1965-01-13,0.00134,Married,3364,,2042-01-29,No,,,Entrepreneur without personnel,2050.0,4140,Yes,1,,NA,1,Created
16415,2011-01-01,16415,Female,11,2000-02-15,7e-05,Single,0,,,No,,,Child,0.0,0,Yes,0,23.0,2023-06-29,1,Created
16416,2011-01-01,16416,Female,36,1975-04-03,0.00049,Single,0,,,Yes,48.0,2023-06-08,Flexible contract,26870.0,1381,Yes,0,,NA,1,Created
16417,2011-01-01,16417,Female,60,1951-10-12,0.00541,Married,3365,,2013-01-29,Yes,,,Flexible contract,56643.0,317257,Yes,2,,NA,1,Created
16418,2011-01-01,16418,Female,40,1971-08-09,0.0006900000000000001,Single,0,,,No,,,Entrepreneur without personnel,7802.0,863292,Yes,0,,NA,1,Created
16419,2011-01-01,16419,Male,37,1974-06-25,0.00082,Married,3310,,2023-04-15,No,,,Permanent contract,32606.0,480953,Yes,1,,NA,1,Created
16420,2011-01-01,16420,Female,58,1953-06-05,0.00448,Married,3366,,2047-05-18,Yes,,,Permanent contract,7062.0,6443,No,2,,NA,1,Created
16421,2011-01-01,16421,Female,53,1958-08-05,0.00312,Single,0,,,No,,,Unemployed,13037.0,809051,No,0,,NA,1,Created
16422,2011-01-01,16422,Male,1,2010-05-17,0.00056,Single,0,,,Yes,31.0,2041-10-02,Child,0.0,0,Yes,0,,NA,1,Created
16423,2011-01-01,16423,Male,53,1958-10-31,0.0033299999999999996,Married,3311,,2022-08-30,Yes,,,Permanent contract,39922.0,144416,No,2,,NA,1,Created
16424,2011-01-01,16424,Female,66,1945-04-12,0.009040000000000001,Divorced,0,,,No,,,Unemployed,41881.0,427115,No,0,,NA,1,Created
17203,2011-04-12,16424,Female,67,1945-04-12,0.009040000000000001,Divorced,0,,,No,,,Retired,29316.699999999997,427115,No,0,,NA,1,Life event: Retired
16425,2011-01-01,16425,Female,71,1940-11-01,0.013009999999999999,Married,3367,,2018-08-08,No,,,Retired,11903.0,18787,No,1,,NA,1,Created
16426,2011-01-01,16426,Male,23,1988-03-10,0.00039,Single,0,,,Yes,45.0,2033-01-15,Permanent contract,46936.0,755853,No,0,,NA,1,Created
16427,2011-01-01,16427,Female,53,1958-04-27,0.00312,Single,0,,,Yes,38.0,,Permanent contract,49369.0,464,Yes,0,,NA,1,Created
16428,2011-01-01,16428,Male,22,1989-12-27,0.00041,Single,0,,,Yes,31.0,2020-07-28,Permanent contract,16107.0,159738,Yes,0,,NA,1,Created
16429,2011-01-01,16429,Female,11,2000-08-28,7e-05,Single,0,,,No,,,Child,0.0,0,Yes,0,37.0,2037-05-13,1,Created
16430,2011-01-01,16430,Male,17,1994-03-04,0.00022999999999999998,Single,0,,,No,,,Child,0.0,0,No,0,,NA,1,Created
17021,2011-03-04,16430,Male,18,1994-03-04,0.00022999999999999998,Single,0,,,Yes,85,2078-02-24,Flexible contract,24672.0,17395,No,0,,NA,1,Life event: Adulthood
16431,2011-01-01,16431,Male,63,1948-10-07,0.00945,Married,3312,,2052-03-05,Yes,,,Permanent contract,19371.0,333626,Yes,1,,NA,1,Created
19146,2012-10-07,16431,Male,65,1948-10-07,0.00945,Married,3312,,2052-03-05,Yes,,,Retired,13559.699999999999,333626,Yes,1,,NA,1,Life event: Retired
16432,2011-01-01,16432,Female,51,1960-05-26,0.0023899999999999998,Divorced,0,,,No,,,Permanent contract,12907.0,779803,No,0,,NA,1,Created
16433,2011-01-01,16433,Female,63,1948-04-07,0.00672,Married,3368,,2028-02-15,No,,,Flexible contract,24202.0,726234,No,2,,NA,1,Created
18655,2012-04-07,16433,Female,65,1948-04-07,0.00672,Married,3368,,2028-02-15,No,,,Retired,16941.399999999998,726234,No,2,,NA,1,Life event: Retired
16434,2011-01-01,16434,Male,33,1978-12-05,0.00047999999999999996,Single,0,,,No,,,Flexible contract,20058.0,-1477,Yes,0,,NA,1,Created
16435,2011-01-01,16435,Male,75,1936-02-21,0.033710000000000004,Married,3313,,2028-05-13,No,,,Retired,14966.0,38256,Yes,1,,NA,1,Created
16436,2011-01-01,16436,Female,92,1919-06-12,0.17376,Married,3369,,2049-12-31,No,,,Retired,17425.0,781,Yes,1,,NA,1,Created
18880,2012-06-23,16436,Female,94,1919-06-12,0.17376,Married,3369,,2049-12-31,No,,,Retired,17425.0,781,Yes,1,,NA,0,Life event: Deceased
16437,2011-01-01,16437,Male,54,1957-01-27,0.00404,Married,3314,,2034-10-19,Yes,,,Flexible contract,8490.0,-17874,Yes,1,,NA,1,Created
16438,2011-01-01,16438,Female,62,1949-07-14,0.0057399999999999994,Divorced,0,,,Yes,,,Permanent contract,25166.0,3466,Yes,0,,NA,1,Created
16439,2011-01-01,16439,Female,53,1958-10-18,0.00312,Divorced,0,,,Yes,,,Unemployed,90039.0,53598,No,0,,NA,1,Created
16440,2011-01-01,16440,Male,38,1973-07-06,0.0009599999999999999,Married,3315,,2041-01-17,No,,,Permanent contract,47049.0,426009,Yes,2,,NA,1,Created
16441,2011-01-01,16441,Female,30,1981-05-18,0.00027,Single,0,,,Yes,21.0,,Permanent contract,39321.0,93444,No,0,30.0,2011-08-08,1,Created
16442,2011-01-01,16442,Male,30,1981-09-30,0.00055,Single,0,,,No,,,Permanent contract,36672.0,630712,No,0,,NA,1,Created
16443,2011-01-01,16443,Female,61,1950-05-06,0.00562,Married,3370,,2050-09-25,Yes,,,Flexible contract,231.0,365715,Yes,2,,NA,1,Created
16444,2011-01-01,16444,Male,72,1939-02-18,0.02384,Married,3316,,2063-11-04,Yes,,,Retired,17646.0,417266,No,2,,NA,1,Created
16445,2011-01-01,16445,Male,71,1940-03-09,0.02034,Married,3317,,2027-10-29,No,,,Retired,38972.0,133741,Yes,1,,NA,1,Created
16446,2011-01-01,16446,Female,71,1940-10-20,0.013009999999999999,Married,3371,,2028-06-15,No,,,Retired,8593.0,393780,No,2,,NA,1,Created
16447,2011-01-01,16447,Female,20,1991-07-16,0.00018,Single,0,,,No,,,Permanent contract,41212.0,35218,Yes,0,34.0,2025-06-26,1,Created
16448,2011-01-01,16448,Male,66,1945-02-07,0.01401,Married,3318,,2049-10-28,No,,,Permanent contract,5380.0,32203,No,2,,NA,1,Created
16866,2011-02-07,16448,Male,67,1945-02-07,0.01401,Married,3318,,2049-10-28,No,,,Retired,3765.9999999999995,32203,No,2,,NA,1,Life event: Retired
16449,2011-01-01,16449,Female,41,1970-10-31,0.0007700000000000001,Married,3372,,2057-01-10,Yes,,,Permanent contract,81045.0,-19266,No,2,,NA,1,Created
16450,2011-01-01,16450,Female,64,1947-12-28,0.00713,Married,3373,,2052-11-04,Yes,,,Permanent contract,90505.0,139715,No,2,,NA,1,Created
18380,2011-12-28,16450,Female,65,1947-12-28,0.00713,Married,3373,,2052-11-04,Yes,,,Retired,63353.49999999999,139715,No,2,,NA,1,Life event: Retired
16451,2011-01-01,16451,Male,40,1971-05-16,0.0009400000000000001,Married,3319,,2033-07-19,No,,,Permanent contract,33271.0,-17801,No,1,,NA,1,Created
16452,2011-01-01,16452,Male,33,1978-06-22,0.00047999999999999996,Married,3320,,2013-02-10,Yes,,,Permanent contract,39382.0,184818,Yes,1,,NA,1,Created
16453,2011-01-01,16453,Female,49,1962-01-28,0.00193,Married,3374,,2050-02-01,No,,,Permanent contract,18293.0,179616,Yes,2,,NA,1,Created
16454,2011-01-01,16454,Male,65,1946-10-10,0.01141,Married,3321,,2040-12-10,Yes,,,Permanent contract,49004.0,9096,No,1,,NA,1,Created
18035,2011-10-10,16454,Male,66,1946-10-10,0.01141,Married,3321,,2040-12-10,Yes,,,Retired,34302.799999999996,9096,No,1,,NA,1,Life event: Retired
16455,2011-01-01,16455,Female,63,1948-01-16,0.00672,Married,3375,,2031-03-21,Yes,,,Unemployed,70753.0,9500,No,1,,NA,1,Created
18435,2012-01-16,16455,Female,65,1948-01-16,0.00672,Married,3375,,2031-03-21,Yes,,,Retired,49527.1,9500,No,1,,NA,1,Life event: Retired
16456,2011-01-01,16456,Female,73,1938-01-28,0.01577,Divorced,0,,,No,,,Retired,9494.0,381,Yes,0,,NA,1,Created
16457,2011-01-01,16457,Female,101,1910-01-24,1.0,Widowed,0,,,Yes,,,Retired,23529.0,266170,No,0,,NA,1,Created
18470,2012-01-25,16457,Female,103,1910-01-24,1.0,Widowed,0,,,Yes,,,Retired,23529.0,266170,No,0,,NA,0,Life event: Deceased
16458,2011-01-01,16458,Male,73,1938-06-10,0.0262,Married,3322,,2047-04-13,Yes,,,Retired,28981.0,13873,Yes,1,,NA,1,Created
16459,2011-01-01,16459,Female,12,1999-10-28,5e-05,Single,0,,,Yes,28.0,2027-12-29,Child,0.0,0,Yes,0,31.0,2030-12-02,1,Created
16460,2011-01-01,16460,Female,55,1956-05-16,0.00372,Married,3376,,2034-11-06,No,,,Permanent contract,30013.0,313645,No,1,,NA,1,Created
16461,2011-01-01,16461,Male,21,1990-01-15,0.00045,Single,0,,,No,,,Permanent contract,3868.0,30891,Yes,0,,NA,1,Created
16462,2011-01-01,16462,Female,29,1982-03-06,0.00032,Single,0,,,No,,,Entrepreneur with personel,41906.0,35192,Yes,0,38.0,2020-08-09,1,Created
16463,2011-01-01,16463,Female,57,1954-11-07,0.00387,Married,3377,,2022-11-02,Yes,,,Permanent contract,20035.0,155399,Yes,1,,NA,1,Created
16464,2011-01-01,16464,Female,62,1949-01-16,0.0057399999999999994,Married,3378,,2055-08-30,No,,,Permanent contract,16330.0,224257,Yes,1,,NA,1,Created
16465,2011-01-01,16465,Male,23,1988-12-08,0.00039,Single,0,,,Yes,35.0,2023-08-27,Permanent contract,3068.0,62578,No,0,,NA,1,Created
16466,2011-01-01,16466,Female,34,1977-07-16,0.00037,Married,3379,,2034-12-16,No,,,Flexible contract,38982.0,9313,No,3,,NA,1,Created
16467,2011-01-01,16467,Male,16,1995-07-03,0.00029,Single,0,,,Yes,35.0,2030-10-01,Child,0.0,0,Yes,0,,NA,1,Created
18896,2012-07-03,16467,Male,18,1995-07-03,0.00029,Single,0,,,No,,,Permanent contract,47106.0,134318,Yes,0,,NA,1,Life event: Adulthood
16468,2011-01-01,16468,Female,15,1996-10-11,8e-05,Single,0,,,No,,,Child,0.0,0,Yes,0,35.0,2031-08-05,1,Created
16469,2011-01-01,16469,Female,40,1971-11-02,0.0006900000000000001,Single,0,,,No,,,Permanent contract,23771.0,-744,No,0,,NA,1,Created
16470,2011-01-01,16470,Male,74,1937-08-22,0.0295,Widowed,0,,,No,,,Retired,18192.0,33571,No,0,,NA,1,Created
16471,2011-01-01,16471,Female,40,1971-07-28,0.0006900000000000001,Married,3380,,2045-03-05,No,,,Permanent contract,15463.0,-4116,Yes,2,,NA,1,Created
16472,2011-01-01,16472,Male,33,1978-02-14,0.00047999999999999996,Married,3323,,2013-08-28,No,,,Flexible contract,15957.0,80853,Yes,2,,NA,1,Created
16473,2011-01-01,16473,Female,71,1940-02-05,0.013009999999999999,Married,3381,,2050-05-20,No,,,Retired,31924.0,550441,No,1,,NA,1,Created
16474,2011-01-01,16474,Female,8,2003-08-05,2.9999999999999997e-05,Single,0,,,Yes,28.0,2031-07-30,Child,0.0,0,Yes,0,26.0,2029-04-10,1,Created
16475,2011-01-01,16475,Male,30,1981-02-15,0.00055,Married,3324,,2015-12-28,Yes,,,Permanent contract,346.0,498001,Yes,1,,NA,1,Created
16476,2011-01-01,16476,Female,46,1965-11-19,0.00134,Married,3382,,2011-10-13,Yes,,,Permanent contract,41071.0,26498,Yes,1,,NA,1,Created
18046,2011-10-13,16476,Female,46,1965-11-19,0.00134,Divorced,3382,,2011-10-13,Yes,,,Permanent contract,41071.0,26498,Yes,1,,NA,1,Life event: Divorced
16477,2011-01-01,16477,Male,58,1953-02-21,0.00603,Widowed,0,,,Yes,,,Permanent contract,31134.0,8064,Yes,0,,NA,1,Created
16478,2011-01-01,16478,Female,1,2010-12-30,0.00033999999999999997,Single,0,,,No,,,Child,0.0,0,Yes,0,35.0,2045-06-28,1,Created
16479,2011-01-01,16479,Female,73,1938-04-10,0.01577,Married,3383,,2014-04-08,Yes,,,Retired,11903.0,7006,No,1,,NA,1,Created
16480,2011-01-01,16480,Female,38,1973-08-18,0.00063,Married,3384,,2012-04-20,Yes,,,Permanent contract,75302.0,229000,Yes,2,40.0,2013-01-22,1,Created
18685,2012-04-20,16480,Female,39,1973-08-18,0.00063,Divorced,3384,,2012-04-20,Yes,,,Permanent contract,75302.0,229000,Yes,2,40,2013-01-22,1,Life event: Divorced
16481,2011-01-01,16481,Male,65,1946-12-25,0.01141,Married,3325,,2055-05-13,No,,,Permanent contract,45544.0,50604,Yes,3,,NA,1,Created
18362,2011-12-25,16481,Male,66,1946-12-25,0.01141,Married,3325,,2055-05-13,No,,,Retired,31880.8,50604,Yes,3,,NA,1,Life event: Retired
16482,2011-01-01,16482,Female,42,1969-05-02,0.001,Single,0,,,No,,,Flexible contract,29496.0,-37669,Yes,0,,NA,1,Created
16483,2011-01-01,16483,Female,59,1952-02-27,0.00479,Married,3385,,2057-08-05,No,,,Entrepreneur without personnel,14737.0,142194,No,1,,NA,1,Created
16484,2011-01-01,16484,Male,19,1992-07-12,0.00033,Single,0,,,No,,,Permanent contract,12382.0,267476,Yes,0,,NA,1,Created
16485,2011-01-01,16485,Male,33,1978-12-13,0.00047999999999999996,Married,3326,,2053-08-03,No,,,Permanent contract,2573.0,267128,Yes,2,,NA,1,Created
16486,2011-01-01,16486,Female,63,1948-09-01,0.00672,Married,3386,,2037-03-02,Yes,,,Permanent contract,17773.0,271716,Yes,2,,NA,1,Created
19064,2012-09-01,16486,Female,65,1948-09-01,0.00672,Married,3386,,2037-03-02,Yes,,,Retired,12441.099999999999,271716,Yes,2,,NA,1,Life event: Retired
16487,2011-01-01,16487,Female,49,1962-08-13,0.00193,Divorced,0,,,No,,,Unemployed,19376.0,350905,Yes,0,,NA,1,Created
16488,2011-01-01,16488,Female,58,1953-05-02,0.00448,Married,3387,,2013-10-05,Yes,,,Entrepreneur without personnel,29483.0,-4076,Yes,1,,NA,1,Created
16489,2011-01-01,16489,Female,35,1976-11-13,0.00033999999999999997,Single,0,,,No,,,Entrepreneur without personnel,13498.0,29261,Yes,0,,NA,1,Created
16490,2011-01-01,16490,Female,73,1938-05-01,0.01577,Divorced,0,,,No,,,Retired,13649.0,2636,No,0,,NA,1,Created
16491,2011-01-01,16491,Male,58,1953-03-13,0.00603,Married,3327,,2060-09-28,No,,,Permanent contract,94278.0,285023,No,1,,NA,1,Created
16492,2011-01-01,16492,Male,63,1948-03-27,0.00945,Married,3328,,2048-04-18,No,,,Permanent contract,79983.0,27651,No,2,,NA,1,Created
18625,2012-03-27,16492,Male,65,1948-03-27,0.00945,Married,3328,,2048-04-18,No,,,Retired,55988.1,27651,No,2,,NA,1,Life event: Retired
16493,2011-01-01,16493,Female,68,1943-02-01,0.00983,Single,0,,,Yes,48.0,,Retired,6958.0,37920,Yes,0,,NA,1,Created
16494,2011-01-01,16494,Female,44,1967-01-09,0.00107,Married,3388,,2059-09-03,No,,,Permanent contract,28642.0,-8513,Yes,2,,NA,1,Created
16495,2011-01-01,16495,Female,80,1931-12-16,0.03682,Widowed,0,,,No,,,Retired,28139.0,121343,Yes,0,,NA,1,Created
16496,2011-01-01,16496,Female,4,2007-12-02,5.9999999999999995e-05,Single,0,,,No,,,Child,0.0,0,Yes,0,28.0,2035-10-09,1,Created
16497,2011-01-01,16497,Female,27,1984-06-19,0.00025,Single,0,,,Yes,44.0,2028-02-03,Permanent contract,43810.0,136272,No,0,33.0,2017-03-02,1,Created
16498,2011-01-01,16498,Female,45,1966-12-14,0.00134,Single,0,,,Yes,20.0,,Permanent contract,47858.0,476,Yes,0,,NA,1,Created
16499,2011-01-01,16499,Female,57,1954-03-16,0.00387,Married,3389,,2020-09-05,Yes,,,Permanent contract,3557.0,-49028,Yes,1,,NA,1,Created
16500,2011-01-01,16500,Male,75,1936-09-12,0.033710000000000004,Widowed,0,,,No,,,Retired,10258.0,4214329,Yes,0,,NA,1,Created
16501,2011-01-01,16501,Female,63,1948-03-08,0.00672,Married,3390,,2056-12-26,Yes,,,Entrepreneur with personel,7220.0,241938,Yes,2,,NA,1,Created
18579,2012-03-08,16501,Female,65,1948-03-08,0.00672,Married,3390,,2056-12-26,Yes,,,Retired,5054.0,241938,Yes,2,,NA,1,Life event: Retired
16502,2011-01-01,16502,Male,15,1996-03-22,0.00015,Single,0,,,No,,,Child,0.0,0,Yes,0,,NA,1,Created
16503,2011-01-01,16503,Female,30,1981-02-10,0.00027,Married,3391,,2034-12-31,Yes,,,Flexible contract,15271.0,54259,Yes,1,35.0,2016-11-21,1,Created
16504,2011-01-01,16504,Male,78,1933-01-31,0.04668,Married,3329,,2016-08-20,Yes,,,Retired,16471.0,6168,Yes,3,,NA,1,Created
16505,2011-01-01,16505,Male,77,1934-07-20,0.0418,Widowed,0,,,No,,,Retired,2853.0,-25153,No,0,,NA,1,Created
16506,2011-01-01,16506,Male,23,1988-05-20,0.00039,Single,0,,,Yes,28.0,2016-06-23,Permanent contract,24755.0,2726,No,0,,NA,1,Created
16507,2011-01-01,16507,Male,49,1962-04-14,0.00242,Single,0,,,No,,,Permanent contract,25918.0,84953,Yes,0,,NA,1,Created
16508,2011-01-01,16508,Male,64,1947-10-01,0.01097,Widowed,0,,,No,,,Permanent contract,31785.0,8843,No,0,,NA,1,Created
17995,2011-10-01,16508,Male,65,1947-10-01,0.01097,Widowed,0,,,No,,,Retired,22249.5,8843,No,0,,NA,1,Life event: Retired
16509,2011-01-01,16509,Female,21,1990-06-24,0.00016,Single,0,,,Yes,45.0,2035-01-20,Flexible contract,57605.0,39034,No,0,30.0,2020-05-07,1,Created
16510,2011-01-01,16510,Male,45,1966-12-21,0.0014199999999999998,Divorced,0,,,No,,,Flexible contract,42847.0,8814,No,0,,NA,1,Created
16511,2011-01-01,16511,Female,22,1989-03-24,0.00023999999999999998,Single,0,,,Yes,35.0,2024-08-07,Flexible contract,8348.0,53519,Yes,0,32.0,2021-07-19,1,Created
16512,2011-01-01,16512,Male,10,2001-03-28,0.00011999999999999999,Single,0,,,No,,,Child,0.0,0,Yes,0,,NA,1,Created
16513,2011-01-01,16513,Female,46,1965-07-24,0.00134,Married,3392,,2037-03-31,No,,,Entrepreneur with personel,28600.0,74562,Yes,1,,NA,1,Created
16514,2011-01-01,16514,Female,54,1957-01-11,0.00313,Married,3393,,2011-11-17,No,,,Flexible contract,13119.0,1581,Yes,2,,NA,1,Created
18196,2011-11-17,16514,Female,55,1957-01-11,0.00313,Divorced,3393,,2011-11-17,No,,,Flexible contract,13119.0,1581,Yes,2,,NA,1,Life event: Divorced
16515,2011-01-01,16515,Female,49,1962-06-01,0.00193,Married,3394,,2032-11-07,No,,,Permanent contract,1080.0,90490,Yes,3,,NA,1,Created
16516,2011-01-01,16516,Male,24,1987-06-27,0.00047999999999999996,Single,0,,,Yes,53.0,2040-11-09,Entrepreneur with personel,12118.0,8524,Yes,0,,NA,1,Created
16517,2011-01-01,16517,Male,62,1949-10-21,0.008409999999999999,Married,3330,,2045-10-26,No,,,Permanent contract,14674.0,-25544,Yes,1,,NA,1,Created
16518,2011-01-01,16518,Female,27,1984-06-21,0.00025,Single,0,,,No,,,Entrepreneur without personnel,21000.0,5685,Yes,0,30.0,2014-06-18,1,Created
16519,2011-01-01,16519,Male,22,1989-10-07,0.00041,Divorced,0,,,No,,,Permanent contract,36803.0,138481,Yes,0,,NA,1,Created
16520,2011-01-01,16520,Female,42,1969-08-11,0.001,Married,3395,,2035-03-04,No,,,Permanent contract,3557.0,4198,Yes,2,,NA,1,Created
16521,2011-01-01,16521,Male,24,1987-04-24,0.00047999999999999996,Single,0,,,No,,,Entrepreneur without personnel,3734.0,211,No,0,,NA,1,Created
16522,2011-01-01,16522,Male,15,1996-07-14,0.00015,Single,0,,,No,,,Child,0.0,0,Yes,0,,NA,1,Created
16523,2011-01-01,16523,Male,33,1978-06-20,0.00047999999999999996,Married,3331,,2028-11-14,No,,,Permanent contract,43469.0,3498,Yes,2,,NA,1,Created
16524,2011-01-01,16524,Male,33,1978-03-20,0.00047999999999999996,Single,0,,,No,,,Permanent contract,9180.0,1048182,Yes,0,,NA,1,Created
16525,2011-01-01,16525,Female,40,1971-05-12,0.0006900000000000001,Single,0,,,Yes,30.0,,Entrepreneur with personel,98520.0,-5374,No,0,,NA,1,Created
16526,2011-01-01,16526,Male,56,1955-03-01,0.0052,Divorced,0,,,No,,,Flexible contract,24697.0,22512,No,0,,NA,1,Created
16527,2011-01-01,16527,Male,36,1975-05-22,0.0006,Single,0,,,Yes,57.0,2032-11-03,Permanent contract,14802.0,45829,Yes,0,,NA,1,Created
16528,2011-01-01,16528,Female,89,1922-09-23,0.11775999999999999,Single,0,,,Yes,23.0,,Retired,52072.0,217301,No,0,,NA,1,Created
19081,2012-09-04,16528,Female,90,1922-09-23,0.11775999999999999,Single,0,,,Yes,23,,Retired,52072.0,217301,No,0,,NA,0,Life event: Deceased
16529,2011-01-01,16529,Female,30,1981-01-25,0.00027,Married,3396,,2028-11-23,Yes,,,Flexible contract,13489.0,595,No,1,,NA,1,Created
16530,2011-01-01,16530,Female,63,1948-12-14,0.00672,Single,0,,,No,,,Entrepreneur without personnel,21485.0,66358,No,0,,NA,1,Created
19315,2012-12-14,16530,Female,65,1948-12-14,0.00672,Single,0,,,No,,,Retired,15039.499999999998,66358,No,0,,NA,1,Life event: Retired
16531,2011-01-01,16531,Female,42,1969-08-29,0.001,Married,3397,,2017-03-25,Yes,,,Flexible contract,4803.0,4846922,No,1,,NA,1,Created
16532,2011-01-01,16532,Male,65,1946-12-27,0.01141,Married,3332,,2026-01-04,Yes,,,Permanent contract,11312.0,44353,No,2,,NA,1,Created
18375,2011-12-27,16532,Male,66,1946-12-27,0.01141,Married,3332,,2026-01-04,Yes,,,Retired,7918.4,44353,No,2,,NA,1,Life event: Retired
18822,2012-06-07,16532,Male,66,1946-12-27,0.01141,Widowed,3332,,2026-01-04,Yes,,,Retired,7918.4,44353,No,2,,NA,1,Life event: Widowed
16533,2011-01-01,16533,Male,40,1971-07-31,0.0009400000000000001,Divorced,0,,,Yes,,,Permanent contract,47291.0,2425,No,0,,NA,1,Created
16534,2011-01-01,16534,Female,18,1993-03-11,0.00023999999999999998,Single,0,,,Yes,46.0,2039-01-24,Entrepreneur without personnel,6473.0,241022,No,0,29.0,2022-03-16,1,Created
16535,2011-01-01,16535,Female,15,1996-09-16,8e-05,Single,0,,,Yes,27.0,2023-10-09,Child,0.0,0,Yes,0,25.0,2021-03-08,1,Created
16536,2011-01-01,16536,Female,78,1933-11-10,0.02817,Married,3398,,2066-08-14,Yes,,,Retired,23026.0,106270,Yes,1,,NA,1,Created
16537,2011-01-01,16537,Male,69,1942-08-13,0.01804,Married,3333,,2052-01-15,Yes,,,Retired,21792.0,892,Yes,1,,NA,1,Created
16538,2011-01-01,16538,Male,39,1972-11-05,0.0008699999999999999,Married,3334,,2037-07-05,No,,,Permanent contract,15066.0,6583,Yes,3,,NA,1,Created
16539,2011-01-01,16539,Female,3,2008-08-05,0.00013000000000000002,Single,0,,,No,,,Child,0.0,0,No,0,32.0,2040-02-11,1,Created
16540,2011-01-01,16540,Female,65,1946-02-23,0.007559999999999999,Widowed,0,,,No,,,Permanent contract,16441.0,3152,Yes,0,,NA,1,Created
16959,2011-02-23,16540,Female,66,1946-02-23,0.007559999999999999,Widowed,0,,,No,,,Retired,11508.699999999999,3152,Yes,0,,NA,1,Life event: Retired
16541,2011-01-01,16541,Female,34,1977-09-25,0.00037,Married,3399,,2021-11-13,Yes,,,Permanent contract,30837.0,110443,Yes,1,,NA,1,Created
16542,2011-01-01,16542,Male,42,1969-07-04,0.00128,Single,0,,,Yes,35.0,,Flexible contract,47498.0,42273,Yes,0,,NA,1,Created
16543,2011-01-01,16543,Female,53,1958-06-16,0.00312,Married,3400,,2045-11-01,Yes,,,Permanent contract,62101.0,2249567,No,1,,NA,1,Created
16544,2011-01-01,16544,Male,40,1971-10-13,0.0009400000000000001,Married,3335,,2060-09-24,Yes,,,Entrepreneur with personel,47650.0,158439,No,1,,NA,1,Created
16545,2011-01-01,16545,Female,18,1993-06-03,0.00023999999999999998,Single,0,,,No,,,Entrepreneur without personnel,28529.0,-48112,Yes,0,30.0,2023-11-23,1,Created
16546,2011-01-01,16546,Female,74,1937-11-25,0.0185,Married,3401,,2054-11-21,Yes,,,Retired,44343.0,-39885,Yes,1,,NA,1,Created
16547,2011-01-01,16547,Male,4,2007-07-05,0.00011,Single,0,,,No,,,Child,0.0,0,Yes,0,,NA,1,Created
16548,2011-01-01,16548,Male,69,1942-11-09,0.01804,Married,3336,,2070-01-29,No,,,Retired,59936.0,478655,No,2,,NA,1,Created
16549,2011-01-01,16549,Female,5,2006-09-30,4e-05,Single,0,,,Yes,29.0,2035-10-30,Child,0.0,0,No,0,41.0,2047-04-13,1,Created
16550,2011-01-01,16550,Female,47,1964-03-13,0.00168,Married,3402,,2028-02-26,No,,,Permanent contract,19656.0,465148,Yes,2,,NA,1,Created
16551,2011-01-01,16551,Male,9,2002-04-06,0.00014,Single,0,,,Yes,20.0,2022-08-05,Child,0.0,0,Yes,0,,NA,1,Created
16552,2011-01-01,16552,Male,79,1932-09-06,0.05364,Married,3337,,2035-08-27,No,,,Retired,30135.0,4301,No,2,,NA,1,Created
16553,2011-01-01,16553,Female,25,1986-07-11,0.00022999999999999998,Single,0,,,Yes,44.0,2030-10-23,Flexible contract,27946.0,179387,No,0,31.0,2017-10-04,1,Created
16554,2011-01-01,16554,Male,24,1987-03-15,0.00047999999999999996,Single,0,,,Yes,30.0,2017-12-23,Permanent contract,20597.0,124250,Yes,0,,NA,1,Created
16555,2011-01-01,16555,Male,6,2005-09-10,5.9999999999999995e-05,Single,0,,,Yes,30.0,2035-07-24,Child,0.0,0,No,0,,NA,1,Created
16556,2011-01-01,16556,Female,60,1951-04-04,0.00541,Married,3403,,2059-04-10,Yes,,,Flexible contract,26836.0,89965,Yes,2,,NA,1,Created
16557,2011-01-01,16557,Male,40,1971-07-25,0.0009400000000000001,Single,0,,,No,,,Permanent contract,39025.0,3680,Yes,0,,NA,1,Created
16558,2011-01-01,16558,Male,59,1952-07-05,0.00717,Married,3338,,2042-03-05,No,,,Permanent contract,74370.0,106927,Yes,2,,NA,1,Created
16559,2011-01-01,16559,Male,41,1970-01-20,0.0008900000000000001,Married,3339,,2018-05-27,No,,,Permanent contract,20263.0,-29625,Yes,2,,NA,1,Created
16560,2011-01-01,16560,Female,32,1979-08-03,0.00041,Single,0,,,No,,,Flexible contract,47364.0,421112,Yes,0,,NA,1,Created
16561,2011-01-01,16561,Male,44,1967-08-29,0.0013599999999999999,Married,3340,,2034-07-11,No,,,Permanent contract,33032.0,383926,Yes,2,,NA,1,Created
16562,2011-01-01,16562,Male,56,1955-01-28,0.0052,Married,3341,,2049-10-19,Yes,,,Permanent contract,10987.0,-26627,No,3,,NA,1,Created
16563,2011-01-01,16563,Male,66,1945-05-05,0.01401,Married,3342,,2023-05-24,No,,,Permanent contract,34032.0,682654,Yes,2,,NA,1,Created
17305,2011-05-05,16563,Male,67,1945-05-05,0.01401,Married,3342,,2023-05-24,No,,,Retired,23822.399999999998,682654,Yes,2,,NA,1,Life event: Retired
16564,2011-01-01,16564,Male,12,1999-08-09,0.00011,Single,0,,,Yes,30.0,2029-03-10,Child,0.0,0,No,0,,NA,1,Created
16565,2011-01-01,16565,Female,98,1913-12-18,0.27366999999999997,Widowed,0,,,Yes,,,Retired,180713.0,185632,No,0,,NA,1,Created
16566,2011-01-01,16566,Male,1,2010-11-13,0.00056,Single,0,,,Yes,32.0,2042-03-24,Child,0.0,0,Yes,0,,NA,1,Created
16567,2011-01-01,16567,Male,27,1984-09-28,0.00044,Married,3343,,2015-02-27,No,,,Entrepreneur with personel,46363.0,968874,No,3,,NA,1,Created
16568,2011-01-01,16568,Male,78,1933-10-25,0.04668,Married,3344,,2030-06-30,Yes,,,Retired,27820.0,550274,No,2,,NA,1,Created
16569,2011-01-01,16569,Male,69,1942-04-05,0.01804,Married,3345,,2014-08-08,Yes,,,Retired,4828.0,160791,No,2,,NA,1,Created
16570,2011-01-01,16570,Female,45,1966-06-06,0.00134,Single,0,,,No,,,Permanent contract,8554.0,262013,No,0,,NA,1,Created
16571,2011-01-01,16571,Male,72,1939-08-04,0.02384,Married,3346,,2050-08-07,Yes,,,Retired,15775.0,447050,No,1,,NA,1,Created
18443,2012-01-17,16571,Male,73,1939-08-04,0.02384,Widowed,3346,,2050-08-07,Yes,,,Retired,15775.0,447050,No,1,,NA,1,Life event: Widowed
16572,2011-01-01,16572,Male,63,1948-08-23,0.00945,Married,3347,,2057-09-12,No,,,Flexible contract,18565.0,90716,No,1,,NA,1,Created
19031,2012-08-23,16572,Male,65,1948-08-23,0.00945,Married,3347,,2057-09-12,No,,,Retired,12995.5,90716,No,1,,NA,1,Life event: Retired
16573,2011-01-01,16573,Female,25,1986-08-11,0.00022999999999999998,Single,0,,,No,,,Entrepreneur without personnel,12994.0,-2272,Yes,0,32.0,2018-02-20,1,Created
16574,2011-01-01,16574,Male,10,2001-08-11,0.00011999999999999999,Single,0,,,No,,,Child,0.0,0,Yes,0,,NA,1,Created
16575,2011-01-01,16575,Female,21,1990-07-17,0.00016,Single,0,,,Yes,27.0,2017-02-14,Permanent contract,44189.0,-7468,No,0,33.0,2023-03-14,1,Created
16576,2011-01-01,16576,Female,33,1978-07-18,0.00035,Married,3404,,2012-09-10,No,,,Flexible contract,25097.0,-31647,No,3,,NA,1,Created
19091,2012-09-10,16576,Female,35,1978-07-18,0.00035,Divorced,3404,,2012-09-10,No,,,Flexible contract,25097.0,-31647,No,3,,NA,1,Life event: Divorced
16577,2011-01-01,16577,Male,69,1942-06-20,0.01804,Married,3348,,2039-01-31,Yes,,,Retired,4772.0,-36648,No,1,,NA,1,Created
16578,2011-01-01,16578,Male,12,1999-08-01,0.00011,Single,0,,,No,,,Child,0.0,0,No,0,,NA,1,Created
16579,2011-01-01,16579,Male,78,1933-02-27,0.04668,Married,3349,,2045-12-09,Yes,,,Retired,193583.0,-27896,Yes,1,,NA,1,Created
16580,2011-01-01,16580,Male,17,1994-07-04,0.00022999999999999998,Single,0,,,Yes,31.0,2025-07-10,Child,0.0,0,Yes,0,,NA,1,Created
17605,2011-07-04,16580,Male,18,1994-07-04,0.00022999999999999998,Single,0,,,No,,,Permanent contract,22960.0,7483,Yes,0,,NA,1,Life event: Adulthood
16581,2011-01-01,16581,Male,60,1951-04-04,0.006840000000000001,Married,3350,,2033-11-04,Yes,,,Permanent contract,28884.0,-39284,Yes,1,,NA,1,Created
16582,2011-01-01,16582,Female,13,1998-08-03,0.00011999999999999999,Single,0,,,No,,,Child,0.0,0,No,0,33.0,2031-07-25,1,Created
16583,2011-01-01,16583,Female,67,1944-02-11,0.00974,Widowed,0,,,No,,,Permanent contract,2099.0,48010,Yes,0,,NA,1,Created
16895,2011-02-11,16583,Female,68,1944-02-11,0.00974,Widowed,0,,,No,,,Retired,1469.3,48010,Yes,0,,NA,1,Life event: Retired
16584,2011-01-01,16584,Male,9,2002-10-28,0.00014,Single,0,,,Yes,43.0,2045-11-17,Child,0.0,0,Yes,0,,NA,1,Created
16585,2011-01-01,16585,Female,33,1978-04-08,0.00035,Married,3405,,2049-07-30,Yes,,,Flexible contract,32884.0,163807,Yes,1,,NA,1,Created
16586,2011-01-01,16586,Male,17,1994-06-22,0.00022999999999999998,Single,0,,,Yes,30.0,2024-03-09,Child,0.0,0,Yes,0,,NA,1,Created
17550,2011-06-22,16586,Male,18,1994-06-22,0.00022999999999999998,Single,0,,,No,,,Permanent contract,62147.0,-172,Yes,0,,NA,1,Life event: Adulthood
16587,2011-01-01,16587,Female,92,1919-06-18,0.17376,Widowed,0,,,No,,,Retired,12547.0,356,No,0,,NA,1,Created
16588,2011-01-01,16588,Female,13,1998-12-30,0.00011999999999999999,Single,0,,,Yes,22.0,2020-12-18,Child,0.0,0,Yes,0,23.0,2021-04-15,1,Created
16589,2011-01-01,16589,Male,41,1970-07-04,0.0008900000000000001,Married,3351,,2044-12-13,No,,,Unemployed,13703.0,-2152,No,2,,NA,1,Created
16590,2011-01-01,16590,Female,14,1997-04-18,9e-05,Single,0,,,No,,,Child,0.0,0,Yes,0,34.0,2031-06-11,1,Created
16591,2011-01-01,16591,Female,3,2008-10-11,0.00013000000000000002,Single,0,,,Yes,52.0,2060-04-16,Child,0.0,0,No,0,34.0,2042-05-27,1,Created
16592,2011-01-01,16592,Female,22,1989-10-30,0.00023999999999999998,Single,0,,,No,,,Permanent contract,6776.0,770,No,0,28.0,2017-12-03,1,Created
16593,2011-01-01,16593,Male,4,2007-07-17,0.00011,Single,0,,,No,,,Child,0.0,0,No,0,,NA,1,Created
16594,2011-01-01,16594,Female,59,1952-07-02,0.00479,Married,3406,,2016-01-05,No,,,Flexible contract,19935.0,3181,Yes,1,,NA,1,Created
16595,2011-01-01,16595,Male,12,1999-02-08,0.00011,Single,0,,,No,,,Child,0.0,0,Yes,0,,NA,1,Created
16596,2011-01-01,16596,Male,80,1931-12-11,0.05987000000000001,Widowed,0,,,Yes,,,Retired,17486.0,13844,No,0,,NA,1,Created
18714,2012-05-01,16596,Male,81,1931-12-11,0.05987000000000001,Widowed,0,,,Yes,,,Retired,17486.0,13844,No,0,,NA,0,Life event: Deceased
16597,2011-01-01,16597,Male,59,1952-04-05,0.00717,Married,3352,,2051-06-25,No,,,Permanent contract,2230.0,774076,No,2,,NA,1,Created
16598,2011-01-01,16598,Female,25,1986-12-02,0.00022999999999999998,Married,3407,,2055-08-11,No,,,Permanent contract,13729.0,-17053,Yes,1,,NA,1,Created
16599,2011-01-01,16599,Male,54,1957-12-27,0.00404,Married,3353,,2012-04-01,No,,,Permanent contract,9127.0,2108,No,1,,NA,1,Created
18635,2012-04-01,16599,Male,55,1957-12-27,0.00404,Divorced,3353,,2012-04-01,No,,,Permanent contract,9127.0,2108,No,1,,NA,1,Life event: Divorced
16600,2011-01-01,16600,Female,49,1962-06-29,0.00193,Married,3408,,2054-05-14,Yes,,,Permanent contract,2808.0,45276,Yes,1,,NA,1,Created
16601,2011-01-01,16601,Male,20,1991-09-21,0.00045,Single,0,,,Yes,35.0,2026-09-30,Permanent contract,52179.0,140927,Yes,0,,NA,1,Created
16602,2011-01-01,16602,Female,0,2011-06-04,0.0028899999999999998,Single,0,,,Yes,26.0,2037-08-08,Child,0.0,0,No,0,31.0,2042-01-08,1,Created
16603,2011-01-01,16603,Female,60,1951-04-27,0.00541,Married,3409,,2012-12-20,No,,,Permanent contract,83232.0,936354,No,1,,NA,1,Created
19340,2012-12-20,16603,Female,62,1951-04-27,0.00541,Divorced,3409,,2012-12-20,No,,,Permanent contract,83232.0,936354,No,1,,NA,1,Life event: Divorced
16604,2011-01-01,16604,Male,51,1960-04-27,0.00301,Single,0,,,Yes,31.0,,Entrepreneur with personel,73316.0,-26254,No,0,,NA,1,Created
16605,2011-01-01,16605,Female,38,1973-12-02,0.00063,Married,3410,,2057-08-24,Yes,,,Flexible contract,27761.0,134,Yes,3,,NA,1,Created
16606,2011-01-01,16606,Male,8,2003-09-14,9e-05,Single,0,,,No,,,Child,0.0,0,No,0,,NA,1,Created
16607,2011-01-01,16607,Female,37,1974-08-30,0.00057,Single,0,,,Yes,22.0,,Permanent contract,35166.0,863898,Yes,0,,NA,1,Created
16608,2011-01-01,16608,Female,20,1991-06-16,0.00018,Single,0,,,No,,,Flexible contract,46579.0,461166,Yes,0,38.0,2029-11-04,1,Created
16609,2011-01-01,16609,Male,19,1992-07-05,0.00033,Single,0,,,Yes,30.0,2022-11-01,Family business,10824.0,167896,Yes,0,,NA,1,Created
16610,2011-01-01,16610,Male,49,1962-09-20,0.00242,Divorced,0,,,No,,,Permanent contract,33922.0,677,No,0,,NA,1,Created
16611,2011-01-01,16611,Female,7,2004-07-06,7e-05,Single,0,,,No,,,Child,0.0,0,No,0,29.0,2033-08-20,1,Created
16612,2011-01-01,16612,Male,72,1939-06-16,0.02384,Widowed,0,,,Yes,,,Retired,8897.0,752031,Yes,0,,NA,1,Created
16613,2011-01-01,16613,Male,32,1979-09-20,0.00059,Married,3354,,2039-09-20,No,,,Flexible contract,31634.0,2520338,No,2,,NA,1,Created
16614,2011-01-01,16614,Male,37,1974-03-01,0.00082,Married,3355,,2040-07-04,Yes,,,Permanent contract,2559.0,125257,Yes,2,,NA,1,Created
16615,2011-01-01,16615,Male,49,1962-07-26,0.00242,Single,0,,,Yes,35.0,,Permanent contract,7412.0,212983,No,0,,NA,1,Created
16616,2011-01-01,16616,Male,40,1971-01-18,0.0009400000000000001,Married,3356,,2042-04-27,Yes,,,Permanent contract,28603.0,39455,No,2,,NA,1,Created
16617,2011-01-01,16617,Female,92,1919-07-17,0.17376,Widowed,0,,,No,,,Retired,82300.0,-35351,No,0,,NA,1,Created
16618,2011-01-01,16618,Female,60,1951-08-15,0.00541,Married,3411,,2067-03-13,No,,,Entrepreneur without personnel,15363.0,-48708,No,1,,NA,1,Created
16619,2011-01-01,16619,Female,35,1976-01-12,0.00033999999999999997,Married,3412,,2039-07-03,No,,,Permanent contract,18630.0,71747,Yes,1,36.0,2012-11-07,1,Created
19226,2012-11-07,16619,Female,37,1976-01-12,0.00033999999999999997,Married,3412,,2039-07-03,No,,,Permanent contract,18630.0,71747,Yes,2,36,2012-11-07,1,Life event: Children born
16620,2011-01-01,16620,Male,12,1999-02-26,0.00011,Single,0,,,No,,,Child,0.0,0,Yes,0,,NA,1,Created
16621,2011-01-01,16621,Male,49,1962-10-10,0.00242,Married,3357,,2026-04-20,No,,,Entrepreneur with personel,1977.0,272488,Yes,2,,NA,1,Created
16622,2011-01-01,16622,Male,64,1947-12-04,0.01097,Married,3358,,2049-06-10,No,,,Permanent contract,44277.0,163016,No,1,,NA,1,Created
18263,2011-12-04,16622,Male,65,1947-12-04,0.01097,Married,3358,,2049-06-10,No,,,Retired,30993.899999999998,163016,No,1,,NA,1,Life event: Retired
16623,2011-01-01,16623,Female,29,1982-05-20,0.00032,Single,0,,,Yes,23.0,,Permanent contract,94547.0,227448,Yes,0,34.0,2016-04-01,1,Created
16624,2011-01-01,16624,Female,22,1989-09-09,0.00023999999999999998,Single,0,,,Yes,25.0,2014-11-07,Permanent contract,3905.0,240473,No,0,30.0,2019-12-14,1,Created
16625,2011-01-01,16625,Female,1,2010-02-06,0.00033999999999999997,Single,0,,,Yes,39.0,2049-08-11,Child,0.0,0,Yes,0,32.0,2042-07-03,1,Created
16626,2011-01-01,16626,Female,0,2011-10-23,0.0028899999999999998,Single,0,,,Yes,32.0,2043-02-04,Child,0.0,0,Yes,0,26.0,2037-07-02,1,Created
16627,2011-01-01,16627,Male,61,1950-04-14,0.00747,Married,3359,,2037-09-17,Yes,,,Permanent contract,8509.0,27681,Yes,1,,NA,1,Created
16628,2011-01-01,16628,Male,105,1906-01-05,1.0,Widowed,0,,,Yes,,,Retired,14863.0,719,Yes,0,,NA,1,Created
17551,2011-06-22,16628,Male,106,1906-01-05,1.0,Widowed,0,,,Yes,,,Retired,14863.0,719,Yes,0,,NA,0,Life event: Deceased
16629,2011-01-01,16629,Female,15,1996-03-17,8e-05,Single,0,,,No,,,Child,0.0,0,No,0,30.0,2026-04-23,1,Created
16630,2011-01-01,16630,Female,22,1989-04-25,0.00023999999999999998,Single,0,,,No,,,Unemployed,24921.0,2520,No,0,35.0,2024-08-05,1,Created
16631,2011-01-01,16631,Female,23,1988-11-15,0.0001,Single,0,,,No,,,Permanent contract,11460.0,230851,No,0,33.0,2021-09-10,1,Created
16632,2011-01-01,16632,Female,5,2006-05-03,4e-05,Single,0,,,No,,,Child,0.0,0,Yes,0,28.0,2034-09-20,1,Created
16633,2011-01-01,16633,Male,19,1992-11-11,0.00033,Single,0,,,Yes,21.0,2013-06-21,Permanent contract,36541.0,3413,Yes,0,,NA,1,Created
16634,2011-01-01,16634,Female,80,1931-03-01,0.03682,Divorced,0,,,No,,,Retired,3315.0,-49656,Yes,0,,NA,1,Created
16635,2011-01-01,16635,Male,84,1927-05-18,0.09176000000000001,Married,3360,,2040-05-22,Yes,,,Retired,48639.0,129095,No,1,,NA,1,Created
18853,2012-06-16,16635,Male,86,1927-05-18,0.09176000000000001,Married,3360,,2040-05-22,Yes,,,Retired,48639.0,129095,No,2,,NA,0,Life event: Deceased
16636,2011-01-01,16636,Male,18,1993-06-05,0.00032,Single,0,,,No,,,Permanent contract,12526.0,960008,Yes,0,,NA,1,Created
16637,2011-01-01,16637,Female,17,1994-12-11,0.0001,Single,0,,,Yes,53.0,2047-03-22,Child,0.0,0,No,0,28.0,2022-02-20,1,Created
18284,2011-12-11,16637,Female,18,1994-12-11,0.0001,Single,0,,,Yes,23,2016-07-28,Unemployed,29121.0,393904,No,0,28,2022-02-20,1,Life event: Adulthood
16638,2011-01-01,16638,Male,46,1965-04-03,0.00172,Single,0,,,No,,,Permanent contract,16117.0,5118,Yes,0,,NA,1,Created
16639,2011-01-01,16639,Male,23,1988-04-20,0.00039,Single,0,,,Yes,35.0,2023-09-27,Permanent contract,15597.0,217196,Yes,0,,NA,1,Created
16640,2011-01-01,16640,Female,105,1906-01-27,1.0,Single,0,,,No,,,Retired,36163.0,336051,Yes,0,,NA,1,Created
17736,2011-08-03,16640,Female,106,1906-01-27,1.0,Single,0,,,No,,,Retired,36163.0,336051,Yes,0,,NA,0,Life event: Deceased
16641,2011-01-01,16641,Female,55,1956-11-23,0.00372,Married,3413,,2023-01-01,Yes,,,Permanent contract,18257.0,25449,Yes,3,,NA,1,Created
16642,2011-01-01,16642,Female,43,1968-12-29,0.0009699999999999999,Single,0,,,Yes,30.0,,Flexible contract,60448.0,99254,No,0,,NA,1,Created
16643,2011-01-01,16643,Male,4,2007-06-09,0.00011,Single,0,,,Yes,30.0,2037-02-04,Child,0.0,0,Yes,0,,NA,1,Created
16644,2011-01-01,16644,Female,42,1969-05-12,0.001,Single,0,,,No,,,Permanent contract,6299.0,433883,Yes,0,,NA,1,Created
16645,2011-01-01,16645,Female,20,1991-04-19,0.00018,Single,0,,,Yes,35.0,2026-11-01,Permanent contract,57228.0,-7739,No,0,28.0,2019-06-08,1,Created
16646,2011-01-01,16646,Female,39,1972-12-23,0.00074,Single,0,,,Yes,39.0,2011-12-27,Permanent contract,41810.0,173434,No,0,,NA,1,Created
18376,2011-12-27,16646,Female,40,1972-12-23,0.00074,Married,3472,12,2023-11-21,Yes,39,2011-12-27,Permanent contract,41810.0,173434,No,0,,NA,1,Life event: Married
16647,2011-01-01,16647,Female,53,1958-12-10,0.00312,Married,3414,,2020-07-06,No,,,Permanent contract,55287.0,4387,Yes,1,,NA,1,Created
16648,2011-01-01,16648,Female,17,1994-12-17,0.0001,Single,0,,,Yes,34.0,2028-04-11,Child,0.0,0,No,0,28.0,2022-07-04,1,Created
18310,2011-12-17,16648,Female,18,1994-12-17,0.0001,Single,0,,,No,,,Permanent contract,3527.0,-11890,No,0,28,2022-07-04,1,Life event: Adulthood
16649,2011-01-01,16649,Male,64,1947-02-02,0.01097,Married,3361,,2056-09-01,Yes,,,Permanent contract,181617.0,393272,No,3,,NA,1,Created
16839,2011-02-02,16649,Male,65,1947-02-02,0.01097,Married,3361,,2056-09-01,Yes,,,Retired,127131.9,393272,No,3,,NA,1,Life event: Retired
16650,2011-01-01,16650,Male,65,1946-02-26,0.01141,Married,3362,,2049-07-03,Yes,,,Entrepreneur without personnel,14200.0,309700,Yes,1,,NA,1,Created
16986,2011-02-26,16650,Male,66,1946-02-26,0.01141,Married,3362,,2049-07-03,Yes,,,Retired,9940.0,309700,Yes,1,,NA,1,Life event: Retired
16651,2011-01-01,16651,Female,50,1961-08-23,0.00225,Married,3415,,2031-08-15,No,,,Permanent contract,22610.0,-6752,Yes,1,,NA,1,Created
16652,2011-01-01,16652,Male,32,1979-01-29,0.00059,Married,3363,,2048-02-18,No,,,Permanent contract,11954.0,103272,No,1,,NA,1,Created
16653,2011-01-01,16653,Female,55,1956-12-13,0.00372,Married,3416,,2029-06-12,No,,,Permanent contract,17387.0,120583,No,1,,NA,1,Created
16654,2011-01-01,16654,Female,65,1946-12-20,0.007559999999999999,Single,0,,,Yes,29.0,,Flexible contract,10726.0,4384,No,0,,NA,1,Created
18331,2011-12-20,16654,Female,66,1946-12-20,0.007559999999999999,Single,0,,,Yes,29,,Retired,7508.2,4384,No,0,,NA,1,Life event: Retired
